mask 0.99609375 0.32241010665893555 0.16294993460178375 0.6634606719017029 0.5189911127090454 
mask 0.00390625 0.1398220807313919 0.10581521689891815 0.6217974424362183 0.5184004902839661 
nomask 0.00390625 0.3426732122898102 0.7819475531578064 0.39130863547325134 0.8617084622383118 
nomask 0.00390625 0.004013099707663059 0.49195051193237305 0.03303825855255127 0.5930010080337524 
nomask 0.00390625 0.10152299702167511 0.004303187131881714 0.16867579519748688 0.04107566922903061 
nomask 0.00390625 0.3700646460056305 0.06360546499490738 0.4076366126537323 0.09959549456834793 
nomask 0.00390625 0.00024738162755966187 0.5227562189102173 0.03472209721803665 0.6238067150115967 
mask 0.02734375 0.47819364070892334 0.0 0.5651203393936157 0.03443881869316101 
nomask 0.01171875 0.5643715858459473 0.35348013043403625 0.5988463163375854 0.3971567451953888 
nomask 0.01171875 0.897705078125 0.5974483489990234 0.9395427703857422 0.644036054611206 
