mask 0.99609375 0.20479020476341248 0.2056572437286377 0.8400322198867798 0.8547099828720093 
mask 0.00390625 0.14217373728752136 0.525117814540863 0.8701956272125244 0.9436907172203064 
mask 0.00390625 0.4099213480949402 0.3315465450286865 0.8999707102775574 0.9554449319839478 
mask 0.00390625 0.011648662388324738 0.03710824251174927 0.2271772027015686 0.41279563307762146 
nomask 0.00390625 0.24318939447402954 0.05639064311981201 0.4082235097885132 0.3592498004436493 
nomask 0.00390625 0.003371715545654297 0.0 0.25711166858673096 0.29901421070098877 
nomask 0.00390625 0.024742305278778076 0.0 0.9876270890235901 0.45181819796562195 
nomask 0.00390625 0.8503708839416504 0.007754027843475342 1.0 0.8612661361694336 
nomask 0.00390625 0.7620054483413696 0.11337146162986755 1.0 1.0 
nomask 0.00390625 0.08604779839515686 0.7910197377204895 0.7752000093460083 1.0 
