mask 0.99609375 0.20350301265716553 0.2327858805656433 0.8330161571502686 0.8357941508293152 
mask 0.02734375 0.023417532444000244 0.018754005432128906 0.6557597517967224 0.5627139210700989 
mask 0.00390625 0.19685038924217224 0.0 0.8772571086883545 0.5234742164611816 
mask 0.00390625 0.0 0.0 0.822285532951355 0.26437169313430786 
mask 0.00390625 0.004143357276916504 0.0 0.4120462238788605 0.7180308103561401 
mask 0.00390625 0.011479020118713379 0.5131406784057617 1.0 1.0 
mask 0.00390625 0.2429066002368927 0.17605102062225342 0.7752920389175415 0.7200109362602234 
mask 0.00390625 0.5317755937576294 0.2750696539878845 0.7545324563980103 0.7436720728874207 
nomask 0.00390625 0.013171166181564331 0.29548323154449463 0.859481692314148 0.6795511841773987 
nomask 0.00390625 0.942204475402832 0.5293639302253723 1.0 0.8257787823677063 
