mask 0.99609375 0.2189916968345642 0.22808855772018433 0.7992069125175476 0.8604307770729065 
nomask 0.00390625 0.6121317744255066 0.9227036833763123 1.0 0.9955864548683167 
nomask 0.00390625 0.6302327513694763 0.8469535112380981 1.0 1.0 
mask 0.00390625 0.41548046469688416 0.0 0.9570066928863525 0.3301655054092407 
mask 0.00390625 0.008889168500900269 0.4858204424381256 0.1704116314649582 0.8863831758499146 
nomask 0.00390625 0.982294499874115 0.28039872646331787 0.9956761002540588 0.4169542193412781 
nomask 0.00390625 0.49657440185546875 0.09097593277692795 0.5384120941162109 0.14174909889698029 
nomask 0.00390625 0.5964354872703552 0.2849128842353821 0.6554582715034485 0.35206568241119385 
nomask 0.00390625 0.4564474821090698 0.09412668645381927 0.4965236186981201 0.14276210963726044 
nomask 0.00390625 0.880302369594574 0.0 0.9996872544288635 0.600696325302124 
