nomask 0.85546875 0.36953139305114746 0.3601904511451721 0.40400612354278564 0.40293771028518677 
nomask 0.02734375 0.39086076617240906 0.358799546957016 0.42763325572013855 0.4084923565387726 
nomask 0.00390625 0.36525970697402954 0.3122293949127197 0.40203219652175903 0.36638665199279785 
mask 0.00390625 0.36568719148635864 0.712307333946228 0.9818053841590881 0.9913007020950317 
nomask 0.00390625 0.41111329197883606 0.26616740226745605 0.4448544681072235 0.31586021184921265 
nomask 0.00390625 0.9011840224266052 0.36190974712371826 0.9881107211112976 0.5044674277305603 
nomask 0.00390625 0.9030964970588684 0.22617027163505554 0.9974403977394104 0.5162779092788696 
nomask 0.00390625 0.9732698202133179 0.11856785416603088 0.9942913055419922 0.2611255347728729 
nomask 0.00390625 0.9558165669441223 0.22533032298088074 1.0 0.3983348309993744 
nomask 0.00390625 0.14640145003795624 0.25714728236198425 0.5220888257026672 0.6938761472702026 
