mask 0.99609375 0.2301899492740631 0.1462027132511139 0.8490771055221558 0.8353549242019653 
nomask 0.00390625 0.8934778571128845 0.4431796669960022 0.9500156044960022 0.5264464616775513 
mask 0.00390625 0.0588359534740448 0.7448558807373047 0.10852876305580139 0.803878664970398 
nomask 0.00390625 0.6931431293487549 0.4892278015613556 0.737769365310669 0.5624136924743652 
nomask 0.01171875 0.01787295937538147 0.09951621294021606 0.25787147879600525 0.5653534531593323 
nomask 0.01171875 0.49953705072402954 0.6382785439491272 0.5396131873130798 0.696045458316803 
nomask 0.00390625 0.04149875044822693 0.023103073239326477 0.48890432715415955 0.48023563623428345 
nomask 0.00390625 0.49205324053764343 0.6120495796203613 0.5304420590400696 0.6710723638534546 
mask 0.00390625 0.016103893518447876 0.652918815612793 0.53482985496521 1.0 
nomask 0.00390625 0.348470002412796 0.40326419472694397 0.3751024901866913 0.461031049489975 
