mask 0.99609375 0.2534352242946625 0.13794191181659698 0.5507571697235107 0.595074474811554 
mask 0.01171875 0.0 0.03837214410305023 0.1549527943134308 0.3223068118095398 
nomask 0.00390625 0.5126057267189026 0.035532161593437195 0.684893786907196 0.3801082968711853 
mask 0.00390625 0.011648662388324738 0.03710824251174927 0.2271772027015686 0.41279563307762146 
nomask 0.00390625 0.24318939447402954 0.05639064311981201 0.4082235097885132 0.3592498004436493 
nomask 0.00390625 0.003371715545654297 0.0 0.25711166858673096 0.29901421070098877 
nomask 0.00390625 0.024742305278778076 0.0 0.9876270890235901 0.45181819796562195 
nomask 0.00390625 0.8503708839416504 0.007754027843475342 1.0 0.8612661361694336 
nomask 0.00390625 0.7620054483413696 0.11337146162986755 1.0 1.0 
nomask 0.00390625 0.08604779839515686 0.7910197377204895 0.7752000093460083 1.0 
