mask 0.99609375 0.347450315952301 0.22473010420799255 0.6034449338912964 0.7547335624694824 
mask 0.00390625 0.13558495044708252 0.17384073138237 0.5558059811592102 0.8199305534362793 
nomask 0.00390625 0.4124744236469269 0.14454127848148346 0.6084941625595093 0.44095611572265625 
mask 0.00390625 0.30291324853897095 0.23921015858650208 0.7852123379707336 0.8909692764282227 
mask 0.00390625 0.3342651128768921 0.4583395719528198 0.5902597308158875 0.867779016494751 
nomask 0.00390625 0.0 0.008031100034713745 0.3273874521255493 0.5856504440307617 
nomask 0.00390625 0.39958956837654114 0.08108691871166229 0.5646237134933472 0.3711945414543152 
nomask 0.00390625 0.5964354872703552 0.2849128842353821 0.6554582715034485 0.35206568241119385 
nomask 0.00390625 0.4564474821090698 0.09412668645381927 0.4965236186981201 0.14276210963726044 
nomask 0.00390625 0.880302369594574 0.0 0.9996872544288635 0.600696325302124 
