mask 0.99609375 0.3244454562664032 0.2498408555984497 0.628231406211853 0.6265232563018799 
nomask 0.02734375 0.005159605294466019 0.027895867824554443 0.04438300430774689 0.16445134580135345 
nomask 0.00390625 0.0044301338493824005 0.030745424330234528 0.02637559548020363 0.18948835134506226 
mask 0.00390625 0.34814122319221497 0.005779457278549671 0.5536278486251831 0.03543565049767494 
mask 0.00390625 0.0030004195868968964 0.004938676953315735 0.045570649206638336 0.2769186496734619 
mask 0.00390625 0.1711195558309555 0.011217745020985603 0.626857340335846 0.0617806613445282 
nomask 0.00390625 0.000425657257437706 0.010721933096647263 0.05119882524013519 0.08878569304943085 
mask 0.00390625 0.24376142024993896 0.006436534225940704 0.5958289504051208 0.15149033069610596 
nomask 0.00390625 0.4564474821090698 0.09412668645381927 0.4965236186981201 0.14276210963726044 
nomask 0.00390625 0.880302369594574 0.0 0.9996872544288635 0.600696325302124 
