mask 0.99609375 0.21845385432243347 0.22490569949150085 0.8241721391677856 0.7688655853271484 
mask 0.02734375 0.4878201484680176 0.0036922935396432877 0.6608246564865112 0.043768443167209625 
nomask 0.01171875 0.9627015590667725 0.014485388994216919 1.0 0.15704306960105896 
nomask 0.00390625 0.40817877650260925 0.00037246569991111755 0.6860717535018921 0.054305434226989746 
nomask 0.00390625 0.4184187948703766 0.0036190832033753395 0.6677923202514648 0.02094101905822754 
nomask 0.00390625 0.9510325193405151 0.005256308242678642 1.0 0.06302317976951599 
mask 0.00390625 0.17460772395133972 0.5763336420059204 0.8069499731063843 1.0 
mask 0.00390625 0.570418655872345 0.5623217225074768 0.7541899085044861 0.8587365746498108 
nomask 0.00390625 0.49901917576789856 0.24072396755218506 0.556786060333252 0.32048487663269043 
nomask 0.00390625 0.14640145003795624 0.25714728236198425 0.5220888257026672 0.6938761472702026 
