mask 0.99609375 0.19505739212036133 0.18071454763412476 0.8842096328735352 0.8130567669868469 
nomask 0.00390625 0.9834547638893127 0.4129689931869507 0.9986795783042908 0.5524933338165283 
nomask 0.00390625 0.9907643795013428 0.3816773295402527 1.0 0.5305010676383972 
nomask 0.00390625 0.9818289279937744 0.44644927978515625 1.0 0.6051921844482422 
nomask 0.00390625 0.3780163824558258 0.0773967057466507 0.659045934677124 0.41844725608825684 
nomask 0.00390625 0.9775302410125732 0.123551145195961 1.0 0.40727436542510986 
nomask 0.00390625 0.7835742235183716 0.8588680028915405 1.0 1.0 
nomask 0.00390625 0.31297340989112854 0.31297340989112854 1.0 1.0 
nomask 0.00390625 0.05814719200134277 0.7388753890991211 0.6779226064682007 1.0 
nomask 0.00390625 0.8126472234725952 0.04476097226142883 1.0 0.7798458337783813 
