mask 0.99609375 0.2174733281135559 0.12637373805046082 0.7274433374404907 0.7452608346939087 
nomask 0.98828125 0.4597909450531006 0.40011849999427795 0.6644265651702881 0.6391704678535461 
mask 0.00390625 0.5969894528388977 0.5259360074996948 0.9581355452537537 0.9818609952926636 
nomask 0.00390625 0.0 0.8408466577529907 0.40472108125686646 0.9955683946609497 
mask 0.00390625 0.34808698296546936 0.0017283037304878235 0.7156294584274292 0.13482466340065002 
nomask 0.00390625 0.007048280909657478 0.2888258099555969 0.019593697041273117 0.3668895959854126 
nomask 0.00390625 0.000425657257437706 0.010721933096647263 0.05119882524013519 0.08878569304943085 
mask 0.00390625 0.24376142024993896 0.006436534225940704 0.5958289504051208 0.15149033069610596 
nomask 0.00390625 0.013171166181564331 0.29548323154449463 0.859481692314148 0.6795511841773987 
nomask 0.00390625 0.942204475402832 0.5293639302253723 1.0 0.8257787823677063 
