mask 0.99609375 0.2126292586326599 0.17630711197853088 0.7353407740592957 0.7869300842285156 
nomask 0.00390625 0.0017942064441740513 0.47316041588783264 0.01235651783645153 0.5639079213142395 
nomask 0.00390625 0.0 0.45046621561050415 0.01485326886177063 0.5337330102920532 
nomask 0.00390625 0.004988770931959152 0.1805826723575592 0.02789883315563202 0.3086053431034088 
nomask 0.00390625 0.0044111330062150955 0.0005694795399904251 0.038885846734046936 0.04064562916755676 
nomask 0.00390625 0.008496798574924469 0.07868387550115585 0.024390805512666702 0.21233367919921875 
nomask 0.00390625 0.000425657257437706 0.010721933096647263 0.05119882524013519 0.08878569304943085 
mask 0.00390625 0.24376142024993896 0.006436534225940704 0.5958289504051208 0.15149033069610596 
nomask 0.00390625 0.4564474821090698 0.09412668645381927 0.4965236186981201 0.14276210963726044 
nomask 0.00390625 0.880302369594574 0.0 0.9996872544288635 0.600696325302124 
