mask 0.99609375 0.30058109760284424 0.17914608120918274 0.7111048698425293 0.5809346437454224 
nomask 0.00390625 0.7033169865608215 0.2714189887046814 0.8515244126319885 0.5742781758308411 
nomask 0.00390625 0.7609639167785645 0.18250449001789093 0.9123934507369995 0.505549430847168 
mask 0.00390625 0.31693851947784424 0.024038225412368774 0.9914268255233765 0.6429253816604614 
nomask 0.00390625 0.4089227020740509 0.39743390679359436 0.974251389503479 0.9750533103942871 
mask 0.00390625 0.46249693632125854 0.2736942172050476 0.8035474419593811 0.6147447824478149 
mask 0.00390625 0.8308430910110474 0.0 0.9994651079177856 0.2526510953903198 
mask 0.00390625 0.9457038640975952 0.0066117942333221436 1.0 0.1586710512638092 
nomask 0.00390625 0.18427270650863647 0.15189099311828613 0.9227284789085388 0.9395655393600464 
nomask 0.00390625 0.18629688024520874 0.7431012392044067 0.9745555520057678 1.0 
