mask 0.99609375 0.23711183667182922 0.1634923219680786 0.8299415111541748 0.7692106366157532 
nomask 0.01171875 0.8777545690536499 0.17961642146110535 0.9922480583190918 0.7326886653900146 
nomask 0.00390625 0.9316956996917725 0.2597198486328125 0.9957547187805176 0.7564014196395874 
nomask 0.00390625 0.7819747924804688 0.5859105587005615 1.0 1.0 
nomask 0.00390625 0.9675891399383545 0.5952328443527222 0.9978901147842407 0.7682373523712158 
mask 0.00390625 0.8620319366455078 0.267549067735672 0.9921424388885498 0.9576905965805054 
nomask 0.00390625 0.7094001770019531 0.1488458514213562 1.0 0.9059937596321106 
mask 0.00390625 0.6218030452728271 0.391154944896698 1.0 0.9813322424888611 
nomask 0.00390625 0.013171166181564331 0.29548323154449463 0.859481692314148 0.6795511841773987 
nomask 0.00390625 0.942204475402832 0.5293639302253723 1.0 0.8257787823677063 
