mask 0.99609375 0.2651948928833008 0.29584455490112305 0.6532230973243713 0.7187334299087524 
nomask 0.00390625 0.9392257928848267 0.12656748294830322 0.9943313598632812 0.47114360332489014 
nomask 0.00390625 0.9643720984458923 0.20242968201637268 0.9927796721458435 0.37543419003486633 
nomask 0.00390625 0.49878716468811035 0.2580810487270355 0.9308700561523438 0.637852668762207 
nomask 0.00390625 0.15609101951122284 0.3630353510379791 0.5121321678161621 0.7115006446838379 
nomask 0.00390625 0.5030525326728821 0.18791967630386353 1.0 0.7936379909515381 
nomask 0.00390625 0.0 0.0 0.45376402139663696 0.6036455631256104 
nomask 0.00390625 0.9401461482048035 0.0 0.9920231699943542 0.055122025310993195 
nomask 0.00390625 0.7938015460968018 0.34934529662132263 0.9553240537643433 0.6655163764953613 
nomask 0.00390625 0.41250401735305786 0.4511098265647888 0.4434637427330017 0.49769753217697144 
