mask 0.99609375 0.32557082176208496 0.3742799758911133 0.6453104615211487 0.835161566734314 
nomask 0.01171875 0.36848434805870056 0.31416916847229004 0.6463773250579834 0.49794042110443115 
nomask 0.00390625 0.7111511826515198 0.0458318293094635 1.0 0.9293414354324341 
mask 0.00390625 0.2836524248123169 0.2531532645225525 0.7764371633529663 0.8910440802574158 
nomask 0.00390625 0.46637287735939026 0.00429418683052063 0.9763429164886475 0.7237377166748047 
mask 0.00390625 0.0 0.1990523636341095 0.5154212117195129 0.9731810092926025 
nomask 0.00390625 0.6405767798423767 0.28875717520713806 1.0 0.9213662147521973 
nomask 0.00390625 0.6423977017402649 0.0 1.0 0.505766749382019 
nomask 0.00390625 0.8540360331535339 0.23654764890670776 0.9958357214927673 0.9886919856071472 
nomask 0.00390625 0.880302369594574 0.0 0.9996872544288635 0.600696325302124 
