mask 0.99609375 0.3273044228553772 0.19822046160697937 0.5976367592811584 0.6770106554031372 
nomask 0.00390625 0.2882442772388458 0.0 1.0 0.2773752212524414 
nomask 0.00390625 0.8746457099914551 0.7624022364616394 1.0 0.938435971736908 
mask 0.00390625 0.9440613985061646 0.8540445566177368 1.0 1.0 
nomask 0.00390625 0.8596965670585632 0.8343928456306458 1.0 0.9959153532981873 
nomask 0.00390625 0.866081953048706 0.9387538433074951 1.0 1.0 
nomask 0.00390625 0.851737380027771 0.8585129976272583 0.999944806098938 1.0 
nomask 0.00390625 0.9098139405250549 0.8665897250175476 1.0 1.0 
nomask 0.00390625 0.8722965717315674 0.8130369186401367 0.9711968898773193 0.965096116065979 
nomask 0.00390625 0.14640145003795624 0.25714728236198425 0.5220888257026672 0.6938761472702026 
