mask 0.99609375 0.1747777909040451 0.18152639269828796 0.6033458709716797 0.6587518453598022 
mask 0.00390625 0.1610398292541504 0.2076738476753235 0.8837826251983643 0.9304166436195374 
nomask 0.00390625 0.006682142615318298 0.6652310490608215 0.05326984450221062 0.8239739537239075 
nomask 0.00390625 0.010576516389846802 0.030547350645065308 0.07463555783033371 0.45780789852142334 
nomask 0.00390625 0.0 0.0 0.13702774047851562 0.36313411593437195 
nomask 0.00390625 0.008496798574924469 0.07868387550115585 0.024390805512666702 0.21233367919921875 
nomask 0.00390625 0.000425657257437706 0.010721933096647263 0.05119882524013519 0.08878569304943085 
mask 0.00390625 0.24376142024993896 0.006436534225940704 0.5958289504051208 0.15149033069610596 
nomask 0.00390625 0.4564474821090698 0.09412668645381927 0.4965236186981201 0.14276210963726044 
nomask 0.00390625 0.880302369594574 0.0 0.9996872544288635 0.600696325302124 
