mask 0.99609375 0.08621060848236084 0.11523875594139099 0.5456386804580688 0.725861668586731 
nomask 0.01171875 0.0027823299169540405 0.026818811893463135 0.16430479288101196 0.3943612575531006 
nomask 0.01171875 0.010074466466903687 0.0 0.27927157282829285 0.3679921627044678 
nomask 0.00390625 0.010576516389846802 0.030547350645065308 0.07463555783033371 0.45780789852142334 
nomask 0.00390625 0.0 0.0 0.13702774047851562 0.36313411593437195 
nomask 0.00390625 0.008496798574924469 0.07868387550115585 0.024390805512666702 0.21233367919921875 
nomask 0.00390625 0.000425657257437706 0.010721933096647263 0.05119882524013519 0.08878569304943085 
mask 0.00390625 0.24376142024993896 0.006436534225940704 0.5958289504051208 0.15149033069610596 
nomask 0.00390625 0.4564474821090698 0.09412668645381927 0.4965236186981201 0.14276210963726044 
nomask 0.00390625 0.880302369594574 0.0 0.9996872544288635 0.600696325302124 
