mask 0.99609375 0.2549101710319519 0.2363910973072052 0.8151965737342834 0.818448543548584 
mask 0.14453125 0.02461487054824829 0.0 0.6759363412857056 0.28119200468063354 
mask 0.01171875 0.18766416609287262 0.03517217934131622 0.6255497336387634 0.3959948420524597 
mask 0.00390625 0.0 0.38139089941978455 0.15647950768470764 0.7489333152770996 
nomask 0.00390625 0.8615446090698242 0.2528441548347473 0.8999334573745728 0.29379159212112427 
mask 0.01171875 0.007119927555322647 0.0 0.07573269307613373 0.08375272154808044 
mask 0.00390625 0.18853557109832764 0.00492636114358902 0.5722330808639526 0.1468936800956726 
mask 0.00390625 0.0 0.0 0.13258150219917297 0.10519503802061081 
mask 0.00390625 0.0 0.09163215756416321 0.4930539131164551 0.9687350988388062 
nomask 0.00390625 0.9464481472969055 0.3435642123222351 0.9940486550331116 0.44246453046798706 
