mask 0.99609375 0.23874559998512268 0.21816325187683105 0.8216216564178467 0.8266592025756836 
nomask 0.29296875 0.5505242347717285 0.40046611428260803 0.5835474729537964 0.4450922906398773 
nomask 0.14453125 0.20067228376865387 0.35458460450172424 0.23230509459972382 0.406461626291275 
nomask 0.14453125 0.17472736537456512 0.3530825972557068 0.20704789459705353 0.40171802043914795 
nomask 0.06640625 0.41771793365478516 0.3545210659503937 0.45074111223220825 0.3981976807117462 
nomask 0.02734375 0.7012099027633667 0.32377779483795166 0.7192932367324829 0.3590019941329956 
nomask 0.02734375 0.5019005537033081 0.4330289959907532 0.5455771684646606 0.4907958507537842 
mask 0.02734375 0.47819364070892334 0.0 0.5651203393936157 0.03443881869316101 
nomask 0.01171875 0.5643715858459473 0.35348013043403625 0.5988463163375854 0.3971567451953888 
nomask 0.01171875 0.897705078125 0.5974483489990234 0.9395427703857422 0.644036054611206 
