mask 0.99609375 0.26118943095207214 0.15358278155326843 0.6888624429702759 0.8215904235839844 
mask 0.00390625 0.060679227113723755 0.005717724561691284 0.6795663833618164 0.6246048212051392 
nomask 0.00390625 0.009331196546554565 0.23787622153759003 0.20535092055797577 0.547319769859314 
nomask 0.00390625 0.5568734407424927 0.1620168685913086 0.9763224124908447 0.6602184772491455 
nomask 0.00390625 0.3696867823600769 0.0 0.7789580225944519 0.13469654321670532 
mask 0.00390625 0.07583145797252655 0.39684024453163147 0.5254836678504944 0.9817537069320679 
nomask 0.00390625 0.01260683499276638 0.25916433334350586 0.0306901466101408 0.320781409740448 
nomask 0.00390625 0.6752828359603882 0.2873663604259491 0.7785302400588989 0.397495299577713 
nomask 0.00390625 0.0 0.09521171450614929 0.1466113030910492 0.8473560810089111 
nomask 0.00390625 0.0 0.3316922187805176 0.454779714345932 0.6620790958404541 
