mask 0.99609375 0.3401961326599121 0.17013025283813477 0.6668871641159058 0.4968212842941284 
mask 0.00390625 0.029050305485725403 0.8132878541946411 0.48497533798217773 1.0 
mask 0.00390625 0.6441967487335205 7.583945989608765e-05 0.9406116008758545 0.15479761362075806 
mask 0.00390625 0.004086760804057121 0.0017971191555261612 0.035046473145484924 0.029008610174059868 
nomask 0.00390625 0.15609101951122284 0.3630353510379791 0.5121321678161621 0.7115006446838379 
nomask 0.00390625 0.5030525326728821 0.18791967630386353 1.0 0.7936379909515381 
nomask 0.00390625 0.0 0.0 0.45376402139663696 0.6036455631256104 
nomask 0.00390625 0.9401461482048035 0.0 0.9920231699943542 0.055122025310993195 
nomask 0.00390625 0.7938015460968018 0.34934529662132263 0.9553240537643433 0.6655163764953613 
nomask 0.00390625 0.41250401735305786 0.4511098265647888 0.4434637427330017 0.49769753217697144 
