mask 0.99609375 0.10421374440193176 0.24013683199882507 0.6818331480026245 0.817756175994873 
nomask 0.14453125 0.24253782629966736 0.5373374223709106 0.48158982396125793 0.7603576183319092 
mask 0.02734375 0.028215840458869934 0.5478038787841797 0.46610140800476074 0.9583276510238647 
mask 0.00390625 0.015448391437530518 0.5960352420806885 0.31303688883781433 1.0 
mask 0.00390625 0.22389869391918182 0.5425869226455688 0.6344224810600281 0.9274587631225586 
mask 0.00390625 0.12516939640045166 0.5208262801170349 0.4850389361381531 0.8248845934867859 
mask 0.00390625 0.17460772395133972 0.5763336420059204 0.8069499731063843 1.0 
mask 0.00390625 0.570418655872345 0.5623217225074768 0.7541899085044861 0.8587365746498108 
nomask 0.00390625 0.49901917576789856 0.24072396755218506 0.556786060333252 0.32048487663269043 
nomask 0.00390625 0.14640145003795624 0.25714728236198425 0.5220888257026672 0.6938761472702026 
