mask 0.99609375 0.16095572710037231 0.253008097410202 0.8994114995002747 0.9161717891693115 
nomask 0.02734375 0.12327125668525696 0.4866068959236145 0.19188401103019714 0.5920990109443665 
nomask 0.00390625 0.8893141150474548 0.48778676986694336 0.9458518624305725 0.5888372659683228 
nomask 0.00390625 0.0026125386357307434 0.019320301711559296 0.038602568209171295 0.15012627840042114 
nomask 0.00390625 0.8380948305130005 0.48258331418037415 0.8984007835388184 0.5753037333488464 
nomask 0.00390625 0.0 0.8833677768707275 1.0 1.0 
nomask 0.00390625 0.7835742235183716 0.8588680028915405 1.0 1.0 
nomask 0.00390625 0.31297340989112854 0.31297340989112854 1.0 1.0 
nomask 0.00390625 0.05814719200134277 0.7388753890991211 0.6779226064682007 1.0 
nomask 0.00390625 0.8126472234725952 0.04476097226142883 1.0 0.7798458337783813 
