mask 0.99609375 0.3606078624725342 0.38864031434059143 0.6477471590042114 0.7083799839019775 
nomask 0.01171875 0.0017105042934417725 0.03749290108680725 0.27792009711265564 0.6985769271850586 
nomask 0.00390625 0.0 0.0 0.24563482403755188 0.5073841214179993 
nomask 0.00390625 0.0 0.0776648223400116 0.4473603069782257 0.4535605013370514 
nomask 0.00390625 0.0 0.0020806044340133667 0.39153188467025757 0.3264046907424927 
nomask 0.00390625 0.0 0.16228598356246948 0.23690274357795715 1.0 
nomask 0.00390625 0.01653914898633957 0.00805141031742096 0.2256237268447876 0.3526275157928467 
nomask 0.00390625 0.0 0.0 0.31252700090408325 0.14985540509223938 
nomask 0.00390625 0.0 0.09521171450614929 0.1466113030910492 0.8473560810089111 
nomask 0.00390625 0.0 0.3316922187805176 0.454779714345932 0.6620790958404541 
