mask 0.06640625 0.18427270650863647 0.06458348035812378 0.9227284789085388 0.9802389740943909 
mask 0.00390625 0.7356452345848083 0.00781664252281189 1.0 0.930160403251648 
nomask 0.00390625 0.006796389818191528 0.02396485209465027 0.6174193620681763 0.4933812916278839 
nomask 0.00390625 0.8380684852600098 0.8111326098442078 1.0 1.0 
nomask 0.00390625 0.0 0.013169735670089722 0.24089808762073517 0.8966792821884155 
nomask 0.00390625 0.0 0.0 0.7073469758033752 0.2670056223869324 
nomask 0.00390625 0.0 0.08986997604370117 0.5509268641471863 0.9860419034957886 
nomask 0.00390625 0.2017970085144043 0.0 0.7919743061065674 0.6398143768310547 
nomask 0.00390625 0.043834954500198364 0.0 0.4624078571796417 0.698047935962677 
nomask 0.00390625 0.3964983820915222 0.0 0.9866756796836853 0.3452508747577667 
