mask 0.99609375 0.09266674518585205 0.1403772532939911 0.5620831847190857 0.7128448486328125 
nomask 0.00390625 8.607655763626099e-05 0.0 0.14188578724861145 0.4452058672904968 
nomask 0.00390625 0.00632709264755249 0.0 0.27552419900894165 0.3679921627044678 
nomask 0.14453125 0.16029636561870575 0.4743924140930176 0.21106953918933868 0.5460209846496582 
nomask 0.01171875 0.18093328177928925 0.4684090316295624 0.23747096955776215 0.5415948629379272 
nomask 0.01171875 0.24641959369182587 0.6438389420509338 0.28564298152923584 0.7154675126075745 
mask 0.00390625 0.8577662110328674 0.3463805615901947 0.9908625483512878 0.6984480619430542 
nomask 0.00390625 0.011794526129961014 0.645306408405304 0.03150245547294617 0.7285731434822083 
nomask 0.00390625 0.050959888845682144 0.6467812061309814 0.09558607637882233 0.7021158933639526 
nomask 0.00390625 0.15087860822677612 0.518539309501648 0.1955047845840454 0.6092867851257324 
