mask 0.99609375 0.32522520422935486 0.2082209438085556 0.638161301612854 0.6311098337173462 
nomask 0.00390625 0.30384448170661926 0.0 1.0 0.2905125021934509 
mask 0.01171875 0.4186161756515503 0.4325612783432007 0.5218636393547058 0.5662111043930054 
nomask 0.01171875 0.0 0.16015762090682983 0.500856876373291 0.8859140276908875 
nomask 0.00390625 0.6482844352722168 0.9052309393882751 1.0 1.0 
mask 0.00390625 0.004443645477294922 0.512596607208252 1.0 1.0 
mask 0.00390625 0.6309976577758789 0.1666456162929535 1.0 0.971444845199585 
nomask 0.00390625 0.0 0.7605137825012207 0.6011011004447937 1.0 
nomask 0.00390625 0.8465728759765625 0.8111326098442078 1.0 1.0 
nomask 0.00390625 0.002624690532684326 0.6119710206985474 0.4377146363258362 1.0 
