mask 0.99609375 0.22485944628715515 0.21598638594150543 0.5586529970169067 0.6574631333351135 
nomask 0.00390625 0.5833026766777039 0.2938587963581085 0.6436086297035217 0.3826753795146942 
mask 0.00390625 0.408601850271225 0.81040358543396 0.9162901639938354 0.9918626546859741 
nomask 0.00390625 0.55600506067276 0.3000084459781647 0.6176221966743469 0.38693514466285706 
nomask 0.00390625 0.559127926826477 0.3286161720752716 0.620745062828064 0.41369321942329407 
nomask 0.00390625 0.0 0.008031100034713745 0.3273874521255493 0.5856504440307617 
nomask 0.00390625 0.39958956837654114 0.08108691871166229 0.5646237134933472 0.3711945414543152 
nomask 0.00390625 0.5964354872703552 0.2849128842353821 0.6554582715034485 0.35206568241119385 
nomask 0.00390625 0.4564474821090698 0.09412668645381927 0.4965236186981201 0.14276210963726044 
nomask 0.00390625 0.880302369594574 0.0 0.9996872544288635 0.600696325302124 
