mask 0.98828125 0.37629127502441406 0.12611259520053864 0.6232972145080566 0.4671631455421448 
nomask 0.00390625 0.0 0.28760290145874023 0.025026271119713783 0.3930950164794922 
nomask 0.00390625 0.0 0.3165110945701599 0.01506168395280838 0.4133070111274719 
mask 0.01171875 0.0 0.18629688024520874 0.39099007844924927 0.9745555520057678 
nomask 0.00390625 0.0 0.7371711730957031 0.18658709526062012 0.9814202785491943 
nomask 0.00390625 0.0 0.8345845937728882 0.1644550859928131 0.9926701784133911 
mask 0.00390625 0.07264474034309387 0.7763810157775879 0.46067294478416443 1.0 
nomask 0.00390625 0.6752828359603882 0.2873663604259491 0.7785302400588989 0.397495299577713 
nomask 0.00390625 0.0 0.09521171450614929 0.1466113030910492 0.8473560810089111 
nomask 0.00390625 0.0 0.3316922187805176 0.454779714345932 0.6620790958404541 
