mask 0.99609375 0.22393661737442017 0.24630922079086304 0.5622128844261169 0.648097813129425 
nomask 0.00390625 0.0030477140098810196 0.9218481183052063 0.05274052172899246 0.9999118447303772 
nomask 0.00390625 0.014146355912089348 0.8763083219528198 0.04788750410079956 0.9963313341140747 
mask 0.00390625 0.34814122319221497 0.005779457278549671 0.5536278486251831 0.03543565049767494 
mask 0.00390625 0.0030004195868968964 0.004938676953315735 0.045570649206638336 0.2769186496734619 
mask 0.00390625 0.1711195558309555 0.011217745020985603 0.626857340335846 0.0617806613445282 
nomask 0.00390625 0.000425657257437706 0.010721933096647263 0.05119882524013519 0.08878569304943085 
mask 0.00390625 0.24376142024993896 0.006436534225940704 0.5958289504051208 0.15149033069610596 
nomask 0.00390625 0.4564474821090698 0.09412668645381927 0.4965236186981201 0.14276210963726044 
nomask 0.00390625 0.880302369594574 0.0 0.9996872544288635 0.600696325302124 
