mask 0.97265625 0.26010340452194214 0.07613137364387512 0.8924456238746643 0.7222212553024292 
mask 0.00390625 0.0 0.20722609758377075 0.24002555012702942 1.0 
mask 0.00390625 0.053684383630752563 0.4208239018917084 0.5399972200393677 0.9623501300811768 
mask 0.00390625 0.0011150762438774109 0.4408054053783417 0.18651923537254333 0.9708088636398315 
mask 0.00390625 0.12832610309123993 0.2760976552963257 0.4013829827308655 0.7128265500068665 
nomask 0.00390625 0.003371715545654297 0.0 0.25711166858673096 0.29901421070098877 
nomask 0.00390625 0.024742305278778076 0.0 0.9876270890235901 0.45181819796562195 
nomask 0.00390625 0.8503708839416504 0.007754027843475342 1.0 0.8612661361694336 
nomask 0.00390625 0.7620054483413696 0.11337146162986755 1.0 1.0 
nomask 0.00390625 0.08604779839515686 0.7910197377204895 0.7752000093460083 1.0 
