mask 0.99609375 0.3684524893760681 0.2759663462638855 0.7735362648963928 0.6724306344985962 
nomask 0.00390625 0.004500783979892731 0.28205108642578125 0.16258633136749268 0.691322386264801 
nomask 0.00390625 0.014753103256225586 0.21937182545661926 0.04908505082130432 0.7606756687164307 
nomask 0.00390625 0.12126357853412628 0.23750385642051697 0.46617239713668823 0.8773858547210693 
nomask 0.00390625 0.873848557472229 0.16799002885818481 0.9932334423065186 0.7745777368545532 
nomask 0.00390625 0.3084908127784729 0.20809626579284668 0.4883517026901245 0.5526723861694336 
nomask 0.00390625 0.654694676399231 0.011824548244476318 1.0 0.6307116746902466 
nomask 0.00390625 0.49205324053764343 0.6120495796203613 0.5304420590400696 0.6710723638534546 
mask 0.00390625 0.016103893518447876 0.652918815612793 0.53482985496521 1.0 
nomask 0.00390625 0.348470002412796 0.40326419472694397 0.3751024901866913 0.461031049489975 
