mask 0.99609375 0.18209290504455566 0.18099567294120789 0.6491639018058777 0.7987456321716309 
mask 0.00390625 0.19092288613319397 0.0 0.5209910869598389 0.0675850585103035 
mask 0.00390625 0.24603751301765442 0.004694413393735886 0.44715169072151184 0.04068444296717644 
mask 0.00390625 0.16372573375701904 0.002151593565940857 0.49379396438598633 0.11913427710533142 
nomask 0.0 0.0 0.0 0.0 0.0 
nomask 0.0 0.0 0.0 0.0 0.0 
nomask 0.0 0.0 0.0 0.0 0.0 
nomask 0.0 0.0 0.0 0.0 0.0 
nomask 0.0 0.0 0.0 0.0 0.0 
nomask 0.0 0.0 0.0 0.0 0.0 
