mask 0.99609375 0.009783625602722168 0.22490954399108887 0.8091327548027039 0.9125337600708008 
nomask 0.00390625 0.0 0.839439332485199 0.3809044361114502 0.990868866443634 
mask 0.00390625 0.8771916031837463 0.34934529662132263 1.0 0.6655163764953613 
nomask 0.00390625 0.49878716468811035 0.2580810487270355 0.9308700561523438 0.637852668762207 
nomask 0.00390625 0.15609101951122284 0.3630353510379791 0.5121321678161621 0.7115006446838379 
nomask 0.00390625 0.5030525326728821 0.18791967630386353 1.0 0.7936379909515381 
nomask 0.00390625 0.0 0.0 0.45376402139663696 0.6036455631256104 
nomask 0.00390625 0.9401461482048035 0.0 0.9920231699943542 0.055122025310993195 
nomask 0.00390625 0.7938015460968018 0.34934529662132263 0.9553240537643433 0.6655163764953613 
nomask 0.00390625 0.41250401735305786 0.4511098265647888 0.4434637427330017 0.49769753217697144 
