mask 0.99609375 0.18750393390655518 0.1888265609741211 0.7528325915336609 0.8049447536468506 
mask 0.00390625 0.881290078163147 0.007159195840358734 0.9663671255111694 0.04238341376185417 
mask 0.01171875 0.062132567167282104 0.13361060619354248 0.5315489768981934 0.7990923523902893 
nomask 0.00390625 0.8647050857543945 0.007081061601638794 1.0 0.879149317741394 
nomask 0.00390625 0.05081528425216675 0.8259947299957275 0.8009946942329407 1.0 
nomask 0.00390625 0.7934744358062744 0.8649747371673584 1.0 1.0 
mask 0.00390625 0.4482544958591461 0.14850768446922302 0.9669804573059082 0.8345767259597778 
mask 0.00390625 0.3525896668434143 0.26448380947113037 0.5824833512306213 0.6401711702346802 
mask 0.00390625 0.0 0.19860118627548218 0.2428000271320343 1.0 
mask 0.00390625 0.21288582682609558 0.04317381978034973 0.7686718702316284 0.6360034942626953 
