mask 0.99609375 0.3712140917778015 0.4042564928531647 0.6583533883094788 0.7527217864990234 
nomask 0.00390625 0.12626369297504425 0.659615159034729 0.15018074214458466 0.6996912956237793 
mask 0.00390625 0.07766391336917877 0.40306317806243896 0.508384108543396 0.975530743598938 
nomask 0.00390625 0.004189572297036648 0.6118116974830627 0.016206778585910797 0.6671463847160339 
mask 0.00390625 0.22389869391918182 0.5425869226455688 0.6344224810600281 0.9274587631225586 
mask 0.00390625 0.12516939640045166 0.5208262801170349 0.4850389361381531 0.8248845934867859 
mask 0.00390625 0.17460772395133972 0.5763336420059204 0.8069499731063843 1.0 
mask 0.00390625 0.570418655872345 0.5623217225074768 0.7541899085044861 0.8587365746498108 
nomask 0.00390625 0.49901917576789856 0.24072396755218506 0.556786060333252 0.32048487663269043 
nomask 0.00390625 0.14640145003795624 0.25714728236198425 0.5220888257026672 0.6938761472702026 
