mask 0.99609375 0.20887786149978638 0.17147347331047058 0.7742065191268921 0.7368021011352539 
nomask 0.00390625 0.6414900422096252 0.0 0.9860661625862122 0.1597246676683426 
nomask 0.00390625 0.05469109117984772 0.8295836448669434 0.48195165395736694 0.9946178197860718 
nomask 0.01171875 0.4145858883857727 0.6003429889678955 0.44554561376571655 0.6619601249694824 
nomask 0.01171875 0.01787295937538147 0.09951621294021606 0.25787147879600525 0.5653534531593323 
nomask 0.01171875 0.49953705072402954 0.6382785439491272 0.5396131873130798 0.696045458316803 
nomask 0.00390625 0.04149875044822693 0.023103073239326477 0.48890432715415955 0.48023563623428345 
nomask 0.00390625 0.49205324053764343 0.6120495796203613 0.5304420590400696 0.6710723638534546 
mask 0.00390625 0.016103893518447876 0.652918815612793 0.53482985496521 1.0 
nomask 0.00390625 0.348470002412796 0.40326419472694397 0.3751024901866913 0.461031049489975 
