mask 0.99609375 0.17815440893173218 0.09607294201850891 0.8156169056892395 0.7037143707275391 
mask 0.00390625 0.8425770998001099 0.5553749799728394 0.9907845258712769 1.0 
nomask 0.00390625 0.0 0.572180986404419 0.04244586080312729 0.6922039985656738 
nomask 0.00390625 0.49275851249694824 0.4303690493106842 0.6650465726852417 0.6694210171699524 
mask 0.00390625 0.8515088558197021 0.9432182312011719 0.9940664768218994 1.0 
mask 0.00390625 0.7984856367111206 0.7351382970809937 0.9903343915939331 0.9956668615341187 
nomask 0.00390625 0.007861332036554813 0.76496422290802 0.037517525255680084 0.9203293323516846 
mask 0.00390625 0.00355399027466774 0.7585450410842896 0.08471150696277618 1.0 
nomask 0.00390625 0.008792109787464142 0.8625893592834473 0.06781487911939621 0.9933953285217285 
nomask 0.00390625 0.41250401735305786 0.4511098265647888 0.4434637427330017 0.49769753217697144 
