mask 0.99609375 0.26308679580688477 0.17224763333797455 0.7093105912208557 0.6184713840484619 
nomask 0.02734375 0.11954361945390701 0.0 0.2205941379070282 0.022694144397974014 
nomask 0.01171875 0.09605862200260162 0.006041518412530422 0.19495894014835358 0.031009837985038757 
nomask 0.01171875 0.2519819140434265 0.004694413393735886 0.3300457000732422 0.04068444296717644 
nomask 0.00390625 0.28032660484313965 0.012649402022361755 0.36914318799972534 0.041056957095861435 
nomask 0.00390625 0.8916447758674622 0.004733230918645859 0.9664217829704285 0.04480937868356705 
mask 0.00390625 0.00560663640499115 0.0011134073138237 0.1706407517194748 0.24536257982254028 
mask 0.00390625 0.6218030452728271 0.391154944896698 1.0 0.9813322424888611 
nomask 0.00390625 0.013171166181564331 0.29548323154449463 0.859481692314148 0.6795511841773987 
nomask 0.00390625 0.942204475402832 0.5293639302253723 1.0 0.8257787823677063 
