mask 0.99609375 0.2206563651561737 0.18585801124572754 0.718858003616333 0.6734588146209717 
nomask 0.02734375 0.00370233878493309 0.4127834439277649 0.06665901839733124 0.5464332699775696 
nomask 0.00390625 0.006815105676651001 0.8947165608406067 0.04689125344157219 0.9550225138664246 
nomask 0.00390625 0.983988344669342 0.25696954131126404 1.0 0.4299740493297577 
nomask 0.00390625 0.10250067710876465 0.004561275243759155 0.609980583190918 0.05622345954179764 
nomask 0.00390625 0.00014768028631806374 0.4266388416290283 0.009839292615652084 0.6458213329315186 
nomask 0.00390625 0.49657440185546875 0.09097593277692795 0.5384120941162109 0.14174909889698029 
nomask 0.00390625 0.5964354872703552 0.2849128842353821 0.6554582715034485 0.35206568241119385 
nomask 0.00390625 0.4564474821090698 0.09412668645381927 0.4965236186981201 0.14276210963726044 
nomask 0.00390625 0.880302369594574 0.0 0.9996872544288635 0.600696325302124 
