mask 0.99609375 0.290948748588562 0.22065944969654083 0.6599465012550354 0.6045145988464355 
mask 0.00390625 0.7550368309020996 0.006559789180755615 0.9940887689590454 0.17884784936904907 
nomask 0.00390625 0.0 0.0 0.24563482403755188 0.5073841214179993 
nomask 0.00390625 0.0 0.0776648223400116 0.4473603069782257 0.4535605013370514 
nomask 0.00390625 0.0 0.0020806044340133667 0.39153188467025757 0.3264046907424927 
nomask 0.00390625 0.0 0.16228598356246948 0.23690274357795715 1.0 
nomask 0.00390625 0.01653914898633957 0.00805141031742096 0.2256237268447876 0.3526275157928467 
nomask 0.00390625 0.0 0.0 0.31252700090408325 0.14985540509223938 
nomask 0.00390625 0.0 0.09521171450614929 0.1466113030910492 0.8473560810089111 
nomask 0.00390625 0.0 0.3316922187805176 0.454779714345932 0.6620790958404541 
