mask 0.99609375 0.26901453733444214 0.426385760307312 0.5819506645202637 0.7530767917633057 
nomask 0.00390625 0.3031885623931885 0.4497731924057007 0.3795912265777588 0.5385897755622864 
mask 0.00390625 0.2058550864458084 0.48841357231140137 0.6344231963157654 0.9455461502075195 
nomask 0.00390625 0.0028102491050958633 0.13234490156173706 0.023831728845834732 0.1953015923500061 
nomask 0.00390625 0.04545102268457413 0.4005863070487976 0.19365844130516052 0.7236312031745911 
nomask 0.00390625 0.003959641791880131 0.10911016166210175 0.028927963227033615 0.169416144490242 
nomask 0.00390625 0.007828772068023682 0.6076910495758057 0.15925835072994232 0.9832241535186768 
nomask 0.00390625 0.7163960933685303 0.03390058875083923 1.0 0.914069414138794 
nomask 0.00390625 0.777142345905304 0.0 1.0 0.7397794723510742 
nomask 0.00390625 0.3945244252681732 0.012584567070007324 0.9245278835296631 0.6986535787582397 
