mask 0.5 0.45527297258377075 0.25850263237953186 0.5630585551261902 0.4138678014278412 
mask 0.02734375 0.0 0.14031937718391418 0.5148815512657166 0.9811161756515503 
mask 0.01171875 0.20690515637397766 0.0 0.9778194427490234 0.5975608825683594 
mask 0.00390625 0.02173405885696411 0.0067993104457855225 0.6818705201148987 0.5746686458587646 
mask 0.00390625 0.3306768536567688 0.0020706653594970703 0.6755856871604919 0.684601366519928 
mask 0.00390625 0.0 0.2153491973876953 0.4979044198989868 0.9568841457366943 
mask 0.00390625 0.0 0.0 0.7523471117019653 0.2704469561576843 
nomask 0.00390625 0.0 0.0 0.6270031929016113 0.142850860953331 
nomask 0.00390625 0.013171166181564331 0.29548323154449463 0.859481692314148 0.6795511841773987 
nomask 0.00390625 0.942204475402832 0.5293639302253723 1.0 0.8257787823677063 
