mask 0.99609375 0.3637692332267761 0.38369613885879517 0.7020455002784729 0.8215816617012024 
mask 0.00390625 0.04331851005554199 0.0 0.9795749187469482 0.46367162466049194 
mask 0.00390625 0.0643705427646637 0.025534510612487793 0.572058916091919 0.5788339972496033 
nomask 0.00390625 0.0 0.0 0.6008521318435669 0.49405351281166077 
nomask 0.00390625 0.012193277478218079 0.0 0.42009615898132324 0.734429657459259 
mask 0.00390625 0.0 0.2712385058403015 0.12098227441310883 0.8910139203071594 
mask 0.00390625 0.12940376996994019 0.2192012369632721 0.5568398237228394 0.5726628303527832 
nomask 0.00390625 0.0 0.6084796786308289 0.5125448703765869 1.0 
nomask 0.00390625 0.8589760065078735 0.007754027843475342 1.0 0.8612661361694336 
nomask 0.00390625 0.8993597030639648 0.6482844352722168 1.0 1.0 
