mask 0.99609375 0.18546625971794128 0.33604931831359863 0.4664957821369171 0.6423267126083374 
nomask 0.00390625 0.016167953610420227 0.15106730163097382 0.03545653074979782 0.36102133989334106 
nomask 0.00390625 0.9409385919570923 0.2633688151836395 0.99747633934021 0.4602036774158478 
nomask 0.00390625 0.9651275277137756 0.17064625024795532 1.0 0.3227055072784424 
nomask 0.00390625 0.9023209810256958 0.3598176836967468 0.9911375045776367 0.5086413621902466 
nomask 0.00390625 0.9010230302810669 0.22922417521476746 0.9995138645172119 0.5071171522140503 
nomask 0.00390625 0.9410879015922546 0.32749685645103455 0.9952451586723328 0.5201433897018433 
nomask 0.00390625 0.9726029634475708 0.11904360353946686 0.9970400333404541 0.2585679292678833 
nomask 0.00390625 0.9526373744010925 0.2224087119102478 1.0 0.3991745114326477 
nomask 0.00390625 0.3964983820915222 0.0 0.9866756796836853 0.3452508747577667 
