mask 0.99609375 0.44678762555122375 0.6192502975463867 0.7401696443557739 0.9752914905548096 
mask 0.01171875 0.0 0.9185662865638733 0.3051210343837738 0.9997238516807556 
mask 0.00390625 0.0 0.8652890920639038 0.3345184326171875 0.9955533742904663 
nomask 0.00390625 0.0 0.9525033831596375 0.21409234404563904 0.9900752902030945 
nomask 0.00390625 0.027205321937799454 0.13476227223873138 0.09435813128948212 0.2095392495393753 
mask 0.00390625 0.0 0.2712385058403015 0.12098227441310883 0.8910139203071594 
mask 0.00390625 0.12940376996994019 0.2192012369632721 0.5568398237228394 0.5726628303527832 
nomask 0.00390625 0.0 0.6084796786308289 0.5125448703765869 1.0 
nomask 0.00390625 0.8589760065078735 0.007754027843475342 1.0 0.8612661361694336 
nomask 0.00390625 0.8993597030639648 0.6482844352722168 1.0 1.0 
