mask 0.99609375 0.3659075200557709 0.339887410402298 0.597478985786438 0.7196590900421143 
mask 0.00390625 0.06239683926105499 0.39684024453163147 0.4931170344352722 0.9817537069320679 
nomask 0.00390625 0.002629019320011139 0.14143747091293335 0.01152170542627573 0.2403377890586853 
nomask 0.00390625 0.8380684852600098 0.8111326098442078 1.0 1.0 
nomask 0.00390625 0.0 0.013169735670089722 0.24089808762073517 0.8966792821884155 
nomask 0.00390625 0.0 0.0 0.7073469758033752 0.2670056223869324 
nomask 0.00390625 0.0 0.08986997604370117 0.5509268641471863 0.9860419034957886 
nomask 0.00390625 0.2017970085144043 0.0 0.7919743061065674 0.6398143768310547 
nomask 0.00390625 0.043834954500198364 0.0 0.4624078571796417 0.698047935962677 
nomask 0.00390625 0.3964983820915222 0.0 0.9866756796836853 0.3452508747577667 
