nomask 0.99609375 0.15696820616722107 0.2981801927089691 0.6780253648757935 0.8910098075866699 
nomask 0.00390625 0.816063404083252 0.6717405915260315 0.9959243535995483 1.0 
nomask 0.00390625 0.9318639039993286 0.6352276802062988 1.0 1.0 
nomask 0.00390625 0.0 0.6783646941184998 0.14078685641288757 1.0 
nomask 0.00390625 0.704573929309845 0.8149235844612122 1.0 0.9909573197364807 
nomask 0.00390625 0.982294499874115 0.28039872646331787 0.9956761002540588 0.4169542193412781 
nomask 0.00390625 0.49657440185546875 0.09097593277692795 0.5384120941162109 0.14174909889698029 
nomask 0.00390625 0.5964354872703552 0.2849128842353821 0.6554582715034485 0.35206568241119385 
nomask 0.00390625 0.4564474821090698 0.09412668645381927 0.4965236186981201 0.14276210963726044 
nomask 0.00390625 0.880302369594574 0.0 0.9996872544288635 0.600696325302124 
