nomask 0.99609375 0.24504703283309937 0.16180548071861267 0.8430785536766052 0.8422122001647949 
nomask 0.00390625 0.9716160893440247 0.32858148217201233 0.9896994233131409 0.43871042132377625 
nomask 0.00390625 0.887919545173645 0.33212515711784363 0.9659832715988159 0.42892107367515564 
nomask 0.00390625 0.096681609749794 0.08871006965637207 0.36973851919174194 0.4894373416900635 
nomask 0.00390625 0.10250067710876465 0.004561275243759155 0.609980583190918 0.05622345954179764 
nomask 0.00390625 0.00014768028631806374 0.4266388416290283 0.009839292615652084 0.6458213329315186 
nomask 0.00390625 0.49657440185546875 0.09097593277692795 0.5384120941162109 0.14174909889698029 
nomask 0.00390625 0.5964354872703552 0.2849128842353821 0.6554582715034485 0.35206568241119385 
nomask 0.00390625 0.4564474821090698 0.09412668645381927 0.4965236186981201 0.14276210963726044 
nomask 0.00390625 0.880302369594574 0.0 0.9996872544288635 0.600696325302124 
