nomask 0.99609375 0.20389816164970398 0.24013683199882507 0.8753688335418701 0.817756175994873 
nomask 0.00390625 0.08569064736366272 0.9226542711257935 0.44541242718696594 0.989529013633728 
nomask 0.00390625 0.08525034785270691 0.8609479665756226 0.4153185784816742 0.9998944997787476 
nomask 0.00390625 0.48474785685539246 0.2287779152393341 0.6394696235656738 0.5808454751968384 
nomask 0.00390625 0.4108525514602661 0.13992825150489807 0.5655743479728699 0.46999648213386536 
nomask 0.00390625 0.5002853274345398 0.0627664178609848 0.6422526240348816 0.3528740406036377 
nomask 0.00390625 0.0 0.6698580980300903 0.5854696035385132 1.0 
nomask 0.00390625 0.09786655008792877 0.07778745889663696 0.36244672536849976 0.6843751668930054 
mask 0.00390625 0.008330047130584717 0.5119386315345764 0.9903668761253357 0.9940419793128967 
nomask 0.00390625 0.09202447533607483 0.21681427955627441 0.5918595790863037 0.4930238723754883 
