nomask 0.99609375 0.18317463994026184 0.16869890689849854 0.8418474197387695 0.8563231229782104 
mask 0.00390625 0.5166816711425781 0.8295836448669434 0.9532312154769897 0.9946178197860718 
nomask 0.01171875 0.0 0.10920453071594238 0.16632789373397827 0.4689263105392456 
nomask 0.00390625 0.003735799342393875 0.11207617819309235 0.08147627115249634 0.5393367409706116 
mask 0.00390625 0.0017890483140945435 0.010637059807777405 0.419958233833313 0.1381295621395111 
nomask 0.00390625 0.0 0.9126787781715393 0.38701125979423523 0.9781305193901062 
nomask 0.00390625 0.5546858906745911 0.44009730219841003 0.6022863984107971 0.5087100863456726 
nomask 0.00390625 0.9401461482048035 0.0 0.9920231699943542 0.055122025310993195 
nomask 0.00390625 0.7938015460968018 0.34934529662132263 0.9553240537643433 0.6655163764953613 
nomask 0.00390625 0.41250401735305786 0.4511098265647888 0.4434637427330017 0.49769753217697144 
