nomask 0.98828125 0.2556336522102356 0.17604351043701172 0.811419665813446 0.7688731551170349 
nomask 0.00390625 0.9280182123184204 0.18018269538879395 1.0 0.4297420382499695 
nomask 0.00390625 0.9409385919570923 0.2633688151836395 0.99747633934021 0.4602036774158478 
nomask 0.00390625 0.9651275277137756 0.17064625024795532 1.0 0.3227055072784424 
nomask 0.00390625 0.9023209810256958 0.3598176836967468 0.9911375045776367 0.5086413621902466 
nomask 0.00390625 0.9010230302810669 0.22922417521476746 0.9995138645172119 0.5071171522140503 
nomask 0.00390625 0.9410879015922546 0.32749685645103455 0.9952451586723328 0.5201433897018433 
nomask 0.00390625 0.9726029634475708 0.11904360353946686 0.9970400333404541 0.2585679292678833 
nomask 0.00390625 0.9526373744010925 0.2224087119102478 1.0 0.3991745114326477 
nomask 0.00390625 0.3964983820915222 0.0 0.9866756796836853 0.3452508747577667 
