nomask 0.99609375 0.18871816992759705 0.04359373450279236 0.7302443981170654 0.7150644063949585 
nomask 0.00390625 0.03459126502275467 0.7318032383918762 0.21062502264976501 0.9867882132530212 
nomask 0.00390625 0.007291315123438835 0.815631628036499 0.033923789858818054 1.0 
nomask 0.14453125 0.3531944155693054 0.4928557872772217 0.37870556116104126 0.5338032245635986 
nomask 0.06640625 0.35858988761901855 0.4720227122306824 0.38580137491226196 0.5080127716064453 
mask 0.02734375 0.0 0.024937421083450317 0.9728327393531799 0.4073520004749298 
nomask 0.01171875 0.16152581572532654 0.497800350189209 0.1952669620513916 0.5496773719787598 
nomask 0.01171875 0.1795807182788849 0.4401940107345581 0.21260392665863037 0.48779457807540894 
nomask 0.00390625 0.5155547261238098 0.45112690329551697 0.5485779643058777 0.49976232647895813 
nomask 0.00390625 0.41250401735305786 0.4511098265647888 0.4434637427330017 0.49769753217697144 
