nomask 0.99609375 0.15340647101402283 0.21259185671806335 0.7640293836593628 0.7582788467407227 
nomask 0.00390625 0.007096746936440468 0.25241512060165405 0.050773367285728455 0.3949728012084961 
nomask 0.00390625 0.9753824472427368 0.3298800587654114 0.9942605495452881 0.44990307092666626 
mask 0.00390625 0.41548046469688416 0.0 0.9570066928863525 0.3301655054092407 
mask 0.00390625 0.008889168500900269 0.4858204424381256 0.1704116314649582 0.8863831758499146 
nomask 0.00390625 0.982294499874115 0.28039872646331787 0.9956761002540588 0.4169542193412781 
nomask 0.00390625 0.49657440185546875 0.09097593277692795 0.5384120941162109 0.14174909889698029 
nomask 0.00390625 0.5964354872703552 0.2849128842353821 0.6554582715034485 0.35206568241119385 
nomask 0.00390625 0.4564474821090698 0.09412668645381927 0.4965236186981201 0.14276210963726044 
nomask 0.00390625 0.880302369594574 0.0 0.9996872544288635 0.600696325302124 
