nomask 0.97265625 0.17981135845184326 0.27847450971603394 0.8597612380981445 0.700029730796814 
nomask 0.00390625 0.5879465341567993 0.3286527097225189 0.8986153602600098 0.7469936609268188 
nomask 0.00390625 0.8362920880317688 0.3854106664657593 0.9126947522163391 0.4955396056175232 
nomask 0.00390625 0.49878716468811035 0.2580810487270355 0.9308700561523438 0.637852668762207 
nomask 0.00390625 0.15609101951122284 0.3630353510379791 0.5121321678161621 0.7115006446838379 
nomask 0.00390625 0.5030525326728821 0.18791967630386353 1.0 0.7936379909515381 
nomask 0.00390625 0.0 0.0 0.45376402139663696 0.6036455631256104 
nomask 0.00390625 0.9401461482048035 0.0 0.9920231699943542 0.055122025310993195 
nomask 0.00390625 0.7938015460968018 0.34934529662132263 0.9553240537643433 0.6655163764953613 
nomask 0.00390625 0.41250401735305786 0.4511098265647888 0.4434637427330017 0.49769753217697144 
