nomask 0.97265625 0.22681671380996704 0.13960379362106323 0.9013050198554993 0.6953898072242737 
mask 0.00390625 0.0 0.8229032754898071 0.2799758315086365 0.9951913356781006 
nomask 0.00390625 0.16234886646270752 0.0 0.9413213729858398 0.4733588695526123 
nomask 0.00390625 0.0 0.8709758520126343 1.0 1.0 
nomask 0.00390625 0.6621060967445374 0.0 1.0 0.5214106440544128 
nomask 0.00390625 0.8740136623382568 0.7934744358062744 1.0 1.0 
nomask 0.00390625 0.5131406784057617 0.0056702494621276855 1.0 1.0 
nomask 0.00390625 0.7163960933685303 0.03390058875083923 1.0 0.914069414138794 
nomask 0.00390625 0.777142345905304 0.0 1.0 0.7397794723510742 
nomask 0.00390625 0.3945244252681732 0.012584567070007324 0.9245278835296631 0.6986535787582397 
