nomask 0.5 0.11070996522903442 0.11399917304515839 0.7761917114257812 0.5636513829231262 
nomask 0.06640625 0.09266674518585205 0.18195681273937225 0.5620831847190857 0.6744107007980347 
mask 0.01171875 0.6494100689888 0.851737380027771 1.0 0.999944806098938 
mask 0.00390625 0.7034218311309814 0.9085237979888916 1.0 0.991445779800415 
mask 0.00390625 0.09388577193021774 0.20123521983623505 0.32175466418266296 0.510678768157959 
nomask 0.00390625 0.0 0.6468425989151001 0.16205406188964844 0.9562861919403076 
mask 0.00390625 0.18853557109832764 0.00492636114358902 0.5722330808639526 0.1468936800956726 
mask 0.00390625 0.0 0.0 0.13258150219917297 0.10519503802061081 
mask 0.00390625 0.0 0.09163215756416321 0.4930539131164551 0.9687350988388062 
nomask 0.00390625 0.9464481472969055 0.3435642123222351 0.9940486550331116 0.44246453046798706 
