nomask 0.99609375 0.3212725520133972 0.2107156366109848 0.6453061699867249 0.6486011743545532 
nomask 0.00390625 0.04501280188560486 0.0 0.9673565626144409 0.2612488865852356 
nomask 0.00390625 0.018055260181427002 0.0 0.7221903204917908 0.35422226786613464 
mask 0.00390625 0.0 0.0 0.822285532951355 0.26437169313430786 
mask 0.00390625 0.004143357276916504 0.0 0.4120462238788605 0.7180308103561401 
mask 0.00390625 0.011479020118713379 0.5131406784057617 1.0 1.0 
mask 0.00390625 0.2429066002368927 0.17605102062225342 0.7752920389175415 0.7200109362602234 
mask 0.00390625 0.5317755937576294 0.2750696539878845 0.7545324563980103 0.7436720728874207 
nomask 0.00390625 0.013171166181564331 0.29548323154449463 0.859481692314148 0.6795511841773987 
nomask 0.00390625 0.942204475402832 0.5293639302253723 1.0 0.8257787823677063 
