nomask 0.99609375 0.2444005310535431 0.18306344747543335 0.8297070264816284 0.8209542632102966 
mask 0.00390625 0.0 0.0003088414669036865 0.6548542380332947 0.47861456871032715 
mask 0.00390625 0.08123070001602173 0.047277629375457764 0.8646800518035889 0.6796198487281799 
mask 0.00390625 0.11110004782676697 0.014594197273254395 0.8521370887756348 0.35456913709640503 
nomask 0.00390625 0.05081528425216675 0.8259947299957275 0.8009946942329407 1.0 
nomask 0.00390625 0.7934744358062744 0.8649747371673584 1.0 1.0 
mask 0.00390625 0.4482544958591461 0.14850768446922302 0.9669804573059082 0.8345767259597778 
mask 0.00390625 0.3525896668434143 0.26448380947113037 0.5824833512306213 0.6401711702346802 
mask 0.00390625 0.0 0.19860118627548218 0.2428000271320343 1.0 
mask 0.00390625 0.21288582682609558 0.04317381978034973 0.7686718702316284 0.6360034942626953 
