nomask 0.5 0.405002623796463 0.35611799359321594 0.5104947686195374 0.5081772804260254 
mask 0.00390625 0.0025106966495513916 0.0 0.7865896224975586 0.3801884353160858 
nomask 0.00390625 0.39099082350730896 0.3293122947216034 0.49204131960868835 0.4629621207714081 
nomask 0.00390625 0.027334988117218018 0.0 0.31447431445121765 0.436611533164978 
nomask 0.00390625 0.08188904821872711 0.23689879477024078 0.30016380548477173 0.5599437355995178 
nomask 0.00390625 0.003371715545654297 0.0 0.25711166858673096 0.29901421070098877 
nomask 0.00390625 0.024742305278778076 0.0 0.9876270890235901 0.45181819796562195 
nomask 0.00390625 0.8503708839416504 0.007754027843475342 1.0 0.8612661361694336 
nomask 0.00390625 0.7620054483413696 0.11337146162986755 1.0 1.0 
nomask 0.00390625 0.08604779839515686 0.7910197377204895 0.7752000093460083 1.0 
