nomask 0.99609375 0.20429015159606934 0.15977424383163452 0.4926403760910034 0.7045149803161621 
nomask 0.98828125 0.6175322532653809 0.2664172649383545 0.8709726333618164 0.7152897715568542 
mask 0.01171875 0.25825974345207214 0.5992248058319092 0.5025088787078857 0.779085636138916 
nomask 0.00390625 0.12126357853412628 0.23750385642051697 0.46617239713668823 0.8773858547210693 
nomask 0.00390625 0.873848557472229 0.16799002885818481 0.9932334423065186 0.7745777368545532 
nomask 0.00390625 0.3084908127784729 0.20809626579284668 0.4883517026901245 0.5526723861694336 
nomask 0.00390625 0.654694676399231 0.011824548244476318 1.0 0.6307116746902466 
nomask 0.00390625 0.49205324053764343 0.6120495796203613 0.5304420590400696 0.6710723638534546 
mask 0.00390625 0.016103893518447876 0.652918815612793 0.53482985496521 1.0 
nomask 0.00390625 0.348470002412796 0.40326419472694397 0.3751024901866913 0.461031049489975 
