nomask 0.99609375 0.14591190218925476 0.13381782174110413 0.6773190498352051 0.7515677213668823 
mask 0.00390625 0.7213846445083618 0.0 0.8315136432647705 0.045453958213329315 
mask 0.00390625 0.0 0.839573860168457 0.2899346351623535 0.9846276044845581 
mask 0.00390625 0.7502530813217163 0.8326370716094971 1.0 0.9976711273193359 
nomask 0.00390625 0.28032660484313965 0.012649402022361755 0.36914318799972534 0.041056957095861435 
nomask 0.00390625 0.8916447758674622 0.004733230918645859 0.9664217829704285 0.04480937868356705 
mask 0.00390625 0.00560663640499115 0.0011134073138237 0.1706407517194748 0.24536257982254028 
mask 0.00390625 0.6218030452728271 0.391154944896698 1.0 0.9813322424888611 
nomask 0.00390625 0.013171166181564331 0.29548323154449463 0.859481692314148 0.6795511841773987 
nomask 0.00390625 0.942204475402832 0.5293639302253723 1.0 0.8257787823677063 
