nomask 0.99609375 0.22270070016384125 0.1410447359085083 0.6321401000022888 0.6710482239723206 
nomask 0.00390625 0.004243761301040649 0.8326370716094971 0.3136873245239258 0.9976711273193359 
mask 0.00390625 0.0 0.2647162973880768 0.12897814810276031 0.8583968877792358 
nomask 0.00390625 0.9827125668525696 0.28289249539375305 0.9952580332756042 0.41654232144355774 
mask 0.00390625 0.5002438426017761 0.02822139859199524 0.9878446459770203 0.43000999093055725 
nomask 0.00390625 0.9749312996864319 0.3325890004634857 0.9926298260688782 0.4451122581958771 
mask 0.00390625 0.007709383964538574 0.48980480432510376 0.16243116557598114 0.8653379082679749 
nomask 0.00390625 0.0 0.17885848879814148 0.26974165439605713 0.8301799297332764 
mask 0.00390625 0.19920775294303894 0.474850058555603 0.8098306655883789 0.934278130531311 
mask 0.00390625 0.46401190757751465 0.45917463302612305 0.9298491477966309 0.9560602903366089 
