nomask 0.97265625 0.2783481478691101 0.14463824033737183 0.5082418322563171 0.5629792213439941 
mask 0.00390625 0.11650674045085907 0.5670895576477051 0.5129709839820862 0.9899784326553345 
mask 0.00390625 0.0 0.3813801109790802 0.39793646335601807 1.0 
mask 0.00390625 0.31693851947784424 0.024038225412368774 0.9914268255233765 0.6429253816604614 
nomask 0.00390625 0.4089227020740509 0.39743390679359436 0.974251389503479 0.9750533103942871 
mask 0.00390625 0.46249693632125854 0.2736942172050476 0.8035474419593811 0.6147447824478149 
mask 0.00390625 0.8308430910110474 0.0 0.9994651079177856 0.2526510953903198 
mask 0.00390625 0.9457038640975952 0.0066117942333221436 1.0 0.1586710512638092 
nomask 0.00390625 0.18427270650863647 0.15189099311828613 0.9227284789085388 0.9395655393600464 
nomask 0.00390625 0.18629688024520874 0.7431012392044067 0.9745555520057678 1.0 
