nomask 0.98828125 0.5013864636421204 0.3017445206642151 0.6594720482826233 0.5622731447219849 
nomask 0.00390625 0.0018435930833220482 0.10360488295555115 0.014389009214937687 0.17075768113136292 
nomask 0.00390625 0.36522239446640015 0.01902497559785843 0.44162511825561523 0.04509076476097107 
nomask 0.00390625 0.004013099707663059 0.49195051193237305 0.03303825855255127 0.5930010080337524 
nomask 0.00390625 0.10152299702167511 0.004303187131881714 0.16867579519748688 0.04107566922903061 
nomask 0.00390625 0.3700646460056305 0.06360546499490738 0.4076366126537323 0.09959549456834793 
nomask 0.00390625 0.00024738162755966187 0.5227562189102173 0.03472209721803665 0.6238067150115967 
mask 0.02734375 0.47819364070892334 0.0 0.5651203393936157 0.03443881869316101 
nomask 0.01171875 0.5643715858459473 0.35348013043403625 0.5988463163375854 0.3971567451953888 
nomask 0.01171875 0.897705078125 0.5974483489990234 0.9395427703857422 0.644036054611206 
