nomask 0.99609375 0.2546137571334839 0.1259770691394806 0.7773252725601196 0.7914588451385498 
mask 0.00390625 0.0 0.8424927592277527 0.31995338201522827 0.9939222931861877 
mask 0.00390625 0.0071797966957092285 0.7387022972106934 0.21181543171405792 1.0 
nomask 0.01171875 0.0 0.10090252757072449 0.40531694889068604 0.9416992664337158 
nomask 0.00390625 0.0 0.12321752309799194 0.12885043025016785 0.9607563614845276 
nomask 0.00390625 0.7419224977493286 0.14926469326019287 1.0 0.9721708297729492 
nomask 0.00390625 0.0 0.6698580980300903 0.5854696035385132 1.0 
nomask 0.00390625 0.09786655008792877 0.07778745889663696 0.36244672536849976 0.6843751668930054 
mask 0.00390625 0.008330047130584717 0.5119386315345764 0.9903668761253357 0.9940419793128967 
nomask 0.00390625 0.09202447533607483 0.21681427955627441 0.5918595790863037 0.4930238723754883 
