nomask 0.99609375 0.2240830957889557 0.17796200513839722 0.8429702520370483 0.8524503111839294 
nomask 0.00390625 0.16487781703472137 0.8487340211868286 0.4743213653564453 0.9937878847122192 
nomask 0.00390625 0.08053438365459442 0.8014261722564697 0.3833935260772705 0.9812870025634766 
nomask 0.01171875 0.0 0.10090252757072449 0.40531694889068604 0.9416992664337158 
nomask 0.00390625 0.0 0.12321752309799194 0.12885043025016785 0.9607563614845276 
nomask 0.00390625 0.7419224977493286 0.14926469326019287 1.0 0.9721708297729492 
nomask 0.00390625 0.0 0.6698580980300903 0.5854696035385132 1.0 
nomask 0.00390625 0.09786655008792877 0.07778745889663696 0.36244672536849976 0.6843751668930054 
mask 0.00390625 0.008330047130584717 0.5119386315345764 0.9903668761253357 0.9940419793128967 
nomask 0.00390625 0.09202447533607483 0.21681427955627441 0.5918595790863037 0.4930238723754883 
