nomask 0.85546875 0.2944476008415222 0.30371326208114624 0.5115491151809692 0.6521785259246826 
nomask 0.01171875 0.02841268479824066 0.0768108069896698 0.44786161184310913 0.5750124454498291 
mask 0.00390625 0.26479727029800415 0.18427270650863647 0.8732932209968567 0.9227284789085388 
nomask 0.00390625 0.007092133164405823 0.2731233239173889 0.2686523199081421 0.7490882277488708 
nomask 0.00390625 0.0 0.0 0.5868809223175049 0.49405351281166077 
nomask 0.00390625 0.0 0.27372995018959045 0.41022974252700806 0.598054051399231 
nomask 0.00390625 0.09853065013885498 0.3517526388168335 0.40480804443359375 0.7077938318252563 
nomask 0.00390625 0.0 0.0 0.30896759033203125 0.6308391094207764 
nomask 0.00390625 0.6029080152511597 0.005841612815856934 1.0 0.7099766731262207 
nomask 0.00390625 0.14640145003795624 0.25714728236198425 0.5220888257026672 0.6938761472702026 
