nomask 0.99609375 0.21288490295410156 0.03413355350494385 0.793100118637085 0.8526760935783386 
mask 0.00390625 0.0 0.8440194725990295 0.31995338201522827 0.9954490065574646 
mask 0.00390625 0.007830224931240082 0.7387022972106934 0.20811158418655396 1.0 
nomask 0.00390625 0.0028102491050958633 0.13234490156173706 0.023831728845834732 0.1953015923500061 
nomask 0.00390625 0.04545102268457413 0.4005863070487976 0.19365844130516052 0.7236312031745911 
nomask 0.00390625 0.003959641791880131 0.10911016166210175 0.028927963227033615 0.169416144490242 
nomask 0.00390625 0.007828772068023682 0.6076910495758057 0.15925835072994232 0.9832241535186768 
nomask 0.00390625 0.7163960933685303 0.03390058875083923 1.0 0.914069414138794 
nomask 0.00390625 0.777142345905304 0.0 1.0 0.7397794723510742 
nomask 0.00390625 0.3945244252681732 0.012584567070007324 0.9245278835296631 0.6986535787582397 
