nomask 0.99609375 0.2532375454902649 0.25403401255607605 0.8016020655632019 0.8237062692642212 
nomask 0.14453125 0.8999524116516113 0.2253521978855133 1.0 0.5415233373641968 
nomask 0.00390625 0.9495709538459778 0.28725260496139526 0.9971714615821838 0.4883667826652527 
nomask 0.00390625 0.9755832552909851 0.5649464130401611 0.9940597414970398 0.7306667566299438 
mask 0.00390625 0.9841217994689941 0.0005034133791923523 1.0 0.16269755363464355 
nomask 0.00390625 0.9551203846931458 0.21996985375881195 0.9978676438331604 0.3787127733230591 
nomask 0.00390625 0.9715052843093872 0.6130138635635376 0.9981377124786377 0.7525382041931152 
mask 0.00390625 0.24376142024993896 0.006436534225940704 0.5958289504051208 0.15149033069610596 
nomask 0.00390625 0.013171166181564331 0.29548323154449463 0.859481692314148 0.6795511841773987 
nomask 0.00390625 0.942204475402832 0.5293639302253723 1.0 0.8257787823677063 
