nomask 0.99609375 0.27934730052948 0.20998439192771912 0.7364798784255981 0.6975852251052856 
mask 0.00390625 0.007830224931240082 0.6862534284591675 0.20811158418655396 0.995697021484375 
nomask 0.00390625 0.5016959309577942 0.021684110164642334 0.9776608347892761 0.6788671016693115 
nomask 0.00390625 0.027334988117218018 0.0 0.31447431445121765 0.436611533164978 
nomask 0.00390625 0.08188904821872711 0.23689879477024078 0.30016380548477173 0.5599437355995178 
nomask 0.00390625 0.003371715545654297 0.0 0.25711166858673096 0.29901421070098877 
nomask 0.00390625 0.024742305278778076 0.0 0.9876270890235901 0.45181819796562195 
nomask 0.00390625 0.8503708839416504 0.007754027843475342 1.0 0.8612661361694336 
nomask 0.00390625 0.7620054483413696 0.11337146162986755 1.0 1.0 
nomask 0.00390625 0.08604779839515686 0.7910197377204895 0.7752000093460083 1.0 
