nomask 0.99609375 0.19406163692474365 0.24286618828773499 0.7355878949165344 0.7615921497344971 
nomask 0.02734375 0.005159605294466019 0.027895867824554443 0.04438300430774689 0.16445134580135345 
nomask 0.00390625 0.0044301338493824005 0.030745424330234528 0.02637559548020363 0.18948835134506226 
mask 0.00390625 0.34814122319221497 0.005779457278549671 0.5536278486251831 0.03543565049767494 
mask 0.00390625 0.0030004195868968964 0.004938676953315735 0.045570649206638336 0.2769186496734619 
mask 0.00390625 0.1711195558309555 0.011217745020985603 0.626857340335846 0.0617806613445282 
nomask 0.00390625 0.000425657257437706 0.010721933096647263 0.05119882524013519 0.08878569304943085 
mask 0.00390625 0.24376142024993896 0.006436534225940704 0.5958289504051208 0.15149033069610596 
nomask 0.00390625 0.013171166181564331 0.29548323154449463 0.859481692314148 0.6795511841773987 
nomask 0.00390625 0.942204475402832 0.5293639302253723 1.0 0.8257787823677063 
