nomask 0.98828125 0.38922643661499023 0.25177258253097534 0.7452676296234131 0.702847421169281 
nomask 0.00390625 0.0 0.0022801458835601807 0.19665133953094482 0.5438064336776733 
nomask 0.00390625 0.0 0.07304853200912476 0.13639704883098602 0.7781943082809448 
nomask 0.00390625 0.94133061170578 0.23183134198188782 1.0 0.5838989019393921 
nomask 0.00390625 0.7643992900848389 0.3277599811553955 0.9708532094955444 0.7371994256973267 
nomask 0.00390625 0.0 0.0 0.3384407162666321 0.6184980273246765 
nomask 0.00390625 0.7431432604789734 0.5215763449668884 0.8264099955558777 0.6270684599876404 
nomask 0.00390625 0.9717885851860046 0.24607110023498535 0.9978544116020203 0.47001874446868896 
nomask 0.00390625 0.49901917576789856 0.24072396755218506 0.556786060333252 0.32048487663269043 
nomask 0.00390625 0.14640145003795624 0.25714728236198425 0.5220888257026672 0.6938761472702026 
