nomask 0.99609375 0.24348199367523193 0.2867007553577423 0.6124797463417053 0.7141368389129639 
nomask 0.00390625 0.0 0.012402035295963287 0.30481070280075073 0.19617325067520142 
nomask 0.00390625 0.8433638215065002 0.05886009335517883 0.9979029297828674 0.7793363332748413 
nomask 0.00390625 0.02409707009792328 0.3651643395423889 0.23055104911327362 0.7746037840843201 
mask 0.00390625 0.3342651128768921 0.4583395719528198 0.5902597308158875 0.867779016494751 
nomask 0.00390625 0.0 0.008031100034713745 0.3273874521255493 0.5856504440307617 
nomask 0.00390625 0.39958956837654114 0.08108691871166229 0.5646237134933472 0.3711945414543152 
nomask 0.00390625 0.5964354872703552 0.2849128842353821 0.6554582715034485 0.35206568241119385 
nomask 0.00390625 0.4564474821090698 0.09412668645381927 0.4965236186981201 0.14276210963726044 
nomask 0.00390625 0.880302369594574 0.0 0.9996872544288635 0.600696325302124 
