nomask 0.99609375 0.2062656283378601 0.15628722310066223 0.7386510372161865 0.788629412651062 
nomask 0.00390625 0.7528731822967529 0.011715352535247803 0.9973582029342651 0.8051432967185974 
nomask 0.00390625 0.007353499531745911 0.6989748477935791 0.18721438944339752 0.9890824556350708 
nomask 0.00390625 0.8720212578773499 0.23802664875984192 0.9993632435798645 0.9741666316986084 
nomask 0.00390625 0.41111329197883606 0.26616740226745605 0.4448544681072235 0.31586021184921265 
nomask 0.00390625 0.9011840224266052 0.36190974712371826 0.9881107211112976 0.5044674277305603 
nomask 0.00390625 0.9030964970588684 0.22617027163505554 0.9974403977394104 0.5162779092788696 
nomask 0.00390625 0.9732698202133179 0.11856785416603088 0.9942913055419922 0.2611255347728729 
nomask 0.00390625 0.9558165669441223 0.22533032298088074 1.0 0.3983348309993744 
nomask 0.00390625 0.14640145003795624 0.25714728236198425 0.5220888257026672 0.6938761472702026 
