nomask 0.99609375 0.16203582286834717 0.28848424553871155 0.7859342098236084 0.8961256742477417 
nomask 0.00390625 0.004515458829700947 0.15965193510055542 0.013799016363918781 0.3253723084926605 
nomask 0.00390625 0.07064490765333176 0.26013070344924927 0.10296543687582016 0.3010781407356262 
nomask 0.00390625 0.9792909622192383 0.34601208567619324 0.9945157766342163 0.4191979467868805 
mask 0.00390625 0.34808698296546936 0.0017283037304878235 0.7156294584274292 0.13482466340065002 
nomask 0.00390625 0.007048280909657478 0.2888258099555969 0.019593697041273117 0.3668895959854126 
nomask 0.00390625 0.000425657257437706 0.010721933096647263 0.05119882524013519 0.08878569304943085 
mask 0.00390625 0.24376142024993896 0.006436534225940704 0.5958289504051208 0.15149033069610596 
nomask 0.00390625 0.013171166181564331 0.29548323154449463 0.859481692314148 0.6795511841773987 
nomask 0.00390625 0.942204475402832 0.5293639302253723 1.0 0.8257787823677063 
