nomask 0.99609375 0.33783435821533203 0.12852199375629425 0.724638819694519 0.620975911617279 
nomask 0.00390625 0.36964401602745056 0.09441602230072021 0.9753623008728027 0.8138595819473267 
nomask 0.00390625 0.5992425680160522 0.11712953448295593 1.0 0.8522144556045532 
nomask 0.00390625 0.3049919307231903 0.0010265037417411804 0.5950995683670044 0.16606062650680542 
nomask 0.29296875 0.41752541065216064 0.3567228317260742 0.45509737730026245 0.40432339906692505 
nomask 0.29296875 0.2826933264732361 0.34268423914909363 0.33346647024154663 0.4017070233821869 
nomask 0.00390625 0.2962363660335541 0.37775248289108276 0.3428240716457367 0.44490528106689453 
mask 0.00390625 0.6536639928817749 0.4803328514099121 0.7139699459075928 0.5567355155944824 
nomask 0.00390625 0.35147929191589355 0.38332992792129517 0.39707571268081665 0.4476553201675415 
nomask 0.00390625 0.4512874484062195 0.5442415475845337 0.48502862453460693 0.6085669994354248 
