nomask 0.99609375 0.20783710479736328 0.28600916266441345 0.8317354917526245 0.8680665493011475 
nomask 0.00390625 0.9825761914253235 0.4721151292324066 0.9953944087028503 0.5753625631332397 
mask 0.00390625 0.3216888904571533 0.8562331795692444 0.7053864002227783 1.0 
nomask 0.00390625 0.004206079989671707 0.48573899269104004 0.014108395203948021 0.584639310836792 
nomask 0.00390625 0.28032660484313965 0.012649402022361755 0.36914318799972534 0.041056957095861435 
nomask 0.00390625 0.8916447758674622 0.004733230918645859 0.9664217829704285 0.04480937868356705 
mask 0.00390625 0.00560663640499115 0.0011134073138237 0.1706407517194748 0.24536257982254028 
mask 0.00390625 0.6218030452728271 0.391154944896698 1.0 0.9813322424888611 
nomask 0.00390625 0.013171166181564331 0.29548323154449463 0.859481692314148 0.6795511841773987 
nomask 0.00390625 0.942204475402832 0.5293639302253723 1.0 0.8257787823677063 
