nomask 0.99609375 0.23101255297660828 0.16403019428253174 0.7749724388122559 0.7442454099655151 
nomask 0.01171875 0.025119811296463013 0.01943984627723694 0.5929890871047974 0.7085920572280884 
mask 0.00390625 0.0 0.2655940651893616 0.28761935234069824 0.9908631443977356 
mask 0.00390625 0.0 0.1588732898235321 0.5103015899658203 0.9636725187301636 
nomask 0.00390625 0.0 0.0 0.29857176542282104 0.7676142454147339 
nomask 0.00390625 0.4874124228954315 0.2898249924182892 0.5517378449440002 0.38254544138908386 
nomask 0.00390625 0.3971431255340576 0.534684956073761 0.573176920413971 0.8008776307106018 
nomask 0.00390625 0.8503708839416504 0.007754027843475342 1.0 0.8612661361694336 
nomask 0.00390625 0.7620054483413696 0.11337146162986755 1.0 1.0 
nomask 0.00390625 0.08604779839515686 0.7910197377204895 0.7752000093460083 1.0 
