nomask 0.99609375 0.31205838918685913 0.20474860072135925 0.7778956294059753 0.7462748289108276 
mask 0.01171875 0.4335249066352844 0.0018564090132713318 0.8427961468696594 0.14691022038459778 
mask 0.00390625 0.8717306852340698 0.8746712803840637 0.984254002571106 0.9896408915519714 
mask 0.00390625 0.8487340211868286 0.8525874018669128 0.9937878847122192 1.0 
nomask 0.00390625 0.8359195590019226 0.7606335282325745 0.9974420666694641 0.994598925113678 
mask 0.00390625 0.0 0.2712385058403015 0.12098227441310883 0.8910139203071594 
mask 0.00390625 0.12940376996994019 0.2192012369632721 0.5568398237228394 0.5726628303527832 
nomask 0.00390625 0.0 0.6084796786308289 0.5125448703765869 1.0 
nomask 0.00390625 0.8589760065078735 0.007754027843475342 1.0 0.8612661361694336 
nomask 0.00390625 0.8993597030639648 0.6482844352722168 1.0 1.0 
