nomask 0.99609375 0.2794114947319031 0.14407438039779663 0.6716119647026062 0.6099116206169128 
nomask 0.00390625 0.00864371657371521 0.0 0.6461062431335449 0.28225019574165344 
nomask 0.00390625 0.0027823299169540405 0.6989753246307373 0.16430479288101196 0.9768682718276978 
nomask 0.00390625 0.8647050857543945 0.007081061601638794 1.0 0.879149317741394 
nomask 0.00390625 0.05081528425216675 0.8259947299957275 0.8009946942329407 1.0 
nomask 0.00390625 0.7934744358062744 0.8649747371673584 1.0 1.0 
mask 0.00390625 0.4482544958591461 0.14850768446922302 0.9669804573059082 0.8345767259597778 
mask 0.00390625 0.3525896668434143 0.26448380947113037 0.5824833512306213 0.6401711702346802 
mask 0.00390625 0.0 0.19860118627548218 0.2428000271320343 1.0 
mask 0.00390625 0.21288582682609558 0.04317381978034973 0.7686718702316284 0.6360034942626953 
