nomask 0.99609375 0.18192791938781738 0.2376980185508728 0.6682407259941101 0.7453863620758057 
mask 0.00390625 0.48973992466926575 0.002507532015442848 0.578556478023529 0.053280703723430634 
mask 0.00390625 0.07768771797418594 0.025904688984155655 0.1508735716342926 0.1248050183057785 
mask 0.00390625 0.44265836477279663 0.0072114672511816025 0.5207220911979675 0.05690427124500275 
mask 0.00390625 0.5258803367614746 0.0014172755181789398 0.6186007261276245 0.046043459326028824 
nomask 0.00390625 0.9510325193405151 0.005256308242678642 1.0 0.06302317976951599 
mask 0.00390625 0.17460772395133972 0.5763336420059204 0.8069499731063843 1.0 
mask 0.00390625 0.570418655872345 0.5623217225074768 0.7541899085044861 0.8587365746498108 
nomask 0.00390625 0.49901917576789856 0.24072396755218506 0.556786060333252 0.32048487663269043 
nomask 0.00390625 0.14640145003795624 0.25714728236198425 0.5220888257026672 0.6938761472702026 
