nomask 0.99609375 0.4386736750602722 0.1914922595024109 0.7427319884300232 0.583692729473114 
nomask 0.00390625 0.7643992900848389 0.2660239338874817 0.9708532094955444 0.7027528285980225 
nomask 0.00390625 0.8485725522041321 0.09566453099250793 1.0 0.6404052972793579 
nomask 0.00390625 0.49275851249694824 0.4303690493106842 0.6650465726852417 0.6694210171699524 
mask 0.00390625 0.8515088558197021 0.9432182312011719 0.9940664768218994 1.0 
mask 0.00390625 0.7984856367111206 0.7351382970809937 0.9903343915939331 0.9956668615341187 
nomask 0.00390625 0.007861332036554813 0.76496422290802 0.037517525255680084 0.9203293323516846 
mask 0.00390625 0.00355399027466774 0.7585450410842896 0.08471150696277618 1.0 
nomask 0.00390625 0.008792109787464142 0.8625893592834473 0.06781487911939621 0.9933953285217285 
nomask 0.00390625 0.41250401735305786 0.4511098265647888 0.4434637427330017 0.49769753217697144 
