nomask 0.99609375 0.2161487638950348 0.14157676696777344 0.7348747253417969 0.7987597584724426 
mask 0.00390625 0.0 0.6916664242744446 0.1815360188484192 1.0 
nomask 0.00390625 0.01241426169872284 0.11628187447786331 0.04337397217750549 0.22177401185035706 
nomask 0.00390625 0.004303187131881714 0.08120658993721008 0.04107566922903061 0.1889922022819519 
nomask 0.00390625 0.027205321937799454 0.13476227223873138 0.09435813128948212 0.2095392495393753 
mask 0.00390625 0.0 0.2712385058403015 0.12098227441310883 0.8910139203071594 
mask 0.00390625 0.12940376996994019 0.2192012369632721 0.5568398237228394 0.5726628303527832 
nomask 0.00390625 0.0 0.6084796786308289 0.5125448703765869 1.0 
nomask 0.00390625 0.8589760065078735 0.007754027843475342 1.0 0.8612661361694336 
nomask 0.00390625 0.8993597030639648 0.6482844352722168 1.0 1.0 
