nomask 0.99609375 0.24791434407234192 0.1567656695842743 0.7779178619384766 0.7728838920593262 
mask 0.00390625 0.0 0.8424927592277527 0.31689995527267456 0.9939222931861877 
mask 0.00390625 0.007830224931240082 0.7386692762374878 0.20811158418655396 1.0 
nomask 0.00390625 0.983988344669342 0.25696954131126404 1.0 0.4299740493297577 
nomask 0.00390625 0.10250067710876465 0.004561275243759155 0.609980583190918 0.05622345954179764 
nomask 0.00390625 0.00014768028631806374 0.4266388416290283 0.009839292615652084 0.6458213329315186 
nomask 0.00390625 0.49657440185546875 0.09097593277692795 0.5384120941162109 0.14174909889698029 
nomask 0.00390625 0.5964354872703552 0.2849128842353821 0.6554582715034485 0.35206568241119385 
nomask 0.00390625 0.4564474821090698 0.09412668645381927 0.4965236186981201 0.14276210963726044 
nomask 0.00390625 0.880302369594574 0.0 0.9996872544288635 0.600696325302124 
