nomask 0.98828125 0.12225061655044556 0.23120629787445068 0.654636025428772 0.7869923114776611 
mask 0.02734375 0.9531270265579224 0.16025573015213013 0.9956972599029541 0.5277981758117676 
nomask 0.00390625 0.27768778800964355 0.3319047689437866 0.9818228483200073 0.9642469882965088 
nomask 0.00390625 0.7856512069702148 0.3866983950138092 0.8725779056549072 0.4755149781703949 
mask 0.00390625 0.9720764756202698 0.19069671630859375 0.9954846501350403 0.4566912055015564 
nomask 0.00390625 0.9775302410125732 0.123551145195961 1.0 0.40727436542510986 
nomask 0.00390625 0.7835742235183716 0.8588680028915405 1.0 1.0 
nomask 0.00390625 0.31297340989112854 0.31297340989112854 1.0 1.0 
nomask 0.00390625 0.05814719200134277 0.7388753890991211 0.6779226064682007 1.0 
nomask 0.00390625 0.8126472234725952 0.04476097226142883 1.0 0.7798458337783813 
