nomask 0.98828125 0.3099084198474884 0.15170781314373016 0.6896800994873047 0.5077489614486694 
nomask 0.00390625 0.7234547138214111 0.018793165683746338 0.99070143699646 0.7350178956985474 
nomask 0.00390625 0.2908068299293518 0.07045583426952362 0.9170733094215393 0.45452380180358887 
mask 0.00390625 0.004086760804057121 0.0017971191555261612 0.035046473145484924 0.029008610174059868 
nomask 0.00390625 0.15609101951122284 0.3630353510379791 0.5121321678161621 0.7115006446838379 
nomask 0.00390625 0.5030525326728821 0.18791967630386353 1.0 0.7936379909515381 
nomask 0.00390625 0.0 0.0 0.45376402139663696 0.6036455631256104 
nomask 0.00390625 0.9401461482048035 0.0 0.9920231699943542 0.055122025310993195 
nomask 0.00390625 0.7938015460968018 0.34934529662132263 0.9553240537643433 0.6655163764953613 
nomask 0.00390625 0.41250401735305786 0.4511098265647888 0.4434637427330017 0.49769753217697144 
