nomask 0.99609375 0.18306344747543335 0.13984307646751404 0.8209542632102966 0.8501566648483276 
nomask 0.00390625 0.0032383957877755165 0.247775137424469 0.021321706473827362 0.3488256335258484 
mask 0.00390625 0.44824767112731934 0.8634512424468994 0.8402870893478394 0.9882309436798096 
nomask 0.00390625 0.43159669637680054 6.466731429100037e-05 1.0 0.1246970146894455 
nomask 0.00390625 0.0043886154890060425 0.2255759835243225 0.14618831872940063 0.8453513979911804 
nomask 0.00390625 0.0 0.7450136542320251 0.698047935962677 1.0 
nomask 0.00390625 0.0037342309951782227 0.0 0.42050525546073914 0.787773847579956 
nomask 0.00390625 0.0 0.17885848879814148 0.26974165439605713 0.8301799297332764 
mask 0.00390625 0.19920775294303894 0.474850058555603 0.8098306655883789 0.934278130531311 
mask 0.00390625 0.46401190757751465 0.45917463302612305 0.9298491477966309 0.9560602903366089 
