nomask 0.99609375 0.45934879779815674 0.3202594816684723 0.6471153497695923 0.5981525182723999 
nomask 0.00390625 0.4350680112838745 0.4591708779335022 0.6591825485229492 0.6314589381217957 
nomask 0.00390625 0.5124650001525879 0.31289932131767273 0.6299341917037964 0.45855632424354553 
nomask 0.00390625 0.096681609749794 0.08871006965637207 0.36973851919174194 0.4894373416900635 
nomask 0.00390625 0.10250067710876465 0.004561275243759155 0.609980583190918 0.05622345954179764 
nomask 0.00390625 0.00014768028631806374 0.4266388416290283 0.009839292615652084 0.6458213329315186 
nomask 0.00390625 0.49657440185546875 0.09097593277692795 0.5384120941162109 0.14174909889698029 
nomask 0.00390625 0.5964354872703552 0.2849128842353821 0.6554582715034485 0.35206568241119385 
nomask 0.00390625 0.4564474821090698 0.09412668645381927 0.4965236186981201 0.14276210963726044 
nomask 0.00390625 0.880302369594574 0.0 0.9996872544288635 0.600696325302124 
