nomask 0.99609375 0.1530396044254303 0.30716168880462646 0.5217068195343018 0.7357298135757446 
nomask 0.01171875 0.4995470643043518 0.00825970433652401 0.5625037550926208 0.041282907128334045 
nomask 0.02734375 0.5508674383163452 0.03269052505493164 0.9783034324645996 0.41790732741355896 
nomask 0.01171875 0.6563392877578735 0.4273156225681305 0.7983065843582153 0.6663675904273987 
nomask 0.01171875 0.8555446267127991 0.015462011098861694 0.9943271279335022 0.7206077575683594 
nomask 0.01171875 0.400440514087677 0.7317333817481995 0.4534453749656677 0.8003461956977844 
nomask 0.01171875 0.6429028511047363 0.08866629004478455 0.9885334968566895 0.7335690259933472 
nomask 0.00390625 0.6961582899093628 0.09499046206474304 1.0 0.3653227984905243 
nomask 0.00390625 0.2002793550491333 0.0 0.9579359292984009 0.4993211328983307 
nomask 0.00390625 0.24614322185516357 0.7163238525390625 0.9120720624923706 1.0 
