nomask 0.99609375 0.3456183671951294 0.34039220213890076 0.6327576637268066 0.6741857528686523 
nomask 0.00390625 0.9530110359191895 0.5644904375076294 0.9874857664108276 0.7165496349334717 
nomask 0.00390625 0.014019988477230072 0.06272931396961212 0.16222739219665527 0.40730541944503784 
nomask 0.00390625 0.43159669637680054 6.466731429100037e-05 1.0 0.1246970146894455 
nomask 0.00390625 0.0043886154890060425 0.2255759835243225 0.14618831872940063 0.8453513979911804 
nomask 0.00390625 0.0 0.7450136542320251 0.698047935962677 1.0 
nomask 0.00390625 0.0037342309951782227 0.0 0.42050525546073914 0.787773847579956 
nomask 0.00390625 0.0 0.17885848879814148 0.26974165439605713 0.8301799297332764 
mask 0.00390625 0.19920775294303894 0.474850058555603 0.8098306655883789 0.934278130531311 
mask 0.00390625 0.46401190757751465 0.45917463302612305 0.9298491477966309 0.9560602903366089 
