nomask 0.99609375 0.2715809941291809 0.08132174611091614 0.9757160544395447 0.7414581775665283 
nomask 0.00390625 0.7210969924926758 0.0 1.0 0.6286718845367432 
nomask 0.00390625 0.07698503136634827 0.027966558933258057 0.6199455261230469 0.4753721356391907 
nomask 0.00390625 0.9454020261764526 0.3820174038410187 0.9950947761535645 0.5626262426376343 
nomask 0.00390625 0.9683007001876831 0.1683453470468521 0.999260425567627 0.32708829641342163 
nomask 0.00390625 0.9011840224266052 0.36190974712371826 0.9881107211112976 0.5044674277305603 
nomask 0.00390625 0.9030964970588684 0.22617027163505554 0.9974403977394104 0.5162779092788696 
nomask 0.00390625 0.9732698202133179 0.11856785416603088 0.9942913055419922 0.2611255347728729 
nomask 0.00390625 0.9558165669441223 0.22533032298088074 1.0 0.3983348309993744 
nomask 0.00390625 0.14640145003795624 0.25714728236198425 0.5220888257026672 0.6938761472702026 
