nomask 0.99609375 0.334997296333313 0.30595317482948303 0.8331989049911499 0.7730242013931274 
nomask 0.00390625 0.23913425207138062 0.0 0.9050630927085876 0.6171159744262695 
nomask 0.00390625 0.43502718210220337 0.48671677708625793 0.6073152422904968 0.7646098136901855 
nomask 0.00390625 0.4895240366458893 0.40263622999191284 0.5392168164253235 0.4616590142250061 
mask 0.00390625 0.8845089673995972 0.005027692764997482 0.9922945499420166 0.06533366441726685 
mask 0.00390625 0.9007679224014282 0.024872660636901855 0.9739537239074707 0.10293641686439514 
nomask 0.00390625 0.5546858906745911 0.44009730219841003 0.6022863984107971 0.5087100863456726 
nomask 0.00390625 0.9401461482048035 0.0 0.9920231699943542 0.055122025310993195 
nomask 0.00390625 0.7938015460968018 0.34934529662132263 0.9553240537643433 0.6655163764953613 
nomask 0.00390625 0.41250401735305786 0.4511098265647888 0.4434637427330017 0.49769753217697144 
