nomask 0.99609375 0.1484779417514801 0.4811148941516876 0.4822715222835541 0.814908504486084 
mask 0.00390625 0.6802085638046265 0.82981276512146 1.0 0.9913352727890015 
nomask 0.00390625 0.854308545589447 0.0 1.0 0.9361985921859741 
mask 0.00390625 0.008385807275772095 0.13702577352523804 0.5296628475189209 0.9252844452857971 
nomask 0.00390625 0.0 0.0 0.5868809223175049 0.49405351281166077 
nomask 0.00390625 0.0 0.27372995018959045 0.41022974252700806 0.598054051399231 
nomask 0.00390625 0.09853065013885498 0.3517526388168335 0.40480804443359375 0.7077938318252563 
nomask 0.00390625 0.0 0.0 0.30896759033203125 0.6308391094207764 
nomask 0.00390625 0.6029080152511597 0.005841612815856934 1.0 0.7099766731262207 
nomask 0.00390625 0.14640145003795624 0.25714728236198425 0.5220888257026672 0.6938761472702026 
