nomask 0.99609375 0.26539313793182373 0.19942831993103027 0.7054775357246399 0.6416721343994141 
nomask 0.06640625 0.007952437736093998 0.43879586458206177 0.022853292524814606 0.6399100422859192 
nomask 0.01171875 0.010724510997533798 0.3977407217025757 0.04089997336268425 0.7814382314682007 
nomask 0.00390625 0.01055705826729536 0.3307958245277405 0.020248670130968094 0.6334294676780701 
nomask 0.00390625 0.011225096881389618 0.3580005168914795 0.0556664764881134 0.8877863883972168 
nomask 0.00390625 0.007013838738203049 0.397358238697052 0.029343560338020325 0.7274264693260193 
mask 0.00390625 0.011071649380028248 0.29226920008659363 0.017652202397584915 0.5416427254676819 
mask 0.00390625 0.4500928819179535 0.002890724688768387 0.8506555557250977 0.08232134580612183 
nomask 0.00390625 0.8978496789932251 0.5416309237480164 0.9664624929428101 0.613259494304657 
nomask 0.00390625 0.008134115487337112 0.3724566102027893 0.08929163217544556 0.7817278504371643 
