nomask 0.99609375 0.37739816308021545 0.3741185963153839 0.6971378326416016 0.7079122066497803 
nomask 0.00390625 0.0 0.28236979246139526 0.04292064532637596 0.35877251625061035 
nomask 0.00390625 0.0 0.007709383964538574 0.4369472861289978 0.16243116557598114 
nomask 0.00390625 0.0 0.0 0.645402193069458 0.2691040337085724 
nomask 0.00390625 0.0 0.0 0.5868809223175049 0.49405351281166077 
nomask 0.00390625 0.0 0.27372995018959045 0.41022974252700806 0.598054051399231 
nomask 0.00390625 0.09853065013885498 0.3517526388168335 0.40480804443359375 0.7077938318252563 
nomask 0.00390625 0.0 0.0 0.30896759033203125 0.6308391094207764 
nomask 0.00390625 0.6029080152511597 0.005841612815856934 1.0 0.7099766731262207 
nomask 0.00390625 0.14640145003795624 0.25714728236198425 0.5220888257026672 0.6938761472702026 
