nomask 0.99609375 0.27690523862838745 0.34382617473602295 0.6535876393318176 0.6678597927093506 
mask 0.00390625 0.0 0.8502607345581055 0.2274968922138214 0.9953145980834961 
mask 0.00390625 0.009613201022148132 0.7702769637107849 0.1819012612104416 0.9849554896354675 
nomask 0.01171875 0.0 0.10090252757072449 0.40531694889068604 0.9416992664337158 
nomask 0.00390625 0.0 0.12321752309799194 0.12885043025016785 0.9607563614845276 
nomask 0.00390625 0.7419224977493286 0.14926469326019287 1.0 0.9721708297729492 
nomask 0.00390625 0.0 0.6698580980300903 0.5854696035385132 1.0 
nomask 0.00390625 0.09786655008792877 0.07778745889663696 0.36244672536849976 0.6843751668930054 
mask 0.00390625 0.008330047130584717 0.5119386315345764 0.9903668761253357 0.9940419793128967 
nomask 0.00390625 0.09202447533607483 0.21681427955627441 0.5918595790863037 0.4930238723754883 
