nomask 0.14453125 0.2241274118423462 0.38440442085266113 0.29128021001815796 0.4694814682006836 
mask 0.14453125 0.705047607421875 0.38093680143356323 0.8082950115203857 0.5145866274833679 
nomask 0.14453125 0.4710785448551178 0.6082366704940796 0.5027113556861877 0.6623939275741577 
nomask 0.01171875 0.4145858883857727 0.6003429889678955 0.44554561376571655 0.6619601249694824 
nomask 0.01171875 0.01787295937538147 0.09951621294021606 0.25787147879600525 0.5653534531593323 
nomask 0.01171875 0.49953705072402954 0.6382785439491272 0.5396131873130798 0.696045458316803 
nomask 0.00390625 0.04149875044822693 0.023103073239326477 0.48890432715415955 0.48023563623428345 
nomask 0.00390625 0.49205324053764343 0.6120495796203613 0.5304420590400696 0.6710723638534546 
mask 0.00390625 0.016103893518447876 0.652918815612793 0.53482985496521 1.0 
nomask 0.00390625 0.348470002412796 0.40326419472694397 0.3751024901866913 0.461031049489975 
