nomask 0.98828125 0.7188727259635925 0.3445177972316742 0.7986336350440979 0.43526533246040344 
mask 0.85546875 0.3519444465637207 0.30808162689208984 0.46446770429611206 0.44463711977005005 
mask 0.00390625 0.9359419941902161 0.0 1.0 0.06844612956047058 
nomask 0.00390625 0.4895240366458893 0.40263622999191284 0.5392168164253235 0.4616590142250061 
mask 0.00390625 0.8845089673995972 0.005027692764997482 0.9922945499420166 0.06533366441726685 
mask 0.00390625 0.9007679224014282 0.024872660636901855 0.9739537239074707 0.10293641686439514 
nomask 0.00390625 0.5546858906745911 0.44009730219841003 0.6022863984107971 0.5087100863456726 
nomask 0.00390625 0.9401461482048035 0.0 0.9920231699943542 0.055122025310993195 
nomask 0.00390625 0.7938015460968018 0.34934529662132263 0.9553240537643433 0.6655163764953613 
nomask 0.00390625 0.41250401735305786 0.4511098265647888 0.4434637427330017 0.49769753217697144 
