nomask 0.98828125 0.7288287878036499 0.4002182185649872 0.7865957021713257 0.47032269835472107 
nomask 0.85546875 0.296615332365036 0.30009204149246216 0.35077258944511414 0.37019652128219604 
mask 0.14453125 0.09086284041404724 0.2961147725582123 0.16892659664154053 0.3929106891155243 
mask 0.01171875 0.023654073476791382 0.00732479989528656 0.5651803016662598 0.24732331931591034 
nomask 0.00390625 0.7394133806228638 0.36959660053253174 0.794748067855835 0.44766032695770264 
mask 0.00390625 0.031099528074264526 0.014831647276878357 0.5083249807357788 0.44339972734451294 
nomask 0.00390625 0.000425657257437706 0.010721933096647263 0.05119882524013519 0.08878569304943085 
mask 0.00390625 0.24376142024993896 0.006436534225940704 0.5958289504051208 0.15149033069610596 
nomask 0.00390625 0.4564474821090698 0.09412668645381927 0.4965236186981201 0.14276210963726044 
nomask 0.00390625 0.880302369594574 0.0 0.9996872544288635 0.600696325302124 
