nomask 0.85546875 0.5320172905921936 0.4015672206878662 0.5695891976356506 0.44815492630004883 
mask 0.85546875 0.3261279761791229 0.5294111371040344 0.3932807743549347 0.610906183719635 
mask 0.70703125 0.6735437512397766 0.38216838240623474 0.7232365012168884 0.43632563948631287 
mask 0.70703125 0.7535526752471924 0.5869901180267334 0.8368194103240967 0.7044593095779419 
nomask 0.29296875 0.41752541065216064 0.3567228317260742 0.45509737730026245 0.40432339906692505 
nomask 0.29296875 0.2826933264732361 0.34268423914909363 0.33346647024154663 0.4017070233821869 
nomask 0.00390625 0.2962363660335541 0.37775248289108276 0.3428240716457367 0.44490528106689453 
mask 0.00390625 0.6536639928817749 0.4803328514099121 0.7139699459075928 0.5567355155944824 
nomask 0.00390625 0.35147929191589355 0.38332992792129517 0.39707571268081665 0.4476553201675415 
nomask 0.00390625 0.4512874484062195 0.5442415475845337 0.48502862453460693 0.6085669994354248 
