mask 0.93359375 0.26756858825683594 0.43745604157447815 0.34234559535980225 0.5342519283294678 
nomask 0.29296875 0.4619729816913605 0.3662950396537781 0.49099811911582947 0.40724247694015503 
nomask 0.06640625 0.4641284942626953 0.3896104693412781 0.49508821964263916 0.4372110366821289 
nomask 0.01171875 0.7550755143165588 0.47838568687438965 0.7978227734565735 0.544109582901001 
mask 0.00390625 0.03189149871468544 0.7664250731468201 0.11881820857524872 0.8813946843147278 
nomask 0.00390625 0.6336920261383057 0.3932567834854126 0.6681667566299438 0.44189220666885376 
mask 0.00390625 0.0 0.8393199443817139 0.25312113761901855 0.9940416812896729 
mask 0.00390625 0.009961843490600586 0.2647136151790619 0.24996036291122437 0.6921496391296387 
nomask 0.00390625 0.4141526222229004 0.36036917567253113 0.45014262199401855 0.4090045988559723 
mask 0.00390625 0.2782060503959656 0.3951888680458069 0.35460877418518066 0.4899251461029053 
