nomask 0.85546875 0.20449216663837433 0.4381369948387146 0.23681269586086273 0.4773603677749634 
nomask 0.5 0.31707900762557983 0.4672832489013672 0.344882071018219 0.506506621837616 
nomask 0.14453125 0.32630854845046997 0.4876510500907898 0.35022562742233276 0.5285984873771667 
nomask 0.14453125 0.3531944155693054 0.4928557872772217 0.37870556116104126 0.5338032245635986 
nomask 0.06640625 0.35858988761901855 0.4720227122306824 0.38580137491226196 0.5080127716064453 
mask 0.02734375 0.0 0.024937421083450317 0.9728327393531799 0.4073520004749298 
nomask 0.01171875 0.16152581572532654 0.497800350189209 0.1952669620513916 0.5496773719787598 
nomask 0.01171875 0.1795807182788849 0.4401940107345581 0.21260392665863037 0.48779457807540894 
nomask 0.00390625 0.5155547261238098 0.45112690329551697 0.5485779643058777 0.49976232647895813 
nomask 0.00390625 0.41250401735305786 0.4511098265647888 0.4434637427330017 0.49769753217697144 
