mask 0.99609375 0.6015819907188416 0.363932341337204 0.7596675753593445 0.6081814765930176 
nomask 0.97265625 0.0 0.3416616916656494 0.15647950768470764 0.7337011098861694 
mask 0.29296875 0.21845629811286926 0.43487900495529175 0.34872058033943176 0.6117765307426453 
nomask 0.06640625 0.35042086243629456 0.46621227264404297 0.40229788422584534 0.5159050822257996 
nomask 0.01171875 0.39273327589035034 0.4734988510608673 0.44033384323120117 0.5231916308403015 
nomask 0.01171875 0.3517964780330658 0.4709906578063965 0.41341355443000793 0.5410951375961304 
nomask 0.00390625 0.0 0.34928345680236816 0.18636342883110046 0.5330547094345093 
mask 0.00390625 0.4500928819179535 0.002890724688768387 0.8506555557250977 0.08232134580612183 
nomask 0.00390625 0.8978496789932251 0.5416309237480164 0.9664624929428101 0.613259494304657 
nomask 0.00390625 0.008134115487337112 0.3724566102027893 0.08929163217544556 0.7817278504371643 
