mask 0.99609375 0.5322329998016357 0.292431116104126 0.8295550346374512 0.6380617618560791 
mask 0.70703125 0.2692222595214844 0.45906519889831543 0.47933274507522583 0.646831750869751 
nomask 0.00390625 0.3914080858230591 0.839439332485199 0.7511298656463623 0.990868866443634 
nomask 0.00390625 0.0071065546944737434 0.49881789088249207 0.02369917556643486 0.6914644241333008 
nomask 0.00390625 0.027519017457962036 0.20425409078598022 0.3575872480869293 0.41788434982299805 
nomask 0.00390625 0.9047155380249023 0.4055212438106537 0.9533510208129883 0.4608559310436249 
mask 0.00390625 0.007709383964538574 0.48980480432510376 0.16243116557598114 0.8653379082679749 
nomask 0.00390625 0.0 0.17885848879814148 0.26974165439605713 0.8301799297332764 
mask 0.00390625 0.19920775294303894 0.474850058555603 0.8098306655883789 0.934278130531311 
mask 0.00390625 0.46401190757751465 0.45917463302612305 0.9298491477966309 0.9560602903366089 
