nomask 0.85546875 0.2564561665058136 0.25853902101516724 0.3597036302089691 0.39509451389312744 
mask 0.70703125 0.6104022264480591 0.27202969789505005 0.7325267791748047 0.43434470891952515 
nomask 0.02734375 0.00551266223192215 0.3582410216331482 0.023211190477013588 0.4298695921897888 
nomask 0.02734375 0.004293728619813919 0.3853906989097595 0.02443012408912182 0.46016770601272583 
nomask 0.00390625 0.44640472531318665 0.28253841400146484 0.5107301473617554 0.3752588629722595 
nomask 0.00390625 0.4532087743282318 0.37316620349884033 0.5018442273139954 0.461982786655426 
nomask 0.00390625 0.42735031247138977 0.21884894371032715 0.5521299839019775 0.46309810876846313 
mask 0.00390625 0.570418655872345 0.5623217225074768 0.7541899085044861 0.8587365746498108 
nomask 0.00390625 0.49901917576789856 0.24072396755218506 0.556786060333252 0.32048487663269043 
nomask 0.00390625 0.14640145003795624 0.25714728236198425 0.5220888257026672 0.6938761472702026 
