nomask 0.70703125 0.6708407998085022 0.3060847818851471 0.7929653525352478 0.4907577335834503 
nomask 0.29296875 0.23977461457252502 0.25256451964378357 0.35474422574043274 0.4218877851963043 
nomask 0.06640625 0.0 0.32811111211776733 0.012870676815509796 0.3871338963508606 
nomask 0.01171875 0.23949304223060608 0.23932981491088867 0.3362889587879181 0.35935282707214355 
nomask 0.00390625 0.0012102341279387474 0.32016709446907043 0.017104241997003555 0.370940238237381 
nomask 0.00390625 0.2532152235507965 0.3542534112930298 0.3329761326313019 0.48505938053131104 
nomask 0.00390625 0.01260683499276638 0.25916433334350586 0.0306901466101408 0.320781409740448 
nomask 0.00390625 0.6752828359603882 0.2873663604259491 0.7785302400588989 0.397495299577713 
nomask 0.00390625 0.0 0.09521171450614929 0.1466113030910492 0.8473560810089111 
nomask 0.00390625 0.0 0.3316922187805176 0.454779714345932 0.6620790958404541 
