nomask 0.06640625 0.0980452299118042 0.4635043740272522 0.15966230630874634 0.5485814213752747 
mask 0.01171875 0.7422692775726318 0.10339722037315369 0.9771610498428345 0.7465964555740356 
mask 0.00390625 0.8641497492790222 0.2429385483264923 1.0 0.9040225744247437 
nomask 0.00390625 0.126083105802536 0.4544767141342163 0.19323590397834778 0.5555272102355957 
mask 0.00390625 0.0 0.06445637345314026 0.10639618337154388 0.6977062225341797 
mask 0.00390625 0.00025239400565624237 0.4176877737045288 0.030553335323929787 0.5665114521980286 
nomask 0.00390625 0.7195496559143066 0.38166847825050354 0.8083661794662476 0.5096911191940308 
nomask 0.00390625 0.09786655008792877 0.07778745889663696 0.36244672536849976 0.6843751668930054 
mask 0.00390625 0.008330047130584717 0.5119386315345764 0.9903668761253357 0.9940419793128967 
nomask 0.00390625 0.09202447533607483 0.21681427955627441 0.5918595790863037 0.4930238723754883 
