mask 0.5 0.3359060287475586 0.26783591508865356 0.9576312303543091 0.9168886542320251 
mask 0.14453125 0.19292819499969482 0.4191027283668518 0.825270414352417 0.9869720339775085 
mask 0.02734375 0.5843986868858337 0.2532578408718109 0.9851259589195251 0.7832612991333008 
mask 0.01171875 0.804930567741394 0.0013514235615730286 1.0 0.22069722414016724 
nomask 0.00390625 0.6388529539108276 0.6063870787620544 1.0 1.0 
nomask 0.00390625 0.3148316442966461 0.5690628886222839 0.895291805267334 1.0 
nomask 0.00390625 0.001920074224472046 0.5785927176475525 0.44646918773651123 1.0 
nomask 0.00390625 0.0 0.7932421565055847 0.7035548686981201 1.0 
mask 0.00390625 0.5164763927459717 0.3269275426864624 1.0 0.6793349981307983 
mask 0.00390625 0.5606287717819214 0.3848237991333008 1.0 0.8798447847366333 
