mask 0.99609375 0.2628698945045471 0.45556676387786865 0.631537139415741 0.8750157356262207 
nomask 0.01171875 0.031230658292770386 0.011203855276107788 0.782296895980835 0.6435461044311523 
nomask 0.00390625 0.0 0.0 0.4039962887763977 0.784538984298706 
nomask 0.00390625 0.07818880677223206 0.0 0.9809067249298096 0.27039092779159546 
mask 0.00390625 0.394609272480011 0.27296555042266846 0.9748244881629944 0.9621177911758423 
mask 0.00390625 0.05096633732318878 0.42521190643310547 0.47041529417037964 0.9234135150909424 
nomask 0.00390625 0.9043561220169067 0.6734095811843872 1.0 1.0 
nomask 0.00390625 0.09817779064178467 0.6974769234657288 0.6620296835899353 1.0 
nomask 0.00390625 0.0 0.35655608773231506 0.287121444940567 1.0 
nomask 0.00390625 0.8822349309921265 0.0 1.0 1.0 
