nomask 0.99609375 0.23304656147956848 0.15252342820167542 0.4810941517353058 0.6856729984283447 
nomask 0.97265625 0.6153810024261475 0.2409159243106842 0.868821382522583 0.699547290802002 
nomask 0.00390625 0.6468566656112671 0.011203855276107788 1.0 0.6435461044311523 
mask 0.00390625 0.24949783086776733 0.6091179847717285 0.49905717372894287 0.781406044960022 
nomask 0.00390625 0.8729674220085144 0.0 0.9898119568824768 0.6539666652679443 
nomask 0.00390625 0.8268902897834778 0.1977013498544693 1.0 0.6736662983894348 
nomask 0.00390625 0.32873955368995667 0.20637407898902893 0.88707435131073 0.8695378303527832 
nomask 0.00390625 0.562496542930603 0.3041354715824127 0.9000663757324219 0.8665485382080078 
nomask 0.00390625 0.1081458181142807 0.24407663941383362 0.46055322885513306 0.9266073703765869 
nomask 0.00390625 0.3951219320297241 0.09435190260410309 0.46084582805633545 0.1758468896150589 
