nomask 0.02734375 0.4323563575744629 0.29584455490112305 0.73211669921875 0.7187334299087524 
mask 0.01171875 0.4717296063899994 0.2071405053138733 0.8900705575942993 0.7973178029060364 
nomask 0.01171875 0.4564179480075836 0.0028640180826187134 0.9979442358016968 0.3414435386657715 
nomask 0.01171875 0.6667221188545227 0.013686880469322205 0.9841451048851013 0.48965179920196533 
nomask 0.01171875 0.37608835101127625 0.012639641761779785 0.968917965888977 0.605469286441803 
nomask 0.00390625 0.6952968835830688 0.6596336960792542 1.0 1.0 
nomask 0.00390625 0.6423977017402649 0.0 1.0 0.5008396506309509 
nomask 0.00390625 0.8407506346702576 0.0 1.0 0.5163757801055908 
nomask 0.00390625 0.7090924978256226 0.1990523636341095 1.0 0.9731810092926025 
nomask 0.00390625 0.86347496509552 0.158221036195755 0.9993044137954712 0.9779385328292847 
