nomask 0.70703125 0.21932101249694824 0.1991652250289917 0.8410462141036987 0.876746654510498 
nomask 0.01171875 0.0 0.1752079725265503 0.5876169204711914 0.9628825187683105 
mask 0.01171875 0.011532366275787354 0.005693189799785614 0.7636767029762268 0.12767356634140015 
nomask 0.01171875 0.024710677564144135 0.14074188470840454 0.2291046679019928 0.8018258810043335 
nomask 0.00390625 0.2089325487613678 0.7578825950622559 0.9322113990783691 1.0 
nomask 0.00390625 0.5933133363723755 0.8003794550895691 1.0 1.0 
nomask 0.00390625 0.0 0.7654409408569336 0.6188176870346069 1.0 
nomask 0.00390625 0.5812385082244873 0.40120232105255127 1.0 0.8554162979125977 
nomask 0.00390625 0.015747882425785065 0.4290241599082947 0.23376494646072388 0.9397261738777161 
nomask 0.00390625 0.16804346442222595 0.0 0.938957691192627 0.6554206013679504 
