nomask 0.93359375 0.529526948928833 0.4021017253398895 0.5679157972335815 0.44970229268074036 
mask 0.93359375 0.3256930708885193 0.5314930081367493 0.3957975506782532 0.6129880547523499 
mask 0.70703125 0.7507777810096741 0.5857132077217102 0.839594304561615 0.7057362198829651 
mask 0.70703125 0.6730035543441772 0.38262060284614563 0.7237766981124878 0.4379552900791168 
nomask 0.5 0.2842744290828705 0.34331220388412476 0.3339672386646271 0.40107905864715576 
nomask 0.5 0.4129532277584076 0.35827022790908813 0.45134201645851135 0.40485793352127075 
nomask 0.01171875 0.42059722542762756 0.3763566017150879 0.46243491768836975 0.43797367811203003 
nomask 0.00390625 0.351461797952652 0.3517964780330658 0.40333881974220276 0.41341355443000793 
nomask 0.00390625 0.46089285612106323 0.39407092332839966 0.5045694708824158 0.44940561056137085 
nomask 0.00390625 0.4409935772418976 0.3525027334690094 0.48283126950263977 0.4043797552585602 
