mask 0.93359375 0.2654867172241211 0.43848586082458496 0.3402637243270874 0.5332221388816833 
nomask 0.14453125 0.4634169638156891 0.3675784766674042 0.49371787905693054 0.41220465302467346 
nomask 0.02734375 0.6361407041549683 0.3989737331867218 0.6698818206787109 0.4486665427684784 
nomask 0.01171875 0.463695228099823 0.385291188955307 0.49968522787094116 0.43944844603538513 
mask 0.00390625 0.030850563198328018 0.7664250731468201 0.1177772730588913 0.8813946843147278 
nomask 0.00390625 0.6468379497528076 0.39685818552970886 0.6791584491729736 0.44245460629463196 
nomask 0.00390625 0.7561164498329163 0.4780440032482147 0.7988637089729309 0.5423694252967834 
mask 0.00390625 0.005780666135251522 0.6699967384338379 0.029188811779022217 0.7754888534545898 
mask 0.00390625 0.00774034857749939 0.710429310798645 0.18377411365509033 0.96541428565979 
mask 0.00390625 0.009740166366100311 0.3233092129230499 0.23963385820388794 0.7416502237319946 
