mask 0.99609375 0.6031087040901184 0.3660207986831665 0.7611942887306213 0.59998619556427 
nomask 0.97265625 0.0 0.3649846613407135 0.15819796919822693 0.7170522212982178 
nomask 0.06640625 0.3525027334690094 0.46359023451805115 0.4043797552585602 0.5143634080886841 
mask 0.02734375 0.21551358699798584 0.44286784529685974 0.34860992431640625 0.616001307964325 
nomask 0.02734375 0.01968451961874962 0.35193949937820435 0.09911514818668365 0.7356370091438293 
nomask 0.00390625 0.023649729788303375 0.3660544157028198 0.12914186716079712 0.49407708644866943 
nomask 0.00390625 0.3904958665370941 0.47515445947647095 0.44465312361717224 0.5452589392662048 
mask 0.00390625 0.39733314514160156 0.0 0.8245936632156372 0.08254030346870422 
nomask 0.00390625 0.0018566474318504333 0.2994527518749237 0.14080315828323364 0.5773457288742065 
nomask 0.00390625 0.3542494773864746 0.4714255630970001 0.41720616817474365 0.5385783910751343 
