nomask 0.85546875 0.313020259141922 0.406582772731781 0.33853140473365784 0.4410575032234192 
nomask 0.5 0.13419267535209656 0.3538037836551666 0.16515237092971802 0.3947512209415436 
nomask 0.29296875 0.2640099823474884 0.3902498781681061 0.2930351197719574 0.43032601475715637 
nomask 0.06640625 0.5803130865097046 0.3607667088508606 0.6099692583084106 0.40444332361221313 
nomask 0.06640625 0.4446750581264496 0.38701117038726807 0.47914978861808777 0.43564659357070923 
nomask 0.02734375 0.22679798305034637 0.39477628469467163 0.26863566040992737 0.4403727054595947 
nomask 0.01171875 0.43397456407546997 0.38803502917289734 0.463630735874176 0.43462273478507996 
nomask 0.01171875 0.575147807598114 0.3863805830478668 0.6088889241218567 0.4466865360736847 
nomask 0.00390625 0.3192659020423889 0.43142616748809814 0.34477704763412476 0.4674161672592163 
nomask 0.00390625 0.2508808374404907 0.3734026849269867 0.2811817526817322 0.4126260578632355 
