nomask 0.14453125 0.7119115591049194 0.0022801458835601807 0.996970534324646 0.5438064336776733 
nomask 0.02734375 0.0 0.350826233625412 0.0646449476480484 0.634760856628418 
nomask 0.02734375 0.5408774614334106 0.028503060340881348 0.9776064157485962 0.42209479212760925 
nomask 0.02734375 0.0004365164786577225 0.43639618158340454 0.04702422022819519 0.5985903143882751 
nomask 0.01171875 0.0 0.4893896281719208 0.0404854491353035 0.6259450912475586 
nomask 0.01171875 0.8555446267127991 0.0012735724449157715 0.9943271279335022 0.7217497825622559 
nomask 0.01171875 0.5817053318023682 0.0 1.0 0.2787713408470154 
nomask 0.00390625 0.5331727862358093 0.07113757729530334 0.982824981212616 0.861565351486206 
nomask 0.00390625 0.6516081690788269 0.4170549511909485 0.803037703037262 0.7071625590324402 
mask 0.00390625 0.1354500651359558 0.0 0.8705349564552307 0.5503064393997192 
