nomask 0.29296875 0.5501785278320312 0.40302276611328125 0.5818113088607788 0.4466993808746338 
nomask 0.29296875 0.20309069752693176 0.35285577178001404 0.2340504229068756 0.40819045901298523 
nomask 0.14453125 0.41770872473716736 0.3591494858264923 0.4486684501171112 0.40189674496650696 
nomask 0.14453125 0.5068235993385315 0.4005262851715088 0.5468997359275818 0.4471139907836914 
nomask 0.06640625 0.1736864298582077 0.34937992691993713 0.2060069590806961 0.4012569487094879 
nomask 0.02734375 0.714446485042572 0.34318357706069946 0.7310391068458557 0.3741433024406433 
nomask 0.02734375 0.20169998705387115 0.30717507004737854 0.23544113337993622 0.35686787962913513 
nomask 0.01171875 0.3667266070842743 0.3538037836551666 0.39223775267601013 0.3947512209415436 
nomask 0.01171875 0.7045251131057739 0.32557350397109985 0.7222236394882202 0.3572062849998474 
nomask 0.01171875 0.4998997151851654 0.43280038237571716 0.5454961061477661 0.49310633540153503 
