mask 0.85546875 0.6104022264480591 0.27026525139808655 0.7325267791748047 0.43610915541648865 
nomask 0.70703125 0.2531461715698242 0.259991854429245 0.36093175411224365 0.3936416804790497 
nomask 0.02734375 0.005320270545780659 0.35615915060043335 0.023403581231832504 0.427787721157074 
nomask 0.02734375 0.004507961682975292 0.3853906989097595 0.02421589195728302 0.46016770601272583 
nomask 0.00390625 0.49457836151123047 0.3803567886352539 0.5487356185913086 0.4672834873199463 
nomask 0.00390625 0.4576485753059387 0.3776940405368805 0.4994862675666809 0.45745494961738586 
nomask 0.00390625 0.2514795660972595 0.21207472681999207 0.29515618085861206 0.2750314176082611 
nomask 0.00390625 0.4571937918663025 0.34006649255752563 0.49994105100631714 0.4251435399055481 
nomask 0.00390625 0.25113335251808167 0.2257976233959198 0.33089426159858704 0.3458206355571747 
nomask 0.00390625 0.4563036561012268 0.2546255588531494 0.5070767998695374 0.3232383131980896 
