mask 0.99609375 146 97 346 377 
mask 4.7845953e+30 2448941768289012349321905283530752 0 0 484 
mask -1.9125735e-28 30475455499460142408398798848 44305066766172917827383590912 428 0 
nomask 2.272885e+31 0 8896957919321053971280834854912 428 484 
nomask 1.19616825e+30 38922171741510874817078755328 0 0 484 
nomask -1.2003081e-29 132140522180085422822329822562222080 2730866956646893697482368380567552 428 0 
nomask 2.273009e+31 0 2306195274708167591129073078763520 428 484 
nomask 1.1961876e+30 9592840024996734311227630643314688 0 0 484 
nomask -1.2052768e-29 1975136726880733791159050043392 177248923621986971686750120644182016 428 0 
nomask 3.5862082e+32 0 2289553367772087149120704217088 428 484 
nomask 4.8044033e+30 156233815854473117270926684061696 0 0 484 
nomask -1.21517596e-29 516190213503858727330259258048512 2798003161131425088958246158336 428 0 
nomask 5.6568035e+33 0 145337843680170963966852249681920 428 484 
nomask 1.2501504e+33 38793526710519789266070652583936 0 0 484 
nomask -4.7467058e-32 7900545896936507830532124442624 44166533404949637194748830679040 428 0 
nomask 3.61186e+32 0 549056928077644938434777710592 428 484 
nomask 1.929684e+31 2431920194298607218170893000769536 0 0 484 
nomask -7.59473e-31 2039362892939971229763758217756672 43702292354781911731369761791016960 428 0 
nomask 5.6976865e+33 0 150041073173778804873021146703855616 428 484 
nomask 7.7503045e+31 156745038962924406108669232277356544 0 0 484 
nomask -3.013192e-30 32658228213754478067393971093504 2798004018240941729798852444160 428 0 
nomask 3.5863077e+32 0 8798005424700928708235493376 428 484 
nomask 3.1127484e+32 9831098961372453202471180828672 0 0 484 
nomask -7.53298e-31 2064794615686799287069999051571200 2769439243661121320358578959155200 428 0 
nomask 9.029153e+31 0 2334917211174584642811823415885824 428 484 
nomask 7.7503035e+31 39061550400431631012619710627840 0 0 484 
nomask -1.8755113e-31 509848872603942829656206248771584 697134244624274957767266160082944 428 0 
nomask 9.029649e+31 0 2315781297252296882497371338964992 428 484 
nomask 7.7503035e+31 9728746662911066698934326944333824 0 0 484 
nomask -7.53274e-31 8292823714555146008452491378688000 2769739995390821769346145662795776 428 0 
nomask 3.5766263e+29 0 2344541851645095703894478490173440 428 484 
nomask 1.2450794e+33 39058449921272569981315368091648 0 0 484 
nomask -1.9204621e-28 30990864446408614921631694848 173519602173701404240922995501039616 428 0 
nomask 1.4007458e+30 0 2163038209814465634742829056 428 484 
nomask 4.7647892e+30 2448941768289012349321905283530752 0 0 484 
nomask -1.8366925e-31 509857151327955550636794636664832 11154751757928186996173474199764992 428 0 
nomask 5.704687e+27 0 8934262182516985490601748201472 428 484 
nomask 3.3165504e+38 155174058333930645027286975250432 0 0 484 
nomask -1.20516135e-29 127464287831988887659198659166208 692378607898386608151367658766336 428 0 
nomask 5.5881746e+27 0 36036047385103688217320306507776 428 484 
nomask 3.087395e+32 616540637268993394767081412493312 0 0 484 
nomask -3.0006257e-30 2064795391817175479661929212936192 171123100048389661559731553797406720 428 0 
nomask 2.2508038e+28 0 144141867345031000618465262305280 428 484 
nomask 7.718611e+31 9727150938857614729925915177910272 0 0 484 
nomask -2.963504e-30 123448042917281139512527814656 706721217988561376041410326691840 428 0 
nomask 9.003221e+28 0 36333864371819158966651087486976 428 484 
nomask 7.290723e+28 2465897112487315712628210463145984 0 0 484 
nomask -4.801232e-29 1975136600557430374396040577024 175477224438326461375020697387008 428 0 
nomask 5.7219825e+30 0 35886247497848646368424378761216 428 484 
nomask 1.20111986e+30 39060511517584331553629859217408 0 0 484 
nomask -4.7419143e-29 7966646333975576909917534027776 175463108415993731157462240722944 428 0 
nomask 3.5860094e+32 0 137849343187880583453829234688 428 484 
nomask 4.8044804e+30 151323716543194071970363420383903744 0 0 484 
nomask -1.2052768e-29 2047873033159860301512655891333120 11078958811323093690423541535604736 428 0 
nomask 3.5861092e+32 0 9377866654850682366590347257053184 428 484 
nomask 4.82421e+30 616474148766766229391730922225664 0 0 484 
nomask -1.2102264e-29 7966646333975576909917534027776 175486622929879600405882156875776 428 0 
nomask 1.4243421e+33 0 145340156733053205382035079692288 428 484 
nomask 3.1126993e+32 155169951310689959228323204694016 0 0 484 
nomask -1.8986825e-31 31998519415163629594964962312192 2797929735416166190279641006080 428 0 
nomask 9.092784e+31 0 35736463609971248481886435016704 428 484 
nomask 4.80448e+30 155165747271152249355368163966976 0 0 484 
nomask -3.013192e-30 1958611238651056271023669248000 176684967172910870183250776555520 428 0 
nomask 3.5863077e+32 0 583729302793646160702955853971456 428 484 
nomask 1.929684e+31 2466228520157949949382389365997568 0 0 484 
nomask -1.9204929e-28 8258915095839542462085028116430848 43698688014986279891363125809643520 428 0 
nomask 3.6113624e+32 0 2315818891218509438620817176920064 428 484 
nomask 1.929684e+31 154118537191691557347932730556416 0 0 484 
nomask -1.20032726e-29 7999631369670548399897354174464 11117116129336245994747445903360 428 0 
nomask 5.6826785e+30 0 36184667889663832269541984960512 428 484 
nomask 1.1912358e+30 616474342799360277539713462566912 0 0 484 
nomask -3.000722e-30 31866067915651512578383361867776 2788387480312394646796062125195264 428 0 
nomask 2.2572877e+31 0 145337843680170963966852249681920 428 484 
nomask 4.7648663e+30 620762721837949745484498391269376 0 0 484 
nomask -7.6178777e-28 2064761630145811101912967193559040 11078060066854572504343964771418112 428 0 
nomask 8.754659e+28 0 9339669429818435264727814221332480 428 484 
nomask 7.655354e+31 9660394412940537512828875852218368 0 0 484 
nomask -7.5633136e-31 2039395231705645921094181607964672 11118583500828735113865407234048 428 0 
nomask 3.3537952e+29 0 597719670293051404972882472529297408 428 484 
nomask 1.8663023e+31 9831876102335073128505417924608 0 0 484 
nomask -1.2297936e-29 33306401564427187256767308835586048 2769213972423894330358164210319360 428 0 
nomask 5.510954e+27 0 145335530627288722551669419671552 428 484 
nomask -1.2155825e-32 620696362690785278874469594562560 0 0 484 
nomask -1.2542206e-26 516198718599231171150160609673216 11000764531841170340617239704633344 428 0 
nomask 2.1112317e+28 0 36036049670729065926228589936640 428 484 
nomask 7.5602826e+31 154574837692781702815268053165539328 0 0 484 
nomask 8.188972e+37 33306937611807010940260406951673856 43703495361700713527320028605579264 428 0 
nomask 8.795987e+25 0 37511468959883116240283471259369472 428 484 
nomask 1.1664962e+30 39062585240933221135193259114496 0 0 484 
nomask -1.1902741e-29 132140522180085422822329822562222080 2750265443212572657180420765384704 428 0 
nomask 5.54964e+27 0 143542722651019898236680353611776 428 484 
nomask 2.8667233e+29 609584371117831485879598630991560704 0 0 484 
nomask -7.650048e-28 33171303136944596754790553902645248 689439314434416384717436619463852032 428 0 
nomask 3.5761416e+29 0 37510867456423715342308337852088320 428 484 
nomask 4.7846727e+30 9728745628070565108811753395847168 0 0 484 
nomask -7.618494e-28 8259046003162993612590581999992832 697190708713605878637499986739200 428 0 
nomask 9.091537e+31 0 2325368490036619560826710714744832 428 484 
nomask 4.8242097e+30 9567474354178796810963779584000 0 0 484 
nomask -1.2052768e-29 32628746610365911390704817833771008 42676826781269546625041833132032 428 0 
nomask 3.5862082e+32 0 2258262236387037666884978988810240 428 484 
