mask 0.99609375 58 78 247 346 
mask 3.112748e+32 7348411015387925149000673525760 0 0 428 
mask -1.2052191e-29 1399954951686183915471503360 39521849958763471841525760 320 0 
nomask 2.2571634e+31 0 7735228105634631081199602237440 320 428 
nomask 4.8044804e+30 29359414169063179335761920 0 0 428 
nomask -1.200308e-29 369190361500914280126060953600 39044932317220549005198390984704 320 0 
nomask 2.2413797e+31 0 116526200313382154956439552 320 428 
nomask 1.9138385e+31 113634892517472060390603048878080 0 0 428 
nomask -3.0377956e-30 21592072464983913607987200 156242013731571651523189013479424 320 0 
nomask 8.965768e+31 0 31865540389536444176055830315008 320 428 
nomask 1.9217613e+31 116027296268198430795887835873280 0 0 428 
nomask -1.2151375e-29 5906949447738377941254615859200 618566940870953178164935786496 320 0 
nomask 8.965521e+31 0 497923354241588812939442257920 320 428 
nomask 7.75018e+31 7434117125058391021977600 0 0 428 
nomask -1.8832151e-31 1452026823734341807589755453440 155644015887872746449092476928 320 0 
nomask 2.257412e+31 0 458020078994205538986754048 320 428 
nomask 4.7846733e+30 460753738924904143031403869634560 0 0 428 
nomask -1.2052576e-29 1399979393622081580627394560 156233767346324605233931048976384 320 0 
nomask 2.2730714e+31 0 8225003372602434145349844208713728 320 428 
nomask 7.6870443e+31 116810244986013649234594543697920 0 0 428 
nomask -4.8010012e-29 23726056259257239787765644656640 156719500912337212520936767488 320 0 
nomask 5.7040804e+27 0 126934457579866163574374439845888 320 428 
nomask 1.9217607e+31 115228837032117556664869647810560 0 0 428 
nomask -4.7615588e-29 1495258483280409233841769676800 612202262498670854025461922529280 320 0 
nomask 5.5636785e+30 0 489660862773356886397770792960 320 428 
nomask 7.6552307e+31 1824965894196687669479352565760 0 0 428 
nomask -2.9758298e-30 343956053090260559929016320 155680523322560190958828257280 320 0 
nomask 9.003463e+28 0 7867426453246700904710232080384 320 428 
nomask 1.8821778e+31 1830984499655336335941611426938880 0 0 428 
nomask -2.9634077e-30 99200703346682484480881201837506560 154147625911415942199648570048512 320 0 
nomask 1.4304505e+24 0 1966890594280294335427104473088 320 428 
nomask 3.0747173e+32 116399734295576944188420259840 0 0 428 
nomask -1.8887233e-28 1531095169277567640242976184074240 616474084089234880009070075445248 320 0 
nomask 3.5165965e+26 0 2047839659553684020059658952638464 320 428 
nomask 4.7252513e+30 116021106568002003894513340252160 0 0 428 
nomask -2.913912e-30 95298836558438468333124295065600 620696298013253929491808747782144 320 0 
nomask 3.5652395e+26 0 31734127772871626618464081281024 320 428 
nomask 4.626293e+30 1837539289404657757253722439680 0 0 428 
nomask -4.7416064e-29 1470547189501519296974636974080 624280883378371301633687552 320 0 
nomask 2.2197351e+28 0 127464255493223212967868235776000 320 428 
nomask 1.9138381e+31 1818655970860971916788291820584960 0 0 428 
nomask -4.9162252e-26 23627420001634882193401367756800 37997702026031310315681442955264 320 0 
nomask 1.4204357e+30 0 115012309894322009881444352 320 428 
nomask 1.19123576e+30 460915299771437442074311602995200 0 0 428 
nomask -1.1953199e-29 1531095169277567640242976184074240 2465963083569292082942274179170304 320 0 
nomask 9.064875e+28 0 127462218150985707414051562192896 320 428 
nomask 4.7449806e+30 467216221143268889332880192307200 0 0 428 
nomask -1.9204313e-28 366101626867296145629364879360 9764349727847035628269151977472 320 0 
nomask 5.642598e+30 0 31998004016085689201886339530752 320 428 
nomask 1.1961876e+30 1854918991159730498185461760 0 0 428 
nomask -1.2002888e-29 95696512706800700600143891660800 2457319723804206120257697349632 320 0 
nomask 1.4206692e+30 0 125876858671932476977040492331008 320 428 
nomask 1.1912358e+30 28410276599046219896140259655680 0 0 428 
nomask -1.2052191e-29 5575644979701257820302213120 2465962566149041287880987404926976 320 0 
nomask 2.241442e+31 0 31866059830960093905550756020224 320 428 
nomask 1.9138385e+31 464059619114189523387388390277120 0 0 428 
nomask -4.8408285e-29 22880972414147853633454080000 2457515777571108936448389152768 320 0 
nomask 3.586109e+32 0 1999939423243491290726705135616 320 428 
nomask 7.750304e+31 29003726194636845211711774392320 0 0 428 
nomask -7.5328603e-31 6250748435751735349389599619153920 9831096940199598534263029366784 320 0 
nomask 1.4207472e+30 0 31734137878735899959504838590464 320 428 
nomask 7.3835688e+28 115216373006917329838078427136000 0 0 428 
nomask -4.8209532e-29 94112003858177296506585874432000 2415164833027236146051926066200576 320 0 
nomask 1.4305342e+30 0 131597967723187740638489233590321152 320 428 
nomask 1.9059152e+31 464109088358728154013217366999040 0 0 428 
nomask -1.2289972e-26 95300377938858476985322045440000 155676559928915490019406249984 320 0 
nomask 3.540492e+26 0 32130463600289224891300545822720 320 428 
nomask 1.1863032e+30 457709035069688307162322871255040 0 0 428 
nomask -7.6499247e-28 1489092489363726338086246809600 2457710062811763917956948426752 320 0 
nomask 2.1978138e+25 0 511968096596136701921511855882240 320 428 
nomask 4.4795572e+27 460977341844500064843557523947520 0 0 428 
nomask -7.649309e-28 1537433712420905494761461629583360 9753623334467099871736529017651593216 320 0 
nomask 5.5878706e+27 0 32130469663807788895925000208384 320 428 
nomask 2.973356e+32 454614184971474856475075060695040 0 0 428 
nomask -2.9962703e-27 97986940276364347682750857509601280 152019945331998138151437246398464 320 0 
nomask 1.3875555e+21 0 2047839788908746718824980646199296 320 428 
nomask 1.8822082e+31 460927727528863080462227582484480 0 0 428 
nomask -2.7906779e-36 384358234677095235349697454407680 2491019244103302821819059273728 320 0 
nomask 1.3696145e+21 0 2064761242080623005617002112876544 320 428 
nomask 7.1051512e+28 7400455271922334934971774402560 0 0 428 
nomask -1.8725766e-28 100011974972027765590233593906462720 156217145220767813890093426409472 320 0 
nomask 3.505197e+23 0 7900549939282217166948427366400 320 428 
nomask 7.8929965e+37 29094518651399346384479555692789760 0 0 428 
nomask -4.7941114e-26 96487301308556119909048569036800 153481234808149286721503189243265024 320 0 
nomask 8.60944e+25 0 2056283958046659420259814603751424 320 428 
nomask 4.7055228e+30 448325643000036263019255462625280 0 0 428 
nomask -7.7443405e-28 99607942291705999603013392237854720 2432385355104071978267703045521408 320 0 
nomask 3.516499e+26 0 131600095355259009930500449278885888 320 428 
nomask 7.2598947e+28 116825791772053893365781265121280 0 0 428 
nomask -1.9044387e-28 99202300289333162621435821707755520 38370300423313308959395208922923008 320 0 
nomask 1.4163485e+27 0 511968322967496424760824819613696 320 428 
nomask 1.1516215e+30 7273033904205930506862593719664640 0 0 428 
nomask -1.2239682e-26 95695013638784378459967256002560 38372428055384578251406424611487744 320 0 
nomask 3.5265254e+29 0 33170760880521763530562014495637504 320 428 
nomask 2.9533793e+29 455802243377446019181841132426362880 0 0 428 
nomask -4.7812797e-29 398425381396221285849835089470423040 155203130884272192533337603047424 320 0 
nomask 3.5515747e+29 0 131055429823738083896609821394206720 320 428 
nomask 1.1813323e+30 1775981731143177413606726696960 0 0 428 
nomask -4.8207995e-29 390318805325363330242474668437012480 2375180269576917475086361952256 320 0 
nomask 5.643063e+30 0 7987769809554654110792861062529024 320 428 
