mask 0.99609375 78 93 254 341 
mask 4.784595e+30 7560155168412179812485678759936 0 0 433 
mask -7.650048e-28 88643596644221526963388416 2530796826564331646746624 327 0 
nomask 1.420553e+30 0 484919953697131324637628596224 327 433 
nomask 1.1912358e+30 7452155419667495833829376 0 0 433 
nomask -4.781357e-29 6086565948481557961805509165056 39624233044574881337458032640 327 0 
nomask 1.4206303e+30 0 122276974096150387438353645568 327 433 
nomask 2.9657585e+29 464520771423867896277512403025920 0 0 433 
nomask -1.2101687e-29 88642153420684939814240256 2494703536548025262092778903437312 327 0 
nomask 2.2572255e+31 0 123845244076740869017560940544 327 433 
nomask 4.7451366e+30 29841370362198354249648294592512 0 0 433 
nomask -1.2003081e-29 96980267313424686819483951562752 157499300899328387492201103360 327 0 
nomask 2.2730712e+31 0 2014928530268378086542499905536 327 433 
nomask 7.750303e+31 1907752352942876943118761984 0 0 433 
nomask -3.0254699e-30 92738413620310556788408713216 2502646228663849383278741028864 327 0 
nomask 2.2731333e+31 0 7144692117314123539152896 327 433 
nomask 1.1961876e+30 118914949436447231890283298816 0 0 433 
nomask -1.20525764e-29 5985663927754918408885572206592 2477349628849808069381639892893696 327 0 
nomask 9.028655e+31 0 33421050779557238940245107257901056 327 433 
nomask 7.718612e+31 1903085661809616327622910803968 0 0 433 
nomask -1.9125428e-28 23086143184549509572251877376 10135778271198273601536 327 0 
nomask 1.4304566e+30 0 32105366805567238856685683474432 327 433 
nomask 4.8044797e+30 7511143365347645320579617128448 0 0 433 
nomask -4.7616355e-29 1527992066536971553464190500864 623659133260849735221349997084672 327 0 
nomask 2.2413178e+31 0 1989834804789458012017673633792 327 433 
nomask 7.718612e+31 7560751234954380584843841896448 0 0 433 
nomask -7.5018046e-31 5467936226867227989639168 2519791492666950733184785973248 327 0 
nomask 2.2573498e+31 0 491193289217579136274004967424 327 433 
nomask 1.1813324e+30 29727719633205992419970988833243136 0 0 433 
nomask -3.0005776e-30 6335771913010145347111233144225792 9774595839529152298431104757530624 327 0 
nomask 1.4164244e+27 0 501654791073822322680771117056 327 433 
nomask 1.2400086e+33 30633856197225086976 0 0 433 
nomask -3.0005778e-30 97385061352560286982384086155264 9840110959695238922600710144 327 0 
nomask 1.397081e+27 0 31837371190124137770177420853248 327 433 
nomask 7.6235375e+31 29639760891688902338930515378176 0 0 433 
nomask -1.8520997e-31 97383498608154309827911389020160 158054691385938070705550579990528 327 0 
nomask 5.6273153e+27 0 7992842505059507963677435232256 327 433 
nomask 7.4967724e+31 7560949666432807525900898795520 0 0 433 
nomask -1.1903318e-29 23184594356949671042567110656 159934246454625912884297728 327 0 
nomask 3.5269145e+29 0 522228848445486768968684651151360 327 433 
nomask 7.686921e+31 29318884151730874547799581263921152 0 0 433 
nomask -4.9566935e-26 1527992163050336547112564555776 2443110314520878039276581629722624 327 0 
nomask 3.5510893e+29 0 6692662931072483328 327 433 
nomask 1.19123576e+30 118890169629985112670244700160 0 0 433 
nomask -1.1953007e-29 24144269814170645241382022676480 9841321907769130144560716535824384 327 0 
nomask 3.6011913e+29 0 128951254576414549123709832003584 327 433 
nomask 4.7252513e+30 29838992272884910753711581560832 0 0 433 
nomask -7.7134024e-28 374103874842976158494880694272 9945161006199847600537691226112 327 0 
nomask 2.2411313e+31 0 32238852394724675219567243427840 327 433 
nomask 1.191236e+30 475784010446535753018541867008 0 0 433 
nomask -3.00077e-30 1571064481901998281483758409351168 158037875076671503761901770244096 327 0 
nomask 5.643063e+30 0 7992712150035706450708367671296 327 433 
nomask 2.9657587e+29 29234154596073515631314334646272 0 0 433 
nomask -1.2101687e-29 1323255993579690000384 159118372021880919872690857181184 327 0 
nomask 8.902138e+31 0 1959522382428083896878891008 327 433 
nomask 1.9138386e+31 29936599731914693204515267861807104 0 0 433 
nomask -4.8408288e-29 1521641680147119477748125401088 2503238193830759783350036070400 327 0 
nomask 9.028655e+31 0 125935045976699977300340375552 327 433 
nomask 7.7503035e+31 472547193468061270673675255808 0 0 433 
nomask -7.5328603e-31 24447466936351651583069024944128 2503106305218442958463685361664 327 0 
nomask 3.6116607e+32 0 32104857654180155300147678412800 327 433 
nomask 2.9781381e+29 470946924665774585713145570918400 0 0 433 
nomask -1.2102264e-29 96575491804855165437071635513344 2494771063517531476434590466310144 327 0 
nomask 9.0286555e+31 0 134230960091417815103343298600763392 327 433 
nomask 1.9296839e+31 477423876366158572059385304973312 0 0 433 
nomask -7.6183707e-28 95104125094693617321149202432 39896245320038148749320519680 327 0 
nomask 3.5761412e+29 0 130557228469649188902622183030784 327 433 
nomask 1.921761e+31 30044582726673620672562377785344 0 0 433 
nomask -1.9125428e-28 24649477902459477071022872592384 156965868077482854425192189394944 327 0 
nomask 5.5493367e+27 0 501638273047521983905033879552 327 433 
nomask 4.725252e+30 29640560794457969696654682488832 0 0 433 
nomask -3.0129034e-30 1577516676766101017098272569819136 156372008556605231087027199645057024 327 0 
nomask 5.5639904e+30 0 128951254576414549123709832003584 327 433 
nomask 7.5284656e+31 7484553948734033592511228721233920 0 0 433 
nomask -4.8598567e-29 25239862021864769954222469103484928 2460734330097120089354966891757568 327 0 
nomask 3.4815848e+23 0 8389701449337479049385173879619584 327 433 
nomask 1.21976584e+33 1871088677021888636176550936444928 0 0 433 
nomask 1.24831275e+36 6361677940877337729569361500307456 9911010787229303131579114716135424 327 0 
nomask 1.3461132e+24 0 8458181124925098895864155701510144 327 433 
nomask 1.8504868e+31 474236322511551067666790794395648 0 0 433 
nomask -2.9383229e-30 98596348865431931129618793234432 2494570053003652512812453721014272 327 0 
nomask 1.402153e+24 0 8092956185731413465199510814720 327 433 
nomask -1.8542963e-34 117262519551353533734603359992676352 0 0 433 
nomask -3.0469046e-27 391153417663374023703083675025408 155282799585399753539875555801825280 327 0 
nomask 8.549467e+25 0 2071729649176395552600087691526144 327 433 
nomask 1.8901011e+31 7381534674942075457801112543821824 0 0 433 
nomask -1.890708e-31 6335973920887825492802439022116864 610861594743442357895585375191040 327 0 
nomask 1.4068272e+27 0 2080306359501004613711805148037120 327 433 
nomask 2.9286683e+29 7484962708314310051698522024050688 0 0 433 
nomask -1.1902934e-29 102612696371143112713068386231255040 2431694406066671321613540947186941952 327 0 
nomask 5.62686e+27 0 8424009861030554973235341648986112 327 433 
nomask 1.1565734e+30 117269009103838851291681316336041984 0 0 433 
nomask -1.2290957e-26 391153368248531146955116158910464 39097302926604509764255434024157184 327 0 
nomask 8.900894e+31 0 541306338592765051624405894258753536 327 433 
nomask 1.19123606e+30 29319684276866734850889602197094400 0 0 433 
nomask -3.00077e-30 101372337957962549106300046182187008 154867902630258654921395011584000 327 0 
nomask 2.2731328e+31 0 133684236619981268921584118489153536 327 433 
nomask 1.1912358e+30 7329717875382774525079974284623872 0 0 433 
nomask -1.2102072e-29 6284158307284753602032521149677568 619471675954144606327384127307776 327 0 
nomask 3.5608552e+32 0 2063187094935199518510100502282240 327 433 
