mask 0.99609375 75 88 273 352 
mask 4.784673e+30 29198683616936998385570765864960 0 0 428 
mask -7.6502945e-28 5648083499004307858543083520 2497186695165193588039483392 320 0 
nomask 1.4304566e+30 0 509856957295361502488812096323584 320 428 
nomask 1.1961875e+30 1825208812728566484029145088000 0 0 428 
nomask -1.19040895e-29 384358307212644412227447936778240 155174058333930645027286975250432 320 0 
nomask 5.682523e+30 0 126404627327743439489550220525568 320 428 
nomask 1.19123576e+30 115216373006917329838078427136000 0 0 428 
nomask -4.8407518e-29 87120917018143004137881600 620646560991646254225617573642240 320 0 
nomask 2.2571636e+31 0 1999874745712141908065858355200 320 428 
nomask 1.1961877e+30 116024201418100217345200588062720 0 0 428 
nomask -1.9047465e-28 382779909484039160084368059269120 2457839670521069516804660920320 320 0 
nomask 2.2728855e+31 0 32130469663807788895925000208384 320 428 
nomask 4.824209e+30 469762617088658780580741120 0 0 428 
nomask -1.1904473e-29 23924128176700175150035972915200 2474007032185560513808204562432 320 0 
nomask 5.7614425e+30 0 489652841243589921946669678592 320 428 
nomask 4.653415e+27 7273034677918455060225265531617280 0 0 428 
nomask -4.742068e-29 5882192158109944854043101757440 616474278121828928157052615786496 320 0 
nomask 5.721828e+30 0 32899487791434928799132014203633664 320 428 
nomask 1.8613359e+28 7374247881817903198138346116218880 0 0 428 
nomask -7.618617e-28 96089534490757416544840869478400 9924324856620649047713120256 320 0 
nomask 3.6009004e+29 0 509857151327955550636794636664832 320 428 
nomask 1.2011198e+30 29005279664315050010201271828480 0 0 428 
nomask -1.180529e-29 24022785590524376000410807173120 2448875279786785183946554793263104 320 0 
nomask 1.4206308e+30 0 121897803337750623860356546560 320 428 
nomask 1.9217611e+31 460877968142127742325396676280320 0 0 428 
nomask -2.9883e-30 367642983675472383478889185280 2465963600989542878003560953413632 320 0 
nomask 2.2731335e+31 0 32261368902567520728646277922816 320 428 
nomask 2.9409997e+29 457733890584539583938154830233600 0 0 428 
nomask -1.2052191e-29 98795048964909254645500882316165120 38533789829312087172942588280832 320 0 
nomask 5.6656976e+27 0 128523972590308591847344915349504 320 428 
nomask 3.1000711e+32 117947171150599876706157199360 0 0 428 
nomask -2.9883002e-30 1531119734650222209507806213570560 38791432775442353002425738067968 320 0 
nomask 1.4164242e+27 0 509848872603942829656206248771584 320 428 
nomask 3.0747181e+32 460915251414404657489144614748160 0 0 428 
nomask -1.8366925e-31 1476713183418202192730159841280 620712920138810720835646370349056 320 0 
nomask 8.9418085e+28 0 127992032233725594153210569818112 320 428 
nomask 2.9038614e+29 29401417454571822661596054814720 0 0 428 
nomask -3.0006257e-30 1482902789167299436711751188480 2457710062811763917956948426752 320 0 
nomask 2.2508048e+28 0 129579453309090586162536130805760 320 428 
nomask 3.0873948e+32 28810310152756700690050533294080 0 0 428 
nomask -4.78128e-29 1531120121506484486189142119546880 2431920453008732615701536387891200 320 0 
nomask 3.6010927e+29 0 30346114253372688295159398400 320 428 
nomask 1.9217608e+31 29002943415168644739321152143360 0 0 428 
nomask -1.20026956e-29 1524781771791277770011324627025920 616490706214791671352907698012160 320 0 
nomask 1.4206696e+30 0 126934449495174744901541833998336 320 428 
nomask 7.3216717e+28 116810269164530041527178037821440 0 0 428 
nomask -7.6819717e-28 5882191402531307594899867566080 39057402953733851849492910833664 320 0 
nomask 5.682213e+30 0 7900545391643294163480086577152 320 428 
nomask 4.80448e+30 7350160179933180065587826524160 0 0 428 
nomask -4.7419143e-29 96089558669273808837424363601920 39053243379998944677117202268160 320 0 
nomask 9.092036e+31 0 30216249949857024147583926272 320 428 
nomask 1.1961876e+30 457758504314226937788151847976960 0 0 428 
nomask -1.2052768e-29 5882192913688582113186335948800 2449007998081114117166612386676736 320 0 
nomask 3.5862082e+32 0 127462201981602870068386350497792 320 428 
nomask 4.8044804e+30 464071950157549592604970393272320 0 0 428 
nomask -7.618863e-28 1470571934701889533915556741120 618566814547649761401926320128 320 0 
nomask 2.272823e+31 0 7966774678451848341135151857664 320 428 
nomask 4.824209e+30 1849822542415920334026162831360 0 0 428 
nomask -1.1904473e-29 1476761446003657120504243814400 155668412075845108805295669248 320 0 
nomask 1.4503028e+30 0 7867431000885623908178572869632 320 428 
nomask 1.1488843e+27 29200237086615203184060263301120 0 0 428 
nomask -7.618863e-28 1452027390418319751947181096960 2448942026999137746852548670652416 320 0 
nomask 5.721827e+30 0 528553578192056614121274427494629376 320 428 
nomask 1.8613359e+28 460964817373008857285307567964160 0 0 428 
nomask -4.83521e-26 382773792319391910060744046018560 38530673180770188795973034049536 320 0 
nomask 2.265855e+28 0 31999044920105843329084342403072 320 428 
nomask 1.1912549e+30 462455635603980083506540707840 0 0 428 
nomask -7.5235856e-28 1495282284007482896853646704640 2474201822719429162368801701888 320 0 
nomask 2.2196135e+28 0 7867429485005982907022459273216 320 428 
nomask 2.9286687e+29 1849870710554045604407342530560 0 0 428 
nomask -4.800847e-29 381195394590786657917664168509440 616424347067627204742878901305344 320 0 
nomask 5.563835e+30 0 127992056487799850171708387360768 320 428 
nomask 1.8821474e+31 1818258282623351488374980476928000 0 0 428 
nomask -3.0977362e-27 98796652097260129212956876682035200 608096338776017994566925761380352 320 0 
nomask 5.5700924e+24 0 32900545398427553904402180756996096 320 428 
nomask 1.8980232e+31 1805730909710176855015005198745600 0 0 428 
nomask -7.0653146e-37 382779909484039160084368059269120 39328543292187591973011523108864 320 0 
nomask 8.765768e+22 0 511968161273668051304172702662656 320 428 
nomask 1.1565925e+30 1837588402016079601563944878080 0 0 428 
nomask -1.1654879e-29 96091124228210209782205608099840 2465630899768281653596165114953728 320 0 
nomask 1.4115977e+24 0 495845778031945020104253636608 320 428 
nomask 2.0064797e+37 7272835833799644846018609859788800 0 0 428 
nomask -3.046954e-27 95695025728042574606259003064320 605261022749012284512808351828017152 320 0 
nomask 8.7032675e+22 0 2064761242080623005617002112876544 320 428 
nomask 1.8901312e+31 454651516600784556223989987409920 0 0 428 
nomask -1.8086618e-34 24699557617702554518201843266355200 608046537076878969918073740460032 320 0 
nomask 5.609497e+24 0 32764915062927146079422621901914112 320 428 
nomask 2.9162884e+29 116822684832697483768802270248960 0 0 428 
nomask -4.8006163e-29 1531095265991633209413310160568320 2448809049994683416101847690117120 320 0 
nomask 2.2197956e+28 0 7900546907522935164636200173568 320 428 
nomask 1.7762883e+28 28889311520787205323210902365798400 0 0 428 
nomask -7.681725e-28 24022400245419373837361369579520 153494000600576902473570483374653440 320 0 
nomask 1.420553e+30 0 33306397425065180896277014641639424 320 428 
nomask 4.784673e+30 7274027351087457024533200266854400 0 0 428 
nomask -1.1854401e-29 400047924646911848068539873608335360 155190664290104599025459386122240 320 0 
nomask 2.2730704e+31 0 32900025908495755662870259416694784 320 428 
nomask 1.1961876e+30 7274027351087457024533200266854400 0 0 428 
nomask -1.2102071e-29 6174988439628781459972452746526720 2432186407017641277202938348961792 320 0 
nomask 8.965521e+31 0 511960011904718029088906008330240 320 428 
