mask 0.99609375 60 82 235 279 
nomask 0.01171875 274 86 285 146 
nomask 0.00390625 278 68 285 114 
nomask 0.00390625 241 120 284 250 
nomask 4.8242097e+30 409161267573397178519031644160 0 0 372 
nomask -4.7815108e-29 21998043503266337617773516659097600 2098988365601588041801462638968832 285 0 
nomask 3.6113628e+32 0 7148951634333557010275230959009792 285 372 
nomask 1.929684e+31 101481551194623374103567127994695680 0 0 372 
nomask -3.037892e-30 314400632897926991676702720 543240044170151828311396130488320 285 0 
nomask 1.4243819e+33 0 450493277519982238398890297524224 285 372 
nomask 1.9296843e+31 103671173561961085572250337280 0 0 372 
nomask -1.8968271e-28 1298724259860146833652396851200 533992749592779963869020815360 285 0 
nomask 1.424223e+33 0 6924393384002717446368305086464 285 372 
nomask 1.9375758e+31 104346813049309367727418245120 0 0 372 
nomask -4.8409823e-29 21043508753442419033568454901760 2150418046788383027989906980864 285 0 
nomask 2.2728855e+31 0 27352191778490911943792403677184 285 372 
nomask 2.9904686e+29 407624757076115111332146724208640 0 0 372 
nomask -1.20034645e-29 20955309563266678542528550010880 2143429061432866864514923877105664 285 0 
nomask 3.5861092e+32 0 465048459311344850336646969100861440 285 372 
nomask 1.2060524e+30 104753607386373746478382527283200 0 0 372 
nomask -1.2052384e-29 21307078075891660470139339407360 34275754672956852485744492544 285 0 
nomask 2.2572258e+31 0 6866829611356030170462500683776 285 372 
nomask 7.7503035e+31 104346802534665245712973824000 0 0 372 
nomask -1.883215e-31 1320732082944746874750243962880 33947078008250423524698057867264 285 0 
nomask 2.2415042e+31 0 6866828732995864356708490936320 285 372 
nomask 3.0873956e+32 410502602722971824305105073602560 0 0 372 
nomask -1.8831549e-31 1309728381695329294490208829440 2143313708149010875828331763204096 285 0 
nomask 8.966265e+31 0 27696217347914853349282170273792 285 372 
nomask 3.0747193e+32 6546063465386469602332319416320 0 0 372 
nomask -1.875361e-31 88711906839204133120211380800061440 133050526638092161440698112933888 285 0 
nomask 5.627315e+27 0 110326224847478103603398949470208 285 372 
nomask 1.9920952e+34 6564911375046301252520509440 0 0 372 
nomask -1.8831248e-31 1309749495100726299494606438400 135286473798281430771475415040 285 0 
nomask 2.2283923e+25 0 6537900623967593617736859648 285 372 
nomask 1.22479675e+33 1647497697136261190798719057920 0 0 372 
nomask -1.14306165e-32 84525475133029439306756448583680 135784700215999867942304149929984 285 0 
nomask 2.235573e+28 0 443139646211789489829284595892224 285 372 
nomask 7.433514e+31 411695357400762040275314105301073920 0 0 372 
nomask -3.0004813e-30 21307075384142765234441567600640 2170452416273369841669242880 285 0 
nomask 8.8526515e+25 0 1731098016615617181434322616320 285 372 
nomask 3.0747183e+32 25836280714863178815576735744000 0 0 372 
nomask -1.20021186e-29 336685222321559628546932830371840 33028755968332806962523131609088 285 0 
nomask 5.665543e+27 0 104153189862299191654666469376 285 372 
nomask 1.9138379e+31 412914223027195995928657920 0 0 372 
nomask -2.975878e-30 19230764271177429606727680 544757712194951879573983199232 285 0 
nomask 1.4207083e+30 0 26263147374739925810232164352 285 372 
nomask 7.259775e+28 1641833315348571950192617586688000 0 0 372 
nomask -4.8012323e-29 1369276813988904308729598066032640 2113956409837762979251152022929408 285 0 
nomask 2.2729474e+31 0 116265784546340169183314146366586880 285 372 
nomask 1.9296839e+31 26261001889276944873412362240 0 0 372 
nomask -4.781434e-29 1326222998339568769858063564800 8484512994796630347123473252352 285 0 
nomask 3.6114614e+32 0 26263162814664715505126866944 285 372 
nomask 1.9375759e+31 6326070865802198876989213900800 0 0 372 
nomask -3.037892e-30 19776761492595768942101790720 537674725612850493958630932480 285 0 
nomask 1.4142407e+33 0 104153162413544009974853664768 285 372 
nomask 1.9296843e+31 104338664200114806532991877120 0 0 372 
nomask -1.19539696e-29 321935354916166832512523304960 136514386891923381848899584 285 0 
nomask 1.4243025e+33 0 6866828732995864356708490936320 285 372 
nomask 1.9375759e+31 25733084984067411681540764073984000 0 0 372 
nomask -3.025566e-30 22178683713798860307486796865863680 8455825639351051917004608091717632 285 0 
nomask 2.2571639e+31 0 110326203766834124073302715531264 285 372 
nomask 4.8044027e+30 103317430146818530403630595440640 0 0 372 
nomask -3.0255658e-30 5238827390816669635632137502720 535799532501238109705178288488448 285 0 
nomask 3.5608552e+32 0 7178308482924400010210357708587008 285 372 
nomask 1.9296221e+31 6546578262362683429531177451520 0 0 372 
nomask -1.2101302e-29 5194724431042680345489970298880 33826023974777017302823993344 285 0 
nomask 5.56399e+30 0 1702372235547864897018793033728 285 372 
nomask 7.7186127e+31 409107264361186512332484771840 0 0 372 
nomask -1.8908886e-31 5260877524829216662854335201280 133515768325888856887356555264 285 0 
nomask 3.477687e+29 0 7148950734892747216991124977614848 285 372 
nomask 1.897993e+31 6433092772298103212680129145733120 0 0 372 
nomask -3.037603e-30 1369276641716975013644940670402560 8515003447990591251473547990663168 285 0 
nomask 5.564145e+30 0 448658643128206387143714747187200 285 372 
nomask 7.8383224e+34 1630676468391634382525704395816960 0 0 372 
nomask -3.0250847e-30 1369254849317919185435780123197440 8397111942169365917134354592563200 285 0 
nomask 5.533053e+24 0 7207781359379706343795156058112000 285 372 
nomask 1.2248166e+33 101914501389617265667756020203520 0 0 372 
nomask 3.2357128e+38 5216860701019874915040865812480 34052644328651363547315437568 285 0 
nomask 5.384009e+24 0 7090118311524168503618881934327808 285 372 
nomask 4.818059e+33 25836275331365388344181192130560 0 0 372 
nomask -1.8442156e-31 88713318090848918453724765801676800 2128577045061155260714906093092864 285 0 
nomask 5.5333505e+24 0 446816728887376271495306409934848 285 372 
nomask -2.8622572e-36 6523061442828602584835682163752960 0 0 372 
nomask -1.9675775e-28 21307437424369174435791875604480 33822385127778218518230331344027648 285 0 
nomask 5.3814917e+24 0 446816532134699129214408226504704 285 372 
nomask 1.8742554e+31 25733793366240673069651974904872960 0 0 372 
nomask -1.7882828e-37 89073198285672653385056014533918720 8397341299575863204581379848273920 285 0 
nomask 1.3781918e+27 0 7148951184613152113633177968312320 285 372 
nomask 1.16649645e+30 411917660500695021095139409920 0 0 372 
nomask -1.20013474e-29 1357986714694656993080189355294720 532100863246216289220612920967168 285 0 
nomask 5.549489e+27 0 441304899389912414413595797880832 285 372 
nomask 1.8504558e+31 102204101011349989977002175501434880 0 0 372 
nomask -4.8010782e-29 1369276900124868956271926763847680 8397342199016672997865485829668864 285 0 
nomask 5.603294e+30 0 29065985622890428134366274117435392 285 372 
nomask 7.7187365e+31 25732379358245019014784071573176320 0 0 372 
nomask -1.20026956e-29 88713307065445443568306692481351680 539555934613238536613296336797696 285 0 
nomask 3.5862067e+32 0 28831132633045303721453472083607552 285 372 
nomask 7.750304e+31 6478077796651070079096535237263360 0 0 372 
nomask -7.625544e-31 343724899372291644215583509053440 33821464100388990195305806395604992 285 0 
nomask 5.616557e+33 0 112162861900432010217716724006912 285 372 
