mask 0.7109375 341 253 424 387 
mask 1.2045146e+33 16757196005196996633525359738880 0 0 960 
mask -7.649309e-28 12707973706060996913827676160 352313039204048428439961600 720 0 
nomask 8.730809e+25 0 71476430422515217118421036564480 720 960 
nomask 4.7055222e+30 4078975406092102307774138941440 0 0 960 
nomask -4.80077e-29 212643230306276096285698078801920 86136920926755109800970813440 720 0 
nomask 5.6268555e+27 0 1119817880089179026230430285168640 720 960 
nomask 1.1763805e+30 64548155009589470307613380339302400 0 0 960 
nomask -1.1952623e-29 193475318774372345441157120 1392364838490658084714401968947200 720 0 
nomask 8.94108e+28 0 1089001629735975921031304970240 720 960 
nomask 4.6856378e+30 264577749621724913330037939240960 0 0 960 
nomask -1.9124195e-28 51049508112602487442196398080 5601024194665308158511022080 720 0 
nomask 2.2197344e+28 0 1098322518640701955012967792640 720 960 
nomask 7.655353e+31 66487034733334079534530560 0 0 960 
nomask -1.21506055e-29 213537974439260177557335740252160 87864138273780889711993159680 720 0 
nomask 3.528809e+23 0 70288039719104016938533713346560 720 960 
nomask 1.7917922e+28 64169184092766765455549399040 0 0 960 
nomask -3.0217109e-27 3359453422660889548058039408394240 21755106716607646887080456355840 720 0 
nomask 3.5648595e+26 0 4555256860252446161217033244508160 720 960 
nomask 2.8543917e+29 64828434003658782415226646036480 0 0 960 
nomask -4.7941906e-26 211751818275082327835723201249280 5540863469370900888944640 720 0 
nomask 8.938924e+22 0 1157828466317690743182455482613760 720 960 
nomask 2.916288e+29 4200981067542451911382794240 0 0 960 
nomask -7.703647e-25 52939702222158562357231484928000 1390868961775818091549163520 720 0 
nomask 2.2127464e+25 0 15982099097603191320084480 720 960 
nomask 2.9038612e+29 65027670474385267742767841280 0 0 960 
nomask -1.8886e-28 3267007226779336783568295690240 348035248446474559994103343349760 720 0 
nomask 3.565049e+26 0 70585136261588861094790692864000 720 960 
nomask 7.1360997e+28 257503031100532730375615167856640 0 0 960 
nomask -1.912358e-28 55117653905454945571547357349150720 1363917266530076753508222023761920 720 0 
nomask 1.3969676e+27 0 1138832784163700821008381797990400 720 960 
nomask 1.9059153e+31 65643656079467542248161280 0 0 960 
nomask -3.0725915e-27 225026957613887914538553678904688640 21750455374516679601330774343680 720 0 
nomask 8.878208e+28 0 16799473808694584479108300800 720 960 
nomask 4.745059e+30 4145405224282641801286778880 0 0 960 
nomask -1.2101302e-29 770514401004088600779816960 5512035883768624416685031424000 720 0 
nomask 5.603449e+30 0 279958967226343722978137478266880 720 960 
nomask 2.9162411e+29 259264720117278854521018122240000 0 0 960 
nomask -4.8010012e-29 53160807576569024071424519700480 5513200419343300071194728857600 720 0 
nomask 3.551576e+29 0 18373142031330811682915714208890880 720 960 
nomask 1.9138692e+31 16253813442875026359893911519887360 0 0 960 
nomask -1.1903897e-29 3416442645189334620912774933381120 5417191568561743735001007878307840 720 0 
nomask 3.5651447e+26 0 17423748400626422001362314199040 720 960 
nomask 7.2598938e+28 64810950669571243099930692157440 0 0 960 
nomask -7.55477e-28 784088305044754744549048320 1392141428999193301242916267622400 720 0 
nomask 5.6652424e+27 0 274571545007654068273262100480 720 960 
nomask 1.1664768e+30 259222912440122031607583845908480 0 0 960 
nomask -7.7682693e-25 3387919201044314275579590428590080 21680445766044865891789701120 720 0 
nomask 3.5161232e+26 0 4574271038971476187217479933624320 720 960 
nomask 7.3217917e+28 1033697877795927434192580771840 0 0 960 
nomask -7.6498014e-28 224114277035374473290532237827112960 343300200331757157320364675563520 720 0 
nomask 1.4259434e+27 0 4574271909398066309750485722071040 720 960 
nomask 7.2908427e+28 64095386951058612559058415585853440 0 0 960 
nomask -4.721731e-29 52493203982360511920562996510720 1364103392749264621815959786618880 720 0 
nomask 8.941079e+28 0 1148302662786488095722607686451200 720 960 
nomask 7.2597743e+28 4176314613247224464570019458580480 0 0 960 
nomask -1.20874345e-26 807822156906543036267233280 1409323684066339522546237440 720 0 
nomask 8.816071e+28 0 1157809389468257224334078619156480 720 960 
nomask 4.7648663e+30 1019825772775587158113879326720 0 0 960 
nomask -7.7765103e-28 13836678841727897839337661246996480 85834352767121223901590532915200 720 0 
nomask 2.234847e+22 0 17498023669615588929141410365440 720 960 
nomask 4.4795554e+27 65256609083713979998894376878080 0 0 960 
nomask -1.20868436e-26 213534669538300806064829387243520 340047894660016648783897368226682634240 720 0 
nomask 8.972359e+25 0 4650107826062491997879804142551040 720 960 
nomask 4.4214523e+27 16253813442875026359893911519887360 0 0 960 
nomask -4.814464e-26 13346129352635529513086453022720 343337664942907014678488819957760 720 0 
nomask 1.4113383e+24 0 18387303835684330706481016995840 720 960 
nomask 2.9162882e+29 4134031162956302895194465894400 0 0 960 
nomask -4.8147796e-26 53828400970465933223852381306880 88442164785721289666734325760 720 0 
nomask 5.607721e+24 0 1143567687207319869926619501035520 720 960 
nomask 7.2289452e+28 16252471245073057413998985735045120 0 0 960 
nomask -7.554524e-28 3416497917277807401758642499747840 21820888988549509788359666769592320 720 0 
nomask 3.5649547e+26 0 1153075211780129944193345739816960 720 960 
nomask 1.7840249e+28 64689942849560733319439935376531128320 0 0 960 
nomask -4.8147793e-26 54271485505980846851388793159680 344295227617829140803398732643041280 720 0 
nomask 1.4161967e+27 0 18524668213276915888651382449766400 720 960 
nomask 1.1863032e+30 4063007267091318791808011301027840 0 0 960 
nomask -4.8959518e-26 13568300639608504563597123256320 5550049045009131912797198745600 720 0 
nomask 9.063657e+28 0 4467132113650836286579062865920 720 960 
nomask 1.8381849e+28 265374281754491458016237322240 0 0 960 
nomask -7.681725e-28 222292439365184406808096787304284160 1373163953268046775384213658009600 720 0 
nomask 1.420553e+30 0 285896654746413758754873849937920 720 960 
nomask 1.1813516e+30 65459094734922666489623244523438080 0 0 960 
nomask -3.047447e-27 217089478131945760195891188203520 1367330671096324363781433595086766080 720 0 
nomask 5.7218254e+30 0 1167280211053183798459060778434560 720 960 
nomask 1.1912551e+30 258228551247998139392932468437811200 0 0 960 
nomask -1.896735e-28 224114332742676241132644608287703040 1367483086273961179800879175261224960 720 0 
nomask 9.033518e+25 0 297602184316449810565460099459973120 720 960 
nomask 4.537584e+27 16650145434975461905319319306240 0 0 960 
nomask -7.523216e-28 861241087120293680294986965319680 86658399329209020328065296593059840 720 0 
nomask 5.703777e+27 0 4254199001857900282317373440 720 960 
nomask 7.259773e+28 256345783716499495600091826644582400 0 0 960 
nomask -3.1073077e-24 214425945565339867869022110351360 21670560513591414188039963431403520 720 0 
nomask 5.58696e+27 0 74705947434229205061907982434959360 720 960 
nomask 7.3217926e+28 1025555159013857078843367288880496640 0 0 960 
nomask -3.0725424e-27 56028565777137257832501036302991360 21822086695537518393775631672279040 720 0 
nomask 3.564858e+26 0 74401725216999871966076866280816640 720 960 
nomask 1.8227106e+28 16138382691052516767864282446561280 0 0 960 
nomask -4.7416064e-29 3430703061621959609779858503106560 1373349934416136289936450456125440 720 0 
nomask 8.940838e+28 0 73490186638172671481359019645337600 720 960 
