mask 0.99609375 67 27 174 165 
mask 3.0113361e+32 81579508121842046155482778828800 0 0 240 
mask -1.9282273e-28 66729558729939994399175029555200 86416958298109905993464933253120 225 0 
nomask 2.2041997e+28 0 284708141639263322593782587719680 225 240 
nomask 4.7450592e+30 83222019273398000025600 0 0 240 
nomask -7.501444e-31 55568336368435200 91362628730880 225 -10 
nomask 5.6271607e+27 0 0 225 240 
nomask 2.9286683e+29 80687456871121156470331775385600000 0 0 240 
nomask -4.800847e-29 257410956261233019714954854400 350486732402005497327156021166080 225 0 
nomask 3.551673e+29 0 18600719125309101842433130616586240 225 240 
nomask 2.916241e+29 5203307515116997136864614809600 0 0 240 
nomask -7.563915e-31 16543662257086843964985704448000 346859896008027903589865226240 225 0 
nomask 1.424382e+33 0 72069503739944487380661924003840 225 240 
nomask 1.2501503e+33 81015898404478036868873374924800 0 0 240 
nomask -1.9064162e-31 266913848785770688270225637376000 21755118050287205774228969226240 225 0 
nomask 3.5865065e+32 0 68642917242443560900362240000 225 240 
nomask 1.1961877e+30 85785700226354380800 0 0 240 
nomask -3.025566e-30 200714889600 348853596495682017580296437760 225 0 
nomask 1.4344834e+33 0 65341734039872683817041920 225 240 
nomask 7.7503035e+31 20675054089415871015470235648000 0 0 240 
nomask -7.650171e-28 269142089854926357772875753062400 87295249540984842520740495360 225 0 
nomask 8.964526e+31 0 71772389063572349004967323893760 225 240 
nomask 4.8044804e+30 1292020609761993969821653401600 0 0 240 
nomask -4.781434e-29 67842608231799514314965621145600 21901340650484144209482617978880 225 0 
nomask 1.4066773e+27 0 17720560467754338090191620669440 225 240 
nomask 4.725329e+30 5133263250378157267714729574400 0 0 240 
nomask -1.1903127e-29 3954243079657100568585830400 21900758099354817410049056440320 225 0 
nomask 3.55177e+29 0 265878271890157143211376640 225 240 
nomask 1.1615253e+30 1304853509161285682770253080166400 0 0 240 
nomask -3.0976374e-27 16682382244757788080102545817600 5565468095463232997771182080 225 0 
nomask 8.507067e+28 0 288278087495327126400398178385920 225 240 
nomask 7.5919734e+31 5183091440517411289379635200 0 0 240 
nomask 3.249005e+38 4170732096610382988642877440000 349108179272773520153766789120 225 0 
nomask 5.2424254e+27 0 68355041781647827328135331840 225 240 
nomask 2.9859847e+32 81570778355161813329340740403200 0 0 240 
nomask -1.219856e-29 64081784987318775865304678400 350412202125226255438535385415680 225 0 
nomask 5.5330536e+24 0 1107552879779951377895884062720 225 240 
nomask -1.1963418e-32 82374771298656541783936204800 0 0 240 
nomask -7.6489386e-28 980076269240925875601408000 5582852621463327866880 225 0 
nomask 2.1268273e+28 0 17233824902937845797559992320 225 240 
nomask 7.5919734e+31 1300895279306274599233545830400 0 0 240 
nomask -1.8690226e-34 67009183272016858127284568064000 345667833192439623973859733012480 225 0 
nomask 8.794091e+25 0 65341794568251675676508160 225 240 
nomask 2.9038612e+29 1300485540226909362673051238400 0 0 240 
nomask -4.7610195e-29 1033995957995544743888761651200 87607710940341178255102338662400 225 0 
nomask 5.6268596e+27 0 287080289837882049887245172736000 225 240 
nomask 1.1466699e+30 326300657956604410623260884992000 0 0 240 
nomask -7.7682693e-25 1042665824408421420374792601600 87873276052925242475481661440 225 0 
nomask 5.548275e+27 0 68356161867947982972109455360 225 240 
nomask 7.3217926e+28 5233924332621869875200 0 0 240 
nomask -1.9124504e-28 64625793305110525824624230400 21815841178197079258740817920 225 0 
nomask 8.973066e+25 0 260233810317117987854745600 225 240 
nomask 4.5182416e+27 5113711063590518802607449204326400 0 0 240 
nomask -7.5865703e-28 243969164746380796546252800 1396796528204934358082330296320 225 0 
nomask 8.940595e+28 0 17088753804584090296595251200 225 240 
nomask 1.8072367e+28 81022452104682963362500942233600 0 0 240 
nomask -3.013192e-30 1072077298225059927396090013286400 5438633874789469743698851921920 225 0 
nomask 1.4243819e+33 0 71772411730931466779264349634560 225 240 
nomask 3.1127486e+32 327348718723163326768585113600 0 0 240 
nomask -7.59473e-31 257415139982788937041261363200 349117281634169251394916188160 225 0 
nomask 3.5864067e+32 0 4030942523022320169123840 225 240 
nomask 1.1961877e+30 20452884446047792932480614400 0 0 240 
nomask -1.2102072e-29 967376529020027093070643200 1378190876499076242904889425920 225 0 
nomask 3.5862082e+32 0 4593210941288149090401432675287040 225 240 
nomask 7.718612e+31 1300963148567070591415851417600 0 0 240 
nomask -7.681725e-28 4188005155524356325811578470400 1378046230413705945671993917440 225 0 
nomask 2.2411932e+31 0 288268730409483309170585952583680 225 240 
nomask 1.1912359e+30 5063902725276455887321222348800 0 0 240 
nomask -1.1903896e-29 270256320892879891673898811392000 21605975894235898009518405058560 225 0 
nomask 8.731522e+25 0 287084986514691252721588906229760 225 240 
nomask 7.2597743e+28 1292019945679207316277795225600 0 0 240 
nomask -4.7412983e-29 63539893433409484077033062400 1387402749573545231126794076160 225 0 
nomask 2.2197954e+28 0 273415580528144822169627525120 225 240 
nomask 1.14667e+30 20534685051369108820244771635200 0 0 240 
nomask -3.0975388e-27 69466391653753077740195274974822400 343356197775721706943737065635840 225 0 
nomask 1.348572e+27 0 1143567759742869046804369983406080 225 240 
nomask 1.8821785e+31 20167958178457114250719468191744000 0 0 240 
nomask 3.235609e+38 16821105420026108132229906432000 351538616018679626107673640960 225 0 
nomask 5.242424e+27 0 74097470503844507629013534024663040 225 240 
nomask 1.1893233e+33 5133808860795671819348606976000 0 0 240 
nomask -1.2198175e-29 69752718480573884972449384523366400 87015820859057855811166194892800 225 0 
nomask 3.4816777e+23 0 284712874583847113867001562398720 225 240 
nomask -1.929494e-31 1300689944908641323472597811200 0 0 240 
nomask -4.854774e-26 1025308891838493740616803942400 21604817592184979742940389703680 225 0 
nomask 3.3954188e+26 0 4411642985214502751817475031040 225 240 
nomask 1.8821783e+31 80694159155865099974476346425344000 0 0 240 
nomask -7.415671e-34 70035724629953374741286411147673600 5417638967829066716965983139921920 225 0 
nomask 2.2135161e+25 0 1153056642679540663489222252953600 225 240 
nomask 4.479481e+27 20672875897875647391615418368000 0 0 240 
nomask -1.8964578e-28 1076534018370642003031509014937600 5416596777058493337447052439715840 225 0 
nomask 8.912623e+25 0 71179365614333137846179893084160 225 240 
nomask 2.841964e+29 1278462718965389308617875993395200 0 0 240 
nomask -3.1333082e-24 66452114504468271586260654489600 343337519871808660922987855216640 225 0 
nomask 8.815101e+28 0 4612225700291572531423883223367680 225 240 
nomask 7.3217936e+28 80467546653220179405949422796800 0 0 240 
nomask -4.7811262e-29 4341787114564130484293744984064000 87302049748720174809848217600 225 0 
nomask 5.6655435e+27 0 4593286668401489750772936270151680 225 240 
nomask 4.5375094e+27 20031486169458277607074412101632000 0 0 240 
nomask -7.5866935e-28 279002047796671697405118843243724800 21366322048399065471592739226255360 225 0 
nomask 9.00225e+28 0 74097493715220244229893688383242240 225 240 
