mask 0.99609375 69 100 258 369 
mask 2.978089e+29 29198683616936998385570765864960 0 0 428 
mask -3.0601176e-27 5623999061006791193762201600 624296550428697404077244416 320 0 
nomask 1.4204753e+30 0 124817125405464260751898601062400 320 428 
nomask 7.414517e+28 28711557299905881044145930240 0 0 428 
nomask -4.7418375e-29 1495282189560153239460742430720 614297529023725130352496214016 320 0 
nomask 5.682367e+30 0 28879398849456624965255168 320 428 
nomask 7.3835688e+28 1824965705302028354693544017920 0 0 428 
nomask -4.86055e-29 19694599336403927040 630968478537287053093277532160 320 0 
nomask 8.965271e+31 0 493783771169447343309981745152 320 428 
nomask 2.97809e+29 116021118657260200040805087313920 0 0 428 
nomask -7.6502945e-28 23923744342752447505273003704320 39058441836581151308482762244096 320 0 
nomask 3.6009e+29 0 31999044920105843329084342403072 320 428 
nomask 4.7846724e+30 466740210305901839096217600 0 0 428 
nomask -4.781357e-29 1464381951163473660362348298240 155648089814407937056147767296 320 0 
nomask 3.600997e+29 0 1848217994625712637473718272 320 428 
nomask 1.845892e+28 29281983753287912663621304320 0 0 428 
nomask -1.9046235e-28 83242981770444805242880 2490565238150822975563037147136 320 0 
nomask 3.600997e+29 0 31601140662553022526722343436288 320 428 
nomask 2.978089e+29 1874629133550434580333707919360 0 0 428 
nomask -1.8966734e-28 91138473716092008439700520960 159305165197294029504512 320 0 
nomask 5.703929e+27 0 7966646333975576909917534027776 320 428 
nomask 4.7846718e+30 1837443330917725846062980136960 0 0 428 
nomask -1.8967042e-28 5981129513819250216986203914240 39054282262846244136107053678592 320 0 
nomask 2.2505623e+28 0 116526192603219592898150400 320 428 
nomask 7.6552283e+31 29197130147258793587081268428800 0 0 428 
nomask -2.9882518e-30 5374497436688088154767360 626829306015881687943597785088 320 0 
nomask 3.5517708e+29 0 30474930468230316487140704256 320 428 
nomask 1.8072368e+28 468621110060349863601090068480 0 0 428 
nomask -1.8521599e-31 381189083998008269553372202270720 9859646338370458443405328384 320 0 
nomask 2.2586161e+25 0 7900547412816148831688238039040 320 428 
nomask 1.2349378e+33 1884190503429503713280 0 0 428 
nomask -7.554893e-28 23726836016410891223583330140160 155140814082817062339611730116608 320 0 
nomask 8.97283e+25 0 489660925935008594779275526144 320 428 
nomask 1.2349379e+33 116008666721318169360305613701120 0 0 428 
nomask -1.8057577e-31 1399955689555946863853568000 624934940030235722170402502344704 320 0 
nomask 9.034466e+25 0 1975135716294306457054974312448 320 428 
nomask 4.4794804e+27 7399095230375268477150229954560 0 0 428 
nomask -4.6822884e-29 351499756845483712514621440 39826295064051320881152 320 0 
nomask 3.589229e+26 0 474173455534072371190169600 320 428 
nomask 1.9138377e+31 1855013807424269365280768000 0 0 428 
nomask -3.1075097e-24 5882192158109944854043101757440 9631106939162316008196254203904 320 0 
nomask 5.780237e+27 0 423376907528304590848 320 428 
nomask 2.9781368e+29 7348024159125648467664767549440 0 0 428 
nomask -1.8887541e-28 1470596396560270798677763686400 620663053762140346804133502648320 320 0 
nomask 5.742615e+27 0 127466333258917811885847938596864 320 428 
nomask 1.1343962e+27 467253504415545804496628130775040 0 0 428 
nomask -7.5869396e-28 23726446137834065505674487398400 618566877709301469783431053312 320 0 
nomask 9.063906e+28 0 1983415071923544521458409537536 320 428 
nomask 2.9781372e+29 29548314592985488178544640 0 0 428 
nomask -4.7220393e-29 1418065319381709373413785600 2479875961543461310168039424 320 0 
nomask 5.721982e+30 0 6835470407778298757120 320 428 
nomask 2.9781378e+29 7151698383913418985408655523840 0 0 428 
nomask -4.8210306e-29 86366819885017280702054400 616523821110842555275261249585152 320 0 
nomask 8.965272e+31 0 1975135337324396206765945913344 320 428 
nomask 1.1961877e+30 7373849419867758216362362960609280 0 0 428 
nomask -3.060167e-27 23726449160148614542247424163840 9831359692670705401322719412224 320 0 
nomask 2.2728229e+31 0 128523948336234335828847097806848 320 428 
nomask 4.8044797e+30 1837588779805398231135561973760 0 0 428 
nomask -4.781434e-29 5956370335244223981916604334080 2474136892541472946181935988736 320 0 
nomask 3.6010946e+29 0 7834445965190652418198752722944 320 428 
nomask 1.8381849e+28 7321252254829000257521582080 0 0 428 
nomask -7.681971e-28 343956099207120744202895360 154625423721184605017636601856 320 0 
nomask 3.6009004e+29 0 8157316525074427408059184793518080 320 428 
nomask 4.764865e+30 7324731053959012540505052959211520 0 0 428 
nomask -7.618124e-28 382773743962359125475577057771520 39061558485123049685452316475392 320 0 
nomask 3.5648602e+26 0 2073271770365700173661864867135488 320 428 
nomask 4.764942e+30 115231943971473966261848642682880 0 0 428 
nomask -1.8966426e-28 96091124228210209782205608099840 39059468592391322758223704883200 320 0 
nomask 5.510498e+27 0 509848840265177154964875825381376 320 428 
nomask 2.9039103e+29 7350741219905232346734919680000 0 0 428 
nomask -4.84029e-29 1524756722848295354894824715059200 155169902802541447191327569608704 320 0 
nomask 3.526914e+29 0 7867302151116138809908917174272 320 428 
nomask 2.99866e+32 1837539100509998442467913891840 0 0 428 
nomask -1.9202156e-28 6098929403615087695882650554204160 38268866618559306457697872773120 320 0 
nomask 2.2202048e+22 0 8258913026158539281839881019457536 320 428 
nomask 7.5919676e+31 28893285308313311393893328554557440 0 0 428 
nomask -1.1209915e-35 6174986505347470076565773216645120 39328551376879010645844128956416 320 0 
nomask 3.458898e+23 0 132685187711606348856220450446901248 320 428 
nomask 1.1565926e+30 29207227700167124777263001763840 0 0 428 
nomask -1.1506391e-29 99607917532905213895407894255370240 156229579476169732706641219944448 320 0 
nomask 3.552514e+23 0 1966923059369272443520537329664 320 428 
nomask 1.9898641e+37 115216373006917329838078427136000 0 0 428 
nomask -1.22388934e-26 364554296265519077678645248000 612235442072253087330476320882688 320 0 
nomask 5.494386e+24 0 31601660103976672256217269141504 320 428 
nomask 4.7253287e+30 451469962342788344332332249907200 0 0 428 
nomask -1.1952238e-29 100011993541128354870937717393326080 154135143147865511346105141428224 320 0 
nomask 1.4067139e+27 0 2047840047618872116355624033320960 320 428 
nomask 1.822741e+28 464134088944677784544550290718720 0 0 428 
nomask -1.8965809e-28 398425480431424428680257081400360960 38370300423313308959395208922923008 320 0 
nomask 1.4259822e+27 0 2047873550580111096573942665576448 320 428 
nomask 1.7917622e+28 7273232748324740721069249391493120 0 0 428 
nomask -1.2240077e-26 23726455204777712615393297694720 9728745628070565108811753395847168 320 0 
nomask 2.2504412e+28 0 8258912508738288486778594245214208 320 428 
nomask 2.9781374e+29 115238133671670393163223138304000 0 0 428 
nomask -1.8887541e-28 24699551428002358091300468770734080 9765645299646877949694239047680 320 0 
nomask 2.2729464e+31 0 8157318594755430588304331890491392 320 428 
nomask 1.1912358e+30 7004890965851241973291742658560 0 0 428 
nomask -4.8209535e-29 6022869980745131655111512455905280 37370893942330402643923435520 320 0 
nomask 2.2571636e+31 0 1971576442013686443175394760720384 320 428 
