mask 0.99609375 30 43 155 220 
mask 1.1664964e+30 4369860794669587885858417016832 0 0 267 
mask -3.0724929e-27 3335898662892926216869773312 24654370178677864667283456 189 0 
nomask 1.390803e+30 0 1216699333350244458654842486784 189 267 
nomask 1.1862843e+30 1097693537554279459454976 0 0 267 
nomask -1.2150797e-29 3518038574130412896138735648768 1522381716295691876262507184128 189 0 
nomask 8.879179e+28 0 290766079787429884436938752 189 267 
nomask 2.9409997e+29 67117450569407437185319207698432 0 0 267 
nomask -1.2150797e-29 196658153011050209869824 24532448211558635040467413106688 189 0 
nomask 5.603449e+30 0 75720885738307831232678854656 189 267 
nomask 1.89007e+31 17364748069928546330773567832064 0 0 267 
nomask -1.2138907e-26 868556325801487190378139353088 24601779397704182996177780736 189 0 
nomask 3.600706e+29 0 1242461545812859163340712181760 189 267 
nomask 1.19618744e+30 69807900035370852406001664 0 0 267 
nomask -1.9125428e-28 218053057261477496699454750720 388382849440960541171065552896 189 0 
nomask 3.5762383e+29 0 4484346298736623554134016 189 267 
nomask 4.5761954e+27 1084924012671378951348280098816 0 0 267 
nomask -7.6184935e-28 12697252747716596984709120 24531159600526988468899371024384 189 0 
nomask 2.281511e+28 0 5131017167943976793651761983258624 189 267 
nomask 1.905915e+31 275956920756972705435095238967296 0 0 267 
nomask -7.6181247e-28 3321561354183827658589077504 6249855568063733170176 189 0 
nomask 9.033043e+25 0 305466064618522892231302447104 189 267 
nomask 1.19123546e+30 1092608783991196054103443636224 0 0 267 
nomask -7.5865708e-28 879495363096359026227557695488 6131979159531601573664910213120 189 0 
nomask 8.878453e+28 0 292026913159600863455477760 189 267 
nomask 7.290844e+28 4340614461241470776863925207040 0 0 267 
nomask -1.9045004e-28 51233521192018648982618112 1553855441829530196869180817408 189 0 
nomask 5.665394e+27 0 19714112172530042789580729483264 189 267 
nomask 1.2146754e+33 17364753425092137904951240163328 0 0 267 
nomask -3.0218586e-27 904288175579124445007868038479872 97126091491398388310102507520 189 0 
nomask 5.645503e+24 0 4990425818384291281044542324736 189 267 
nomask 4.7451345e+30 1112823208895053824000 0 0 267 
nomask -4.7217314e-29 3474169297120053548237734281216 6048534660437305970560189071360 189 0 
nomask 8.912858e+25 0 75400683391540589798979796992 189 267 
nomask 2.9162402e+29 1092493871105793524874224861184 0 0 267 
nomask -4.721654e-29 13400501109210097850234437632 1548715700729597560960079942909952 189 0 
nomask 5.665545e+27 0 1227008221603417031199179145216 189 267 
nomask 1.1565926e+30 17364751640037607380225349386240 0 0 267 
nomask -7.5863238e-28 3488734003298237417962057236480 1547658477088537825807171584 189 0 
nomask 2.2350876e+28 0 308043207877325352480182108160 189 267 
nomask 4.7649433e+30 69207366028408506939636449280 0 0 267 
nomask -7.681479e-28 14188459524457990099968523763712 23935285362760805119606369611153408 189 0 
nomask 3.5406806e+26 0 4302587537202603884544 189 267 
nomask 7.2908427e+28 67567048683901638845977451298816 0 0 267 
nomask -1.9124197e-28 214404475529777555600811491328 384565753140892639424338936725504 189 0 
nomask 2.250623e+28 0 19796752235383447480101878366208 189 267 
nomask 1.1615445e+30 4355296798943107164974998590849024 0 0 267 
nomask -4.9159886e-26 14013431357630979676926048731136 97766604541107560147406815232 189 0 
nomask 1.3907643e+30 0 19879387254749448465841939021824 189 267 
nomask 2.9533797e+29 69359893185424705380679680 0 0 267 
nomask -4.8405977e-29 54514153356200006606703820800 6089204712424855862158018215936 189 0 
nomask 2.2352687e+28 0 279049980769832313815040 189 267 
nomask 2.9286685e+29 67294526379426630643529896691761152 0 0 267 
nomask -1.2051806e-29 3174312974134066852921344 1559624481548516394986174712643584 189 0 
nomask 2.225534e+31 0 77008230972822808924998598656 189 267 
nomask 4.7054455e+30 4355413784276819633410976558088192 0 0 267 
nomask -1.9341473e-25 872197725477849473399956439040 97994490428382706088804352 189 0 
nomask 3.6252705e+29 0 20126634137741267949130107322368 189 267 
nomask 2.9781374e+29 4418776706289575959461888 0 0 267 
nomask -7.618494e-28 875853405590455954228899741696 391829472197151302029934592 189 0 
nomask 5.7037775e+27 0 1121105964369401578782720 189 267 
nomask 7.059989e+25 1084838441619821922300890972160 0 0 267 
nomask -1.2240077e-26 51234403014840086635216896 387179005878197849516517397364736 189 0 
nomask 5.742311e+27 0 1282775192197795151025770109861888 189 267 
nomask 1.1813319e+30 1089088330684549473884356151869440 0 0 267 
nomask -3.1073582e-24 225136189785953852159757524140032 383309495135286945832331378688 189 0 
nomask 3.5642913e+26 0 322021102716456582404993489829888 189 267 
nomask 7.3527397e+28 4353686115735125170487033856 0 0 267 
nomask -1.2189197e-26 57219926546079149478311337394176 1533116148798552039711163023360 189 0 
nomask 8.790782e+25 0 305455957942592811947324866560 189 267 
nomask 6.9089923e+25 273087599336975650007688413184 0 0 267 
nomask -1.2289578e-26 205823139217592300938985472 97448034392951342673487435137024 189 0 
nomask 5.587567e+27 0 1188202259059966663421067264 189 267 
nomask 7.465081e+31 274077872395088669577813392621568 0 0 267 
nomask -7.6059558e-25 3632128195953573182826136077336576 381973440963287611583238795952128 189 0 
nomask 3.5281607e+23 0 20693307773703027890250609328128000 189 267 
nomask 2.9162884e+29 16584983341979061308806733160775680 0 0 267 
nomask -4.7413753e-29 904303027232818410727279303852032 1523110657834508582904165040128 189 0 
nomask 2.2055044e+22 0 315415687611723660251990864166912 189 267 
nomask 1.7840549e+28 68752163177386182113067270144 0 0 267 
nomask -7.490799e-28 908017197334699329987122753961984 96131089049070757645291691704320 189 0 
nomask 2.2281557e+25 0 283960888269670755336192 189 267 
nomask 2.829633e+29 1084838330053913764505522798592 0 0 267 
nomask -1.21377236e-26 12808601604890351231827968 1522747053914497741342585651200 189 0 
nomask 2.2128069e+25 0 1226987890044820846300417228800 189 267 
nomask 1.17639975e+30 67303921764040413264794377185656832 0 0 267 
nomask -7.6495554e-28 236278393233582594616808346325352448 23939928276220958052161445571854336 189 0 
nomask 3.492322e+26 0 1318914316844026661013103526503514112 189 267 
nomask 7.259895e+28 68066171351290718501749414428672 0 0 267 
nomask -1.8965501e-28 14528281554990626680411556608475136 23936610064988312602587879048216576 189 0 
nomask 1.4163484e+27 0 316743052800580299357914885259264 189 267 
nomask 2.866723e+29 17062278019838414755638903029366784 0 0 267 
nomask -1.2340655e-26 54285694267769881141526396928 6026793467285735200303237470093312 189 0 
nomask 8.816313e+28 0 5152170441768897697577258924900352 189 267 
nomask 1.1813518e+30 17015171915943236635953236803584 0 0 267 
nomask -3.0006257e-30 14587934935704789296163759121760256 98414663120799618434542338048 189 0 
nomask 3.551768e+29 0 20439795144396140194406168336007168 189 267 
nomask 1.18135166e+30 1059081249856831459308636525821952 0 0 267 
nomask -1.2051999e-29 900559610797509374358441361932288 95490727540397169000081644322816 189 0 
nomask 5.6036045e+30 0 1266930894953510047864984782766080 189 267 
