mask 0.99609375 85 121 273 354 
mask 2.9904203e+29 29199460351776100784815514583040 0 0 428 
mask -1.21393005e-26 1405999857485418166988308480 628307315312179629627801600 320 0 
nomask 5.721361e+30 0 7834571783200855514156181225472 320 428 
nomask 4.614805e+27 115929427822356132265984000 0 0 428 
nomask -4.722116e-29 96484176235312416092631953571840 38523392916147673910211468328960 320 0 
nomask 5.761441e+30 0 31866071957997221914799664791552 320 428 
nomask 1.853629e+28 457721269398982807209570897756160 0 0 428 
nomask -1.9047157e-28 351494176705401415375257600 156229595645552570052306431639552 320 0 
nomask 2.2728852e+31 0 1999842406946467216735434964992 320 428 
nomask 7.476293e+28 464084522986073584748387337502720 0 0 428 
nomask -1.883335e-31 381195297876721088747330192015360 156719485121924285425560584192 320 0 
nomask 2.2465599e+34 0 128521886739922574256532606681088 320 428 
nomask 3.1380024e+32 466740256422762023370096640 0 0 428 
nomask -4.7275967e-32 1476761446003657120504243814400 622608654963772510652812230656 320 0 
nomask 1.4243031e+33 0 1864387500825659295618039808 320 428 
nomask 1.9454675e+31 28999056718658583706524471787520 0 0 428 
nomask -7.4714703e-31 369184387707313450024865628160 620696427368316628257130441342976 320 0 
nomask 5.6973696e+33 0 520412492105409126195658777165824 320 428 
nomask 1.2159173e+30 29202561246503412308648635924480 0 0 428 
nomask -7.4712305e-31 92296031994289223048594718720 9943381271278544629006336 320 0 
nomask 3.611562e+32 0 7999631369670548399897354174464 320 428 
nomask 1.9375758e+31 465574711442250655473734778880 0 0 428 
nomask -7.5021653e-31 24022785590524376000410807173120 2448875021076659786415911406141440 320 0 
nomask 2.273072e+31 0 1958611238651056271023669248000 320 428 
nomask 1.9296839e+31 116011761571416382810992861511680 0 0 428 
nomask -1.2003081e-29 5648084974743833755307212800 9897587463599618577821671096320 320 0 
nomask 2.2730714e+31 0 2056316167457271412824916300398592 320 428 
nomask 1.9296529e+31 116810305432304629966053279006720 0 0 428 
nomask -1.1953584e-29 389093427862910991778937086935040 616507522372942510844727860920320 320 0 
nomask 1.430573e+30 0 8225269844031593601912532944027648 320 428 
nomask 1.9296838e+31 1882233887831269813780480 0 0 428 
nomask -4.781434e-29 95300365849600280839030298378240 9761753531315214314898599182336 320 0 
nomask 2.266158e+28 0 30346112279571072408237375488 320 428 
nomask 1.9217606e+31 7273430045018501828550561439416320 0 0 428 
nomask -7.4088804e-31 382779909484039160084368059269120 2482917910347344651187292584542208 320 0 
nomask 3.5766267e+29 0 127464279747297468986366053318656 320 428 
nomask 1.8149738e+28 7399871209635733617251744481280 0 0 428 
nomask -4.7812797e-29 23825475296347797854520543805440 39694251876787666783249104896 320 0 
nomask 3.5763354e+29 0 497923417403240521320946991104 320 428 
nomask 7.718487e+31 460940203643321503435310550220800 0 0 428 
nomask -7.618494e-28 6124381063966532837653240642273280 9499685227219652443667823591424 320 0 
nomask 9.063902e+28 0 7156811905141927797850112 320 428 
nomask 2.9781372e+29 7348606710254975267098329088000 0 0 428 
nomask -4.7615588e-29 1458216901720087338535868170240 156229595645552570052306431639552 320 0 
nomask 1.4305342e+30 0 126934441410483326228709228150784 320 428 
nomask 1.830448e+28 116813364014628254977865285632000 0 0 428 
nomask -4.875915e-26 5882191402531307594899867566080 39056360028540843054086756499456 320 0 
nomask 1.4402438e+30 0 7900545391643294163480086577152 320 428 
nomask 2.9781374e+29 465562574960389680485535580160 0 0 428 
nomask -7.5553856e-28 5956369579665586722773370142720 626715678204458309616582787072 320 0 
nomask 5.7218266e+30 0 30603809844739653060626743296 320 428 
nomask 1.8536593e+28 7102568394182917714891830722560 0 0 428 
nomask -1.9126043e-28 343956168382411020613713920 38267807523983460316626506743808 320 0 
nomask 9.028406e+31 0 1966824906162517618662181961728 320 428 
nomask 1.20112e+30 464059570757156738802221402030080 0 0 428 
nomask -1.1818992e-32 382779982019588336962118541639680 154126848254469953019851541839872 320 0 
nomask 2.2466866e+34 0 127464279747297468986366053318656 320 428 
nomask 1.2552011e+33 1837442764233747901705554493440 0 0 428 
nomask -1.19154756e-32 1470571462465241246951035371520 2480890495574027188087816192 320 0 
nomask 1.4345633e+33 0 1966889962663777251612057141248 320 428 
nomask 7.813438e+31 115601737001385424366096875520 0 0 428 
nomask -1.883305e-31 1470572312491208163487173836800 616440904515652646704055677091840 320 0 
nomask 2.246623e+34 0 33170765019883769891052308689584128 320 428 
nomask 4.84394e+30 28612995325108298989300864778240 0 0 428 
nomask -7.502045e-31 94901166454705334139250572001280 2408231751329486182409161408512 320 0 
nomask 3.5863077e+32 0 8292690220130440882640503623909376 320 428 
nomask 3.1127484e+32 460952534686681572652892553216000 0 0 428 
nomask -7.53298e-31 95300390028116673131613792501760 2457904348052418899465507700736 320 0 
nomask 3.527012e+29 0 511968161273668051304172702662656 320 428 
nomask 3.0873954e+32 460730998956450215561789440 0 0 428 
nomask -7.439695e-31 1518418663275285346228009152020480 2424463790525326562073551831040 320 0 
nomask 5.6433745e+30 0 124815096147918173870914533326848 320 428 
nomask 4.705445e+30 460927582457764726706726617743360 0 0 428 
nomask -1.2150412e-29 24699559165127603624927186890260480 9661724182985080820335885657571328 320 0 
nomask 2.228215e+25 0 505610133570664012903621224038400 320 428 
nomask 1.2349578e+33 112858169767627857292146077859840 0 0 428 
nomask -4.6690683e-32 1537383807963071802869129758638080 2408296176214228731543989256192 320 0 
nomask 3.505567e+23 0 32900551607470563445137622047916032 320 428 
nomask 3.0240612e+32 115635100520586898409531637760 0 0 428 
nomask -1.7979038e-31 381201560112466692526455170007040 39054266093463406790441841983488 320 0 
nomask 5.646688e+24 0 1856303179494789441810071552 320 428 
nomask 1.2437058e+36 446980960099929371802232422400 0 0 428 
nomask -1.20013474e-29 92527440607892009754714995425280 9433973865955106994351570419712 320 0 
nomask 2.2202631e+22 0 126404594988977764798219797135360 320 428 
nomask 1.2248163e+33 1805830138341450823777665081671680 0 0 428 
nomask -1.8011388e-34 24699161476889983196513875546603520 38003939365460816406036854341632 320 0 
nomask 8.914987e+25 0 131055421545014071175629233006313472 320 428 
nomask 1.905915e+31 7252092117446041346935661527040 0 0 428 
nomask -2.9757337e-30 98796658286960325639858251177656320 2398076770534603849525563293171712 320 0 
nomask 8.817771e+28 0 507729680950514632082231065051136 320 428 
nomask 7.1670506e+28 1830884884167800090497615638036480 0 0 428 
nomask -1.912512e-28 90367872050459236146673090560 38531708021271778918546582536192 320 0 
nomask 9.002493e+28 0 2030884315355380656753353773023232 320 428 
nomask 1.9217608e+31 1788215682648358831283136102400 0 0 428 
nomask -1.896735e-28 24496727331965841387060996257873920 153623000937333809251392421888 320 0 
nomask 2.2729466e+31 0 8123541400783528987503709286039552 320 428 
nomask 4.80448e+30 459060154937634140158898655629148160 0 0 428 
nomask -1.2003081e-29 24901985572926499900753348059463680 153494000600576902473570483374653440 320 0 
nomask 3.5862082e+32 0 516190439875218450169572221779968 320 428 
