mask 0.99609375 52 60 189 255 
mask 7.7501787e+31 90406951625943638231806705139712 0 0 352 
mask -1.20032726e-29 18163573317746041756513688616960 2021240856745561474352965222400 246 0 
nomask 3.5861092e+32 0 1604011891632001927415416750080 246 352 
nomask 4.82421e+30 5629525825435111054538440704 0 0 352 
nomask -3.0008661e-30 18239712438672866573083597602816 31772989783794228165680526893514752 246 0 
nomask 9.028904e+31 0 1610847469892290910165789573120 246 352 
nomask 4.824287e+30 350388191465766164707072911498805248 0 0 352 
nomask -1.2052768e-29 282625561852115563329594851328 129383311668392256733486191214592 246 0 
nomask 1.4243422e+33 0 1698121182585082144968220260433920 246 352 
nomask 4.8242103e+30 5613411609799527106585999441920 0 0 352 
nomask -1.2003081e-29 1172156953736440772974479232991232 31687069126417307563209468674048 246 0 
nomask 3.5862082e+32 0 6552009446609898842752158793728 246 352 
nomask 7.750304e+31 351873300199405939342051872079872 0 0 352 
nomask -3.0255178e-30 4521934640695942713579273191424 8085388137734249261823799853056 246 0 
nomask 2.2572258e+31 0 399314103537998844896789659648 246 352 
nomask 4.80448e+30 1397556762642198428431216420061184 0 0 352 
nomask -1.2102071e-29 72957650878067727209764698980352 8056769255544862349397732756553728 246 0 
nomask 8.965521e+31 0 27280632579566619720894850969632768 246 352 
nomask 7.718612e+31 22604128689520459007494723731456 0 0 352 
nomask -1.20026956e-29 295475392908016962175079918075904 512132182586475721021108256768 246 0 
nomask 3.5764325e+29 0 104396396251929927627270048972800 246 352 
nomask 1.9296838e+31 5574301745056503895547984216064 0 0 352 
nomask -3.0006739e-30 4560001006478429460549240619008 2021347034433562315455949963264 246 0 
nomask 3.5022524e+29 0 25881642171137753417559417290752 246 352 
nomask 7.623539e+31 355540614419082214520597250048 0 0 352 
nomask -7.5940076e-31 1125743915382459072886735896576 32122820695699757479743729958912 246 0 
nomask 2.2257202e+31 0 26207600608640077230733332054016 246 352 
nomask 3.0240132e+32 5630734731106158788739446870114304 0 0 352 
nomask -7.5318973e-31 307536937238954003266298660706582528 31783492157602515510587702338650112 246 0 
nomask 3.5054748e+23 0 422807861659813118720583994966016 246 352 
nomask 4.9397518e+33 90667222861808342956769280000 0 0 352 
nomask -1.7810509e-37 294266869509584537220060272394240 506993052829940857967667811713024 246 0 
nomask 8.553257e+25 0 104394687435283902348931601793024 246 352 
nomask 3.011386e+32 1412571299473646849283267231744 0 0 352 
nomask -1.8442157e-31 69470278949295327125006450688 8193046910979845737376202620928 246 0 
nomask 8.853125e+25 0 99828499911484055441148739584 246 352 
nomask -4.472492e-38 5629971613607488528677722042400768 0 0 352 
nomask -1.19520444e-29 18315541385124363545616580608000 8085603402088004391731220971520 246 0 
nomask 5.510953e+27 0 6524879904512995086485415788544 246 352 
nomask 3.074719e+32 1398015346891204484945316063215616 0 0 352 
nomask -4.860165e-29 73871264567486195283832923488256 7945216002724778162066022874480640 246 0 
nomask 1.4206291e+30 0 6186296698358325667384262656 246 352 
nomask 1.9138383e+31 89181653248396104408273159979008 0 0 352 
nomask -2.9882518e-30 1130502320014846927439174565888 510520156772809158545590164914176 246 0 
nomask 3.5765296e+29 0 101103463303995133734523240448 246 352 
nomask 1.8979925e+31 91004113001589799088516184932352 0 0 352 
nomask -1.904685e-28 17590031162066295765073920000 2053501087252033393731305472 246 0 
nomask 2.2729471e+31 0 105266170626572778540618741710848 246 352 
nomask 4.80448e+30 5650734195777412160130341928960 0 0 352 
nomask -4.8012323e-29 1130520834642938828241940512768 32120257470730719562236059189248 246 0 
nomask 2.2729471e+31 0 24745191663373738128858677248 246 352 
nomask 4.8044797e+30 5552469091150955226602220482985984 0 0 352 
nomask -1.2052769e-29 4304935784531830460576169984 2062412450026607778055537557504 246 0 
nomask 1.4243421e+33 0 26208019501436573699742367744000 246 352 
nomask 4.8044807e+30 359201168693919790356629997748224 0 0 352 
nomask -1.20525764e-29 1135223114539973587419720056832 128880817864131516855564107776 246 0 
nomask 3.5862082e+32 0 409500512494071710322863898624 246 352 
nomask 7.750304e+31 90065461145629229806478426112 0 0 352 
nomask -7.5637946e-31 73565513853963776078714486390784 127612964324926052613933991198720 246 0 
nomask 5.682834e+30 0 105266197222940810062460585246720 246 352 
nomask 2.9781378e+29 22294816197191466132648889417728 0 0 352 
nomask -1.2151567e-29 17293515762855270702737522688 32123675104022770118912953548800 246 0 
nomask 8.96552e+31 0 109122503083585614605213356097798144 246 352 
nomask 1.9138074e+31 22757584897359061576415226888192 0 0 352 
nomask -7.6813554e-28 73260971310682334243627521277952 128880791891115861072515432448 246 0 
nomask 8.816557e+28 0 6552007784336896872637043572736 246 352 
nomask 1.9138384e+31 22297206980226015582191936864256 0 0 352 
nomask -1.2051999e-29 18315844589386762674057171173376 126761920442469400957703608598528 246 0 
nomask 3.444251e+26 0 104828726863374323046897185456128 246 352 
nomask 2.8791515e+29 1407569482807915620854502273318912 0 0 352 
nomask -4.9390497e-29 73262188774540549901120773816320 2014083162391814221710507317919744 246 0 
nomask 1.381055e+30 0 104828726863374323046897185456128 246 352 
nomask 7.7085155e+34 354328599524823580444779922587648 0 0 352 
nomask -1.2099568e-29 4747022065568874122155046071173120 126772186640529568388655213445120 246 0 
nomask 5.381788e+24 0 1691176870892051792062873044254720 246 352 
nomask 3.024112e+32 87968315756234246548051187466240 0 0 352 
nomask 3.1336612e+35 4559925786263907071405454262272 128043032271138578837492727808 246 0 
nomask 1.3272973e+24 0 6764597268219084541738892564365312 246 352 
nomask 7.370133e+31 88591685132492378046981828771840 0 0 352 
nomask -1.20993765e-29 75951125399439277133929373113516032 127623190628434172762122830741504 246 0 
nomask 3.458066e+23 0 26207615569097094961769369042944 246 352 
nomask -7.3570004e-34 87968297168999769973127626358784 0 0 352 
nomask -3.0595263e-27 4540894781564203921544325365760 500021080914157722346803318226944 246 0 
nomask 3.37143e+26 0 26316117114754690285685188853760 246 352 
nomask 1.8821785e+31 22057012569102455733452118392045568 0 0 352 
nomask -4.7652884e-32 76261768347424868765228787937837056 7945870486149297851550108605218816 246 0 
nomask 1.3971937e+27 0 6736711082723506016653312576716800 246 352 
nomask 2.9286202e+29 5651031591529037358907319648256 0 0 352 
nomask -4.7413753e-29 4727532234986116720305811237109760 2000083898114742385037743776333824 246 0 
nomask 5.665546e+27 0 25990585881413872792095885885440 246 352 
nomask 4.6461005e+30 5629971018815985278280168086962176 0 0 352 
nomask -1.21895904e-26 4540968549651032828272208510976 507034064429445464647790544027648 246 0 
nomask 1.4204753e+30 0 1677259523428517042662987593154560 246 352 
nomask 1.19123576e+30 22147328815024153686056946892800 0 0 352 
nomask -7.650294e-28 19065436138941184687331657430073344 127630039193202289636397541228544 246 0 
nomask 5.7218254e+30 0 27169518485975472022215661551878144 246 352 
nomask 2.9781378e+29 88220722445089778035943742564728832 0 0 352 
nomask -4.801309e-29 4747021768173122496956269093453824 2014192526657159839524167937425408 246 0 
nomask 3.586109e+32 0 422794270915749011059401948135424 246 352 
