mask 0.99609375 79 70 281 364 
nomask 0.02734375 291 194 307 227 
mask 0.00390625 18 323 34 351 
nomask 1.4304566e+30 0 7992839437882477339842868936704 327 433 
nomask 2.9781378e+29 30001645463303123783122944 0 0 433 
nomask -4.7418375e-29 1590444884448573080847643658158080 619320329170745503834544839589888 327 0 
nomask 2.2571634e+31 0 130021241328332360894718412849152 327 433 
nomask 1.1912359e+30 464508071809248572049860761485312 0 0 433 
nomask -1.2052576e-29 21968262690493794783068160 156986839389233573123400140849152 327 0 
nomask 9.028902e+31 0 7336012370352214823141376 327 433 
nomask 4.8044804e+30 30040614097105081851421239803904 0 0 433 
nomask -1.9046235e-28 377260103161680944447411453952 158907875991461785789005824 327 0 
nomask 9.06439e+28 0 8093214850994329408581268406272 327 433 
nomask 1.9217918e+31 120781763722900859642707968 0 0 433 
nomask -4.781357e-29 6086665164220771432334037614592 629865762281647024391661289472 327 0 
nomask 1.4404375e+30 0 117885475239705643262672896 327 433 
nomask 7.383568e+28 117730393712844703501452450988032 0 0 433 
nomask -1.9204621e-28 24245073005211531298366927405056 39641894849050131102604872399192064 327 0 
nomask 5.682367e+30 0 8389569012722866086373713992744960 327 433 
nomask 4.784673e+30 1870935491008970717477250980118528 0 0 433 
nomask -7.586817e-28 1430578966254319188622442496 39729975988286246944243712 327 0 
nomask 3.6009e+29 0 129489343756389697999569703403520 327 433 
nomask 4.784672e+30 7581788349635411114584965120 0 0 433 
nomask -1.896735e-28 6111967107987506290076273344512 156974227157283647915663533539328 327 0 
nomask 5.642753e+30 0 7642564981450250050150072320 327 433 
nomask 1.9138384e+31 118540006498537342201236478230528 0 0 433 
nomask -3.0006739e-30 1436732164529329280517144576 10012690020490749024905631629312 327 0 
nomask 5.682833e+30 0 129485131499934307933431990845440 327 433 
nomask 4.744982e+30 1849670921060080154839130755200712704 0 0 433 
nomask -1.9362083e-28 6335771122372659319143752886386688 615200529699766562565998694629376 327 0 
nomask 3.5650495e+26 0 134233112579003935672130346248306688 327 433 
nomask 7.655351e+31 7533730725953886327328997376 0 0 433 
nomask -4.630475e-32 392772420867966355736797906993152 2486092418631486662804896743424 327 0 
nomask 8.913808e+25 0 7992844038648023275594718380032 327 433 
nomask 1.1714478e+30 467733922167085556117280261144576 0 0 433 
nomask -1.1556657e-29 374103898971317406906974208000 632235581853018849765851129708544 327 0 
nomask 8.973545e+25 0 32104323965376826752933142986752 327 433 
nomask 1.8742236e+31 119365506156214855372576936427520 0 0 433 
nomask -7.681232e-28 97383492431298950234415449505792 625793062381150342726715179008 327 0 
nomask 5.607872e+24 0 128951246397275800793484321882112 327 433 
nomask 1.898023e+31 116952542317411094557789406625792 0 0 433 
nomask -7.377585e-31 425362033999504600766296586968589402112 606556423271871260396077837189120 327 0 
nomask 1.4164614e+27 0 491193640664947228588382355456 327 433 
nomask 2.9410475e+29 117736743520154365615278271758336 0 0 433 
nomask -1.9203388e-28 389534142677145869555548104425472 39089773407772126918576228439949312 327 0 
nomask 8.940596e+28 0 2071763150928708713203777149075456 327 433 
nomask 4.479482e+27 119371818902392359925427120111616 0 0 433 
nomask -1.2240274e-26 6010864339461679948538302169088 2469604808503368240093775003648 327 0 
nomask 3.575947e+29 0 32238856484294049384679998488576 327 433 
nomask 2.9781378e+29 29841376539053713843144234106880 0 0 433 
nomask -1.8887849e-28 387921093961120185651919564308480 2452853165552530282290404655104 327 0 
nomask 9.028404e+31 0 126275326647817090894690940616704 327 433 
nomask 2.9781381e+29 115323730266507728052523225841664 0 0 433 
nomask -4.8211073e-29 92736893534811906826517348352 39369588418529722570741500256190464 327 0 
nomask 8.965272e+31 0 8092953629750554612004038901760 327 433 
nomask 1.929684e+31 29729338858777377697370556887728128 0 0 433 
nomask -3.0095325e-27 97788311177855988771299342155776 9879208520902686827136826736640 327 0 
nomask 9.0636635e+28 0 32506353172273502327432143699968 327 433 
nomask 1.1961872e+30 472559498922097960841367257088 0 0 433 
nomask -1.904685e-28 24346660656883085729336150458368 39634496905211213700524933120 327 0 
nomask 3.6255625e+29 0 128953348435934121661440423100416 327 433 
nomask 4.5955376e+27 116939805641659612769162127998976 0 0 433 
nomask -7.6504173e-28 381444290505264829549582378598400 154859478117347874789119586467840 327 0 
nomask 2.272885e+31 0 33147142546504357417017832925822976 327 433 
nomask 2.9780894e+29 469101944024497569605118354215927808 0 0 433 
nomask -1.213871e-26 394379144484103815900584384397312 9773789703614116871404827185250304 327 0 
nomask 9.001765e+28 0 32372346163020859912674313502720 327 433 
nomask 1.1912357e+30 29840588989995365672411946024960 0 0 433 
nomask -7.58694e-28 6137168677854647753509491965952 156982651670194428047938958655488 327 0 
nomask 2.2350878e+28 0 7992841993863336193038340849664 327 433 
nomask 1.8150041e+28 1877785648310181342848156172288 0 0 433 
nomask -1.9282582e-28 6310064335151945984490649505759232 627930541247667725549951753650176 327 0 
nomask 5.6031385e+30 0 32505833796962983358112250986496 327 433 
nomask 1.1664966e+30 116946155448969274882987948769280 0 0 433 
nomask -7.7357056e-25 6258149891863120597785699403431936 38716979747134037895461507956736 327 0 
nomask 1.4018197e+24 0 8389567965793106300104848697196544 327 433 
nomask 2.928668e+29 29109994565372341427645539141287936 0 0 433 
nomask -7.439454e-31 98191542472585611779726779613184 39254058803473767988470879354880 327 0 
nomask 2.225984e+19 0 8389700925872599156250741231845376 327 433 
nomask 4.4215258e+27 474236273096708190918823278280704 0 0 433 
nomask -7.395644e-28 97789898629683404299755797348352 2494435522529519977263263243042816 327 0 
nomask 3.552236e+23 0 1998210754063919933579132403712 327 433 
nomask 1.8267175e+31 118549543563212554558967088414720 0 0 433 
nomask -3.0680798e-24 380416789918869450229718974464 616671378070166448275154255327789056 327 0 
nomask 1.3781151e+21 0 32104323965376826752933142986752 327 433 
nomask 2.9039571e+29 116955692513644487240718558953472 0 0 433 
nomask -1.17540625e-29 6361679126833566771520581887066112 2443513644210835699356936739749888 327 0 
nomask 8.822015e+22 0 33421590995313288654979599760883712 327 433 
nomask 1.1102365e+27 471086571011744275469346111750144 0 0 433 
nomask -7.6808624e-28 6335872323970870898981225889792000 39091925895358247487363276087492608 327 0 
nomask 2.2041997e+28 0 503740375605364323191021895680 327 433 
nomask 4.3635012e+27 29521268372854369551526061886406656 0 0 433 
nomask -1.2239682e-26 97789923337104842673739555405824 39096226682811449479861910200385536 327 0 
nomask 8.87797e+28 0 8389701972802358942519606527393792 327 433 
nomask 1.18630334e+30 1858134477132063402996266371645440 0 0 433 
nomask -4.7416064e-29 6309963133553734404653176502353920 627981121041687399664506344833024 327 0 
nomask 2.273008e+31 0 8286920167100221889803648709427200 327 433 
nomask 1.1961876e+30 458107317796580531069530876674048 0 0 433 
nomask -1.20525764e-29 25136230004021140144715153100767232 153791626120643377206969147326464 327 0 
nomask 3.5862082e+32 0 2054610777209250377249207531601920 327 433 
