mask 0.97265625 643 441 1040 968 
mask 1.2400088e+33 626624862374626243469478199296000 0 0 1704 
mask -7.650171e-28 538690509160639321468521498273644544 615724534022666584922523697152 1752 0 
nomask 1.420553e+30 0 509575883251226920820322085109760 1752 1704 
nomask 2.978138e+29 161436053719344587432345468928 0 0 1704 
nomask -1.2002888e-29 526107344207250445928358387646464 155491262486225956955120902078464 1752 0 
nomask 9.028654e+31 0 507474673462671126144348774727680 1752 1704 
nomask 4.7847507e+30 623861901878071463990642013156409344 0 0 1704 
nomask -1.20525764e-29 130442425398156852324133207277568 9750522913135796495878358424354816 1752 0 
nomask 2.2572258e+31 0 31717674046903614406174779113472 1752 1704 
nomask 1.9217612e+31 628251628901282157269117452085624832 0 0 1704 
nomask -7.563915e-31 33669247612128479479394347530584064 154465490363882354892754856706048 1752 0 
nomask 5.656963e+33 0 8153082806407845995957905029857280 1752 1704 
nomask 1.2501503e+33 40096314952349183546253901824 0 0 1704 
nomask -1.8987124e-31 130442425398156852324133207277568 613494097357689019179941329108992 1752 0 
nomask 3.5864075e+32 0 120817224208016714748414394368 1752 1704 
nomask 7.7501797e+31 159879803295706408704459940036608 0 0 1704 
nomask -7.563915e-31 521769734686971721247006486691840 38999973962677857202212550792445952 1752 0 
nomask 1.424382e+33 0 8220320489636833113924994112421888 1752 1704 
nomask 3.112699e+32 40102923700805953307568305803886592 0 0 1704 
nomask -7.594489e-31 528259337040479337428416286687232 617845481378756432946109832232960 1752 0 
nomask 3.5357003e+32 0 530412226783027355939546675288211456 1752 1704 
nomask 1.2450797e+33 10061327044745286774593421312000 0 0 1704 
nomask -4.7467058e-32 2087045314894065943306789843894272 9681958583726583954606046977196032 1752 0 
nomask 8.792681e+25 0 501154564020230755491519248990208 1752 1704 
nomask 1.1664963e+30 39967816238718481370564070998016 0 0 1704 
nomask -3.0004332e-30 124220518218709478484712882176 621981658772276603403400309112832 1752 0 
nomask 2.2199167e+28 0 7863626452301715634295207362560 1752 1704 
nomask 1.8504557e+31 40098564778527937686781918420402176 0 0 1704 
nomask -5.0776237e-26 2104327975758029967462146720661504 2454572504707778952292667058290688 1752 0 
nomask 3.256119e+32 0 8287957299725166001714112438992896 1752 1704 
nomask 7.591854e+31 635249579445763656409380531732480 0 0 1704 
nomask -1.2446808e-29 33669251848204551409054975701024768 38728897299858193455730856759918592 1752 0 
nomask 8.507788e+28 0 125816003461793260869986839166976 1752 1704 
nomask 4.646103e+30 39968879394529502779530320805888 0 0 1704 
nomask -3.0126626e-30 128817881950985749485611428872192 155499502524612450267575699374080 1752 0 
nomask 8.792205e+25 0 503255677245836708448987229716480 1752 1704 
nomask 4.7774143e+33 2558009075514151664701308313534464 0 0 1704 
nomask -1.1903511e-29 8085137056591904807092255457280 9851079553691631229200815357952 1752 0 
nomask 8.879182e+28 0 8186963784243509873443917810106368 1752 1704 
nomask 1.2349383e+33 2523715392164336105878375989510144 0 0 1704 
nomask -1.9283198e-28 8486718420942160385618423989665792 9570341825356196951819597441862205440 1752 0 
nomask 2.2571003e+31 0 31717165079688823681552937385984 1752 1704 
nomask 1.19616825e+30 10023279296174859035803522808414208 0 0 1704 
nomask -1.1953584e-29 1995934384229369544620969558016 2471183134588951580621467344175104 1752 0 
nomask 1.4404767e+30 0 7764874239331554417227530764288 1752 1704 
nomask 7.6869195e+31 160955700429287918603067916812288 0 0 1704 
nomask -1.2189984e-26 32204999997255428578981378523136 155507806938298838059034049773568 1752 0 
nomask 2.2727607e+31 0 509583994539013625174769776197632 1752 1704 
nomask 2.978138e+29 10196350935339784958664052310016 0 0 1704 
nomask -4.8012323e-29 2095720136802491649263809754824704 154444793704966279893112533811200 1752 0 
nomask 2.2729471e+31 0 2029865862447738320285583015936000 1752 1704 
nomask 1.1961875e+30 2477680216699486992671190260499087360 0 0 1704 
nomask -1.20525764e-29 2021284522697541138886139314176 39005276427379565648777212852174848 1752 0 
nomask 3.5862082e+32 0 32111125821218061563547044806656 1752 1704 
nomask 4.8242103e+30 639468314081273854989354399694848 0 0 1704 
nomask -7.563915e-31 1987461327162032943468864602112 625371361213136761018908672 1752 0 
nomask 5.6571217e+33 0 7863883450569263124692204519424 1752 1704 
nomask 1.2501503e+33 40242126985134160859093350219776 0 0 1704 
nomask -1.8986823e-31 130984610041019536934065366106112 156562531851769982053248103612416 1752 0 
nomask 1.434563e+33 0 31454509832663105942118551519232 1752 1704 
nomask 7.750304e+31 2488740494831203358505676006490112 0 0 1704 
nomask -7.5331005e-31 8348180730066754782019580854272000 9751049245587733756211408601612288 1752 0 
nomask 1.4345232e+33 0 528252216080545544985895931404615680 1752 1704 
nomask 3.1126989e+32 40379463218933665412696528513925120 0 0 1704 
nomask -1.8986524e-31 2063479294596148118573404913664 39136529037574222476835515531264 1752 0 
nomask 3.5611527e+32 0 1998802139855492466580830289920 1752 1704 
nomask 1.2501503e+33 40356936953642745668699160576 0 0 1704 
nomask -1.8986524e-31 32611129653858645797898012327936 2462510626961223401625738018816 1752 0 
nomask 8.731998e+25 0 505373367111165489749870134689792 1752 1704 
nomask 7.528588e+31 2523715127409581610274586728857600 0 0 1704 
nomask -2.9756372e-30 521769635403938785395585513947136 2471315747706734207368786738151424 1752 0 
nomask 5.5883263e+27 0 2038270057848962554199440726425600 1752 1704 
nomask 1.1466699e+30 9956049591856281374388986786611200 0 0 1704 
nomask -2.0739336e-28 540920345716294519385905392896704512 38735254489473373046289732873486336 1752 0 
nomask 2.0353221e+31 0 513786510679075056245221726617600 1752 1704 
nomask 7.528595e+31 2523240157380016497076653118193664 0 0 1704 
nomask -3.111654e-30 8186536576266331435700632682496 39138572953345872185198326579200 1752 0 
nomask 2.0671362e+31 0 126868636178017834296585417129984 1752 1704 
nomask 7.4335205e+31 645777179946907831646501732352 0 0 1704 
nomask -3.0125663e-30 135230035596160766690548810178887680 155491246392400983335370013802496 1752 0 
nomask 2.1980508e+25 0 1965939806589436999310008909824 1752 1704 
nomask 1.902821e+34 158795384368464571558885136007168 0 0 1704 
nomask -1.9203388e-28 32205006202444987069695189319680 2420622259049428615398831138275328 1752 0 
nomask 8.817041e+28 0 2021427805638769590415856372809728 1752 1704 
nomask 3.0747189e+32 39548768701228258963512305091870720 0 0 1704 
nomask -4.8207224e-29 34084592752943146739156145156390912 611123765340418357140034196927938560 1752 0 
nomask 8.965265e+31 0 126866600309158671398098050220032 1752 1704 
nomask 1.1912359e+30 40243186004152143274250392829952 0 0 1704 
nomask -1.2052384e-29 521769734686971721247006486691840 9681697992512611103599664012722176 1752 0 
nomask 5.6826785e+30 0 126870720328351918054325448867840 1752 1704 
nomask 7.7184875e+31 39542240908001415356484294442745856 0 0 1704 
nomask -7.5871856e-28 130442450218915086286988450463744 152772470575643274159805017612091392 1752 0 
nomask 2.272761e+31 0 131525111354112556836174996204158976 1752 1704 
nomask 2.9904688e+29 626607918070338524826965517533184 0 0 1704 
nomask -4.7815108e-29 134674838521869377649978279538458624 613642933051045054636156105261056 1752 0 
nomask 9.028158e+31 0 130447231932775366633962961964630016 1752 1704 
nomask 1.2011199e+30 9956596045669560300610020773462016 0 0 1704 
nomask -3.0008661e-30 134677015864970349495541159144980480 2420821049975502766561803123032064 1752 0 
nomask 1.4243819e+33 0 32476799074250341980575114201137152 1752 1704 
