mask 0.99609375 69 87 140 182 
mask 3.0150822e+29 318661353728858329401891225600 0 0 225 
mask -1.18551686e-29 66728466446572506650237101670400 20394877030460511538870694707200 225 0 
nomask 2.2729476e+31 0 17651537497881068880324952955289600 225 225 
nomask 2.9904684e+29 5203171510962290491082460364800 0 0 225 
nomask -2.9761183e-30 269146543990993000422241311129600 5113431983065060765462468283596800 225 0 
nomask 9.028161e+31 0 16682661690794411891358066278400 225 225 
nomask 4.8242094e+30 80112540108345223420008506327040000 0 0 225 
nomask -3.0008661e-30 64082868272364504458723328000 5150342966635825604156055984537600 225 0 
nomask 3.586209e+32 0 16682383307290246725772718899200 225 225 
nomask 1.2109849e+30 322996519364271996385257062400 0 0 225 
nomask -7.4406554e-31 1063181062459466166816694547251200 323926483259002598719488000 225 0 
nomask 1.4242632e+33 0 4083689968864359010899119308800 225 225 
nomask 7.8134375e+31 80751246604950457267362201600 0 0 225 
nomask -1.8755713e-31 1089903634790769403354637402112000 321817791012279982336222691328000 225 0 
nomask 9.028411e+31 0 258499006100955852310786867200 225 225 
nomask 3.0027511e+29 5113431983065060765462468283596800 0 0 225 
nomask -1.1855361e-29 4153325158606620297032368128000 1296429003806291923086260305920000 225 0 
nomask 3.58601e+32 0 70320937310738825131293111484416000 225 225 
nomask 7.5378267e+28 5150342966635825604156055984537600 0 0 225 
nomask -4.741991e-29 4170663297633685681499170406400 5216959662636742026146611200 225 0 
nomask 5.7219825e+30 0 16682930511506449245911855923200 225 225 
nomask 1.20607155e+30 323926450833085281651916800 0 0 225 
nomask -1.1904473e-29 4083689703231244349481576038400 317534491881958336679116800 225 0 
nomask 2.257102e+31 0 4031464639090121691969355776000 225 225 
nomask 1.19616825e+30 321817757011241305674777152716800 0 0 225 
nomask -1.200308e-29 16020713955203063676193996800 82140975773769425771023250227200 225 0 
nomask 2.2572258e+31 0 67285522463731589443218938265600 225 225 
nomask 1.9296529e+31 1287550788591196793073000303820800 0 0 225 
nomask -1.9283813e-28 282420178199019279617529841975296000 1287585741658956401039013996134400 225 0 
nomask 2.2412559e+31 0 4359615627196315266584806844006400 225 225 
nomask 1.929653e+31 1312706971189018190728396800 0 0 225 
nomask -1.200308e-29 4153391832518400312835728998400 5166715491039928224608944128000 225 0 
nomask 5.6826773e+30 0 3954309487935765922971648000 225 225 
nomask 1.1912358e+30 80211471814923623650138521600 0 0 225 
nomask -1.1953584e-29 4252725881887721147016164042342400 1283417682894011970556526592000 225 0 
nomask 5.6826785e+30 0 4306135801474258598834471750860800 225 225 
nomask 4.7845953e+30 20673963931113300557872653926400 0 0 225 
nomask -4.7617125e-29 67285518213601754860538245939200 82385446429451997501456384000 225 0 
nomask 1.4403991e+30 0 1085464527183221838348007401062400 225 225 
nomask 1.9296835e+31 1296498909941811139018287690547200 0 0 225 
nomask -1.18547864e-29 4359615355188005853293242535116800 80114777104681838329833382635110400 225 0 
nomask 3.5860098e+32 0 16020716030461771968518553600 225 225 
nomask 4.8438617e+30 81553301821282009346333894246400 0 0 225 
nomask -1.1904666e-29 3954310006750442996052787200 20532511109958719779070646681600 225 0 
nomask 9.09179e+31 0 67006994455152048046728019968000 225 225 
nomask 4.8636685e+30 20532504734763967905049608192000 0 0 225 
nomask -4.7420677e-29 66729545979550490651132952576000 5168217911936453202233681510400 225 0 
nomask 2.2728855e+31 0 67286631747618415522879635456000 225 225 
nomask 3.0027995e+29 327365752446640990168547328000 0 0 225 
nomask -2.9885404e-30 1085464527183221838348007401062400 20312233561836399402761417706700800 225 0 
nomask 2.272886e+31 0 16682662753326870537028239360000 225 225 
nomask 4.8242094e+30 80687456871121156470331775385600000 0 0 225 
nomask -3.0008182e-30 259582789208774435887330099200 81828359819858365382338924039372800 225 0 
nomask 1.4243422e+33 0 16890739547235910772692982169600 225 225 
nomask 4.82421e+30 326291919689664508631757461913600 0 0 225 
nomask -7.5332204e-31 258498906488537854279208140800 20731832420581614030107443200 225 0 
nomask 1.4243424e+33 0 259586972930330353213636608000 225 225 
nomask 3.1253754e+32 327357218982832492129969766400 0 0 225 
nomask -4.727522e-32 67564071722960303753113318195200 20393238605409279915463802880000 225 0 
nomask 9.029154e+31 0 1033996024403823409243147468800 225 225 
nomask 4.8242094e+30 5113711607607137629190577822105600 0 0 225 
nomask -2.9884922e-30 16752022747162342594586660044800 20599698471423791846920595649331200 225 0 
nomask 3.586209e+32 0 17651261137438704976095615123456000 225 225 
nomask 1.2060524e+30 20600819145658574608165548274483200 0 0 225 
nomask -4.7616355e-29 4395057493887938917539562232217600 81572996922935465488662134784000 225 0 
nomask 2.2571636e+31 0 67564084473349807501155395174400 225 225 
nomask 1.9296839e+31 5217092998008749807999385600 0 0 225 
nomask -1.9204929e-28 67286601996709573444114789171200 20729163637882750100727398400 225 0 
nomask 2.2196747e+28 0 4153256359629922989888661094400 225 225 
nomask 7.623538e+31 20394330888776767664401730764800 0 0 225 
nomask -2.9882035e-30 269142174857523049426489599590400 1296429139810446629732042460364800 225 0 
nomask 1.4108435e+30 0 271361745661816170260527369420800 225 225 
nomask 1.8742243e+31 81828351115592464157008866154905600 0 0 225 
nomask -1.2249018e-29 4395058853929485983997383776665600 322767793089304754962566575082700800 225 0 
nomask 5.405532e+30 0 67841532948951364896750462566400 225 225 
nomask 1.2349388e+33 320441247265098038942054751613747200 0 0 225 
nomask -1.9062657e-31 1085446982647264681042109477683200 324116023219551559424514038169600 225 0 
nomask 8.818249e+28 0 4306135801474258598834471750860800 225 225 
nomask 3.0620424e+32 81843563176577538882482995200 0 0 225 
nomask -1.8907682e-31 17437903259701107338883008299008000 1287340934180484438631135995494400 225 0 
nomask 5.564301e+30 0 16543396623972182547442434048000 225 225 
nomask 3.0113367e+32 1296394050738532315120246613606400 0 0 225 
nomask -1.8831849e-31 16821386991127649234825773056000 5149644449297252271418910756044800 225 0 
nomask 5.6037604e+30 0 16821384866062731943485426892800 225 225 
nomask 1.24507955e+33 320485952374766732237232046237286400 0 0 225 
nomask -7.5018046e-31 17509209693997182895883455089868800 20316150481491950801287465716940800 225 0 
nomask 3.586307e+32 0 1085447254655574094333673786572800 225 225 
nomask 1.9454676e+31 82138782706774781107786009804800 0 0 225 
nomask -7.5021653e-31 279002047796671697405118843243724800 79539851637640004054180055692083200 225 0 
nomask 3.586308e+32 0 268028147825801575494139772928000 225 225 
nomask 1.9454676e+31 20171862041713813811250429375283200 0 0 225 
nomask -1.1904473e-29 66729571480329498147217106534400 5079036532339750047155609193676800 225 0 
nomask 3.6114622e+32 0 17438178532110233589946088895283200 225 225 
nomask 1.9296839e+31 5114550481233368220374906437632000 0 0 225 
nomask -3.0009143e-30 17438179620143471243112346130841600 1296429139810446629732042460364800 225 0 
nomask 9.092039e+31 0 1085447254655574094333673786572800 225 225 
nomask 1.9375756e+31 5114411756995567441677108903936000 0 0 225 
nomask -7.53298e-31 4359614811171387026710113917337600 20314479262438915537916351899238400 225 0 
nomask 1.424382e+33 0 271361796663374185252695677337600 225 225 
