mask 0.99609375 81 110 265 366 
mask 1.8458918e+28 115213266067560920241099432263680 0 0 433 
mask -1.2189984e-26 22592338423235809124464721920 39636549677338480173138313216 320 0 
nomask 1.4303403e+30 0 513669118012919241405126206816256 320 433 
nomask 1.8536593e+28 7274791547335192432439459840 0 0 433 
nomask -1.8888157e-28 6005791600539388652150209904640 2452590666318326059115439194112 320 0 
nomask 2.272885e+31 0 2006553603386259706259229900800 320 433 
nomask 7.4453444e+28 28797876350701964228988680273920 0 0 433 
nomask -1.9205543e-28 4481563361280 9971491371130362138445479936 320 0 
nomask 9.028406e+31 0 460481697557554755796992 320 433 
nomask 2.990469e+29 7349384200672714925486311997440 0 0 433 
nomask -7.6498014e-28 1470547378396178611760445521920 9974314931235376527818358784 320 0 
nomask 2.2350876e+28 0 129489360114667194660020723646464 320 433 
nomask 4.7648657e+30 7371318193984573877371535360 0 0 433 
nomask -4.8207227e-29 23726444626676790987388019015680 157486952316804052991577423872 320 0 
nomask 5.6267073e+27 0 7544543614728241498566950912 320 433 
nomask 1.822741e+28 115200838310135281853183452774400 0 0 433 
nomask -7.5865703e-28 366095629461862901179943485440 2477551424561006872705425609850880 320 0 
nomask 9.002492e+28 0 134777691938292439575253401076760576 320 433 
nomask 1.1763804e+30 118342708704280376770560 0 0 433 
nomask -3.0220065e-27 19873291966150082560 2601956970 320 0 
nomask 9.063904e+28 0 125932945279931607330311897088 320 433 
nomask 1.1912355e+30 29483764570142829016546017280 0 0 433 
nomask -3.034776e-27 96091142362097504001643228692480 9840783785872600002363954623938560 320 0 
nomask 1.4304177e+30 0 122802483760730604427378950144 320 433 
nomask 1.921761e+31 29201010799139756546732075253760 0 0 433 
nomask -1.1903897e-29 87498700572165052720742400 10012163488433825266638417559552 320 0 
nomask 1.4305732e+30 0 2006552069797744394341946753024 320 433 
nomask 2.96571e+29 29202573335761608454940382986240 0 0 433 
nomask -1.18544005e-29 6174887857000589522825117192683520 9879994740614870070063987163136 320 0 
nomask 5.7042327e+27 0 452518419818958060257280 0 433 
nomask 7.71861e+31 1 0 0 433 
nomask -1.9045927e-28 373820216824384508990020648960 160058116495047684784128 320 0 
nomask 3.5891332e+26 0 1926935748141504507362148352 320 433 
nomask 1.9217603e+31 29091340240348481170623752191344640 0 0 433 
nomask -7.285021e-31 1470572123596548848701365288960 2494771063517531476434590466310144 320 0 
nomask 2.26634e+28 0 128419389721026879549463163043840 320 433 
nomask 1.11988914e+27 7399483597794819676772604313600 0 0 433 
nomask -4.7614814e-29 23825083906613697618325232680960 635631379162094269464838144 320 0 
nomask 1.4356916e+27 0 2014928658067421029202273501184 320 433 
nomask 1.9217603e+31 29007606846517808171362581217280 0 0 433 
nomask -4.8352104e-26 5179538914099278643200 9807209607285822934527604948992 320 0 
nomask 3.6371113e+26 0 0 320 0 
nomask 2.9781366e+29 1894646826024304640 0 0 433 
nomask -7.5234624e-28 5720431629261396719981035520 159097400710130201174482905726976 320 0 
nomask 9.064148e+28 0 129487249896870125461839112306688 320 433 
nomask 1.7499153e+25 1843710716687321183508242376949760 0 0 433 
nomask -1.2189787e-26 23726450671305889060533892546560 39247769045776302045053595942912 320 0 
nomask 3.6006095e+29 0 2006585936544124199181949599744 320 433 
nomask 7.414516e+28 29484517197301036366251950080 0 0 433 
nomask -7.4920317e-28 23924128176700175150035972915200 9942532435484602974314375938048 320 0 
nomask 9.091292e+31 0 1826079760581883135524864 320 433 
nomask 2.990469e+29 28993619574784866911811230760960 0 0 433 
nomask -1.9205236e-28 3775 637488011063328768 320 0 
nomask 9.028407e+31 0 5837064727 320 433 
nomask 1.20112e+30 116785449917453353190221320028160 0 0 433 
nomask -1.9362391e-28 94905778506707163949552076062720 158550336203369189302723411968 320 0 
nomask 5.6652424e+27 0 130025412689094009309728574799872 320 433 
nomask 1.905946e+31 115231943971473966261848642682880 0 0 433 
nomask -1.2002503e-29 24023169424472103645173776384000 156991027108272718198861323042816 320 0 
nomask 5.643062e+30 0 1981525055419240388218937409536 320 433 
nomask 1.8381853e+28 115993132024536121375410639339520 0 0 433 
nomask -1.9204313e-28 5599823496093550403796336640 156991076183105208180214383771648 320 0 
nomask 1.4205918e+30 0 33558269769312905627881664197689344 320 433 
nomask 1.9059153e+31 1869964281006461634478080 0 0 433 
nomask -7.5866935e-28 18183263354880 2550073158572965888 320 0 
nomask 9.00225e+28 0 2014958563043469611589294882816 320 433 
nomask 4.804479e+30 117170436311497477461408481280 0 0 433 
nomask -7.618494e-28 384358331391160804520031430901760 9811675417042411237656131272704 320 0 
nomask 3.526623e+29 0 2054643624630463671434856179433472 320 433 
nomask 1.9059156e+31 7301417046464955476406907699200 0 0 433 
nomask -2.9882037e-30 382779982019588336962118541639680 2494636533043398940885399988338688 320 0 
nomask 5.643219e+30 0 130023310650435688441772473581568 320 433 
nomask 1.8821472e+31 1843760427717023737059906294906880 0 0 433 
nomask -1.9519544e-28 99202300289333162621435821707755520 2460734591829560035922183215644672 320 0 
nomask 5.570389e+24 0 128417328578062300332634612432896 320 433 
nomask 3.0620911e+32 115607828854148326208422543360 0 0 433 
nomask -4.5406824e-35 1482901466904684233211091353600 10259845991197122232320 320 0 
nomask 1.3834853e+24 0 7892468114339999436217224527872 320 433 
nomask 4.6659072e+30 114855307949186841069507051520 0 0 433 
nomask -2.9013458e-30 24294299376741896004509491464765440 9878676876884045362478668840960 320 0 
nomask 2.2435043e+25 0 1964774946056917742332850208768 320 433 
nomask 8.05902e+37 457733600442342876427152900751360 0 0 433 
nomask -3.0850651e-27 5907048428539858889018294927360 9841861076595420073026343743258624 320 0 
nomask 3.5049192e+23 0 32238852394724675219567243427840 320 433 
nomask 1.898023e+31 7223520171197138062679987810467840 0 0 433 
nomask -1.8086913e-34 398425430913822857265046085435392000 9842936273458720571151002271481856 320 0 
nomask 1.4166887e+27 0 33284367817838582822267581638901760 320 433 
nomask 1.8227107e+28 29486028354575554652720332800 0 0 433 
nomask -1.8965809e-28 1518443615504202192174175087493120 2460128681231083732816393416998912 320 0 
nomask 5.6267085e+27 0 7925971400241675351823965224960 320 433 
nomask 7.1978773e+28 114433388021327522960496478126080 0 0 433 
nomask -1.2240273e-26 5857530826968443678022329958400 154851119037547081298648242323456 320 0 
nomask 9.001765e+28 0 33284355254681465387041198092320768 320 433 
nomask 2.978089e+29 7223320553365803295110660326686720 0 0 433 
nomask -4.702164e-29 6149633880199167765217175058513920 39786937872066230510680803377152 320 0 
nomask 9.091787e+31 0 8287054174109474532218406539624448 320 433 
nomask 1.20112e+30 1775884639288289613701133107200 0 0 433 
nomask -4.8012323e-29 374863331289841937811555148103680 9582735668368998012932849664 320 0 
nomask 9.028655e+31 0 124129112461116491390609556242432 320 433 
