mask 0.99609375 85 65 259 333 
mask 4.784595e+30 474198124838007341487900837543936 0 0 433 
mask -4.8210306e-29 1502740406233398386524837380096 39635531278715030853067472896 327 0 
nomask 2.2730093e+31 0 1998210498465834048259585212416 327 433 
nomask 4.80448e+30 29932603746404953853691691008 0 0 433 
nomask -2.9760703e-30 6061466682781309765648788750336 614948023328328111844050224545792 327 0 
nomask 3.5863077e+32 0 30308533476434570921453289472 327 433 
nomask 1.9296841e+31 29233363958587487663834076807168 0 0 433 
nomask -1.2151568e-29 84311384009738557587456 10011636956376901508371203489792 327 0 
nomask 3.5862082e+32 0 7642432190257192442729070592 327 433 
nomask 7.750304e+31 119362318898849305128672147013632 0 0 433 
nomask -3.0473483e-27 24144262093101445749512098283520 9945424783424481250310392643584 327 0 
nomask 2.2660363e+28 0 32506351127488815244875766169600 327 433 
nomask 4.7649424e+30 475734450833611514578464669696 0 0 433 
nomask -4.7615588e-29 377266473043770525240099078144 156974227157283647915663533539328 327 0 
nomask 3.6010935e+29 0 123321843096369205914799964160 327 433 
nomask 1.8381852e+28 1857575298770070122995854014939136 0 0 433 
nomask -7.650048e-28 22987723680597236642809380864 156995247543866856595224545722368 327 0 
nomask 1.4304953e+30 0 33284359442400504532116659274514432 327 433 
nomask 4.7648654e+30 30042189195221778192885815967744 0 0 433 
nomask -7.650048e-28 5771537304158705418818813952 2530859472198098323767296 327 0 
nomask 9.00225e+28 0 31971363885883970607040608337920 327 433 
nomask 1.1961874e+30 7460344134763428460786058526720 0 0 433 
nomask -1.1805098e-29 98597930140403987064579308912640 156991027108272718198861323042816 327 0 
nomask 2.2413794e+31 0 32104326010161513835489520517120 327 433 
nomask 3.0873956e+32 472584158086853838000938287104 0 0 433 
nomask -7.47075e-31 6036164739014574907906553020416 156982618953639434727036918169600 327 0 
nomask 2.241566e+31 0 128953307540240380010312872493056 327 433 
nomask 1.9059157e+31 7511141821133805422205632249856 0 0 433 
nomask -7.6250623e-31 25136223678921251920975311038054400 2486749561310297819360725565440 327 0 
nomask 5.5884774e+27 0 32372875762254814294776093868032 327 433 
nomask 1.2400089e+33 1895495155588683599613788160 0 0 433 
nomask -4.5785915e-35 24245857465842199672351245729792 2486223796047631717052153069568 327 0 
nomask 5.5121663e+27 0 127883378042293806550882862497792 327 433 
nomask 1.2197464e+33 7510943389655378481148575350784 0 0 433 
nomask -1.8598033e-31 6036164352961114933313056800768 39781686864989802505903305392128 327 0 
nomask 5.588781e+27 0 123323895868496472387413344256 327 433 
nomask -1.0883384e-38 118549506502080396997991451328512 0 0 433 
nomask -1.2100725e-29 24346265338140071745596021538816 158546230659114656357496651776 327 0 
nomask 8.693732e+28 0 123847328798628871155117719552 327 433 
nomask 3.0873958e+32 118952179466993531750574981120 0 0 433 
nomask -3.0376512e-30 98194735906806521617127508541440 38544105241533445295833266241142784 327 0 
nomask 3.551865e+29 0 1989835315985629782656768016384 327 433 
nomask 4.764866e+30 7510546526698524599034461552640 0 0 433 
nomask -1.2002311e-29 6010963169147433444473334398976 158050487308621428969638377553920 327 0 
nomask 3.5764325e+29 0 493287372385476823659199856640 327 433 
nomask 1.17638055e+30 478896807750993397202747916288 0 0 433 
nomask -7.681971e-28 5746928281111985115629617152 9972775352139926673358323712 327 0 
nomask 2.2570394e+31 0 123847304836308319406410170368 327 433 
nomask 1.1961876e+30 475746852801013198394530725888 0 0 433 
nomask -1.1904281e-29 23283817636269781699874783232 629800073573574497268033126400 327 0 
nomask 3.586208e+32 0 448555809256219678343168 327 433 
nomask 4.8044807e+30 7380518705772529519588981220573184 0 0 433 
nomask -1.2102071e-29 97385104590547804136855662755840 9911010787229303131579114716135424 327 0 
nomask 3.5862082e+32 0 32371822698140966778241665728512 327 433 
nomask 7.750304e+31 30041395469308070428657588371456 0 0 433 
nomask -1.2088617e-26 92738413620310556788408713216 158538003595725222634571431936 327 0 
nomask 9.125559e+28 0 497474963625578956460608454656 327 433 
nomask 1.1912355e+30 7581205499392129159951024128 0 0 433 
nomask -7.5869396e-28 6061364378614416498372290543616 39629364974893047518991482880 327 0 
nomask 1.4403213e+30 0 128417328578062300332634612432896 327 433 
nomask 1.1440677e+27 7509555141413309842936169496576 0 0 433 
nomask -7.61874e-28 87486991411292273035444224 625760090228071136505127501824 327 0 
nomask 1.4403213e+30 0 2063186309737879678808451530620928 327 433 
nomask 2.978089e+29 7433146699392495146944864022691840 0 0 433 
nomask -4.855484e-26 101785265779065347738149268326711296 154185030916478263458481255554744320 327 0 
nomask 9.001765e+28 0 520084932596774450257971610910720 327 433 
nomask 2.9781374e+29 29841376539053713843144234106880 0 0 433 
nomask -7.5551396e-28 24346665289524605424458105094144 9945684471079740734970339000320 327 0 
nomask 2.2196742e+28 0 495381231905049361389790953472 327 433 
nomask 2.9409997e+29 29839785998798618517939809157120 0 0 433 
nomask -1.2002118e-29 25343489295883483595924903559168000 9841593062576914788196828082864128 327 0 
nomask 5.603449e+30 0 8355531232372694913025225122643968 327 433 
nomask 4.6856387e+30 117755755880951194395780096983040 0 0 433 
nomask -1.9360849e-28 1558111072649659076270954102390784 9746251508586861305078858383360 327 0 
nomask 3.46824e+26 0 8321358921548391204127545774571520 327 433 
nomask 7.591971e+31 7240337996388982957175363404660998144 0 0 433 
nomask -4.4526987e-38 6310065521108175026441869892517888 155956791371823857843557483151360 327 0 
nomask 1.3647809e+24 0 8696031622973839540304089010009014272 327 433 
nomask 7.465205e+31 118571755535085652770365582082048 0 0 433 
nomask -2.9878667e-30 6335972734931596450851218635358208 623659198693959721863154078056448 327 0 
nomask 8.79244e+25 0 129487315329980112103643193278464 327 433 
nomask -7.1851455e-37 117265770652696080736882180227072000 0 0 433 
nomask -7.6172614e-28 1577516973255158277586077666508800 2431900240832883380362608974369914880 327 0 
nomask 2.1524786e+25 0 31970848600142825802833470685184 327 433 
nomask 1.8900699e+31 7329516262823837393372508535652352 0 0 433 
nomask -1.8984117e-31 101373976158833599054919140424810496 38822852383936058953755936597999616 327 0 
nomask 1.397156e+27 0 536932517319520369009728763908325376 327 433 
nomask 2.9286203e+29 117774817656590899924249438322688 0 0 433 
nomask -1.1952237e-29 6567108532510197709563454471299661824 154180709190429865740605315530883072 327 0 
nomask 8.879424e+28 0 8355533326232214485562955713740800 327 433 
nomask 1.1516412e+30 116439965611289589263102472439726080 0 0 433 
nomask -7.681725e-28 1577542273654711172545445917360128 2449602834769175948636947859086770176 327 0 
nomask 5.642597e+30 0 8695893863768327823901717960566243328 327 433 
nomask 4.7846733e+30 117278762407866492298517777039228928 0 0 433 
nomask -1.20026956e-29 25239857278039853786417587556450304 155935770985240649163996470968320 327 0 
nomask 2.2572248e+31 0 33147682762260407131752325428805632 327 433 
nomask 4.7846733e+30 116149229924185241223863684038656 0 0 433 
nomask -1.21018795e-29 25136633229139014408130084598710272 154863698552942013185482809147392 327 0 
nomask 8.965521e+31 0 511516892159238619185294883160064 327 433 
