mask 0.99609375 69 96 263 370 
mask 4.8044024e+30 116800948346460812736241053204480 0 0 433 
mask -7.713649e-28 364554083759027348544610631680 10040004637737926640976003072 320 0 
nomask 9.028157e+31 0 128417304040646055341958082068480 320 433 
nomask 2.990469e+29 1825160455695781898862156840960 0 0 433 
nomask -1.1953585e-29 1495282378454812554246550978560 39511570807826196808431543779328 320 0 
nomask 9.028903e+31 0 1998210498465834048259585212416 320 433 
nomask 1.1961876e+30 113641118485443075730852785684480 0 0 433 
nomask -4.8408288e-29 21497623694174639945154560 2519922358886924016792947916800 320 0 
nomask 9.028655e+31 0 497458445599278617684871217152 320 433 
nomask 4.82421e+30 29400652808990916408643053158400 0 0 433 
nomask -7.618617e-28 1482902505825310464533038366720 10039750038082064310958292992 320 0 
nomask 1.4304566e+30 0 8059713098681168804891810856960 320 433 
nomask 4.8044794e+30 1867008249355876789932523520 0 0 433 
nomask -4.7814337e-29 1476761540450986777897148088320 2502777606079994437525997355008 320 0 
nomask 5.682213e+30 0 123321843096369205914799964160 320 433 
nomask 7.445344e+28 29198686639251547422143702630400 0 0 433 
nomask -4.801309e-29 91525406716824036407341219840 627913921237731118531715186819072 320 0 
nomask 2.2571017e+31 0 8423873236696902865148420579917824 320 433 
nomask 2.978138e+29 468645194129412498791679918080 0 0 433 
nomask -4.7616355e-29 91523812918136067902081597440 161166176377128899051520 320 0 
nomask 1.4305343e+30 0 2006585297548909485883081621504 320 433 
nomask 4.824209e+30 29484523100259139953308467200 0 0 433 
nomask -4.7616358e-29 5981032044175043787508993228800 9944108964478343625281451851776 320 0 
nomask 2.2571634e+31 0 473586716846843347851018240 320 433 
nomask 7.7501797e+31 7348799382807476348623047884800 0 0 433 
nomask -7.5636747e-31 1405976522354164924405514240 10012427265658458916411118977024 320 0 
nomask 8.966018e+31 0 499552400968133362410292510720 320 433 
nomask 4.7648666e+30 29400643742047269298924242862080 0 0 433 
nomask -1.8754513e-31 24901584789838781258889349467996160 39519978962459480280255948652544 320 0 
nomask 9.003464e+28 0 32238862618648110632349131079680 320 433 
nomask 1.2450793e+33 473475183220487681474560 0 0 433 
nomask -3.0006739e-30 23825476807505072372807012188160 629849340104628892610754248704 320 0 
nomask 3.5765285e+29 0 122800423001163154038529720320 320 433 
nomask 1.2450793e+33 116011773660674578957284608573440 0 0 433 
nomask -4.6112157e-32 22785010975736890649183518720 158058895463254712441462782427136 320 0 
nomask 1.4208248e+30 0 7992839437882477339842868936704 320 433 
nomask 2.9409997e+29 7399482842216182417629370122240 0 0 433 
nomask -7.5016847e-31 367642794780813068693080637440 159934246454625912884297728 320 0 
nomask 3.5766267e+29 0 8026474612396470080335960342528 320 433 
nomask 3.1126983e+32 116036629175525855733116567552000 0 0 433 
nomask -7.681725e-28 1495282567349471869032359526400 154838506805597156090911635013632 320 0 
nomask 3.625658e+29 0 113135409426156125945856 320 433 
nomask 1.9296835e+31 116372439017305957639085096960 0 0 433 
nomask -1.1904089e-29 23528767121282504897885938647040 156995231185589359934773525479424 320 0 
nomask 5.7222926e+30 0 515805018305658196494839328014336 320 433 
nomask 1.8381852e+28 116816470953984664574844280504320 0 0 433 
nomask -1.9204929e-28 1470571840254559876522652467200 2502910005888483033051442446336 320 0 
nomask 2.2728852e+31 0 497466880336112833229928529920 320 433 
nomask 4.8044797e+30 7468222629952584893920706560 0 0 433 
nomask -4.7617125e-29 23924521077591549904517752422400 2493963880672736263139447598481408 320 0 
nomask 9.0917895e+31 0 122802483760730604427378950144 320 433 
nomask 1.20113936e+30 457708841641557168821654918266880 0 0 433 
nomask -1.2052768e-29 338851781719277866844160 2511521416209231885144886593191936 320 0 
nomask 3.5862082e+32 0 7495261959019044775395328 320 433 
nomask 4.8242103e+30 467228697257727312305963160043520 0 0 433 
nomask -3.047496e-27 5882191402531307594899867566080 2486421628966106954381679132672 320 0 
nomask 2.2728229e+31 0 8059844476097313859139067183104 320 433 
nomask 4.8044797e+30 117161322144185539046146048000 0 0 433 
nomask -1.9126043e-28 23726446137834065505674487398400 2502909239094225377092800872448 320 0 
nomask 5.6822125e+30 0 7992842505059507963677435232256 320 433 
nomask 1.8536292e+28 115999345903248940569368629084160 0 0 433 
nomask -1.9284736e-28 5857530449179125048450712862720 623676015003226288806802887802880 320 0 
nomask 2.2571015e+31 0 536915297418831404459432382727979008 320 433 
nomask 2.9780896e+29 7373850193580282769725034772561920 0 0 433 
nomask -1.912512e-28 22063195102867051763466240 158533993900752896684174868480 320 0 
nomask 3.5762383e+29 0 8126583692302829646106186481664 320 433 
nomask 1.921761e+31 7349967507380678984063107727360 0 0 433 
nomask -1.19533925e-29 1489116478985459315883932385280 10039746044361972352840368128 320 0 
nomask 3.526914e+29 0 31970838376219390390051583033344 320 433 
nomask 4.745137e+30 465574616994920998080830504960 0 0 433 
nomask -1.2150797e-29 1531095169277567640242976184074240 2494636533043398940885399988338688 320 0 
nomask 8.902385e+31 0 517949195886810461772768692142080 320 433 
nomask 7.560281e+31 1818407415712459149029972230799360 0 0 433 
nomask -4.80077e-29 396802887663132295046341301297479680 2443648698149848128040559865495552 320 0 
nomask 8.852413e+25 0 2097425624066809708913509793792000 320 433 
nomask 7.6553516e+31 114430365706778486387559712686080 0 0 433 
nomask -1.135189e-35 96089546580015612691132616540160 629997139697792078638917615616 320 0 
nomask 5.496459e+24 0 7959472130162492414235234009088 320 433 
nomask 1.8742549e+31 1867055288553264749289144320 0 0 433 
nomask -2.9385154e-30 1537408179907595233793291835146240 10011111446712321291382178185216 320 0 
nomask 8.852888e+25 0 30830979957704256034030223360 320 433 
nomask 4.995593e+36 115216385096175525984370174197760 0 0 433 
nomask -1.9281657e-28 91140091126612391293186211840 2460465530881294964823802259701760 320 0 
nomask 3.4924188e+26 0 517940689582512198338238165811200 320 433 
nomask 7.6236613e+31 28490020150815902342443564342968320 0 0 433 
nomask -4.668993e-32 1600166840751658541838239520018923520 9774323637791607868526127914942464 320 0 
nomask 8.880147e+28 0 534728336529580593411188283366440960 320 433 
nomask 1.18135166e+30 7350935403615007946546106859520 0 0 433 
nomask -1.20023104e-29 381201656826532261696789146501120 2460263473437656214932800218857472 320 0 
nomask 3.5516733e+29 0 31971374109807406019822495989760 320 433 
nomask 1.166477e+30 1843611488056047214745582494023680 0 0 433 
nomask -1.9283814e-28 91525412619782139994397736960 155919003750806572201700721950720 320 0 
nomask 5.682368e+30 0 2080305312571244827442939852488704 320 433 
nomask 1.9296839e+31 28489227869190759699067628903464960 0 0 433 
nomask -1.19040895e-29 398419018384419358995222107971911680 157016267930450065274785557905408 320 0 
nomask 3.5862075e+32 0 33009925650608210301919006577131520 320 433 
nomask 1.929684e+31 7273828506968646810326544595025920 0 0 433 
nomask -3.025566e-30 1537433518992774356420793676595200 9841594109506674574465693378412544 320 0 
nomask 1.4243819e+33 0 129487298971702615443192173035520 320 433 
