mask 0.99609375 89 36 147 127 
mask 1.22986774e+33 5259956215920832830138780483584 0 0 220 
mask -3.0007219e-30 64945249905355099402280108032 20138143193299968953554042880 229 0 
nomask 5.682678e+30 0 63455632303595873218613739520 229 220 
nomask 4.8044027e+30 21439905074750393679872 0 0 220 
nomask -7.501925e-31 4262595921095877291717756452864 5085809960479231279079253606400 229 0 
nomask 2.2573493e+31 0 3883058927421847733786378240 229 220 
nomask 1.9296839e+31 326174408792376924210350599610302464 0 0 220 
nomask -7.5636747e-31 1056790444989925322839772102656 316913478171243786395160475074560 229 0 
nomask 8.966017e+31 0 265331368287999006346679806853120 229 220 
nomask 1.9296532e+31 5294700139513647465305248628736 0 0 220 
nomask -1.8678677e-31 997516942592604492009570304 80879211211024058286080 229 0 
nomask 1.4243426e+33 0 16107930304514763888957660856320 229 220 
nomask 3.1253752e+32 334010929997782934232236032 0 0 220 
nomask -1.8910087e-31 16374731314456355231458394112 20266431628362904241554063360 229 0 
nomask 3.5862094e+32 0 3545326579379066634240 229 220 
nomask 1.9375447e+31 21033163304627936084230873808896 0 0 220 
nomask -2.9761663e-30 16236587056124312017245831168 319049565469695463122824058634240 229 0 
nomask 1.4344834e+33 0 68480451814710104640082317232046080 229 220 
nomask 1.9533594e+31 329869226846159673367246485323776 0 0 220 
nomask -1.8987425e-31 1109261358493431142082519750410240 5101158105338461839278735360 229 0 
nomask 1.4244218e+33 0 1019512420147616342805724528640 229 220 
nomask 3.1253756e+32 5327748391006879350784 0 0 220 
nomask -1.1818617e-32 1047965163430062070074288635904 1277292652959332019732480 229 0 
nomask 3.5273044e+29 0 56469604825496446566400 229 220 
nomask 1.8979929e+31 1335568749765957349573394432 0 0 220 
nomask -1.8908283e-31 56890445605139120128 1288607796825530802335110922240 229 0 
nomask 2.2257204e+31 0 15168433752926163807764480 229 220 
nomask 1.2096053e+33 332119345770315045088156935258112 0 0 220 
nomask -5.4309104e-26 71281924843493699829903866573357056 316930499846783960373940338032640 229 0 
nomask 5.1667573e+30 0 264250641495768136004518878904320 229 220 
nomask 7.5602855e+31 336173872854071439853092864 0 0 220 
nomask 1.2951441e+36 4093682828614088807864598528 1271285483629141134766831042560 229 0 
nomask 1.2601923e+33 0 13416426167011901440 229 220 
nomask 6.6973233e+25 84003139307517088607764480 0 0 220 
nomask -2.200519e-28 910214774903311171584 5100374349299630104704450560 229 0 
nomask 3.2380065e+35 0 59896589536549960165621760 229 220 
nomask -1.8091896e-34 84940099196518862180491198464 0 0 220 
nomask -3.097539e-27 15721634705687311739256832 5214408425571614720 229 0 
nomask 2.1524784e+25 0 4078048641669839139900951101440 229 220 
nomask 7.591971e+31 327636791333314987182760403140608 0 0 220 
nomask -2.8938588e-33 68482838534242742909953051197440 316887779430633328415479158538240 229 0 
nomask 3.5275896e+29 0 60155352680195801659473920 229 220 
nomask 7.623662e+31 335209266410927661226922082304 0 0 220 
nomask -7.563193e-31 218211418271383552 324229725526306205020182282240 229 0 
nomask 5.60376e+30 0 60672724403948273291755520 229 220 
nomask 4.899189e+33 84390745307442456372466155520 0 0 220 
nomask -4.8207995e-29 1006168053970197127073103872 5181150402321412259840 229 0 
nomask 5.603294e+30 0 3916302865604863955052789760 229 220 
nomask 1.9217613e+31 21581483386997833728 0 0 220 
nomask -3.0130958e-30 66327290227747123991861526528 1271185357653788091114187653120 229 0 
nomask 2.2573488e+31 0 15598467914180561763292938240 229 220 
nomask 1.9138384e+31 82460610546982936636727247241216 0 0 220 
nomask -3.0377956e-30 240386856347608572493824 1288807918911158610725154324480 229 0 
nomask 3.5610537e+32 0 960154340709973633269760 229 220 
nomask 7.6552307e+31 21313333771159685474805696430080 0 0 220 
nomask -7.4714703e-31 63154794527588870415974400 1295319046612907458560 229 0 
nomask 1.4243424e+33 0 253818341065608997857856061440 229 220 
nomask 7.8134384e+31 84709732146669709950976 0 0 220 
nomask -1.8910087e-31 65774700521505772496549314560 317854681299863825451633868800 229 0 
nomask 9.028658e+31 0 3529473908690722488320 229 220 
nomask 4.8241317e+30 1332186636491277459881356951552 0 0 220 
nomask -2.9762142e-30 16305257348334960963120791552 5034526507030567964688236905758720 229 0 
nomask 1.4243422e+33 0 4245168112876785546682403924213760 229 220 
nomask 1.2109655e+30 21322207919472765557480498397184 0 0 220 
nomask -3.01324e-30 248806475251459930718208 5142533548092866355527680 229 0 
nomask 3.5862082e+32 0 62486793068827558941818880 229 220 
nomask 7.781871e+31 84582058773015477253832704 0 0 220 
nomask -1.8755413e-31 4244809774702356926161764745216 20071958965836654792156842557440 229 0 
nomask 3.4775922e+29 0 250630981283735656717636075520 229 220 
nomask 3.0620426e+32 82451716933075214165374874419200 0 0 220 
nomask -1.1817489e-32 4041842957161745404376645632 80847489937649917525619973816320 229 0 
nomask 2.2258445e+31 0 15929617776366251309751336960 229 220 
nomask 1.8742555e+31 1310121102397727345356370740248576 0 0 220 
nomask -4.95854e-29 70990507761973856024631906188394496 1250291803633997687225181683056640 229 0 
nomask 8.429048e+25 0 263156982219581938166761531637760 229 220 
nomask 4.8991103e+33 82729706577118313163343790080 0 0 220 
nomask -1.8765749e-34 4162689481062020782917419008 5133751703559159430302924800 229 0 
nomask 2.0162149e+31 0 4077849948100072399578584842240 229 220 
nomask 4.566878e+30 1314989324335689351821883604992 0 0 220 
nomask -2.11807e-31 17675617598040238276087221994913792 316862147180942949240402450841600 229 0 
nomask 2.0724869e+37 0 4060962812780995376990860083200 229 220 
nomask 4.8709043e+36 332083736709182568733987318005760 0 0 220 
nomask -4.7608657e-29 264193319354218165150825840640 19719781330046956156259035565260800 229 0 
nomask 3.4815848e+23 0 65517937666878932203159588700160 229 220 
nomask 1.219746e+33 20389309053007818590144279454154752 0 0 220 
nomask -4.7809718e-29 71281938132006309033907754943643648 4966169053843311157218817878261760 229 0 
nomask 5.5638296e+30 0 1048287601088343624491994898759680 229 220 
nomask 7.6235394e+31 335417609103584477541547638784 0 0 220 
nomask -7.6250627e-31 1095672400919453416418735841869824 19719223870173015458453995053383680 229 0 
nomask 2.2257202e+31 0 4077984228591012797940236288000 229 220 
nomask 1.2197267e+33 82115070253348846171805717954035712 0 0 220 
nomask -1.2101302e-29 273926959238269490107276207325184 5000893803872626704366575183462400 229 0 
nomask 5.5638345e+30 0 1061326005079356655823556098129920 229 220 
nomask 1.9138386e+31 5169047026867904807022090346561536 0 0 220 
nomask -7.563434e-31 17675330787643089623003298002894848 20078901033461132485406784225280 229 0 
nomask 5.643372e+30 0 16910954860058753352268318244864000 229 220 
nomask 1.9138384e+31 1295481148056167294272553195510169600 0 0 220 
nomask -7.5943687e-31 17892772934219596272629349064114176 313346646169592080381202758599966720 229 0 
nomask 3.5357007e+32 0 267501798146671385652623856107520 229 220 
