mask 0.99609375 61 101 262 359 
mask 2.9904203e+29 1837102753846981287250168381440 0 0 428 
mask -1.9047157e-28 86746027297097518740930560 39774492710515716831313920 320 0 
nomask 2.2728852e+31 0 31204790686925441576428818661376 320 428 
nomask 7.445344e+28 453207258636598512927134187520 0 0 428 
nomask -4.741991e-29 95694995504897084240529635409920 38263672204322809162748615720960 320 0 
nomask 9.091542e+31 0 1950365232373920232054733144064 320 428 
nomask 2.9904688e+29 28889311520787205323210902365798400 0 0 428 
nomask -1.20034645e-29 91525412619782139994397736960 620762980548075143015141778391040 320 0 
nomask 3.5861092e+32 0 127992016064342756807545358123008 320 428 
nomask 3.0028002e+29 7301610474596093817074860687360 0 0 428 
nomask -3.047496e-27 22688671748007298093295861760 9858885437847534034965495808 320 0 
nomask 5.682057e+30 0 1983414440307027437643362205696 320 428 
nomask 4.8044797e+30 470535233383740221685760 0 0 428 
nomask -1.9126043e-28 5808105405990774082500936335360 157045093798939475488800768 320 0 
nomask 1.4403602e+30 0 29570481275187299869347807232 320 428 
nomask 1.14888455e+27 7200828373643920255925480325120 0 0 428 
nomask -7.650294e-28 1452027295970990094554276823040 38795584264485841501968840785920 320 0 
nomask 1.4403602e+30 0 528553511962264512353429720391483392 320 428 
nomask 2.9781374e+29 1831183730630408826829603004743680 0 0 428 
nomask -7.6183707e-28 6174887083288064969462445380730880 2474396865899904644455417774080 320 0 
nomask 2.281511e+28 0 31734133836390190623088535666688 320 428 
nomask 1.1912355e+30 462467772085841058494739906560 0 0 428 
nomask -1.1854401e-29 1489116762327448288062645207040 9829799347226901544629790834688 320 0 
nomask 2.2571632e+31 0 1872472192244332128223887360 320 428 
nomask 1.9138384e+31 1837296748662097572275547013120 0 0 428 
nomask -1.20026956e-29 88821940449752718328348016640 153610858109792872907107467264 320 0 
nomask 1.4305732e+30 0 32628725913555879588253346864037888 320 428 
nomask 4.725252e+30 115241228521768606613910386114560 0 0 428 
nomask -4.7416832e-29 1587185999570118329936491287265935360 38269905501406605916687724183552 320 0 
nomask 3.5893232e+26 0 33035656243996163487849818271776768 320 428 
nomask 7.7186093e+31 29293361705032576715058053120 0 0 428 
nomask -7.5866935e-28 94904267349432645663083693342720 153054688817291236650994462883840 320 0 
nomask 3.5648595e+26 0 126934433325791907555876622303232 320 428 
nomask 1.9059148e+31 460890395899553380713312655769600 0 0 428 
nomask -2.9263823e-30 1470571840254559876522652467200 624951497478261164131579278131200 320 0 
nomask 2.2508052e+28 0 31602181566573176653920346308608 320 428 
nomask 4.4794813e+27 7300640311625853077162158981120 0 0 428 
nomask -4.7812026e-29 24598137832559050632455388890398720 614459854468615670819660496896 320 0 
nomask 3.5268174e+29 0 2064795003751987383365964132253696 320 428 
nomask 1.9217611e+31 454651564957817340809156975656960 0 0 428 
nomask -3.0726408e-27 6149635040767954595261182776442880 608029914951322178574236117893120 320 0 
nomask 2.281389e+28 0 470131356549937940752498688 320 428 
nomask 1.1912355e+30 115222574796371952885744669818880 0 0 428 
nomask -4.7417602e-29 379617021040697798067167785123840 39060503432892912880797253369856 320 0 
nomask 3.6009975e+29 0 126406680839363782389032105803776 320 428 
nomask 1.8304177e+28 116807162225173631930199042949120 0 0 428 
nomask -7.587063e-28 1470571934701889533915556741120 9830580530535230807080330854400 320 0 
nomask 1.4403215e+30 0 1975168434029891398674426101760 320 428 
nomask 2.9904686e+29 115235026732313983566244143431680 0 0 428 
nomask -1.8967657e-28 6174988439628781459972452746526720 9659596550913811528324669969006592 320 0 
nomask 2.2728852e+31 0 509848937281474179038867095552000 320 428 
nomask 2.9905172e+29 451445058470904282971333302681600 0 0 428 
nomask -4.8211073e-29 5672168674871587471706030080 156242046070337326214519436869632 320 0 
nomask 3.5861092e+32 0 495845462223686478196729970688 320 428 
nomask 4.8044804e+30 7399287902927769558674948751360 0 0 428 
nomask -7.6504173e-28 364554201818189420285740974080 2457644879987200868244063780864 320 0 
nomask 9.02791e+31 0 7933658771814537084677524553728 320 428 
nomask 4.8242097e+30 1849870899448704919193151078400 0 0 428 
nomask -1.20032726e-29 5931707115156129658037747056640 39176823730786141948786769920 320 0 
nomask 1.4305343e+30 0 511968161273668051304172702662656 320 428 
nomask 4.6148054e+27 115228800764342968225994406625280 0 0 428 
nomask -1.9204928e-28 381195442947819442502831156756480 38914978372920254074756719389442048 320 0 
nomask 1.4304955e+30 0 132683068358259092285189823146229760 320 428 
nomask 1.18628385e+30 464096708958335300210468375756800 0 0 428 
nomask -7.681356e-28 92296067412037844570933821440 156703299948674012664972705792 320 0 
nomask 1.4162727e+27 0 1983447158042612379262813995008 320 428 
nomask 4.7649424e+30 1849822542415920334026162831360 0 0 428 
nomask -4.7812032e-29 5956466293731155893107346636800 39435533856183672592173891584 320 0 
nomask 5.51065e+27 0 31601664146322381592633572065280 320 428 
nomask 2.9162411e+29 465586753476781973069029703680 0 0 428 
nomask -4.80077e-29 95694983415638888094237888348160 620662989084608997421472655867904 320 0 
nomask 8.879182e+28 0 7966516978912878144595840466944 320 428 
nomask 1.8583787e+31 29096109404349828098132801067417600 0 0 428 
nomask -7.585954e-28 99606370107856107170064270350090240 38647960547975957927349150474567680 320 0 
nomask 5.5872614e+21 0 509848872603942829656206248771584 320 428 
nomask 7.5919666e+31 457721317756015591794737886003200 0 0 428 
nomask -7.1744626e-34 1476737173039935170527845416960 622689944009521197649403838464 320 0 
nomask 8.705581e+22 0 1966889962663777251612057141248 320 428 
nomask 4.6461e+30 29486786884691865589482782720 0 0 428 
nomask -1.1555694e-29 1531119831364287778678140190064640 156212957350612941362803597377536 320 0 
nomask 5.608612e+24 0 487599455946550439227793866752 320 428 
nomask 1.23334156e+36 1843511872568510969301586705121280 0 0 428 
nomask -7.7124163e-28 370731859980085004064941670400 2448875797207035979007841567506432 320 0 
nomask 5.494534e+24 0 2064761242080623005617002112876544 320 428 
nomask 1.8901006e+31 114771389366810069040534896414556160 0 0 428 
nomask -1.8675371e-31 99202287909932769767633072716513280 612335045470531136628180362723328 320 0 
nomask 1.397156e+27 0 8191227730891284929733081926991872 320 428 
nomask 2.9409996e+29 462479814120372376090034831360 0 0 428 
nomask -4.7610968e-29 94904261304803547589937819811840 616407660264539064016380431958016 320 0 
nomask 5.626709e+27 0 7900547412816148831688238039040 320 428 
nomask 2.8791026e+29 1818208765021780073163984511959040 0 0 428 
nomask -7.650048e-28 94905826863739948534719064309760 9660925286117853245709106225872896 320 0 
nomask 3.6009e+29 0 516190342858921426095580951609344 320 428 
nomask 1.1961681e+30 1831034597541301166174611250872320 0 0 428 
nomask -4.7417605e-29 99607917532905213895407894255370240 620762786515481094867159238049792 320 0 
nomask 2.2730085e+31 0 33171301067263593574545406805671936 320 428 
nomask 4.80448e+30 112861252528467874596541578608640 0 0 428 
nomask -1.2102072e-29 1512105169074929906826023618478080 602073917730253766122987847680 320 0 
nomask 8.965521e+31 0 499252170545191323885730592194560 320 428 
