mask 0.99609375 44 41 184 239 
nomask 0.02734375 23 120 38 145 
nomask 0.01171875 148 0 214 27 
nomask 0.00390625 118 0 214 40 
mask 0.00390625 87 271 169 314 
mask -4.7616355e-29 1036635820505318737448271586787328 28835234123032513144259510009856 214 0 
nomask 9.028405e+31 0 5857467882545593508521276604416 214 316 
nomask 1.9296839e+31 303998335350104297943280436379648 0 0 316 
nomask -1.20525764e-29 890669124529156199022592 459754934282484485604820123648 214 0 
nomask 9.028904e+31 0 23331671354770510554238443061248 214 316 
nomask 4.82421e+30 4915547964806585600079476817920 0 0 316 
nomask -4.7617893e-29 15800832073161190796316786032640 456686878301399026925809172480 214 0 
nomask 2.2728855e+31 0 5881916452187575475546590543872 214 316 
nomask 1.9296836e+31 78353679042398138088325906432 0 0 316 
nomask -4.8013087e-29 247930926336152401598604115968 7257514659762593108705901805568 214 0 
nomask 2.2728852e+31 0 90000805012502972648711520256 214 316 
nomask 2.9904686e+29 1224304662888938261222576416096256 0 0 316 
nomask -1.2003656e-29 987584595984855949626241449984 7283051576131804840806979169419264 214 0 
nomask 9.0286555e+31 0 1592958006417889951152433194881515520 214 316 
nomask 1.2060524e+30 1245509495728347994146520170496 0 0 316 
nomask -1.2052383e-29 15734592175195149610568925577216 464676357639205774426112 214 0 
nomask 2.2572255e+31 0 94109123214622746023005519872000 214 316 
nomask 1.929653e+31 1228887243848253233545888137216 0 0 316 
nomask -7.53274e-31 15933293678537581153939143786496 28641937689250646744972241403904 214 0 
nomask 2.2256583e+31 0 23332071282543211818752300548096 214 316 
nomask 1.9138386e+31 1237133376448692689277833707520 0 0 316 
nomask -3.0501214e-30 3950272695821647081740043288576 115344016532886975748517897699328 214 0 
nomask 3.5610537e+32 0 23429862576575522513237781250048 214 316 
nomask 4.9396748e+33 4898017548422980619517085096083456 0 0 316 
nomask -3.0129515e-30 1078775358776672308691837669951406080 7233763283609854132672872467922944 214 0 
nomask 5.588326e+27 0 94500348081464332273262943797248 214 316 
nomask 3.074768e+32 316659719502032327933952 0 0 316 
nomask -1.176953e-32 15933289636191871817522840862720 1826315688208486300170783293440 214 0 
nomask 5.571425e+24 0 358469192059469161255340605440 214 316 
nomask 1.8821465e+31 19529212833599156981408775274496 0 0 316 
nomask -7.3464095e-31 15734863012357675150461221470208 1833133101753872663310491568832512 214 0 
nomask 5.588629e+27 0 94109141121836449064700170207232 214 316 
nomask 7.43339e+31 1232915053282418876095786599317504 0 0 316 
nomask -4.8400588e-29 64260927200578449782601091645440 1839163740973466569380426940416 214 0 
nomask 3.5051044e+23 0 377995208368058545361165859422208 214 316 
nomask 3.0494142e+32 4898814375609205013898717430808576 0 0 316 
nomask -1.1527288e-32 1032380879750436900339144443559936 1783110183696968372695049514778624 214 0 
nomask 3.5172584e+26 0 5330634326376138175152128 214 316 
nomask 4.7055216e+30 1236743921704258808919648894976 0 0 316 
nomask -1.2001925e-29 3777157073585140809726951424 116126394637715336082254144208896 214 0 
nomask 8.879183e+28 0 1452189598984639841390626340864 214 316 
nomask 7.1669297e+28 312459126613573790721952016498688 0 0 316 
nomask -7.6182475e-28 3950272190528433414688005423104 115702798005302076208492576768 214 0 
nomask 2.2660368e+28 0 379559916825145391250785951547392 214 316 
nomask 4.784672e+30 4948794742386236623014911279104 0 0 316 
nomask -7.586817e-28 63997050957364387199178833395712 115337880327658066794484382826496 214 0 
nomask 2.2728843e+31 0 5857563387685343064226078392320 214 316 
nomask 4.8242094e+30 19185682119674471802700408383602688 0 0 316 
nomask -1.2003081e-29 3760988184198199116245762048 114583091270074859364972752797696 214 0 
nomask 9.028903e+31 0 23429471602409672769571248930816 214 316 
nomask 4.8044804e+30 78110650376078505863026416025600 0 0 316 
nomask -1.9126043e-28 245861197961733375165378592768 115708790393220932608915931136 214 0 
nomask 2.2728852e+31 0 1524474147318292811856899718774784 214 316 
nomask 1.9296838e+31 1245542087140629519002962493440 0 0 316 
nomask -4.8012323e-29 1036619457089887343635077351342080 1808097002399365132630931680526336 214 0 
nomask 5.7219825e+30 0 379553900001341169241383438909440 214 316 
nomask 7.445465e+28 1232848694135254409485757802610688 0 0 316 
nomask -4.8211073e-29 15867064897022240643336116371456 458295691106635608069247124635648 214 0 
nomask 2.2730093e+31 0 6371731881274141774487014539972837376 214 316 
nomask 1.1912358e+30 306167490396499893622759757971456 0 0 316 
nomask -7.6499247e-28 15866801133964706442172350595072 114938756887305630570078273536 214 0 
nomask 5.6427525e+30 0 1470502896065093221137355112448 214 316 
nomask 1.9138693e+31 308253728847705580731033507069952 0 0 316 
nomask -4.8208765e-29 4146478087069674772070952792489984 7232389537679696523415003550711808 214 0 
nomask 8.817043e+28 0 6122836801467370224179537768349696 214 316 
nomask 4.7055228e+30 308278629697275093055459517530112 0 0 316 
nomask -1.22001004e-29 1036602834964330552291239728775168 114920231385265992720489514629332992 214 0 
nomask 8.838754e+31 0 5930528195253147182588728705024 214 316 
nomask 3.03669e+32 308245450123692859750445119176704 0 0 316 
nomask -1.8965193e-28 4297740222324300219027209489529962496 1795873681583378496196170053844992 214 0 
nomask 5.5324616e+24 0 98361278256850017887308252341862400 214 316 
nomask 1.8979923e+31 303998432366401322017271706550272 0 0 316 
nomask -1.8830647e-31 4016372880214109327599433940992 115359333169674310744675484434432 214 0 
nomask 3.4924894e+20 0 6147774721538215211594561418690560 214 316 
nomask 2.8667702e+29 307013466556216934683430847908937728 0 0 316 
nomask -4.6815956e-29 69595041223862747123221195392032964608 113324204500731913525928001007517696 214 0 
nomask 5.5706844e+24 0 377995471007192856639354064338944 214 316 
nomask 4.7166456e+33 4863840388597214436341786001539072 0 0 316 
nomask -4.874811e-26 3999752270536958984917924970496 113314767064842421429402307533996032 214 0 
nomask 1.3597766e+21 0 1518215122479665929187009746698240 214 316 
nomask 1.1615637e+30 76210803903432538766036534617440256 0 0 316 
nomask -1.1671543e-32 1078775623695840715763216498363990016 28134677277035531923496756035190784 214 0 
nomask 8.646312e+22 0 395041237709197254288836240020078592 214 316 
nomask 4.440871e+27 310381393257740547433579619024896 0 0 316 
nomask -1.9518313e-28 67153254789852825568305756118188032 450041978390947019797806643004047360 214 0 
nomask 8.63135e+28 0 6147777013661569200931476661600256 214 316 
nomask 4.54699e+30 302639055017687270308371392219840512 0 0 316 
nomask -3.0472497e-27 63732172212414409184513450049536 7048254228519224955068746896796286976 214 0 
nomask 1.4066013e+27 0 97960682330191065481739972185686016 214 316 
nomask 4.7648654e+30 4830596137483631748666540867715072 0 0 316 
nomask -4.7416064e-29 66612798989492368153044323477225472 458307915764523551199461753487360 214 0 
nomask 5.7221336e+30 0 97561700058373321569360023037935616 214 316 
nomask 1.1961875e+30 306142654224461730680994594291712 0 0 316 
nomask -4.8012323e-29 257039650287221625368436231110656 1795579334742670365513970943524864 214 0 
nomask 9.028655e+31 0 94497285947921112143477736472576 214 316 
