mask 0.99609375 37 56 125 188 
mask 7.718487e+31 276413310732419480912763289600 0 0 266 
mask -4.781434e-29 3477849710036818248474778664960 6127250003355640718176550912 190 0 
nomask 5.682368e+30 0 79547751310517771240382146805760 190 266 
nomask 1.1961875e+30 17507332840410609579867504640 0 0 266 
nomask -1.1953585e-29 56585532540814235751929190809600 1532254115685947761418341657346048 190 0 
nomask 2.2730095e+31 0 4889652939033267143594853007360 190 266 
nomask 4.8242094e+30 17032601908445721367514286475182080 0 0 266 
nomask -3.013144e-30 13099805604293224284815360 388404636332556458733502369628160 190 0 
nomask 9.028904e+31 0 1203771945741465811054231552 190 266 
nomask 4.8241326e+30 17455245073909888016651198136320 0 0 266 
nomask -1.9126043e-28 14029004938378647610479712665600 1537785735752425892335128150016 190 0 
nomask 2.2728852e+31 0 19804935133135498069849589940224 190 266 
nomask 1.9296838e+31 1091068225853251231582666096640 0 0 266 
nomask -3.0007702e-30 228216448753987464080181218508800 383115101394720245531521086128128 190 0 
nomask 8.965274e+31 0 75760186028494779442238849024 190 266 
nomask 1.1961683e+30 1087058498898698275951430430883840 0 0 266 
nomask -1.2101879e-29 56584620935188382595617138933760 1522047187631938576891285130444800 190 0 
nomask 2.2572255e+31 0 82461901825131614869344991695601664 190 266 
nomask 7.718488e+31 277424446689735280321933638369280 0 0 266 
nomask -7.563193e-31 13757395418057439128741478400 1537665302420604888490654564352 190 0 
nomask 2.219917e+28 0 1232682963377725972268820987904 190 266 
nomask 3.0874447e+32 1098418494836508176964879646720 0 0 266 
nomask -7.5015644e-31 228216448753987464080181218508800 1521923220751617833971823235039232 190 0 
nomask 2.1734935e+28 0 19722614632821989168220051865600 190 266 
nomask 1.2197267e+33 1087117530746470058294031333457920 0 0 266 
nomask -1.8906779e-31 217372897030559070544472309760 1522047348419072585636965366366208 190 0 
nomask 3.5025433e+29 0 79217142815408163482002048155648 190 266 
nomask 1.9271604e+34 4348706250376967362546528944128000 0 0 266 
nomask -7.4759723e-34 59141274901270580375280278306816000 6046865170790434597779066832551936 190 0 
nomask 1.3740039e+24 0 19804937645434466956500843626496 190 266 
nomask 1.9758693e+34 1090981753419991784791746805760 0 0 266 
nomask -4.4525555e-38 3536652086215281747840634716160 6067690652010711231321188859904 190 0 
nomask 1.3782303e+27 0 76079228370207689724494086144 190 266 
nomask 3.0366894e+32 68612114861869612642625893118771200 0 0 266 
nomask -1.890708e-31 227275657392112898842422233006080 24014903930943552527087076475142144 190 0 
nomask 1.3911138e+30 0 5153950543934802372139621829050368 190 266 
nomask 1.1943936e+33 271801577053508364646868970373120 0 0 266 
nomask -1.2051806e-29 912835934548205374980109631488000 6167919682977214737873371136 190 0 
nomask 3.527011e+29 0 5132958818867156571110740873707520 190 266 
nomask 7.686921e+31 4319307930794808302372193073889280 0 0 266 
nomask -3.0006739e-30 14146384032453190683214888304640 95127939177800285509100305907712 190 0 
nomask 2.273132e+31 0 4868990850201029991190316974080 190 266 
nomask 4.784673e+30 4334294447341949087629757644800 0 0 266 
nomask -4.7813567e-29 13528376830656186016008765440 388383894792269330540751935766528 190 0 
nomask 3.6010946e+29 0 80202456421809632557092789288960 190 266 
nomask 1.9296527e+31 272536772089237051187715943516078080 0 0 266 
nomask -7.6504173e-28 3711441604663081826381305258967040 6088850550371334304784991574294528 190 0 
nomask 2.272885e+31 0 1283260365863509266597595534327808 190 266 
nomask 2.990469e+29 4377057522510588703114526720 0 0 266 
nomask -2.9760703e-30 58901365796791565306477519138979840 5960748224963886446427428270112768 190 0 
nomask 9.0286555e+31 0 1272723181036246118443334424854528 190 266 
nomask 1.2011199e+30 269905064095886993501043378094080 0 0 266 
nomask -1.20032726e-29 3477908479887697561209463111680 97108846717983907836211872399360 190 0 
nomask 9.028904e+31 0 19640289107910542493288006418432 190 266 
nomask 4.8241323e+30 275528019868078556718436743905280 0 0 266 
nomask -1.9047158e-28 14263297453968857980235541381120 380501586924975088872126301601792 190 0 
nomask 2.2728852e+31 0 83134979921439521546190512682172416 190 266 
nomask 1.9376066e+31 1087294626289785405321834041180160 0 0 266 
nomask -3.0008661e-30 228216463109981572003902668144640 6046039368070165679965375140200448 190 0 
nomask 5.6429097e+30 0 19640610682178559984648478261248 190 266 
nomask 2.9780896e+29 1064566675809932023081856967639040 0 0 266 
nomask -1.2151374e-29 3636293143665979997132183505469440 96072807986545359673920302780252160 190 0 
nomask 8.96552e+31 0 82797790006967100805254157179027456 190 266 
nomask 1.9137765e+31 273697889027212224860594267750400 0 0 266 
nomask -4.8204913e-29 14028780625970711302332062105600 380511796907984644222821282611200 190 0 
nomask 1.3873342e+27 0 79547741261321895693777132060672 190 266 
nomask 7.655353e+31 17032607421147458810223323135344640 0 0 266 
nomask -3.0005776e-30 14845766418652327305525221035868160 5975510048003128936951063190410625024 190 0 
nomask 1.3315757e+30 0 5153952151806142459596424188264448 190 266 
nomask 7.46521e+31 4318953280316366154757501270097920 0 0 266 
nomask -3.1668555e-30 3636292224882357090014010728775680 95789105922040123292835429482496 190 0 
nomask 2.2045027e+28 0 20446879212749621276902628284956672 190 266 
nomask -1.1636926e-35 270655162031675139225432332403998720 0 0 266 
nomask -1.2267937e-35 58901373147060548563422901352529920 378906771821743410236493604811964416 190 0 
nomask 5.208857e+30 0 1324764475465448387928489953280917504 190 266 
nomask 4.8789096e+33 16914058607850999166626291892879360 0 0 266 
nomask 3.146743e+35 227275585612142359223814984826880 1527737010932935953567493128192 190 0 
nomask 2.1281604e+28 0 82460574366553238665008963928457216 190 266 
nomask 2.9987105e+32 17035437274706012734195475352125440 0 0 266 
nomask -7.8098293e-31 237524780124612281318004443179909120 378864540116273209131105558638624768 190 0 
nomask 2.1735542e+28 0 1277971273090291577446234899611648 190 266 
nomask -1.7963156e-37 17222799995311441080799419432960 0 0 266 
nomask -1.2150412e-29 3651288151783635619270985535979520 23679023466890499010970562315943936 190 0 
nomask 5.549488e+27 0 20531177977664798532102159048114176 190 266 
nomask 3.0747682e+32 1067206252036532751601781649472225280 0 0 266 
nomask -7.532259e-31 3800336033381678195969247766642688000 6004880434358070925755863034494976 190 0 
nomask 2.257348e+31 0 329842420950731873376718276901470208 190 266 
nomask 2.9780896e+29 17224644740554309279005697638400 0 0 266 
nomask -4.7813567e-29 3666340583877722936295586109849600 95390473696506837525754960270065664 190 0 
nomask 1.4305343e+30 0 19886617509510909762060691701760 190 266 
nomask 1.9217299e+31 1074762563759928355676949409788067840 0 0 266 
nomask -7.6504173e-28 227275671748107006766143682641920 23850268196095173510249028052320256 190 0 
nomask 2.272823e+31 0 20531504697121104303324398440415232 190 266 
nomask 2.9905172e+29 4258740336197336711745494256189440 0 0 266 
nomask -1.1904473e-29 236561306866286960917303891035422720 95138259701964471872450449113088 190 0 
nomask 9.0286555e+31 0 1319348691434711311670861505706852352 190 266 
nomask 2.9904688e+29 17035431762004275291486438691962880 0 0 266 
nomask -1.20032726e-29 14665363254294514652300517216092160 1501137464002637236159324495020032 190 0 
nomask 9.028903e+31 0 5090728078119759518196776115896320 190 266 
