mask 0.99609375 257 72 366 219 
nomask 0.00390625 2 0 26 21 
nomask -1.1853246e-29 129188227611112498927221149270016 157702268428876426771027495747584 432 0 
nomask 2.2131034e+25 0 516752943085447125303872314146816 432 432 
nomask 3.0747181e+32 9819668484407673193940835203284992 0 0 432 
nomask -4.761251e-29 516761299180712301620727883235328 156628493866802705257593009340416 432 0 
nomask 1.4206294e+30 0 1976916399094059666371694821376 432 432 
nomask 1.9296528e+31 153820388753179659945913805797588992 0 0 432 
nomask -1.8831849e-31 1985272621863131020707684679680 39276534777242807638648315126480896 432 0 
nomask 3.561054e+32 0 8007674551487836808321773338624 432 432 
nomask 1.1862843e+30 2489009728655860634496028945416192 0 0 432 
nomask -4.8408288e-29 2084058076118759669220899328884736 39426611619127253732363820072960 432 0 
nomask 1.4243023e+33 0 518892136114329392013885717872640 432 432 
nomask 3.1127488e+32 156636882603065011169436295495680 0 0 432 
nomask -1.906386e-31 129190332955427357803928900075520 622235589409446287610345229910016 432 0 
nomask 2.2732576e+31 0 128120744601235506847669127479296 432 432 
nomask 7.3835688e+28 2497259922245912301013636743168 0 0 432 
nomask -4.8210306e-29 1976948912587294223878991118336 157689669003984403105768707981312 432 0 
nomask 2.273009e+31 0 518883747378067086102042431717376 432 432 
nomask 4.784673e+30 9888122661331905728661264122511360 0 0 432 
nomask -3.034776e-27 8007674041472256658400090259456 39805126216510138780332589056 432 0 
nomask 2.2969246e+28 0 128657615561773802806892512149504 432 432 
nomask 2.9781372e+29 2497522070254109360758739435520 0 0 432 
nomask -1.896735e-28 2084091892191785929628174210039808 38998418858531944284744409153536000 432 0 
nomask 9.126529e+28 0 1976949167595084298839832657920 432 432 
nomask 7.383567e+28 156624283178172987504177507729408 0 0 432 
nomask -7.5235856e-28 123039075206966089190643597312 39691909483547319393781209366528 432 0 
nomask 3.650418e+29 0 123039051299985769663064702976 432 432 
nomask 1.1912355e+30 626497132712691950016710030917632 0 0 432 
nomask -4.781434e-29 33480765902530860914338520365006848 39428708803192830210324641611776 432 0 
nomask 1.4404378e+30 0 2092648925435292033228129561477120 432 432 
nomask 1.9296836e+31 634179470811928105014263808 0 0 432 
nomask -1.904685e-28 7974511808419748450722916597760 2496866955241406786356824244224 432 0 
nomask 5.6265586e+27 0 123039083175959529033169895424 432 432 
nomask 1.1763804e+30 615247127900226113358210278545686528 0 0 432 
nomask -3.0005295e-30 7941090487452524082830738718720 39278678115678325363921768597684224 432 0 
nomask 3.5517704e+29 0 2084058076118759669220899328884736 432 432 
nomask 2.9038615e+29 10056937043137847977879510450176 0 0 432 
nomask -5.422567e-29 123561283347078969938958876672 634115469833364369724932096 432 0 
nomask 2.107262e+25 0 32031226582092382552150763372544 432 432 
nomask 1.8821784e+31 155579869193017336682194522865664 0 0 432 
nomask -4.4524118e-38 130257848606301479478468638932992 154919900480362090070403297602174976 432 0 
nomask 7.999564e+34 0 474525107545731753282895872 432 432 
nomask 4.5470734e+30 624183906557379545380857839616 0 0 432 
nomask -2.1687803e-28 123039083175959529033169895424 9922192966924559268896726581248 432 0 
nomask 5.20715e+30 0 8370191475632715228584630091251712 432 432 
nomask -9.965047e-39 39276530599195175050489887341936640 0 0 432 
nomask -1.2100146e-29 516752877803452866113896880013312 9923241558957347507877137350656 432 0 
nomask 3.481585e+23 0 8041232046614961205303333355520 432 432 
nomask 7.591845e+31 159548898618640935797391360 0 0 432 
nomask -7.377464e-31 514622106151830034910714479509504 626362912932495055427217452433408 432 0 
nomask 1.4207456e+30 0 128120769081983354043909915279360 432 432 
nomask 4.784673e+30 39003791827787452656482540077449216 0 0 432 
nomask -3.0130478e-30 470460889762531440485990400 39961401716098538011120241737728 432 0 
nomask 8.902386e+31 0 1985238323315365938474497605632 432 432 
nomask 4.7450598e+30 156628510187301270055086867873792 0 0 432 
nomask -1.20525764e-29 518875358641804780190199145562112 9856651884750653133247588859904 432 0 
nomask 3.5862082e+32 0 8370459392937154944243811775152128 432 432 
nomask 3.1127486e+32 155567302409122442611923452166144 0 0 432 
nomask -7.59473e-31 32164407970568091901096592670720 156632639273438163821033076817920 432 0 
nomask 5.722603e+30 0 7592273718774580581947670528 432 432 
nomask 7.414517e+28 9816984088803735302150983633600512 0 0 432 
nomask -1.9284122e-28 2058422098101152802627816838397952 2454984492119993782539856826597376 432 0 
nomask 9.092036e+31 0 2160191275843581354929922319249833984 432 432 
nomask 4.80448e+30 39696095691429189950955923177472 0 0 432 
nomask -3.0473978e-27 128653413033393367452223939805184 157123272986503438105351028736 432 0 
nomask 3.6256584e+29 0 129190324795178075405181970808832 432 432 
nomask 2.9781374e+29 38890772930123181214626987638784 0 0 432 
nomask -1.8967658e-28 2084058337246736705980801065418752 617973915542212106824029560635392 432 0 
nomask 3.625853e+29 0 533501887900823637044699711806636032 432 432 
nomask 7.383688e+28 154510240037579073732200103936000 0 0 432 
nomask -3.034776e-27 7840946378212186210749728686080 2480809114700386502165076639744 432 0 
nomask 3.625659e+29 0 128118622936422083173467518140416 432 432 
nomask 4.784672e+30 9819668484407673193940835203284992 0 0 432 
nomask -7.6502945e-28 540056409026827939986208104835448832 152750892120189743151569518158938112 432 0 
nomask 1.4403602e+30 0 516753073649435643683823182413824 432 432 
nomask 4.8045568e+30 2454581832779403098771379091144704 0 0 432 
nomask -1.9046543e-28 2075534989512268344408169726869504 626597797547839620958829464780800 432 0 
nomask 8.8789415e+28 0 537874264884898735897277370785071104 432 432 
nomask 1.9059154e+31 38892861953939475293840879910912 0 0 432 
nomask -1.8599237e-31 2142700965722135502593193548703596544 9750678472874561227902042916257792 432 0 
nomask 3.576723e+29 0 514605655089276719036905077866496 432 432 
nomask 7.290723e+28 9855863400663741354325548466176 0 0 432 
nomask -1.904377e-28 31897014962144770361405114155008 155554686663731854149170805866496 432 0 
nomask 8.7625295e+22 0 128653445674390497047211656871936 432 432 
nomask 3.0494144e+32 2443946088185672051679570846780751872 0 0 432 
nomask -4.80077e-29 133923105390599769538938359305469952 9751751186604228237578376597995520 432 0 
nomask 8.54994e+25 0 33208033398194587402568814777335808 432 432 
nomask 2.8791031e+29 157723223949033626753141852602368 0 0 432 
nomask -8.040396e-31 133923105390599769538938359305469952 9750141593753773649544072602320896 432 0 
nomask 2.1168775e+34 0 128120777242232636442656844546048 432 432 
nomask 7.07409e+28 153820355328798599240646383521234944 0 0 432 
nomask -1.9044694e-28 1985240235873791500680809152512 2420690554895756104644797814276096 432 0 
nomask 2.2129849e+25 0 2075534467256314270888366253801472 432 432 
nomask 3.0620911e+32 154497705894681309256916750303232 0 0 432 
nomask -1.1903512e-29 8302006260524830556562989802061824 39160257002425117433219090743296 432 0 
nomask 2.2572238e+31 0 33344404872922264893651702301851648 432 432 
nomask 1.9217611e+31 2403643598298842344739633400643584 0 0 432 
nomask -7.5635543e-31 8199328128674206195601167261630464 9589514904148566854241016086528 432 0 
nomask 3.5610537e+32 0 8130875518517835881440148761608192 432 432 
