mask 0.99609375 138 116 340 455 
mask 2.9657102e+29 145294350004842961001205198749696 0 0 576 
mask -1.9204928e-28 455338810314549885089704050688 210901281442559674859038703616 398 0 
nomask 2.2570396e+31 0 10588115209770510511276365447168 398 576 
nomask 1.20112e+30 563706658693465445045056307200 0 0 576 
nomask -1.1904281e-29 476082662780922519924436377796608 818260793021922443458637583089664 398 0 
nomask 3.6114622e+32 0 686162895245099058800919884857344 398 576 
nomask 4.8044804e+30 35936023602214681046154827389730816 0 0 576 
nomask -1.2102265e-29 1912183059535382157453965018529792 52372996927829690576639041921351680 398 0 
nomask 3.5862082e+32 0 11205891418793108661259792734486528 398 576 
nomask 1.9296841e+31 2277411589937662083031966274289664 0 0 576 
nomask -4.7082625e-32 7648609063107619734478507611258880 823987677728974637116922089439232 398 0 
nomask 2.2466232e+34 0 689004098199247524911764243218432 398 576 
nomask 1.2602717e+33 579043570075850926486309568512 0 0 576 
nomask -1.186714e-32 1836722283404781066392002625536 52557630510486597094027378556928 398 0 
nomask 5.656965e+33 0 10543552088439330954295640064000 398 576 
nomask 1.9533594e+31 8983014726452684619370948747853824 0 0 576 
nomask -1.8678976e-31 29263424834120769026452898185216 52570208174713867695961021612032 398 0 
nomask 2.2627222e+34 0 176376470214535118692106595333046272 398 576 
nomask 4.8833214e+30 36441533941376787510649334968352768 0 0 576 
nomask -4.6697442e-32 30971834933277810119113745987796992 3307921611647527109174658859008 398 0 
nomask 1.4243823e+33 0 11206071074841309952072187469889536 398 576 
nomask 7.8134375e+31 8984004938248717848293883781316608 0 0 576 
nomask -4.6890035e-32 1927918910693481640111947915460608 52009334091159040482873438143250432 398 0 
nomask 8.965524e+31 0 42707613928433694441876649672704 398 576 
nomask 1.9375758e+31 36313934379656844888169917710336 0 0 576 
nomask -7.4711106e-31 112876163971748732023351541760 13319418646666724431393003143168 398 0 
nomask 2.2731338e+31 0 171540680289945258573579681792000 398 576 
nomask 3.125375e+32 9080655359313651660310160867328 0 0 576 
nomask -7.5327394e-31 30341679158239520879177130523492352 51858547394629684710428387573760 398 0 
nomask 1.420747e+30 0 11160614612940022886404296259141632 398 576 
nomask 1.2450795e+33 579103831604243015670175891456 0 0 576 
nomask -1.9363007e-28 7743206045692222733697964488785920 3295593139672676211908910463844352 398 0 
nomask 1.4007845e+30 0 691856268528431534938481536008192 398 576 
nomask 7.65523e+31 2277348799539517118807261210214400 0 0 576 
nomask -1.8366925e-31 7346769785251002701024524763136 3318590158354349582935043541565440 398 0 
nomask 2.2664006e+28 0 10676900082004555944324608557056 398 576 
nomask 7.935548e+34 36568012959123704435360093175808 0 0 576 
nomask -7.5322584e-31 119022545197090812099904145457152 13319770897427414643968783155200 398 0 
nomask 5.608613e+24 0 686162851723769552674269595435008 398 576 
nomask 1.2349379e+33 35587431730622048689130901078016 0 0 576 
nomask -2.8940469e-33 7711674680468974147202968595726336 13092176866398391683496629113978880 398 0 
nomask 2.2356328e+28 0 658972133031353222123898273792 398 576 
nomask 7.68692e+31 573216972876771379517212116123648 0 0 576 
nomask -7.501444e-31 29509776781440419883276618956800 13183807021711226782029181215571968 398 0 
nomask 5.60376e+30 0 172961227365357608970688999194624 398 576 
nomask 1.807237e+28 2293177031973048272968258454290432 0 0 576 
nomask -4.7813567e-29 7346768845500072609965127237632 3329942384346466894377740402688 398 0 
nomask 3.5762387e+29 0 2680410342194600301819989065728 398 576 
nomask 1.921761e+31 36321666650309634124892757557248 0 0 576 
nomask -4.7418372e-29 29632946176843734674272696664064 3318321718793955793756058384596992 398 0 
nomask 9.092035e+31 0 2635888702130606271802820788224 398 576 
nomask 1.9296839e+31 8920692970819545644894717871128576 0 0 576 
nomask -1.2052768e-29 118037174997849412314985163390976 3296397413841949432406258988613632 398 0 
nomask 3.5608556e+32 0 42885172792569408776310563536896 398 576 
nomask 1.9296841e+31 9108903460327385307124458055532544 0 0 576 
nomask -4.7275218e-32 481971818729542763672097404223488 13231338275954059423496320057344 398 0 
nomask 2.2466232e+34 0 172251013669479504696278488449024 398 576 
nomask 1.2552011e+33 9141762663542822797634256764928 0 0 576 
nomask -1.1915288e-32 29756117451748909647387569422336 3329854321656294341233795399680 398 0 
nomask 5.6976884e+33 0 42885175512652502909226206625792 398 576 
nomask 7.813438e+31 36179390524679990661908248150409216 0 0 576 
nomask -1.8756013e-31 7346649967007416090951340261376 829602973747173122043864516919296 398 0 
nomask 2.2627855e+34 0 11069165506357933274736948154466304 398 576 
nomask 1.9533596e+31 2262075576487290303597967348596736 0 0 576 
nomask -1.883305e-31 1912152145488785881964024019550208 205996962953573165405880811782144 398 0 
nomask 5.656964e+33 0 43419274708517877427409283710976 398 576 
nomask 7.813438e+31 9080658178566441933488353443840 0 0 576 
nomask -4.7082625e-32 476082602636862994096634936164352 3272953692234225177441555280035840 398 0 
nomask 5.6828357e+30 0 686162851723769552674269595435008 398 576 
nomask 4.784673e+30 9142002300029996017780625768448 0 0 576 
nomask -3.0007698e-30 29755638178774563207094831415296 210241728784294215988559040479232 398 0 
nomask 2.2731335e+31 0 41533238304410469899446517760 398 576 
nomask 1.9217301e+31 142707391735964506577792305895309312 0 0 576 
nomask -1.9282582e-28 7680142352940773147463149636550656 51645699108139274310164019595444224 398 0 
nomask 1.4007845e+30 0 2856935155752944308075203488026460160 398 576 
nomask 7.6869215e+31 8983264925740312063024945938038784 0 0 576 
nomask -7.5942483e-31 7408115786216416967435592138752 829736845356733967620154780024832 398 0 
nomask 8.570179e+28 0 691833768001076867460281904660480 398 576 
nomask 1.161545e+30 573309654872500680159233671430144 0 0 576 
nomask -1.219933e-29 1912182458094786899175950602207232 210264076986995612023482658848768 398 0 
nomask 3.5410606e+26 0 165439395780585504849008787456 398 576 
nomask -1.8844186e-34 145271209577940398754600530739200 0 0 576 
nomask -7.838879e-28 461097721483014158460165029888 3295594184184584358948517409980416 398 0 
nomask 3.3956088e+26 0 171537894924856866467961158762496 398 576 
nomask 7.5602807e+31 141745779643116999290998797402898432 0 0 576 
nomask 3.1206807e+35 123382876381737359622327972306878464 51280599023083013889899257934118912 398 0 
nomask 2.1991747e+25 0 177833984916528586151744852119781376 398 576 
nomask 2.9038612e+29 143331293009964585933001403138048 0 0 576 
nomask -1.21498344e-29 1912121231442189606474083020570624 13090388662011643951689537329037312 398 0 
nomask 3.4774933e+29 0 172251002789147128164615916093440 398 576 
nomask 7.433392e+31 2277286971446324567827379212255232 0 0 576 
nomask -1.9204005e-28 113834731945854036618032185344 207417455627323633144677267406848 398 0 
nomask 3.551479e+29 0 688992565046928401349437546299392 398 576 
nomask 1.9217611e+31 2277472696302140324078230972661760 0 0 576 
nomask -1.1903704e-29 123380851692117482155220241198612480 52570213614880055961792307789824 398 0 
nomask 2.2730702e+31 0 44276670381526998275264648186953728 398 576 
nomask 4.80448e+30 566951462588753411062295606656499712 0 0 576 
nomask -1.2102072e-29 497559821835905951602086834610372608 3258594071194100107193722787145449472 398 0 
nomask 1.4243421e+33 0 180021644081332806609800261768577024 398 576 
