mask 0.99609375 70 98 247 351 
mask 4.6533385e+27 29395980310698105866882813788160 0 0 433 
mask -1.8889692e-28 22785005072778787062127001600 2526231388280693704108277760 320 0 
nomask 2.2726995e+31 0 31837354831846641109726400610304 320 433 
nomask 4.6340718e+27 7301224373912454394882188902400 0 0 433 
nomask -1.1706875e-29 100821711551724332828045111061381120 616636871265283892853354114051997696 320 0 
nomask 3.585614e+32 0 8126326560628429014641712037888 320 433 
nomask 1.8767497e+28 114755469457904859050199693677035520 0 0 433 
nomask -4.7422215e-29 348483714189432200825405440 156995247543866856595224545722368 320 0 
nomask 9.02816e+31 0 32238318705921346672352708001792 320 433 
nomask 4.7111417e+27 116030439475329428831742071930880 0 0 433 
nomask -1.20375406e-26 95300377938858476985322045440000 2486487317674179481505307295744 320 0 
nomask 5.74216e+27 0 499560739855685370960519626752 320 433 
nomask 1.19123546e+30 469727107106316889693880320 0 0 433 
nomask -1.2139104e-26 5931611912247835005990238945280 156961614925333722707926926229504 320 0 
nomask 9.063662e+28 0 31970848600142825802833470685184 320 433 
nomask 4.595538e+27 452455200134429350824990872279449600 0 0 433 
nomask -7.58694e-28 96088053556628388624101854412800 621097093557744216664946355422101504 320 0 
nomask 3.625659e+29 0 33968873527241560704312847695347712 320 433 
nomask 2.9657578e+29 116030403207554840392866830745600 0 0 433 
nomask -7.523339e-28 95694929013977005435925026570240 159934230854156803672899584 320 0 
nomask 3.613218e+26 0 128953315719379128340538382614528 320 433 
nomask 1.1912354e+30 7300643333940402113735095746560 0 0 433 
nomask -1.203754e-26 370731812756420175368489533440 39511570807826196808431543779328 320 0 
nomask 5.62595e+27 0 7642563483805215565855850496 320 433 
nomask 1.9059152e+31 29197909904412445022898953912320 0 0 433 
nomask -2.9882037e-30 1476761823792975750075860910080 627930606680777712191755834621952 320 0 
nomask 3.5517704e+29 0 2088882022895853888554657308999680 320 433 
nomask 4.479482e+27 455789566871443736887826165394309120 0 0 433 
nomask -7.408399e-31 403274219218496620433376473178439680 616826223169357876585406928120709120 320 0 
nomask 1.4210426e+24 0 517957636757998738565495137501184 320 433 
nomask 1.2349378e+33 469774330771145586146017280 0 0 433 
nomask -7.586324e-28 95300383983487575058467918970880 39511570807826196808431543779328 320 0 
nomask 2.243207e+25 0 31970848600142825802833470685184 320 433 
nomask 3.0620412e+32 116011761571416382810992861511680 0 0 433 
nomask -1.8134313e-31 1464382045610803317755252572160 10012425220873771833854741446656 320 0 
nomask 3.565429e+26 0 1998210242867748162940038021120 320 433 
nomask 7.1669274e+28 1843561583598213522853250623078400 0 0 433 
nomask -1.1754832e-29 95694971326380691947946141286400 2503369060050733066958198013952 320 0 
nomask 1.4163866e+27 0 539119411205266553736765484354764800 320 433 
nomask 1.9217298e+31 113966443615065536224387238870384640 0 0 433 
nomask -1.2585537e-23 1543771965422046641768945145610240 9704636852190954454045460325728256 320 0 
nomask 2.2811457e+28 0 30570267913241184116836139008 320 433 
nomask 7.476169e+28 29399084227739966427288871895040 0 0 433 
nomask -4.6429227e-29 5906950958895652459541084241920 2494502264301706351903425834254336 320 0 
nomask 5.742465e+27 0 134235198063085429919710014980751360 320 433 
nomask 2.8721634e+26 117602538700414488756821730263040 0 0 433 
nomask -7.4925223e-28 5906949825527696570826232954880 2503041127706542201979151581184 320 0 
nomask 2.2726995e+31 0 129489360114667194660020723646464 320 433 
nomask 1.8690425e+28 7301418557622229994693376081920 0 0 433 
nomask -7.5240767e-28 99202287909932769767633072716513280 2443244583262570628258555783806976 320 0 
nomask 9.090551e+31 0 515805181888433163099349530443776 320 433 
nomask 1.8767798e+28 7222922865128182866697348983029760 0 0 433 
nomask -1.1904857e-29 5882192158109944854043101757440 9979352268088631190567877525635072 320 0 
nomask 1.4242629e+33 0 124368756881275106947623813120 320 433 
nomask 7.5378277e+28 1843561777026344661193918576066560 0 0 433 
nomask -1.2139301e-26 24800564240357946908281550059601920 2503238193830759783350036070400 320 0 
nomask 1.4402825e+30 0 130025412689094009309728574799872 320 433 
nomask 1.19618744e+30 1849871088343364233978959626240 0 0 433 
nomask -7.6186173e-28 95694977371009790021092014817280 2486486806478007710866212913152 320 0 
nomask 9.064147e+28 0 517949228603365455093670732627968 320 433 
nomask 1.14406766e+27 454551997827313879950328175001600 0 0 433 
nomask -7.650294e-28 94904273394061743736229566873600 9910471618403013203113487508701184 320 0 
nomask 3.625659e+29 0 543502043439369597590212942040662016 320 433 
nomask 2.9533786e+29 7324533757265251433023740911288320 0 0 433 
nomask -3.0345295e-27 1470572123596548848701365288960 39246722116016515776188300394496 320 0 
nomask 2.24309e+25 0 32372863493546691799437828685824 320 433 
nomask 2.9657576e+29 7350548547352731265210200883200 0 0 433 
nomask -7.5865708e-28 95698084310366199618071009689600 39514719776244303945252940546048 320 0 
nomask 1.3830784e+24 0 128419414258443124540139693408256 320 433 
nomask 7.1979977e+28 1825354450510898183887535472640 0 0 433 
nomask -4.8203375e-29 24699953758515125839889810986106880 2460397742179348803914774372941824 320 0 
nomask 2.219795e+28 0 8321091954459645705566895409725440 320 433 
nomask 7.4018234e+31 29092135616823722027450374878658560 0 0 433 
nomask -3.0468555e-27 24800575072333290655358955426938880 39098383358116609193724419030122496 320 0 
nomask 2.1968785e+19 0 134781980162588524132525651643072512 320 433 
nomask 1.8821769e+31 454576998413263510481661098721280 0 0 433 
nomask 4.8889202e+36 5882190646952670335756633374720 157511569607450882830466285568 320 0 
nomask 8.590295e+22 0 8321223867609378775443922648825856 320 433 
nomask 2.8667715e+29 1837782207936536571803514961920 0 0 433 
nomask -4.6222006e-29 6149733302258572872320502894428160 39514715686674929780140185485312 320 0 
nomask 2.2350205e+22 0 31703364180871495355419590656000 320 433 
nomask -1.1542697e-35 114436531228458520996350714183680 0 0 433 
nomask -1.20866456e-26 24598151759384492592983481505546240 38271802998732075909045355280334848 320 0 
nomask 8.670125e+25 0 134779869552192795014493215817465856 320 433 
nomask 4.7055222e+30 28895674532589132177823883864309760 0 0 433 
nomask -1.2051229e-29 400041710187914635459559880004730880 39097302926604509764255434024157184 320 0 
nomask 5.626855e+27 0 133686372356691232910069321407922176 320 433 
nomask 7.3834464e+28 1837733662009092671850718167040 0 0 433 
nomask -4.7020096e-29 1524757012990492062405826644541440 619370778098545204665491268829184 320 0 
nomask 5.704081e+27 0 7925971400241675351823965224960 320 433 
nomask 1.8149432e+28 1830934595197502644049279555993600 0 0 433 
nomask -7.5873084e-28 23627808369054433393023742115840 9773786562824837512598231298605056 320 0 
nomask 2.2569156e+31 0 8321223344144498882309490001051648 320 433 
nomask 1.20111986e+30 7172813373475484333257447870300160 0 0 433 
nomask -4.7617893e-29 1613122229885991046321535826777866240 9774592698739872939624508870885376 320 0 
nomask 3.6112634e+32 0 33558822548226072777842540247252992 320 433 
nomask 1.2060524e+30 7223122482959517634266676466810880 0 0 433 
nomask -3.000914e-30 381195394590786657917664168509440 9812464703931625104417857994752 320 0 
nomask 1.4243422e+33 0 127881308720190479003828801765376 320 433 
