mask 0.99609375 176 68 356 225 
mask 1.2011005e+30 3791231981756535406116433840570368 0 0 382 
mask -1.8967964e-28 49193193090150428726264512643072 555794299709408258863933685760 658 0 
nomask 2.2729471e+31 0 114237719259519322166239657197568 658 382 
nomask 4.8044797e+30 947833649449488983767510312550400 0 0 382 
nomask -4.801309e-29 3187362828611969626194727730675712 34488514589274363900256576365133824 658 0 
nomask 9.028407e+31 0 1762884652645864358678617915392 658 382 
nomask 4.8242097e+30 58984967001837418363726211040935936 0 0 382 
nomask -3.0008182e-30 725867170582313009959403520 139438636495612853014489745850368 658 0 
nomask 3.5862086e+32 0 111098427818000368922987069440 658 382 
nomask 4.844017e+30 3791028738356667614274211412967424 0 0 382 
nomask -1.2003657e-29 12196877771388897163124066484224 8715604789554447811616008306688 658 0 
nomask 1.4243025e+33 0 7080977172661626235487032180736 658 382 
nomask 7.781871e+31 240931661113686286026481336320 0 0 382 
nomask -1.8832751e-31 790336719488925740991065010208768 553926547958867402869884604907520 658 0 
nomask 1.4243822e+33 0 28441215560848059006329406095360 658 382 
nomask 1.1961684e+30 937164859286767104373873169313824768 0 0 382 
nomask -3.0378917e-30 12196880101876756459293979443200 8744138760307705655743860080377856 658 0 
nomask 1.4142407e+33 0 29605679103643256235221237236760576 658 382 
nomask 7.7501807e+31 954197434963940391743163623014400 0 0 382 
nomask -1.928135e-28 190576154488163515669388722176 559445425984985727458126856192 658 0 
nomask 5.51065e+27 0 7371272841104116835660828386525184 658 382 
nomask 3.0620424e+32 957362956043954540137351741440 0 0 382 
nomask -1.20516135e-29 3036590723345019954036851343360 555692771486357708106014654464 658 0 
nomask 1.2648857e+33 0 1678413100601243766519496704 658 382 
nomask 1.1367875e+30 954145828640784137356611059449856 0 0 382 
nomask -8.286671e-31 196776053687507603912295496810496 137950289990246618448133245345202176 658 0 
nomask 3.2822676e+32 0 1850384615248557226352476728328192 658 382 
nomask -1.1307797e-35 15061486184435112600673484714016768 0 0 382 
nomask -2.153003e-28 50996172946807057232969888616677376 138518726078283990281407902515200 658 0 
nomask 3.1874675e+32 0 1784993677519931822170158661632 658 382 
nomask 1.2146772e+33 957338000403127910317867139072 0 0 382 
nomask 2.1342617e+37 12697319978986681877068355960045568 34487565108607045127419795532152832 658 0 
nomask 8.675327e+25 0 7080863524189849494605319372800 658 382 
nomask 1.1615446e+30 238504489081400782344400068935680 0 0 382 
nomask -3.0003369e-30 179919214904988608896172032 2200633186241784092695642696056832 658 0 
nomask 5.588477e+27 0 1784963912443990294796376735744 658 382 
nomask 1.8425329e+31 3721968600673208668997798978186641408 0 0 382 
nomask -4.8010782e-29 800086188048288292964640311214080 8683610291385460072975771453358080 658 0 
nomask 5.642908e+30 0 1842877668270152405414592083132416 658 382 
nomask 7.718736e+31 947884758601901921637814778200064 0 0 382 
nomask -4.7813567e-29 49396855977832893879071272861696 136013305095188664953419251239092224 658 0 
nomask 2.2888542e+31 0 1762855676795421280894292328448 658 382 
nomask 2.9904686e+29 235933275125556701796242067334103040 0 0 382 
nomask -4.7617896e-29 12197078970174083065793218609152 2186034690076926413935965020094464 658 0 
nomask 2.288793e+31 0 460711797208097070345959847755776 658 382 
nomask 1.20111986e+30 240178413257073160900120938545152 0 0 382 
nomask -1.904685e-28 12399717996857030767951552184320 35197149450934348319261982720 658 0 
nomask 2.2728852e+31 0 1865487407565512229984608037371904 658 382 
nomask 4.8242868e+30 59413485227024032822582778007650304 0 0 382 
nomask -1.2052961e-29 3174380507294191427317895738163200 136977977453184538155588577547780096 658 0 
nomask 9.09179e+31 0 7021867339729745783565070630912 658 382 
nomask 4.8242868e+30 235959443011592125985837953746731008 0 0 382 
nomask -3.0008182e-30 12196877771388897163124066484224 8743428497045868947269653406679040 658 0 
nomask 1.4243422e+33 0 115650842397031282851501427392512 658 382 
nomask 4.84394e+30 3765166711762531745474154837573632 0 0 382 
nomask -1.20034645e-29 3200343757851666538826065049026560 559488720640900676365446021120 658 0 
nomask 3.560756e+32 0 1777604722910447208654354513920 658 382 
nomask 7.7501797e+31 3829153910144471466828867043328 0 0 382 
nomask -7.53298e-31 3252323356802002965777700528062464 34724946358868652563535277483622400 658 0 
nomask 8.965522e+31 0 28676738489025381062145663303680 658 382 
nomask 4.804403e+30 14954768683250519714625766524190720 0 0 382 
nomask -7.5637946e-31 194335504654909740214913844903936 8743427573426542761692963931160576 658 0 
nomask 3.5609546e+32 0 119389332067631192596408931746578432 658 382 
nomask 4.7845962e+30 15164935881758034688725704928919552 0 0 382 
nomask -1.200154e-29 198395550096055406851755847188480 138496559214455536440860490072064 658 0 
nomask 8.73152e+25 0 115181687073984924842155183177728 658 382 
nomask 1.2298676e+33 240197554330690846775672708268032 0 0 382 
nomask -4.8206457e-29 12298501801810652380405193244672 34485673536227017066359749670338560 658 0 
nomask 2.0080442e+31 0 28676729469305398781123305144320 658 382 
nomask 1.8346123e+31 14955182329308959056144183989370880 0 0 382 
nomask -2.0253258e-31 198395574954592572677568252084224 34727805884302523108965893688786944 658 0 
nomask 3.30772e+32 0 7228179904744450748474428751872 658 382 
nomask -4.3622937e-38 60244302881077721939436220301967360 0 0 382 
nomask -3.3144758e-30 51412424975414566602953383827472384 137000764989200188703671317539323904 658 0 
nomask 5.040072e+30 0 115652732930339568953787697594368 658 382 
nomask 1.2095866e+33 235946435434000587307935718380142592 0 0 382 
nomask -1.179638e-38 198398769276618381294462281187328 2185916235898343113725539784851456 658 0 
nomask 8.6746155e+25 0 119389324678676583111795415942430720 658 382 
nomask 1.8663324e+31 3791233174966319365755429275566080 0 0 382 
nomask -7.4699074e-31 12801172185743393016675036246835200 139438593200956938065582426685440 658 0 
nomask 2.2199165e+28 0 111560307947655518838212001792 658 382 
nomask 1.842533e+31 954222989540146860678315855839232 0 0 382 
nomask -4.8406748e-29 768656314061335371771784724480 8681711330050822527302209787396096 658 0 
nomask 2.2413175e+31 0 28559429814879830541559914299392 658 382 
nomask 7.6870453e+31 3749078123323635204529026859857346560 0 0 382 
nomask -1.2002888e-29 51204707834330115420924071947272192 34491359336799015476460160962002944 658 0 
nomask 2.2889163e+31 0 7431686319420252314131077311496192 658 382 
nomask 2.9904686e+29 15061075720269430484859055075491840 0 0 382 
nomask -4.7617896e-29 822598901427201296869781751692525568 544098736341149085032934358506274816 658 0 
nomask 2.2729474e+31 0 29606634126026532121518154922852352 658 382 
nomask 1.2011199e+30 59406924164158633420959879444561920 0 0 382 
nomask -4.7617893e-29 12298501801810652380405193244672 137957856279766730692373428792459264 658 0 
nomask 3.5860098e+32 0 458827700371990323797244428419072 658 382 
nomask 4.8242097e+30 947782639731224709200455466483712 0 0 382 
nomask -1.205296e-29 12697112360484272899883150270791680 139449691064423136635491905961984 658 0 
nomask 9.09179e+31 0 29606161232931525106253143457398784 658 382 
nomask 4.8242094e+30 3713238221964608256392823824187392 0 0 382 
nomask -3.0008663e-30 50788468533293634953756528043098112 8562071224252700036407687978680320 658 0 
nomask 1.4243422e+33 0 1827745204682343690131311373058048 658 382 
