mask 0.14453125 413 509 805 1262 
mask 5.0005217e+33 504262758896878906686726479011643392 0 0 1874 
mask -7.563795e-31 6838317419628086275056974212104192 10722997494614737933317603837607936 1406 0 
nomask 1.4244215e+33 0 2260141969907629969333345599881216 1406 1874 
nomask 3.1127488e+32 2025201415298654957051989895151616 0 0 1874 
nomask -1.8986825e-31 27242750253114014198410487049224192 671999527121853847320487031975444480 1406 0 
nomask 1.4244612e+33 0 2241619304461312118020116494417920 1406 1874 
nomask 3.1127486e+32 502819107082658651976673045512192 0 0 1874 
nomask -1.9064162e-31 25953670755383229180149516730368 42299237497852948997466203183120384 1406 0 
nomask 5.657281e+33 0 8648142069615120342403694723072 1406 1874 
nomask 3.112749e+32 2025091781442851565176023316168704 0 0 1874 
nomask -7.6187405e-28 6727248975075887224775421699555328 679503119581961345232447421284352 1406 0 
nomask 9.028157e+31 0 583329048294235035500188352682917888 1406 1874 
nomask 1.9296839e+31 126939401865234962418221849134497792 0 0 1874 
nomask -1.2052576e-29 1688774631018625582130965554135040 10675679335501705254444172772020060160 1406 0 
nomask 5.761752e+30 0 8684251671489694550671975514112 1406 1874 
nomask 2.9781376e+29 8099930290097895071368846585626624 0 0 1874 
nomask -4.8211076e-29 25953662455824135536748053659648 2736281121560862712227913885810688 1406 0 
nomask 3.586109e+32 0 145832243949342871212526500975738880 1406 1874 
nomask 1.2011201e+30 504206843930669474451814904093474816 0 0 1874 
nomask -3.0007702e-30 104248052799166600571393767636992 690781288477830702514615353344 1406 0 
nomask 3.5863073e+32 0 555801098285565971321578986668032 1406 1874 
nomask 3.1127486e+32 128322417870916142327293743726592 0 0 1874 
nomask -1.2151567e-29 6755098099137076733981707307319296 10797233150127110638735217819385856 1406 0 
nomask 2.2255343e+31 0 9077541846423097908785028530176000 1406 1874 
nomask 3.0873958e+32 507743628719387491614159502808449024 0 0 1874 
nomask -1.906356e-31 25953665775647772994108638887936 10797233150127110638735217819385856 1406 0 
nomask 1.4041788e+33 0 140103418957529231805039897477120 1406 1874 
nomask 1.22986805e+33 516702662651683533261867109580800 0 0 1874 
nomask -7.717867e-31 27130916921195744972250097939120128 2699453564449752204575386189692928 1406 0 
nomask 5.4948605e+33 0 145832253011450815043786794573234176 1406 1874 
nomask 1.2450801e+33 2045832187068095452905323102208 0 0 1874 
nomask -1.2107691e-32 25845301752385708558565909725184 170994808631116874590929058529280 1406 0 
nomask 8.8399925e+31 0 33076601954493375695980331008 1406 1874 
nomask 1.2349386e+33 8100586393483013044456026422640640 0 0 1874 
nomask -1.8985922e-31 1688774524784269183495426826829824 2699380501204455065039269059887104 1406 0 
nomask 8.839748e+31 0 9040567879630519877333382399524864 1406 1874 
nomask 4.939675e+33 2039070947932635218446071954931712 0 0 1874 
nomask -4.765965e-32 26062019839438925057569612365824 10833306454896478183024891002880 1406 0 
nomask 3.5612525e+32 0 8648285324373265624167369146368 1406 1874 
nomask 5.000522e+33 2039289153300678015842617839845376 0 0 1874 
nomask -1.1866577e-32 27464671274006210271558898190123008 672036863006582432112896653656064000 1406 0 
nomask 2.2468131e+34 0 560413923622131016356183242964992 1406 1874 
nomask 5.0208047e+33 32292206706556930288165301780480 0 0 1874 
nomask -1.8986825e-31 99688370944898691724140871680 43330955867742560468168599404544 1406 0 
nomask 1.4244614e+33 0 2162071192816522829515043373056 1406 1874 
nomask 2.0163713e+34 509781334980777829960475083800576 0 0 1874 
nomask -1.9141497e-31 6782837164405037256769871426879488 171040260766272653255839133466624 1406 0 
nomask 2.2304604e+34 0 36162271518522079509333529598099456 1406 1874 
nomask 1.25015046e+33 2045618680910411476402685607936 0 0 1874 
nomask -2.990906e-33 26062868054378295413199138193408 10832167054117407602201843466240 1406 0 
nomask 2.2468136e+34 0 8575931162473586517475067953152 1406 1874 
nomask 1.2501503e+33 2002624974305482110139719587159080960 0 0 1874 
nomask -4.7853743e-32 27019960660123902881097441460879360 676862471735104353544278494291165184 1406 0 
nomask 8.922096e+34 0 2250898478209485461470434067218432 1406 1874 
nomask 5.0410082e+33 129165427326822964815421933355008 0 0 1874 
nomask -1.9126043e-28 1615331255779618114367851069440 10833306454896478183024891002880 1406 0 
nomask 9.028158e+31 0 138368016436570756561100846661632 1406 1874 
nomask 1.9296839e+31 8182902150934968540786090573824 0 0 1874 
nomask -3.0131441e-30 1688801508310794436922263562354688 679430339527537450423214466400256 1406 0 
nomask 9.092287e+31 0 8612037998812289195207370473472 1406 1874 
nomask 1.1961876e+30 2045298317929396841106211078144 0 0 1874 
nomask -1.2052768e-29 25844881794695570202451878346752 679412144513931476720906227679232 1406 0 
nomask 1.4344833e+33 0 145240678604877510371820750080311296 1406 1874 
nomask 1.929653e+31 507841425518263521923858930534973440 0 0 1874 
nomask -3.013096e-30 109413105910044618451609501583802368 169192382689008105034676839594852352 1406 0 
nomask 8.902386e+31 0 34882566794806567821153811824640 1406 1874 
nomask 3.1127486e+32 32293913095906583371506109120512 0 0 1874 
nomask -3.0378438e-30 6461325438096427139641477431296 10761091676004724215345894653952 1406 0 
nomask 3.4088358e+32 0 137790324754581091512814267269120 1406 1874 
nomask 1.22986836e+33 509781334980777829960475083800576 0 0 1874 
nomask -1.9294667e-31 1681839439764209856891769615024128 2717866635028124346584439600447488 1406 0 
nomask 2.194029e+31 0 138368051835429912151961368526848 1406 1874 
nomask 5.057903e+36 31957633260300042409194029324435456 0 0 1874 
nomask -1.9680148e-31 108967526724064395816983410407112704 169220293981475105316381119880364032 1406 0 
nomask 1.3331896e+33 0 145832262073558758875047088170729472 1406 1874 
nomask 1.2349392e+33 1988254827989658025767444833189756928 0 0 1874 
nomask -2.9676881e-36 1622130254589130788846398603264 10835294322080934332286071996416 1406 0 
nomask 2.1945863e+31 0 558102802905580800254431706742784 1406 1874 
nomask 1.2248173e+33 514830728221458865224626995200 0 0 1874 
nomask -1.9139994e-31 6671767869977987017404009095888896 43039817950617403435806518935552 1406 0 
nomask 2.2099367e+31 0 2144018466031139373282886680576 1406 1874 
nomask 7.8707747e+34 2025091781442851565176023316168704 0 0 1874 
nomask -7.656359e-31 103379560377018655383413365669888 168004539703946591097912667106443264 1406 0 
nomask 1.404139e+33 0 555782974069678308800991791677440 1406 1874 
nomask 1.25015046e+33 126956861694177790966282759201357824 0 0 1874 
nomask -1.8986524e-31 7059250559591257775629001353433448448 672129876482517916168550138347782144 1406 0 
nomask 5.6572795e+33 0 9370978801076625551242166559829917696 1406 1874 
nomask 3.1126993e+32 513303322598461793975901433626624 0 0 1874 
nomask -7.59473e-31 416992397106790099897767843332096 2699089664177632730529221415272448 1406 0 
nomask 3.561054e+32 0 2153044760285434313135565570048 1406 1874 
nomask 1.2501502e+33 31731355780920651089873488851238912 0 0 1874 
nomask -1.9064761e-31 420466791732807475191844360421376 168018513474395978901285394444189696 1406 0 
nomask 8.921588e+34 0 583319623701973450989483011287810048 1406 1874 
nomask 7.7818724e+31 500684146667484767550989855868583936 0 0 1874 
nomask -2.9788689e-33 108523674483781789401674870304014336 10724448564649243913872116136542208 1406 0 
nomask 8.921844e+34 0 36013802473024320056313375033917440 1406 1874 
nomask 1.2552012e+33 495925081641347398008733937172480 0 0 1874 
nomask -4.7661903e-32 107186950523838740523145553869012992 656340230082092021558570135846912 1406 0 
nomask 8.921843e+34 0 35271436855792649170876941618642944 1406 1874 
