mask 0.99609375 89 54 267 328 
mask 2.9409994e+29 474185474638230894008216712118272 0 0 433 
mask -4.801232e-29 23086539794158780346039009280 631541872189805593555369984 327 0 
nomask 5.7219825e+30 0 1981491827668075296677802541056 327 433 
nomask 4.8044797e+30 7433929120454477792654917632 0 0 433 
nomask -1.1854594e-29 392772494990230670858749181165568 623591802590673480804950677127168 327 0 
nomask 3.611561e+32 0 30700618943322605127785775104 327 433 
nomask 1.929684e+31 29109988240272453203905697078575104 0 0 433 
nomask -1.2102072e-29 5771542205228021502525308928 156376313531777472224601294940143616 327 0 
nomask 9.028903e+31 0 501638081348957569915373486080 327 433 
nomask 1.929653e+31 474223622896931743439139152855040 0 0 433 
nomask -7.5555084e-28 392766095768078131996955844280320 2486421628966106954381679132672 327 0 
nomask 2.2727612e+31 0 130559346866585006431029304492032 327 433 
nomask 4.824209e+30 475722097122892327586585640960 0 0 433 
nomask -4.7815875e-29 1502740792286858361118333599744 39510519788497036374453493170176 327 0 
nomask 1.4403216e+30 0 491193544815665021593552158720 327 433 
nomask 1.1537201e+27 7379502736602983581376849897324544 0 0 433 
nomask -1.9047157e-28 375685246328397087103770427392 157461217527810708634178843488288768 327 0 
nomask 5.721827e+30 0 8423874283626662651417285875466240 327 433 
nomask 7.4452226e+28 118927096088937375348839004128673792 0 0 433 
nomask -4.835368e-26 380416524507115717696690323456 158546326508396863352326848512 327 0 
nomask 3.625368e+29 0 130025388151677764319052044435456 327 433 
nomask 2.978089e+29 7511539456197579253506738487296 0 0 433 
nomask -7.555263e-28 394385444876570601266442689052672 619370843531655191307295349800960 327 0 
nomask 3.551382e+29 0 128951246397275800793484321882112 327 433 
nomask 1.1813323e+30 7510348867327017607164397092864 0 0 433 
nomask -1.1854016e-29 374110099955018248815007236096 158054691385938070705550579990528 327 0 
nomask 3.5764325e+29 0 520084769013999483653461408481280 327 433 
nomask 1.17638055e+30 118091575694102572210661888014417920 0 0 433 
nomask -3.0851144e-27 25446718088609239142017288063942656 38825009059241218667618445427736576 327 0 
nomask 8.851702e+25 0 522220734739848425384978610651136 327 433 
nomask 1.9059152e+31 1890387591404131998345254141952 0 0 433 
nomask -1.1624148e-32 24447471568993171278190979579904 2511520631011912045443237621530624 327 0 
nomask 1.3834113e+24 0 7992711638839534680069273288704 327 433 
nomask 4.6461005e+30 117743080973753308542112213499904 0 0 433 
nomask -1.1753677e-29 24144265181529125546260068040704 2511722426723110848767023338487808 327 0 
nomask 5.6462434e+24 0 495381231905049361389790953472 327 433 
nomask -1.8036615e-37 119355969091539643014846326243328 0 0 433 
nomask -3.072345e-27 392766071060656693622972086222848 2519989069987340085194764845056 327 0 
nomask 2.182702e+25 0 32372867583116065964550583746560 327 433 
nomask 1.8980234e+31 7433553087060313522229716551991296 0 0 433 
nomask -1.1720443e-32 392772569112494985980700455337984 610827962124909224008287755698176 327 0 
nomask 5.6277646e+27 0 123321875046129941579743363072 327 433 
nomask 2.9286685e+29 474160025994149368804945912922112 0 0 433 
nomask -4.780972e-29 23283437614895119209401942016 9978011151066344980151433928114176 327 0 
nomask 2.2506836e+28 0 8059581721265023750644554530816 327 433 
nomask 2.891482e+29 1896691297753817786114130346770432 0 0 433 
nomask -3.0727394e-27 375678997088013748371550371840 2486290762746133670773517189120 327 0 
nomask 5.682057e+30 0 2014960991225285522124993200128 327 433 
nomask 1.1961875e+30 475771656735816566026662838272 0 0 433 
nomask -1.1854401e-29 24447868431950025160305093378048 2477080044436663105148826289176576 327 0 
nomask 9.028901e+31 0 7992843527451851504955623997440 327 433 
nomask 4.80448e+30 116130192855966974069378100756480 0 0 433 
nomask -1.2052768e-29 1436732541534661286956105728 158058895463254712441462782427136 327 0 
nomask 3.5862082e+32 0 499560580106881692635802632192 327 433 
nomask 7.7503035e+31 7483946739144764113486390700802048 0 0 433 
nomask -1.2089011e-26 24547873264435683757939815874560 10039752034942110290017255424 327 0 
nomask 5.721361e+30 0 2023303840547625294805090697216 327 433 
nomask 3.0028478e+29 475709695155490643770519584768 0 0 433 
nomask -7.618863e-28 1515365995101772485873578803200 2502975183400383789535976226816 327 0 
nomask 2.272699e+31 0 1998243087221784426501852102656 327 433 
nomask 2.8601691e+26 119349631637940700088012384501760 0 0 433 
nomask -7.618986e-28 24144663588699819326748166717440 2494704321745345101794427875098624 327 0 
nomask 2.2886687e+31 0 8321225438004018454847220592148480 327 433 
nomask 7.476171e+28 30044564196107541892074559242240 0 0 433 
nomask -1.9340842e-25 374103850714634910082787180544 157478773178055722766067302400 327 0 
nomask 2.265794e+28 0 32105368850351925939242061004800 327 433 
nomask 2.965758e+29 472609010278339702457257426944 0 0 433 
nomask -7.5552624e-28 24447868431950025160305093378048 9878154434396495769324209831936 327 0 
nomask 8.791258e+25 0 32104847430256719887365790760960 327 433 
nomask 1.8150039e+28 29841376539053713843144234106880 0 0 433 
nomask -1.9044386e-28 97788323531566707958291221184512 2494636794775838887452616312225792 327 0 
nomask 3.526817e+29 0 32238337108983530415360105775104 327 433 
nomask 7.1669297e+28 1883940291697901740576272046620672 0 0 433 
nomask -1.9500505e-25 6258251884098818205590652664676352 9774325731651127441063858506039296 327 0 
nomask 2.1756433e+22 0 2071763281794928686487385311019008 327 433 
nomask 1.1665154e+30 463084058030434047597591134208 0 0 433 
nomask -7.234647e-34 24043443459922160708787344769024 624805369271821944225792 327 0 
nomask 8.616832e+19 0 8218440491512602043324666887536640 327 433 
nomask 1.1417371e+30 1865234278219487359099062976512 0 0 433 
nomask -1.8646572e-28 389540344239926901425471376850944 39515766706004090214118236094464 327 0 
nomask 8.822021e+22 0 128955458653731190859622034440192 327 433 
nomask -7.0969817e-37 118559055920466328542713940541440 0 0 433 
nomask -3.093929e-24 6010866269728979821505783267328 2460397742179348803914774372941824 327 0 
nomask 3.4224096e+20 0 128417295861507307011732571947008 327 433 
nomask 2.8915297e+29 29111613790943726705045107195772928 0 0 433 
nomask -4.668542e-32 25343087652040581388444932576903168 2443580647715462020564315654848512 327 0 
nomask 1.3928177e+24 0 8218308578362868973447639648436224 327 433 
nomask 1.7917923e+28 473909934283377017238847488 0 0 433 
nomask -1.8964577e-28 6232343484319167739230083535077376 615048855750817526864139002052608 327 0 
nomask 5.5493367e+27 0 127347390900976978542979092316160 327 433 
nomask 1.7608142e+28 1870986289467448014387857546280960 0 0 433 
nomask -3.0600192e-27 96981885649528900315420104327168 9842399198491950215223105655144448 327 0 
nomask 2.2505016e+28 0 8321357351153751524724247831248896 327 433 
nomask 1.1912357e+30 116136542663276636183203921526784 0 0 433 
nomask -4.7416835e-29 25239447727822091299262813995794432 625891275945651776762723434496 327 0 
nomask 9.092033e+31 0 133135335534644367300585123636838400 327 433 
nomask 4.80448e+30 115339617138492602524079656796160 0 0 433 
nomask -1.20525764e-29 100128791694438320734651306525851648 606606806766560974585220185456640 327 0 
nomask 8.965521e+31 0 32872700379273984896669257864052736 327 433 
