mask 0.99609375 46 79 246 344 
nomask 0.00390625 248 155 270 197 
nomask 0.00390625 270 153 277 200 
nomask 3.576141e+29 0 2136341662819318397515962777600 280 461 
nomask 1.1961875e+30 6504851853922144312360960 0 0 461 
nomask -1.9046235e-28 337700032811265329862914521169920 165965683625048967995390276141056 280 0 
nomask 9.028404e+31 0 8545091803645012473125357486080 280 461 
nomask 2.9781381e+29 395965111741545913945303318978887680 0 0 461 
nomask -4.8210303e-29 19852596818410981949314170880 2638048783282031294979372058935296 280 0 
nomask 2.2571636e+31 0 2205733281596992328794975640748032 280 461 
nomask 4.804403e+30 6431897245154463099892394885120 0 0 461 
nomask -4.781511e-29 332164829942005043540740139909120 666260050248753598145532788736 280 0 
nomask 2.2729474e+31 0 8581036431417395061414214762496 280 461 
nomask 1.9375758e+31 25629044384128927305018900480 0 0 461 
nomask -4.8210303e-29 1302977167036517252054814556160 666224945947207376279131127808 280 0 
nomask 1.4305343e+30 0 2109660216633241176144256958464 280 461 
nomask 1.19123576e+30 101504854231115618164905512796160 0 0 461 
nomask -1.2002888e-29 1286750690788393692832485867520 2656095751227672079991561674293248 280 0 
nomask 1.4404767e+30 0 2214793687675501026594352443424768 280 461 
nomask 4.7648654e+30 403311761587755195404449134673920 0 0 461 
nomask -1.21506055e-29 5168408542065450442636845383680 10778871645217761123106816 280 0 
nomask 2.2197956e+28 0 546885840601105620633519782887424 280 461 
nomask 7.7186118e+31 25462439294613286221879705600 0 0 461 
nomask -3.0253738e-30 20847300140142629547210094673920 42067701828488814569323008884736 280 0 
nomask 1.3711901e+30 0 2109625656584432105004466176000 280 461 
nomask 4.7055237e+30 6431049013686810054219110809600 0 0 461 
nomask -1.1952238e-29 79409039185587021103224586240 10731216264331507833738373365760 280 0 
nomask 2.2353305e+28 0 2109660080570056888462604238848 280 461 
nomask 7.805869e+34 6408445748793677175795639994286080 0 0 461 
nomask -4.7808948e-29 333540554279266452139253463777280 41790198242870402084968297660416 280 0 
nomask 1.4115237e+24 0 34323599295921480916139537072128 280 461 
nomask 3.0620905e+32 103585345814935057203200 0 0 461 
nomask -1.8521599e-31 333551365098408355960648273756160 10443632029515589591096971231232 280 0 
nomask 3.5055663e+23 0 32129656321515752684517326848 280 461 
nomask 1.8742545e+31 6387550540434460493012522762240 0 0 461 
nomask -2.901442e-30 1281334537833693253692219719680 668553583531369526553529280364544 280 0 
nomask 3.54125e+26 0 527406346114515882410290184192 280 461 
nomask 4.586679e+30 25896828017262978856023165501440 0 0 461 
nomask -1.1902549e-29 19767968137221702428078899200 10588266105907920886484701282304 280 0 
nomask 3.5289014e+23 0 2223960122895250480349154144944128 280 461 
nomask 7.6235355e+31 25383009987621050534617929482240 0 0 461 
nomask -1.8520998e-31 20760311127213621645800877588480 650327229883563862050394123272192 280 0 
nomask 8.853356e+25 0 502034350754150764314099712 280 461 
nomask 4.7252513e+30 25548168521835658988035265003520 0 0 461 
nomask -1.2001925e-29 317636322025174984850480824320 41617518570399423809384852911816704 280 0 
nomask 8.879425e+28 0 549159510835826496123125654093824 280 461 
nomask 2.879103e+29 408825067788107711755696650321920 0 0 461 
nomask -7.681602e-28 80083387954252465801065922560 168785563729763364108767330304 280 0 
nomask 8.940353e+28 0 2127459322085834251544773525504 280 461 
nomask 1.9138381e+31 25724878342256685223216918036480 0 0 461 
nomask -1.9046235e-28 334937857942407981868535292887040 41785726662381971715133320200192 280 0 
nomask 9.028402e+31 0 2214865302627666267804718275231744 280 461 
nomask 1.1961877e+30 99449560956346061623274011361280 0 0 461 
nomask -1.2102072e-29 82349341505671720385930393026560 2638405464755850395171077369102336 280 0 
nomask 8.965521e+31 0 34322473781261053213508240408576 280 461 
nomask 1.9217613e+31 100399933000939410914584230447022080 0 0 461 
nomask -1.9126043e-28 336313518811063860699016944680960 10518327452173103914080375144448 280 0 
nomask 3.5860094e+32 0 137862814742366142536959616090112 280 461 
nomask 1.9375759e+31 6431050997080732859470100561920 0 0 461 
nomask -4.8408285e-29 5168579775074119295972294000640 670666116313949449264725753856 280 0 
nomask 3.551577e+29 0 34323031096063895557557779955712 280 461 
nomask 2.953379e+29 1591106488748401755401225701949440 0 0 461 
nomask -4.8208762e-29 348622295377496375095224946225315840 41623243308054220367461723139997696 280 0 
nomask 3.5763354e+29 0 573981743414668199477514528423411712 280 461 
nomask 1.8979924e+31 6365641844225942631043655291371520 0 0 461 
nomask -1.2391142e-26 5447223026774151368766720867041280 10332479345255559461827017172844544 280 0 
nomask 2.2040781e+28 0 2233091725939822287600859624767488 280 461 
nomask 4.7648663e+30 400549692499907063690122693181440 0 0 461 
nomask -1.2150797e-29 1350800300494676065499742543544320 10478572733043045846285214979981312 280 0 
nomask 3.4442506e+26 0 2214864884641564136046681120571392 280 461 
nomask 1.7917929e+28 25725557985240899822556073164800 0 0 461 
nomask -7.712417e-28 83733115777734487896460791644160 167133937364419642885986003714048 280 0 
nomask 5.549185e+27 0 529644449432863957915875147776 280 461 
nomask 1.92716e+34 25279534073532804283717426589204480 0 0 461 
nomask -1.1985081e-26 348627884676773748587166115771187200 656676702384847011063508846224867328 280 0 
nomask 5.550078e+21 0 35728324005061724111624098845556736 280 461 
nomask 4.6857134e+30 395965198397348663921922561917583360 0 0 461 
nomask -1.1575436e-32 5425211098878739339094338767421440 2638191455871558935056054183002112 280 0 
nomask 5.4933245e+18 0 573981672078373435657476187361378304 280 461 
nomask 2.8420596e+29 403355216426341243250133948170240 0 0 461 
nomask -4.641922e-29 87156938673267405905559312840785920 2655952799980743018742854780452864 280 0 
nomask 8.822022e+22 0 8545370461046433645150127259648 280 461 
nomask 1.8785134e+34 400495278748766209230969168199680 0 0 461 
nomask -7.617015e-28 19937225499600261470549442560 41328758166232325771685026433335296 280 0 
nomask 8.585438e+22 0 549150558966805840971829925117952 280 461 
nomask 4.6659852e+30 398849190168670635786946804648509440 0 0 461 
nomask -7.2344124e-34 350042042385801304530746443080663040 41335624284603343450375353654050816 280 0 
nomask 2.1833516e+25 0 142911031092888145160279066662666240 280 461 
nomask 2.8915305e+29 100836074956547530787171587850240 0 0 461 
nomask -1.9597814e-28 21612115623483571140195964199895040 164141675454580300141096732142338048 280 0 
nomask 2.1733117e+28 0 553716395321266922244185761251328 280 461 
nomask 1.8346105e+31 25279539489520476157256129272872960 0 0 461 
nomask -7.6496787e-28 20847305429193090361212734013440 41916578152123048365120170221371392 280 0 
nomask 5.5877195e+27 0 35582791275965897125279737822838784 280 461 
nomask 1.9059463e+31 25282317891196147282610605994803200 0 0 461 
nomask -1.9045619e-28 86800604596371830173693646240481280 167169727424414674667917371506688 280 0 
nomask 2.2729457e+31 0 142913331688394278356515565913243648 280 461 
nomask 1.1961876e+30 24861710596102300806479347712000 0 0 461 
nomask -1.2102071e-29 332159477422938699770069128314880 652919123060938555937200799744 280 0 
nomask 3.5608552e+32 0 134440919269001738896038344785920 280 461 
