mask 0.99609375 64 41 192 253 
mask 3.015082e+29 96368472060737284259921881202688 0 0 331 
mask -1.8731306e-28 78295980668729885389281281703936 1918632793694030038734733312 264 0 
nomask 2.2726995e+31 0 24439612564191081268799539773440 264 331 
nomask 7.5071186e+28 6121076832733175945719971840 0 0 331 
nomask -4.7421448e-29 4934431537224693559617034125312 30197570881880640099467170676736 264 0 
nomask 2.2885454e+31 0 23368956162406828460979781632 264 331 
nomask 3.0151303e+29 23667664496603465524415357062742016 0 0 331 
nomask -2.9638403e-30 302028894306036893473453375488 7576111326712527890367463511031808 264 0 
nomask 1.4344438e+33 0 94671555937481132271674064896 264 331 
nomask 1.8844871e+28 24254887787537234737062909837312 0 0 331 
nomask -7.564035e-31 314486140695570921857928791064576 478377606577738483701022457856 264 0 
nomask 2.246496e+34 0 24746527898290772820081288151040 264 331 
nomask 3.1253758e+32 96019787676077416427468881920 0 0 331 
nomask -4.7468563e-32 19574321803827358474940461350912 29998312724866673813797742837760 264 0 
nomask 1.4244218e+33 0 23468602471685409462579888128 264 331 
nomask 1.2060524e+30 6062119931278659985823433228288 0 0 331 
nomask -3.013288e-30 300757255459529755410309316608 7627943332140787935894361224511488 264 0 
nomask 5.656804e+33 0 103449918624046923427778419916537856 264 331 
nomask 1.9375449e+31 381380907952283827506829589118713856 0 0 331 
nomask -4.7813567e-29 304577022459724887084081610752 121201308478061439749999034368 264 0 
nomask 5.682368e+30 0 24541644132479124895027785891840 264 331 
nomask 1.9296838e+31 1516010431663265671290254524416 0 0 331 
nomask -2.9883963e-30 78948371291540094498436949213184 119193004531014043935638112174080 264 0 
nomask 8.817286e+28 0 394298936260539162728301770833920 264 331 
nomask 1.8980237e+31 95709713270056527639759802073088 0 0 331 
nomask -3.0129034e-30 18797638924923370244898029568 120825622167060761704674782871552 264 0 
nomask 5.603759e+30 0 383475523432008890165210644480 264 331 
nomask 1.8821472e+31 6042249487175442665131521953759232 0 0 331 
nomask -4.879655e-29 20544138097664362418121512149057536 29887321110799299413414558809718784 264 0 
nomask 8.610389e+25 0 6387151227702769957441257907159040 264 331 
nomask 1.224817e+33 96027297124228894701417136128 0 0 331 
nomask 5.0557202e+36 78948356331083076767400912224256 7551400526666498470487477190656 264 0 
nomask 3.397693e+26 0 6058882667593831014528064684032 264 331 
nomask 1.1615255e+30 95714819772718579833393760960512 0 0 331 
nomask -3.0126145e-30 78621540160711736374827543429120 120828835907457547881549930692608 264 0 
nomask 8.792441e+25 0 6110001616556037597911526146048 264 331 
nomask -2.8857672e-36 380255122311435889711307072471040 0 0 331 
nomask -7.5862005e-28 1218288064643828939605797765120 7624708020136829654138880000 264 0 
nomask 1.3872961e+27 0 6135610719567100987422218911744 264 331 
nomask 1.9059154e+31 6001237249358003228484585394274304 0 0 331 
nomask -3.085164e-27 81173890592963501452458221050527744 1854690248680907144092157650927616 264 0 
nomask 1.4205516e+30 0 375485159144009066172198682624 264 331 
nomask 1.8458617e+28 1510521360194356059602757756125184 0 0 331 
nomask -1.9125427e-28 1213222079886199767527772389376 1893976211754560247540735098748928 264 0 
nomask 3.6009008e+29 0 395931516382106540580876863930368 264 331 
nomask 4.7845174e+30 96365908835768246342414210433024 0 0 331 
nomask -3.0095816e-27 1213221924048105832829480337408 30206405541765190426168695717888 264 0 
nomask 2.272699e+31 0 399209656635092907381732900077568 264 331 
nomask 1.8613359e+28 24325352475119311524986880000 0 0 331 
nomask -1.8968271e-28 19574638466834233781869910949888 1887598472034386011358786224128 264 0 
nomask 5.761132e+30 0 6033273173806941167554230484992 264 331 
nomask 2.9904682e+29 5917078893923219294775921705222144 0 0 331 
nomask -1.1855169e-29 4811955885791911216720719642624 7553005052209932814146202501120 264 0 
nomask 3.5861092e+32 0 395931566401412327136158967398400 264 331 
nomask 7.4761725e+28 377671271858989527015286640738304 0 0 331 
nomask -7.5948497e-31 315788318821670254875969690009600 1900755698723295566599276199936 264 0 
nomask 1.424382e+33 0 24644485388279588384885081899008 264 331 
nomask 3.1253758e+32 377640553053913119287957356806144 0 0 331 
nomask -1.8987124e-31 78949637943567595726154747609088 120832062152680780697245604380672 264 0 
nomask 1.4244614e+33 0 23468600945217337363114491904 264 331 
nomask 1.2011201e+30 1505556656484032175161116459008 0 0 331 
nomask -3.025614e-30 4791610287600172746503582908416 119199407002154723011747356082176 264 0 
nomask 5.656804e+33 0 25443706823642193846791179438391296 264 331 
nomask 7.75018e+31 377712203669390039129883842445312 0 0 331 
nomask -1.9124812e-28 311871671174428269641485988659200 30003130209255241419405333102592 264 0 
nomask 1.4106494e+30 0 1590282796208150974922758459228160 264 331 
nomask 1.9138383e+31 23929989049073666872274948456448 0 0 331 
nomask -4.781357e-29 78296010589643920851353355681792 30002329900362656534891677614080 264 0 
nomask 8.791495e+25 0 102192761403218883438347832342347776 264 331 
nomask 2.9039095e+29 23932554767452207744955292057600 0 0 331 
nomask -4.8204913e-29 19492616514529771899210782736384 30206405541765190426168695717888 264 0 
nomask 1.3909586e+30 0 97758418994698208478146844426240 264 331 
nomask 4.6064105e+30 377691618080533641224296945680384 0 0 331 
nomask -4.8596256e-29 20293471371615209850066146772910080 470267307522349380636689051942912 264 0 
nomask 2.1375441e+25 0 1655172268583882051618275759811985408 264 331 
nomask 7.5602807e+31 372411494327971673006783456083968 0 0 331 
nomask 1.2691222e+36 78622826760015261243926724476928 30005540514552831052061693968384 264 0 
nomask 5.3088934e+24 0 25548604910811079829765031628636160 264 331 
nomask 2.8543445e+29 24094037940501596547938550546432 0 0 331 
nomask -1.2099568e-29 1309449120768123609477435577570689024 7500580911987358303870353670144 264 0 
nomask 2.182939e+25 0 24440018971050597030466630451200 264 331 
nomask -2.8505026e-36 1505757064272832197164695289856 0 0 331 
nomask -3.0216614e-27 1197902649819090153975041753088 29797444571447702779985609621504 264 0 
nomask 5.4567544e+24 0 97347066476322801157538186264576 264 331 
nomask 1.8979925e+31 375077248295771107214761056534528 0 0 331 
nomask -3.1104071e-27 328700980503903857243663020484198400 1881069030012174376325627793899520 264 0 
nomask 8.878446e+28 0 25443708424259979016560206749368320 264 331 
nomask 2.9533788e+29 1510685247014166297192197624168448 0 0 331 
nomask -4.7812026e-29 81841902845202521214878186867785728 29884027039397420028756352819003392 264 0 
nomask 9.002735e+28 0 1590283096323985694254451080036352 264 331 
nomask 1.8979614e+31 1489686669754974920445154434220032 0 0 331 
nomask -3.0348251e-27 19574328037351115862872143429632 29676692615213239167572652721176576 264 0 
nomask 2.272761e+31 0 25443700421171053167715070194483200 264 331 
nomask 2.9781376e+29 23604451997777342483282742214656 0 0 331 
nomask -4.7815875e-29 20377129928101945425322886735855616 475226341466207193745611292672 264 0 
nomask 5.721827e+30 0 25338811937708878203355381870100480 264 331 
nomask 2.9904684e+29 23503610438831045725633976865914880 0 0 331 
nomask -4.7815108e-29 81841902845202521214878186867785728 118710061331019265715410762253467648 264 0 
nomask 3.5861092e+32 0 25653096441062532691405946830716928 264 331 
