mask 0.99609375 73 82 259 374 
mask 4.8439385e+30 470946974080617462461113087033344 0 0 433 
mask -4.7618663e-29 1496415499371904633979522777088 625842137213640324079775907840 327 0 
nomask 3.5859107e+32 0 513660938874170911179616085344256 327 433 
nomask 2.9904688e+29 7460740225613362393713179885568 0 0 433 
nomask -1.1904473e-29 1515366188128502473170326913024 39240403731333430676981731557376 327 0 
nomask 3.58601e+32 0 116865095356679453344268288 327 433 
nomask 1.20112e+30 116933468188060669842328186257408 0 0 433 
nomask -1.205296e-29 353018344194696031846268928 9945682426295053652413961469952 327 0 
nomask 3.5861092e+32 0 1902429283227226506245701632 327 433 
nomask 4.82421e+30 1890336825374145339300501258240 0 0 433 
nomask -1.9363007e-28 1490114913878389280824470011904 9908880822818711734207905792 327 0 
nomask 9.028405e+31 0 129489335577250949669344193282048 327 433 
nomask 1.929684e+31 7532565779477986430939037696 0 0 433 
nomask -7.5019255e-31 6036065909328821411971520790528 39242497590853003214712322654208 327 0 
nomask 2.2731954e+31 0 1902462231417985160718581760 327 433 
nomask 7.4145173e+28 1889790945781741264096846675968 0 0 433 
nomask -4.801309e-29 84309899827370734387200 159572648672508628329130098688 327 0 
nomask 2.2730093e+31 0 1989834421392329184038352846848 327 433 
nomask 4.784673e+30 1890187229658405184320716144640 0 0 433 
nomask -1.8967041e-28 5516094976338355191545856 10135781127729482563584 327 0 
nomask 9.06439e+28 0 8026208790387149348006881394688 327 433 
nomask 4.804479e+30 29734947390940618035138920448 0 0 433 
nomask -4.7417605e-29 24346663745310765526084120215552 629931323190676608855515856896 327 0 
nomask 1.4206305e+30 0 7609848925671940642874327040 327 433 
nomask 7.6869205e+31 118536819241171791957331688816640 0 0 433 
nomask -7.5015644e-31 89795766173791392632930304 39782750153027085435219621183488 327 0 
nomask 1.4207472e+30 0 8026076901774832523120530685952 327 433 
nomask 1.17638055e+30 118927375532190164118442868736 0 0 433 
nomask -7.532379e-31 1490090109943585913192337899520 627484252576376145743708160 327 0 
nomask 8.973782e+25 0 128417336757201048662860122554368 327 433 
nomask 1.23493796e+33 30241751700569057132544 0 0 433 
nomask -7.40876e-31 24346662201096925627710135336960 621424507696241403685895143424 327 0 
nomask 2.2199767e+28 0 122279018880837469994731175936 327 433 
nomask 3.0620917e+32 29840576636284646485420066996224 0 0 433 
nomask -7.3466497e-31 92738419652395868891432091648 632235516419908863124047048736768 327 0 
nomask 1.4164625e+27 0 31970834286650016224938827972608 327 433 
nomask 7.4968952e+31 29841379627481393639892203864064 0 0 433 
nomask -1.20023104e-29 1509015608711920410157513703424 635647478846214975627722752 327 0 
nomask 3.551673e+29 0 497466848386352097564985131008 327 433 
nomask 7.6869205e+31 1870884624520635270668746752 0 0 433 
nomask -7.713156e-28 97385104590547804136855662755840 9610137348714180315973983141888 327 0 
nomask 3.6008014e+29 0 1778217155718827818876928 327 433 
nomask 2.978089e+29 7458159072179972261597455319040 0 0 433 
nomask -4.7615585e-29 370953775122948469214102421504 627980990175467426380898182889472 327 0 
nomask 3.6010946e+29 0 2071796390948581927240250282737664 327 433 
nomask 2.9409994e+29 474261573496261085878191529132032 0 0 433 
nomask -7.650294e-28 24245463691313025586985101688832 2486355940258034427258050969600 327 0 
nomask 2.2569775e+31 0 8026212368760351742480542072832 327 433 
nomask 1.1961876e+30 7532760314229301753442992128 0 0 433 
nomask -4.7815108e-29 6061365150721336447559282982912 2502515106845790214351031894016 327 0 
nomask 8.965023e+31 0 7144694067372762190577664 327 433 
nomask 4.8044804e+30 29233360870159807867086107049984 0 0 433 
nomask -1.2052768e-29 22691233115315420811956846592 39513660577776395181049379815424 327 0 
nomask 3.5608552e+32 0 493287244586433880999426260992 327 433 
nomask 7.750304e+31 474236223681865314170855762165760 0 0 433 
nomask -7.6819717e-28 391153318833688270207148642795520 155923207828123213937612924387328 327 0 
nomask 2.272885e+31 0 130025404509955260979503064678400 327 433 
nomask 1.9296839e+31 29840582813140006078916006510592 0 0 433 
nomask -3.0007702e-30 24447468480565491481443009822720 629964231444234343747216736256 327 0 
nomask 1.4405154e+30 0 31970850644927512885389848215552 327 433 
nomask 1.8459222e+28 29632620446893212257624436768768 0 0 433 
nomask -1.9284122e-28 1412097505120032539478589440 39514723865813678110365695606784 327 0 
nomask 2.2729471e+31 0 513660873441060924537812004372480 327 433 
nomask 1.1912358e+30 118565381020354552282556003254272 0 0 433 
nomask -3.0346281e-27 97383517138720388608399207563264 38978704007941856781559884939264 327 0 
nomask 5.66494e+27 0 520093209885187760446187853840384 327 433 
nomask 1.1912356e+30 470997821953937636119687169310720 0 0 433 
nomask -7.5866935e-28 392772494990230670858749181165568 39250909835055660851649482588160 327 0 
nomask 5.587719e+27 0 8321357874618631417858680479023104 327 433 
nomask 2.9286685e+29 29843754628367157339080947138560 0 0 433 
nomask -4.860242e-29 392766194597763885492890876510208 39091930083077286632438737269686272 327 0 
nomask 5.6034485e+30 0 131089068787620613486192321626112 327 433 
nomask 4.6658317e+30 471010570983399837095306326966272 0 0 433 
nomask -7.6176317e-28 6258250302823846149655692148998144 9812992258380892403963260829696 327 0 
nomask 5.532461e+24 0 8389836503276491478068797005365248 327 433 
nomask 1.8901315e+31 115604445216454786124925356325470208 0 0 433 
nomask -7.234882e-34 392766095768078131996955844280320 9947523754905771494431927566336 327 0 
nomask 2.19121e+22 0 8321358398083511310993113126797312 327 433 
nomask 2.879102e+29 1903234678445166520712451588096 0 0 433 
nomask -4.7211922e-29 25343889358451413747469914025754624 627913724938401158606302943903744 327 0 
nomask 5.608464e+24 0 32238870797786858962574641201152 327 433 
nomask 1.2281493e+36 29522897086075587164535393034960896 0 0 433 
nomask -3.0469539e-27 98998017415755576983573533556736 2449259508811470678770338298121420800 327 0 
nomask 8.549468e+25 0 522212195718995168629546043834368 327 433 
nomask 1.8979929e+31 464584368326650270911705642958848 0 0 433 
nomask -1.9360851e-28 408799099500560809219836024597774336 39097302926604509764255434024157184 327 0 
nomask 5.5491797e+27 0 134779869552192795014493215817465856 327 433 
nomask 2.9286687e+29 29845345168622252664285372088320 0 0 433 
nomask -4.80077e-29 1571064877220741295467498538270720 2477349105384928176247207245119488 327 0 
nomask 2.2352698e+28 0 7992974393671824788563785940992 327 433 
nomask 1.151641e+30 7432130730222949208732732699443200 0 0 433 
nomask -7.681602e-28 98193148454979106088671053348864 621131332348608266801916981037498368 327 0 
nomask 1.4106493e+30 0 33694956918750600890934650998882304 327 433 
nomask 4.7649433e+30 29318068213845293685359955173965824 0 0 433 
nomask -4.7813567e-29 25446306957116504598927553987608576 2477752958539765729461995002920960 327 0 
nomask 8.901886e+31 0 133137488022230487869372171284381696 327 433 
nomask 1.9217614e+31 1827432116445505151245983154176 0 0 433 
nomask -1.2101879e-29 6232343484319167739230083535077376 9611449078090943775890168872960 327 0 
nomask 8.965521e+31 0 2028881169700303087048487809843200 327 433 
