mask 0.99609375 255 194 630 683 
mask 4.8044027e+30 16365668482265312586335761654087680 0 0 720 
mask -7.650171e-28 3322713678521211979402617815040 65709278512031844487928123228160 720 0 
nomask 1.4304566e+30 0 213534506333315158089890801909760 720 720 
nomask 2.9781378e+29 65265340550446146658108692234240 0 0 720 
nomask -4.7616358e-29 3473430779684542040601253222809600 4091192550506076533068446994268160 720 0 
nomask 5.6825226e+30 0 3444964783694469782446450755502080 720 720 
nomask 2.978138e+29 1029900927405242767910971197358080 0 0 720 
nomask -4.8209535e-29 50831918067141520529345740800 66158418632535071518914961735680 720 0 
nomask 2.2571636e+31 0 51265401426543554550489415680 720 720 
nomask 1.1912359e+30 4147567469468542628254347322982400 0 0 720 
nomask -1.1904665e-29 827182953474473401398759260160 16537862104901588980644886609920 720 0 
nomask 3.58601e+32 0 214425850362431573216974602240000 720 720 
nomask 7.78187e+31 16539169444838706613225846210560 0 0 720 
nomask -1.8755413e-31 212646671211390174423986586255360 265347001233615730434543452160 720 0 
nomask 5.761753e+30 0 854124424917789967781347763159040 720 720 
nomask 1.8613356e+28 4062557691757520503510521568296960 0 0 720 
nomask -1.8967964e-28 3459170145645269521100918205972480 1025468924110720459253417815887052800 720 0 
nomask 2.2728852e+31 0 900079586853555362203242892099584000 720 720 
nomask 7.4760506e+28 4148684226783669838100773900124160 0 0 720 
nomask -7.587063e-28 3322657789313887217151513722880 265954805701936707230760960 720 0 
nomask 3.6256592e+29 0 13346125952531661846941899161600 720 720 
nomask 1.1961874e+30 1056965577160676012457984000 0 0 720 
nomask -4.7419913e-29 53384493609815044389333935063040 16581197544354075570937528320 720 0 
nomask 5.721982e+30 0 3308787278092234909578071900160 720 720 
nomask 1.19618744e+30 1047433766155069335355093155840 0 0 720 
nomask -1.1904281e-29 3267061628441219441881157468160 65254868230533734932882799984640 720 0 
nomask 1.4503414e+30 0 3416440904336154375846763356487680 720 720 
nomask 4.804479e+30 16478411356777523796443516003942400 0 0 720 
nomask -1.200308e-29 56028572740549978812765082610565120 4091753105230115444324174753955840 720 0 
nomask 2.2730714e+31 0 13950770007028208853071381900820480 720 720 
nomask 1.9296839e+31 265961472470537096323399680 0 0 720 
nomask -1.9204929e-28 3336585677288306390914301952000 4161007587042366086084800020480 720 0 
nomask 1.4242625e+33 0 752494330165839947366400 720 720 
nomask 3.1000723e+32 66323090125482469211473182720 0 0 720 
nomask -7.501805e-31 823728660451416327666070978560 4176312872394044219504007881687040 720 0 
nomask 5.722603e+30 0 3322658639339854133687652188160 720 720 
nomask 1.921761e+31 66146191859026944063099277148160 0 0 720 
nomask -1.8986524e-31 13345904095754296631009759723520 1050138702350942166979706880 720 0 
nomask 1.4306508e+30 0 53384507210230515053912150507520 720 720 
nomask 3.112748e+32 1037171274302564990158444922142720 0 0 720 
nomask -1.1903897e-29 13950770007028208853071381900820480 1025469146939927530621867297729413120 720 0 
nomask 5.6826773e+30 0 823728819831285124516596940800 720 720 
nomask 1.9296839e+31 1054124214287423526733936066560 0 0 720 
nomask -1.20028874e-29 11602685116723903856640 16755888665259879000944400138240 720 0 
nomask 2.2572258e+31 0 3204140093204291955216875520 720 720 
nomask 1.8381552e+28 4176425157424170026261754591313920 0 0 720 
nomask -7.650294e-28 207666138395429417213723934720 66340190257238797965821214720 720 0 
nomask 1.4304566e+30 0 209407004857330216296177991680 720 720 
nomask 1.1961875e+30 4200449386261387417831342080 0 0 720 
nomask -1.9046543e-28 54051243777952772337912439111680 16423389107936939058877767352320 720 0 
nomask 5.7219813e+30 0 3294860877663257839753525985280 720 720 
nomask 1.1961875e+30 1025497780493036201467625714472714240 0 0 720 
nomask -1.20525764e-29 3308787278092234909578071900160 16480653575673679441466427042693120 720 0 
nomask 8.965521e+31 0 3336529788080981628663197859840 720 720 
nomask 1.19618775e+30 16755018238669756467938611691520 0 0 720 
nomask -1.19048576e-29 801035127064008403420446720 265928216449736711822376960 720 0 
nomask 3.560657e+32 0 54052117604646762537062781419520 720 720 
nomask 1.9454676e+31 65705810406086825020483184885760 0 0 720 
nomask -1.8755714e-31 209407057983953148579686645760 261019527323796822389844061716480 720 0 
nomask 5.7221397e+30 0 12816567013645034356306083840 720 720 
nomask 7.445343e+28 65697051738523717032112438640640 0 0 720 
nomask -4.7420677e-29 52716036589535748036189392732160 64997371727632628121504728230133760 720 0 
nomask 9.0917895e+31 0 13779412605937146270353833548840960 720 720 
nomask 7.4761715e+28 16481546633355145160330365989027840 0 0 720 
nomask -7.587063e-28 54272328731740028055238150717440 66336783512543265285828771840 720 0 
nomask 1.4403215e+30 0 3272037369992846083903979520 720 720 
nomask 1.196168e+30 66340176975583064894944051200 0 0 720 
nomask -1.8967964e-28 3473485398953072229547366447841280 4134355022849698095463221166080 720 0 
nomask 5.682213e+30 0 13836900800508379085254137300910080 720 720 
nomask 1.1961876e+30 65709271711824109155639015505920 0 0 720 
nomask -1.2003081e-29 13345908345884131213690452049920 262823105620192593436150585098240 720 0 
nomask 1.4404767e+30 0 13346126802557628763478037626880 720 720 
nomask 1.9217608e+31 65000936994945770016696437707898880 0 0 720 
nomask -1.2101687e-29 55345831013496026863816763926118400 1022938167504205095764417964933120 720 0 
nomask 3.6011913e+29 0 3487692066543757152001342580981760 720 720 
nomask 7.7187346e+31 4119493165444025509952149656698880 0 0 720 
nomask -1.2002888e-29 209403604753462550151624130560 4162209948772569526452659159040 720 0 
nomask 5.56368e+30 0 3308677624742502676416209879040 720 720 
nomask 1.9059158e+31 4134900739520458511664115875840 0 0 720 
nomask -7.4395744e-31 896457108141497893162128951308451840 1037087169333294400406760613478400 720 0 
nomask 9.003463e+28 0 214425959165755338533600325795840 720 720 
nomask 7.903224e+34 261033508550900665576249538641920 0 0 720 
nomask -1.21009165e-29 13346348659334993979410177064960 16364773683730666622405811130859520 720 0 
nomask 8.8524145e+25 0 216201547807112481877939464437760 720 720 
nomask 3.0747676e+32 64102559266161222231026112386826240 0 0 720 
nomask -4.521875e-35 225027027248015124341194141980426240 65011681540774242564119890294210560 720 0 
nomask 5.5895376e+27 0 13893502900810867161554548414218240 720 720 
nomask 1.18133224e+30 66149693966010640191989754101760 0 0 720 
nomask -1.2051806e-29 13345911745987998879835005911040 64993806460319486226313018752368640 720 0 
nomask 3.5269145e+29 0 834133031413097662284394659840 720 720 
nomask 2.9038617e+29 65002733555427782924820385061928960 0 0 720 
nomask -3.07269e-27 214429427271700358001045264138240 65008109310048379688664134508871680 720 0 
nomask 1.4205141e+30 0 56029453612259182816166940518645760 720 720 
nomask 1.1961876e+30 64555334288104800959845123447848960 0 0 720 
nomask -4.7615588e-29 55801279985924462014029557095464960 65267101804249597720987592294400 720 0 
nomask 2.2730085e+31 0 222292481145660732689681065149726720 720 720 
nomask 2.978138e+29 1025612314705470884850659381445918720 0 0 720 
nomask -4.8408288e-29 903744793066068766144544976163307520 4043807296396911504552501071818260480 720 0 
nomask 3.5861092e+32 0 56256760293710141575430558648893440 720 720 
