mask 0.99609375 72 98 246 353 
mask 4.8242082e+30 1889790945781741264096846675968 0 0 433 
mask -1.200308e-29 356106559808993526194110464 10059786999797491464929280 327 0 
nomask 5.722138e+30 0 31435333804088713865452910018560 327 433 
nomask 4.8044794e+30 30000903234055736106418176 0 0 433 
nomask -1.1904281e-29 5944200845148338379319934976 2519003483768166293020795207680 327 0 
nomask 3.5860098e+32 0 113133459367517474521088 327 433 
nomask 1.929684e+31 466221707526377556238116323328 0 0 433 
nomask -3.0131441e-30 321995081504186695680 40413531914949023973538529280 327 0 
nomask 9.028904e+31 0 119412979572064968100544512 327 433 
nomask 1.9375759e+31 118559105335309205290681456656384 0 0 433 
nomask -4.7815878e-29 1502740406233398386524837380096 9974316928095422506877321216 327 0 
nomask 9.028159e+31 0 124890153014160607075186507776 327 433 
nomask 1.9375756e+31 7596926203496507469987840 0 0 433 
nomask -1.20032726e-29 1483790007016895528279155408896 156423552455358548847959736320 327 0 
nomask 9.028408e+31 0 115844692072949599608766464 327 433 
nomask 7.476293e+28 30117864166552917959201783808 0 0 433 
nomask -4.8014625e-29 1379024664507762641731584 160156860910478911945259960238080 327 0 
nomask 5.721983e+30 0 130021192253499870913365352120320 327 433 
nomask 4.8242088e+30 1915239589863266467367645872128 0 0 433 
nomask -4.8011553e-29 90181737163849609720627200 10197205118315793481728 327 0 
nomask 3.6009975e+29 0 32505815393900799615104853213184 327 433 
nomask 4.8044018e+30 7510946478083058277896545107968 0 0 433 
nomask -1.1854594e-29 1521691288016726213012389625856 9944896206582870409486801043456 327 0 
nomask 1.4206693e+30 0 122802459798410052678671400960 327 433 
nomask 7.6869205e+31 29634995447778975956813180043264 0 0 433 
nomask -7.47075e-31 88256070507168783314976768 2519922358886924016792947916800 327 0 
nomask 1.420747e+30 0 1910639872521280901934481408 327 433 
nomask 1.8149739e+28 1909341102211522251814515643514880 0 0 433 
nomask -2.951082e-30 395991946125915116064375343939584 39251973123092943780965798379520 327 0 
nomask 5.646244e+24 0 1998243470618913254481172889600 327 433 
nomask 3.087394e+32 30428770184204453412864 0 0 433 
nomask -1.8966426e-28 98193105216991588934199476748288 9876841682627388768129835335680 327 0 
nomask 3.54087e+26 0 128417328578062300332634612432896 327 433 
nomask 1.9059151e+31 7510944161762298430335567790080 0 0 433 
nomask -7.28478e-31 6061365150721336447559282982912 39781682775420428340790550331392 327 0 
nomask 3.5894184e+26 0 7992841482667164422399246467072 327 433 
nomask 2.8914812e+29 30243798665731230103603595182080 0 0 433 
nomask -1.864996e-28 1455213719914948931270737920 2546772681961483444158464 327 0 
nomask 1.4259823e+27 0 31484264702906581047943626752 327 433 
nomask 1.1912162e+30 118571804949928529518333098196992 0 0 433 
nomask -1.25336374e-23 1515341963273889067428439130112 615065672060084093807787811799040 327 0 
nomask 9.062444e+28 0 446558918740574390452224 327 433 
nomask 2.9780886e+29 470959624280393909940797212459008 0 0 433 
nomask -1.8729769e-28 1564588172594571692861096384790528 9842130137543685144124724699201536 327 0 
nomask 1.4452875e+27 0 128417328578062300332634612432896 327 433 
nomask 7.383445e+28 119365481448793416998593178370048 0 0 433 
nomask -7.618863e-28 1509041184753643726976638255104 39513676936053891841500400058368 327 0 
nomask 2.2569775e+31 0 32238330974629469167690973184000 327 433 
nomask 2.978138e+29 120781787285734110045143040 0 0 433 
nomask -4.741914e-29 23776801872572025491523895296 39884947085897999233711079424 327 0 
nomask 9.028406e+31 0 1902462106614232287027396608 327 433 
nomask 1.1961876e+30 1858032484896365795191313110401024 0 0 433 
nomask -1.2102072e-29 5467936963205767064715264 39780631756091267906812499722240 327 0 
nomask 8.965273e+31 0 497458477549039353349814616064 327 433 
nomask 4.8044033e+30 7484353126812582488771243230101504 0 0 433 
nomask -7.6504173e-28 374110099955018248815007236096 39514727955383052275478450667520 327 0 
nomask 2.272885e+31 0 8059712587484997034252716474368 327 433 
nomask 1.9296838e+31 117739955484941354233166819229696 0 0 433 
nomask -1.1953777e-29 394385296632041971022540140707840 2503172249524601370906860716032 327 0 
nomask 5.722137e+30 0 1989835443784672725316541612032 327 433 
nomask 1.8536291e+28 119699410067115605874601623552 0 0 433 
nomask -1.9284121e-28 22986947049613303378549407744 9943846209646053516786939199488 327 0 
nomask 1.440399e+30 0 33283823414363493962457627953725440 327 433 
nomask 4.784595e+30 474248923296484638398507403706368 0 0 433 
nomask -1.9124504e-28 6036063979061521539004039692288 2493579232023855626719330304 327 0 
nomask 5.6265574e+27 0 130023302471296940111546963460096 327 433 
nomask 4.7648654e+30 118552743174288823989863756857344 0 0 433 
nomask -1.1903704e-29 24447470024779331379816994701312 9945947225912030843464851652608 327 0 
nomask 8.791966e+25 0 517949065020590488489160530198528 327 433 
nomask 1.1664963e+30 7511738659782926143750787825664 0 0 433 
nomask -1.2051229e-29 392766194597763885492890876510208 9841054940680384646000066170978304 327 0 
nomask 3.526914e+29 0 1998210370666791105599811616768 327 433 
nomask 2.99866e+32 30040598654966682867681391017984 0 0 433 
nomask -3.0595755e-27 6258351899740800743476905281323008 38983946835879536456111872802816 327 0 
nomask 5.513329e+21 0 522229110177926715535900975038464 327 433 
nomask 7.560277e+31 29438154509607130224960705921024 0 0 433 
nomask 1.23267525e+36 392772494990230670858749181165568 157003622981945146746146910109696 327 0 
nomask 1.3555949e+24 0 2080306097768564667144588824150016 327 433 
nomask 1.7685815e+28 29844551442708544900057144492032 0 0 433 
nomask -1.8725766e-28 102199749574740649409999637898592256 2477416894086874337156235131879424 327 0 
nomask 2.2202053e+22 0 8059587344422913227674592739328 327 433 
nomask -4.6170057e-35 1858083481014214599093789741023232 0 0 433 
nomask -1.9176446e-25 24346277691850790932587900567552 9842131184473444930393589994749952 327 0 
nomask 2.1825242e+25 0 128953332077656625000989402857472 327 433 
nomask 1.1763999e+30 1858337275647229576654952507375616 0 0 433 
nomask -7.7443405e-28 410457186485659333276993712390406144 39097302926604509764255434024157184 327 0 
nomask 5.6264e+27 0 33284369911698102394805312229998592 327 433 
nomask 1.8227108e+28 29642138981002345834867228409856 0 0 433 
nomask -7.55477e-28 6284159097922239630000001407516672 9772980426909802085571953726324736 327 0 
nomask 9.033044e+25 0 129489401010360936311148274253824 327 433 
nomask 4.685636e+30 117262532201553310182083044118102016 0 0 433 
nomask -1.2290957e-26 392766318134871077362809666797568 612366201887411431737436823495901184 327 0 
nomask 2.2410692e+31 0 33558273957031944772957125379883008 327 433 
nomask 2.9781381e+29 29318068213845293685359955173965824 0 0 433 
nomask -1.1953584e-29 25343079745665721108770129998512128 39519974872890106115143193591808 327 0 
nomask 2.2413794e+31 0 33284903845875593391926612959690752 327 433 
nomask 1.191236e+30 7329312278352442177762602013163520 0 0 433 
nomask -4.8407515e-29 6258250698142589163639432277917696 615133068163370334865991212728320 327 0 
nomask 8.96552e+31 0 515796741017244886306623085084672 327 433 
