mask 0.99609375 94 78 273 348 
mask 1.8458921e+28 119352794187884811957933415858176 0 0 433 
mask -1.9126043e-28 5771634948539695086509752320 158911854111084634695532544 327 0 
nomask 5.721827e+30 0 7992840460274820881121057701888 327 433 
nomask 1.20111986e+30 119240542362825286767083520 0 0 433 
nomask -4.7419143e-29 24750682589098736705243845754880 623558169972140346917653057634304 327 0 
nomask 9.0917895e+31 0 122798394191356439314623889408 327 433 
nomask 4.80448e+30 29842167176539741810624491945984 0 0 433 
nomask -1.2102264e-29 5960361983988183551143336476672 2503171738328429600267766333440 327 0 
nomask 3.5862082e+32 0 1981491827668075296677802541056 327 433 
nomask 4.8242103e+30 1890287217504538604036237033472 0 0 433 
nomask -7.61874e-28 6036063979061521539004039692288 9974059333149491208271167488 327 0 
nomask 2.272885e+31 0 8093216384582844720498551554048 327 433 
nomask 4.824209e+30 1907752352942876943118761984 0 0 433 
nomask -4.7814337e-29 1509065699148352113663648202752 2502908727898053606453706489856 327 0 
nomask 1.4403603e+30 0 471541869757884354627895296 327 433 
nomask 4.614805e+27 7508959846978029019764998799360 0 0 433 
nomask -1.904685e-28 92738449812822429406548983808 625419221627169692468130652773941248 327 0 
nomask 2.2728852e+31 0 134230943340541658523041453871988736 327 433 
nomask 1.1961681e+30 30046154736362637217278984192000 0 0 433 
nomask -7.5869396e-28 1496440013766613020666532724736 39635535272435122811185397760 327 0 
nomask 5.721671e+30 0 7992840460274820881121057701888 327 433 
nomask 4.8044794e+30 118939789563762472140555681792 0 0 433 
nomask -1.896735e-28 98597942494114706251571187941376 619387659840921758250944159547392 327 0 
nomask 2.2571013e+31 0 7992710616447191138791084523520 327 433 
nomask 1.9296839e+31 1890386047190292099971269263360 0 0 433 
nomask -2.9883481e-30 23086161280805445881322012672 10012686953313718401071065333760 327 0 
nomask 2.2731335e+31 0 7992837904293962027925585788928 327 433 
nomask 1.9138383e+31 29727713308106104196231146770530304 0 0 433 
nomask -3.0253736e-30 25343082908215665220640051029868544 38986052964107231489180729081856 327 0 
nomask 8.941565e+28 0 8287052080249954959680675948527616 327 433 
nomask 1.2400286e+33 29935701222212718756196515840 0 0 433 
nomask -3.0006739e-30 24144652779202940038130272567296 39627308209045689088260177920 327 0 
nomask 1.3970813e+27 0 122276974096150387438353645568 327 433 
nomask 7.6235375e+31 1858235481070903475841869310590976 0 0 433 
nomask -1.8443961e-31 1564587579616457171885486191411200 158071491336927140988748369494016 327 0 
nomask 2.2509261e+28 0 31970848600142825802833470685184 327 433 
nomask 1.2095852e+33 7510744958176951540091518451712 0 0 433 
nomask -1.21009165e-29 92739939737894518853323456512 2526231388280693704108277760 327 0 
nomask 1.4067149e+27 0 8059713098681168804891810856960 327 433 
nomask 3.0747678e+32 471061270612191380509977860898816 0 0 433 
nomask -7.470509e-31 1551684573503852249599548321693696 39245654738409858681759229542400 327 0 
nomask 8.941561e+28 0 121232089121051201129435627520 327 433 
nomask 1.9138381e+31 1877487615039080956669074604032 0 0 433 
nomask -1.2002503e-29 91947794230538525617221009408 2486355429061862656618956587008 327 0 
nomask 1.4206695e+30 0 127881292361912982343377781522432 327 433 
nomask 7.2597747e+28 120175081880775336511385326583808 0 0 433 
nomask -1.9204929e-28 23086545826244092449062387712 39632456114244223102265327616 327 0 
nomask 5.721827e+30 0 124370777703641637755293794304 327 433 
nomask 4.8044797e+30 475759158255049888562222727168 0 0 433 
nomask -1.1854594e-29 24346665289524605424458105094144 9944633451750580300992288391168 327 0 
nomask 3.586208e+32 0 1989868032540623103558808502272 327 433 
nomask 4.82421e+30 116936643091715500899241096642560 0 0 433 
nomask -3.037892e-30 91554037797620376560147103744 155931534191369014107182228045824 327 0 
nomask 1.4243422e+33 0 2071729256577735632749263205695488 327 433 
nomask 1.937576e+31 7510746502390791438465503330304 0 0 433 
nomask -7.587063e-28 5985563553855325014576555098112 155397230291246783871156486144 327 0 
nomask 2.272885e+31 0 8026342212587981484810515251200 327 433 
nomask 4.8242865e+30 1895302128858696302865678336 0 0 433 
nomask -1.9126043e-28 375691206028685444890868318208 158887766986780012296798208 327 0 
nomask 1.4403603e+30 0 122800415013722970122293870592 327 433 
nomask 4.614805e+27 470972373309856110916416370114560 0 0 433 
nomask -7.587186e-28 97385110767403163730351602270208 39639746549183049678893285933842432 327 0 
nomask 5.7218266e+30 0 33558812078928474915153887291768832 327 433 
nomask 2.9904203e+29 1858234888092788954866259117211648 0 0 433 
nomask -1.2138906e-26 6284056710367799008211308017352704 9745725998922281088089833078784 327 0 
nomask 1.430379e+30 0 8458313561539711858875615588384768 327 433 
nomask 1.1961875e+30 1865086226717587102493262741504 0 0 433 
nomask -1.896735e-28 24347059064053779509824249135104 2503105794022271187824590979072 327 0 
nomask 8.878697e+28 0 7609976724714883302647922688 327 433 
nomask 1.18135166e+30 119708711542666868736651165696 0 0 433 
nomask -1.1952815e-29 6010864339461679948538302169088 39511574897395570973544298840064 327 0 
nomask 1.4206693e+30 0 128951262755553297453935342125056 327 433 
nomask 1.8821471e+31 7484149932978673301128816965451776 0 0 433 
nomask -3.0851144e-27 6310066311745661054409350150356992 9842936273458720571151002271481856 327 0 
nomask 1.387258e+27 0 33284365723979063249729851047804928 327 433 
nomask 1.9059154e+31 29111613790943726705045107195772928 0 0 433 
nomask -1.831378e-34 6335871928652127884997485760872448 619471741387254592969188208279552 327 0 
nomask 1.3740405e+24 0 8287052603714834852815108596301824 327 433 
nomask 1.8584092e+31 29843751539939477542332977381376 0 0 433 
nomask -1.1852668e-29 97385098413692444543359723241472 2494636533043398940885399988338688 327 0 
nomask 2.2283335e+25 0 32104853564610781135034923352064 327 433 
nomask -7.214532e-37 467734020996771309613215293374464 0 0 433 
nomask -3.0721972e-27 97788342062132786738779039727616 39092997951432268626681338729070592 327 0 
nomask 1.3735963e+24 0 8355530708907815019890792474869760 327 433 
nomask 1.8821778e+31 29526951475103938581774155233886208 0 0 433 
nomask -2.8495896e-36 407141037815861838057637705055993856 38822848196217019808680475415805952 327 0 
nomask 8.855249e+25 0 2138913614132340878929582649126158336 327 433 
nomask 2.9162404e+29 467822770054577948962874235813888 0 0 433 
nomask -1.20510364e-29 6284159097922239630000001407516672 9773517501876572441499850342662144 327 0 
nomask 3.5021553e+29 0 32104859698964842382704055943168 327 433 
nomask 2.8667237e+29 29521262047754481327786219823693824 0 0 433 
nomask -1.9283506e-28 392772593819916424354684213395456 39097302926604509764255434024157184 327 0 
nomask 1.4106883e+30 0 33695495040647131033131412910768128 327 433 
nomask 1.9217612e+31 29525325924432665080634745116688384 0 0 433 
nomask -7.4399356e-31 25446713344784322974212406516908032 2495107127970422868740350337351680 327 0 
nomask 3.5864055e+32 0 134233129329880092252432190977081344 327 433 
nomask 1.9296841e+31 116139717566931467240116831911936 0 0 433 
nomask -3.0379399e-30 1551659273104299354640180070842368 9812725413979228130355993116672 327 0 
nomask 1.4243819e+33 0 126809260825308088015991670308864 327 433 
