mask 0.99609375 56 103 224 326 
mask 1.19121634e+30 485514552099864758599997718528 0 0 427 
mask -1.9046542e-28 6350631298993653321690699937087488 153689043386223531728568320 336 0 
nomask 8.964775e+31 0 508657765973120001485963624710144 336 427 
nomask 4.8044804e+30 488891627347377189328974249984 0 0 427 
nomask -4.801309e-29 1627589732603522185229477213110272 608075202129758796642609933347454976 336 0 
nomask 2.2729471e+31 0 508657669183496568589715324796928 336 427 
nomask 4.8242868e+30 478552372558929480928814497133494272 0 0 427 
nomask -2.9884442e-30 1557048424474145109860086185984 9705753711055850511520737578188800 336 0 
nomask 9.029152e+31 0 510772006244180376168410829029376 336 427 
nomask 4.8242097e+30 122660544094287021926808104730624 0 0 427 
nomask -4.7419913e-29 1537601544570128044693213151232 38701847140968540329377898954752 336 0 
nomask 9.028407e+31 0 1970521165275163493173093728256 336 427 
nomask 1.9375758e+31 480556784723622145837498368 0 0 427 
nomask -7.7453256e-28 100894087377621923093720919441408 602314018926623099539663750168576 336 0 
nomask 2.272823e+31 0 7914996157743570975122104778752 336 427 
nomask 4.8242094e+30 1900471980488085230257322614283304960 0 0 427 
nomask -2.988444e-30 401918981120567753810224468721664 155313219911527001693720121477955584 336 0 
nomask 2.2730717e+31 0 133453528659586747352347081424502784 336 427 
nomask 4.8044024e+30 7743587447281201313827034190839808 0 0 427 
nomask -1.8908886e-31 400255113545441566999122039275520 9808906445649264414010967588864 336 0 
nomask 5.6433745e+30 0 510772006244180376168410829029376 336 427 
nomask 1.24507955e+33 1909223596435244439280677965266944 0 0 427 
nomask -3.0378438e-30 25016761754886293700852905410560 154823923457877281093262830993408 336 0 
nomask 3.526914e+29 0 125582705467139609881773724401664 336 427 
nomask 1.23493834e+33 1922585515020215443452536410865664 0 0 427 
nomask -4.6303998e-32 6228193697896580439440344743936 9772880799333007643981666190360576 336 0 
nomask 1.4208247e+30 0 2076819208743085847206163071893504 336 427 
nomask 3.0366398e+32 7638146291291331325593837191036928 0 0 427 
nomask -4.6689927e-32 104586682114063706280321040647192576 38555543043455324213127695734669312 336 0 
nomask 1.4068666e+27 0 33229119728961172966018391539187712 336 427 
nomask 4.980238e+33 122222894440632279799424876544 0 0 427 
nomask -1.1721194e-32 401918904958241118088586462232576 9740756468500064528515297443840 336 0 
nomask 8.880391e+28 0 7849179213809201526278163791872 336 427 
nomask 3.0873952e+32 7717666602214700824666426048512 0 0 427 
nomask -7.5633136e-31 24705202303916353654378651975680 39231471894591395858720999079936 336 0 
nomask 2.2256583e+31 0 127166474075372091192705204355072 336 427 
nomask 2.9038621e+29 1935896658720762633199057197072384 0 0 427 
nomask -1.2002888e-29 406897280826227274864093290299392 39233552871495203128059447214080 336 0 
nomask 5.643064e+30 0 2051512980958814525710660962091008 336 427 
nomask 1.9296839e+31 7584695367358844184783181798440960 0 0 427 
nomask -1.2002888e-29 104590029194444924127239299154313216 2398269779274868256043280025662783488 336 0 
nomask 2.2571632e+31 0 7882088694001630343369387409408 336 427 
nomask 1.20112e+30 7716443244843114545855946817536 0 0 427 
nomask -1.200308e-29 95290878013234469155916218368 39089396406673131735697354668376064 336 0 
nomask 2.2730714e+31 0 488508666520940041386502127616 336 427 
nomask 1.9296219e+31 122644258050108083449881050480640 0 0 427 
nomask -7.682094e-28 24912768444725768780958211768320 2468551290452042557714700697600 336 0 
nomask 5.615603e+33 0 2059970071095887268302114179252224 336 427 
nomask 1.9296844e+31 7718279074258063086172061564928 0 0 427 
nomask -7.625664e-31 1614331191683238067227606242033664 9705217883700525997890149258625024 336 0 
nomask 2.2572877e+31 0 508657701446704379555131424768000 336 427 
nomask 1.20112e+30 1887162897029248421204924328944074752 0 0 427 
nomask -3.0007702e-30 6202298506840435082518138454016 9774207462438194541891697000841216 336 0 
nomask 1.424382e+33 0 7947901100922401375201689337856 336 427 
nomask 1.9296532e+31 30759704448910647544151118150893568 0 0 427 
nomask -4.8013093e-29 386025058481973897455921528832 156353365361169695060493598720 336 0 
nomask 1.4243023e+33 0 128225707451013896768683354619904 336 427 
nomask 1.937576e+31 1955515734505084942890559340544 0 0 427 
nomask -4.860627e-29 403582696371040669178050885189632 155856281581412552477629705355264 336 0 
nomask 5.6823684e+30 0 7882087685776386250700134285312 336 427 
nomask 4.8044027e+30 1922533521538565457480990647648256 0 0 427 
nomask -3.0130958e-30 1601020961930610506140741533696000 9705748548942600757054161582817280 336 0 
nomask 1.4306118e+30 0 32958474260967146087012215006691328 336 427 
nomask 1.9059153e+31 7744420967783902651433377207418880 0 0 427 
nomask -3.0252291e-30 100894036602737499279295581782016 2468486764036420626882500755456 336 0 
nomask 5.54964e+27 0 31923766601586248957183276351488 336 427 
nomask 1.2349383e+33 30457174790692917549125307727872 0 0 427 
nomask -7.6251836e-31 100895699480202379201725390127104 9705217883700525997890149258625024 336 0 
nomask 2.0988918e+31 0 126111321995518372741863700430848 336 427 
nomask 1.2146567e+33 483947964839827970056290067021824 0 0 427 
nomask -1.8751804e-31 24912770031440907025159003570176 156930065663777103456268942573568 336 0 
nomask 3.517166e+26 0 127166474075372091192705204355072 336 427 
nomask -1.8843893e-34 7637518307520777588781261019676672 0 0 427 
nomask -7.656878e-34 6483738674008371314001880786403328 153139598561226388943632598401286144 336 0 
nomask 1.3645957e+24 0 517107048413902490446720648871936 336 427 
nomask 1.9677566e+34 30332951700305372062073158493011968 0 0 427 
nomask 7.866731e+34 403576171798392209024394995957760 9808904429198776228672461340672 336 0 
nomask 3.4462384e+26 0 132373052929816539658685381406097408 336 427 
nomask 1.8742243e+31 121003277254135930990999571005440 0 0 427 
nomask -3.0374586e-30 102886267792626946322149070723874816 153754269066112533687884390072320 336 0 
nomask 3.4528315e+29 0 126109313610832140144711477231616 336 427 
nomask 1.2437269e+36 487249550924602079249446031327232 0 0 427 
nomask -1.2051806e-29 1550600510000801379154950881280 152031553017011892594881822302666752 336 0 
nomask 3.526914e+29 0 127692993495243141300748682264576 336 427 
nomask 3.0873956e+32 1900793092230755543617589247914016768 0 0 427 
nomask -3.0129997e-30 26147086476369126457852626267537408 153139582042463989729339555216097280 336 0 
nomask 2.2414406e+31 0 8273448990635377393905497018466304 336 427 
nomask 1.1912359e+30 121831923367932582412510172282880 0 0 427 
nomask -1.2101879e-29 6457117605204503106055047317815296 38550236391034576621487572492746752 336 0 
nomask 8.965521e+31 0 31659988663875260271165431611392 336 427 
nomask 1.2349384e+33 7529992537876003475501401075875840 0 0 427 
nomask -3.1107025e-27 99233564598007155057887608307712 37743604574627943674322535739031552 336 0 
nomask 1.3937591e+33 0 33228580804337898599707857622401024 336 427 
nomask 4.7846745e+30 119648075888209167538740410821115904 0 0 427 
nomask -1.9218533e-31 26147081601980221771667793852235776 619378545749167683561596049686528 336 0 
nomask 2.2574115e+31 0 132373077707960138480124946183880704 336 427 
nomask 4.764866e+30 30124984272890634424136548843782144 0 0 427 
nomask -3.0254699e-30 1614305194942413074241833360424960 2426503728496572021882370735996928 336 0 
nomask 1.404139e+33 0 510763843652604201918137536348160 336 427 
