mask 0.99609375 65 92 264 382 
mask 2.9657098e+29 116797841407104403139262058332160 0 0 428 
mask -7.6818484e-28 91140037999989459009677557760 39178856746450505478470369280 320 0 
nomask 3.5761412e+29 0 126934409071717651537378804760576 320 428 
nomask 2.9781378e+29 7226245619891292479642664960 0 0 428 
nomask -1.1903897e-29 5981033177542999676223844515840 9763568544538706365818611957760 320 0 
nomask 5.682522e+30 0 121899848196224682711572283392 320 428 
nomask 1.1912552e+30 1805631487650771747911677362831360 0 0 428 
nomask -4.8407518e-29 1412021520387119544470077440 2465896595067064917566923688902656 320 0 
nomask 2.2572255e+31 0 122930559504834369844248838144 320 428 
nomask 4.7846733e+30 7399485108952094195059072696320 0 0 428 
nomask -4.8210303e-29 5931610778879879117275387658240 156711384640092685497578553344 320 0 
nomask 8.965023e+31 0 7966645828682363242865496162304 320 428 
nomask 1.929653e+31 7419487069979607206933299200 0 0 428 
nomask -7.5020454e-31 1482926873236362071902341038080 622608718125424219034316963840 320 0 
nomask 5.682833e+30 0 30216749321665843538855723008 320 428 
nomask 2.9781378e+29 28995952801616723146118413680640 0 0 428 
nomask -4.801232e-29 348483691131002108688465920 39056360028540843054086756499456 320 0 
nomask 2.2571636e+31 0 511959850210889655632253891379200 320 428 
nomask 4.7845956e+30 117611871607741913694050461941760 0 0 428 
nomask -4.78128e-29 91909175732012541712688742400 158079535469240587911168000 320 0 
nomask 9.0027355e+28 0 7651078784488330028166152192 320 428 
nomask 4.8044794e+30 7419298175320292421124751360 0 0 428 
nomask -1.1854594e-29 5956369957454905352344987238400 9895249977193194795094505422848 320 0 
nomask 2.2572253e+31 0 1872472315606933121156513792 320 428 
nomask 3.0874449e+32 29195576677580588788591770992640 0 0 428 
nomask -7.5016847e-31 5445147745914455358177280 9962523705074398769311838633984 320 0 
nomask 5.6829886e+30 0 123959312802241097150278664192 320 428 
nomask 1.9059154e+31 7399290925242318595247885516800 0 0 428 
nomask -2.9759259e-30 1531070023620519655956142295613440 155688702756456426363691204608 320 0 
nomask 3.589513e+26 0 31866591399420871644294590496768 320 428 
nomask 1.2349577e+33 119847440152778338467840 0 0 428 
nomask -4.7614817e-29 91912268882058821330303713280 9656939080505728093555797455273984 320 0 
nomask 5.665393e+27 0 472144572516842104749555712 320 428 
nomask 7.655228e+31 115213290246077312533682926387200 0 0 428 
nomask -7.254206e-31 22688298385907246211971153920 624901760456653488865388103991296 320 0 
nomask 5.7045355e+27 0 1983382227864656163075948281856 320 428 
nomask 1.7995294e+28 29597166723283823417564478832640 0 0 428 
nomask -1.9045619e-28 92681383002249489685088829440 2496997210210068443525283840 320 0 
nomask 3.5892287e+26 0 122932612258514892243152666624 320 428 
nomask 1.9138377e+31 117176492746511757781395046400 0 0 428 
nomask -1.21385124e-26 5906854244830083289207107747840 612185511018051363916302606401536 320 0 
nomask 5.7034724e+27 0 6927752827715863969792 320 428 
nomask 2.9781372e+29 115996251053150727118681381273600 0 0 428 
nomask -1.8967042e-28 366095582238198072483491348480 620646431636583555460295880081408 320 0 
nomask 9.064391e+28 0 511959850210889655632253891379200 320 428 
nomask 2.8359906e+26 116810269164530041527178037821440 0 0 428 
nomask -3.0600685e-27 23726059281571788824338581422080 9830321820409833276436943732736 320 0 
nomask 3.625562e+29 0 495853736400060276173850017792 320 428 
nomask 2.9781374e+29 1862347769485765151419353006080 0 0 428 
nomask -4.7220393e-29 23825482852134170445952885719040 616291434740704223374838767550464 320 0 
nomask 2.2729471e+31 0 28753073618499221441216512 320 428 
nomask 2.978138e+29 1818208571593648934823316558970880 0 0 428 
nomask -4.801309e-29 1349504709205479695319040 38914986651644266795737307777335296 320 0 
nomask 9.028655e+31 0 7650819229575840897920139264 320 428 
nomask 1.929684e+31 116807162225173631930199042949120 0 0 428 
nomask -1.2102264e-29 94509673961910430700459597496320 154118537191691557347932730556416 320 0 
nomask 1.4243421e+33 0 493792171669124558050111258624 320 428 
nomask 3.1127486e+32 460878064856193311495730652774400 0 0 428 
nomask -1.8909789e-31 5956467049309793152250580828160 2474266752897385378555667415040 320 0 
nomask 2.273196e+31 0 7900546402229721497584162308096 320 428 
nomask 2.990469e+29 29197903859783346949753080381440 0 0 428 
nomask -1.2102264e-29 89981015788182554810767114240 155186508758715401189499980480512 320 0 
nomask 3.5862082e+32 0 530723762904751291972714429830660096 320 428 
nomask 1.929684e+31 462292564933012982302293256872919040 0 0 428 
nomask -1.9204313e-28 1476737173039935170527845416960 39182918830176000763993522176 320 0 
nomask 3.5762383e+29 0 514079203558146226662881192050688 320 428 
nomask 1.9217919e+31 29004502929475947610956523110400 0 0 428 
nomask -1.19533925e-29 369190361500914280126060953600 155676496767263781637901516800 320 0 
nomask 3.527011e+29 0 7834444449311011417042639126528 320 428 
nomask 2.928669e+29 116390620128265005773157826560 0 0 428 
nomask -4.8404436e-29 23825097507029168282903448125440 9794704291960916341404586838327296 320 0 
nomask 1.4107658e+30 0 493784055396880031026753044480 320 428 
nomask 1.8821472e+31 457770883714619791590900839219200 0 0 428 
nomask -7.5862005e-28 24598148664534394379532794257735680 2398409730465990471463602518753280 320 0 
nomask 2.2280962e+25 0 2056317331652835701712811542446080 320 428 
nomask 1.898054e+31 457783408186110999149150795202560 0 0 428 
nomask -7.4086397e-31 1531094685707239794391306301603840 618599153313324452732349710336 320 0 
nomask 1.4021896e+24 0 2047872903804797602747334197772288 320 428 
nomask 2.9038606e+29 465623210146029726730079436800 0 0 428 
nomask -4.6819035e-29 6174986892203732353247109122621440 620629809511026764116458257514496 320 0 
nomask 8.912861e+25 0 1958644335356551462932149436416 320 428 
nomask 2.9733059e+32 7323143395858629040302494832394240 0 0 428 
nomask -4.9159097e-26 91910757724784303043835330560 616474342799360277539713462566912 320 0 
nomask 8.730335e+25 0 514070892495367830990962380767232 320 428 
nomask 4.725329e+30 7173211061713104761670759213957120 0 0 428 
nomask -7.4394545e-31 398425406155022071557440587452907520 2449207463587795613292663857479680 320 0 
nomask 2.2353893e+28 0 132140538737533448264290999338008576 320 428 
nomask 4.556853e+27 1837733850903751986636526714880 0 0 428 
nomask -1.9361775e-28 6149635814480479148623854588395520 38637322387619611467293072031744000 320 0 
nomask 3.5515762e+29 0 127992072657182687517373599055872 320 428 
nomask 7.2597747e+28 28889314615637303536661589613608960 0 0 428 
nomask -1.2240274e-26 23726842061039989296729203671040 9728746662911066698934326944333824 320 0 
nomask 3.6007062e+29 0 8258912508738288486778594245214208 320 428 
nomask 1.191255e+30 1818457320170292840922304101744640 0 0 428 
nomask -4.7220393e-29 24901581694988683045438662220185600 155186524928098238535165192175616 320 0 
nomask 2.2730088e+31 0 8225138936708142451406979060465664 320 428 
nomask 1.20113936e+30 7053827527450604903140614471680 0 0 428 
nomask -1.20032726e-29 1505766819359723190648206125957120 9536758053432364530443223040 320 0 
nomask 9.028903e+31 0 30674457162761905107774885330944 320 428 
