mask 0.99609375 58 94 242 344 
mask 2.9904199e+29 7448029525238719629569399193600 0 0 433 
mask -1.1904473e-29 22688289531470090831386378240 158903835469962500036886528 320 0 
nomask 9.028408e+31 0 489107800535319342758584385536 320 433 
nomask 1.2011199e+30 118196221380208792310906880 0 0 433 
nomask -1.1904473e-29 23924131199014724186608909680640 627779259897378609698916546904064 320 0 
nomask 3.611264e+32 0 123321875046129941579743363072 320 433 
nomask 4.8242097e+30 7222724021009372652490693311201280 0 0 433 
nomask -1.20034645e-29 22688680602444453473880637440 627997806484733993324546992635904 320 0 
nomask 3.5862086e+32 0 128951221859859555802807791517696 320 433 
nomask 4.8439397e+30 460952534686681572652892553216000 0 0 433 
nomask -1.9126043e-28 95300402117374869277905539563520 155919036467361565522602762436608 320 0 
nomask 2.2887928e+31 0 503740311705842851861135097856 320 433 
nomask 1.9375756e+31 1854729727565534238185881600 0 0 433 
nomask -1.9204929e-28 1476737645276583457492366786560 619236313057522655758104871829504 320 0 
nomask 2.2728852e+31 0 7642565979880273039679553536 320 433 
nomask 2.9781378e+29 1830388354155167970002980317429760 0 0 433 
nomask -1.200308e-29 1476737739723913114885271060480 9840789020521398933708281101680640 320 0 
nomask 1.440438e+30 0 2097392122314496548309820336242688 320 433 
nomask 1.196168e+30 1843760621145154875400574247895040 0 0 433 
nomask -1.20026956e-29 1543746432908736380800775351173120 630030047951349813530618494976 320 0 
nomask 2.2662188e+28 0 515813491893401466608467813859328 320 433 
nomask 1.9296526e+31 115231956060732162408140389744640 0 0 433 
nomask -1.20026956e-29 6005792733907344540865061191680 623675949570116302164998806831104 320 0 
nomask 3.526817e+29 0 1989834676990415069357900038144 320 433 
nomask 3.0747187e+32 115996251053150727118681381273600 0 0 433 
nomask -1.8521599e-31 22785396143753149704621260800 2477618428065633193912804524949504 320 0 
nomask 3.5519646e+29 0 2105967262244465930018239849431040 320 433 
nomask 4.6856378e+30 29092144901374016667802436622090240 0 0 433 
nomask -7.3158353e-31 6200142994370798110477067044782080 39099455414190630333042481671700480 320 0 
nomask 1.4210428e+24 0 128953372973350366652116953464832 320 433 
nomask 4.9396717e+33 116399746101493151362533294080 0 0 433 
nomask -7.6181247e-28 1543771675279849934257943216128000 2477416370621994444021802484105216 320 0 
nomask 3.54068e+26 0 515813491893401466608467813859328 320 433 
nomask 3.0620416e+32 460940106929255934264976573726720 0 0 433 
nomask -1.8289287e-31 23726059281571788824338581422080 39782741973888337104994111062016 320 0 
nomask 5.6273153e+27 0 1989867649143494275579487715328 320 433 
nomask 4.646023e+30 28889308425937107109760215117987840 0 0 433 
nomask -2.95113e-30 385936584048667702907610343669760 630046534027889416641412333568 320 0 
nomask 8.941323e+28 0 2088915917246826969009171252379648 320 433 
nomask 7.7186113e+31 1818606259831269363236627902627840 0 0 433 
nomask -4.956772e-26 1531095362705698778583644137062400 610844713001065804310132484472832 320 0 
nomask 3.625366e+29 0 7959473152554835955513422774272 320 433 
nomask 1.2011197e+30 116014880600030988554263603445760 0 0 433 
nomask -1.18050974e-29 381201632648015869404205652377600 9909935590366002633454456187912192 320 0 
nomask 3.6258538e+29 0 130021224970054864234267392606208 320 433 
nomask 7.3834464e+28 116810281253788237673469784883200 0 0 433 
nomask -4.7617893e-29 5906852733672808770920639365120 2503172249524601370906860716032 320 0 
nomask 9.028159e+31 0 8389700402407719263116308584071168 320 433 
nomask 1.2060717e+30 29207227700167124777263001763840 0 0 433 
nomask -1.9126043e-28 24699950663665027626439123738296320 9841322954698889930829581831372800 320 0 
nomask 3.6112634e+32 0 31970854734496887050502603276288 320 433 
nomask 4.8242097e+30 1793103534453203699529698225684480 0 0 433 
nomask -3.0008663e-30 23528770143597053934458875412480 9842398151562190428954240359596032 320 0 
nomask 3.5862086e+32 0 517932346860988901508217841909760 320 433 
nomask 1.20110075e+30 1831034017256907751152607391907840 0 0 433 
nomask -1.9126043e-28 95693448079847977515186011504640 155919036467361565522602762436608 320 0 
nomask 2.2729471e+31 0 8126455893259886986332590833664 320 433 
nomask 1.9296839e+31 465562622184054509181987717120 0 0 433 
nomask -4.8210303e-29 25003391431244561825971709820272640 39246705757739019115737280151552 320 0 
nomask 3.5763358e+29 0 128951311830385787435288402853888 320 433 
nomask 7.4143954e+28 28890896084037490609962773244805120 0 0 433 
nomask -4.7814337e-29 1531095556133829916924312090050560 39093006326870346916832261093457920 320 0 
nomask 1.4404378e+30 0 33558276050891464345494855970979840 320 433 
nomask 4.7450583e+30 29093723274924105527652933005475840 0 0 433 
nomask -7.7130326e-28 23824713673081440638140478914560 9745201511650044412378996539392 320 0 
nomask 5.5878706e+27 0 2063186571470319625375667854508032 320 433 
nomask 1.9138381e+31 457746269984932437740903821475840 0 0 433 
nomask -1.2101302e-29 24121430915090380704493894369280 2460465530881294964823802259701760 320 0 
nomask 3.4684295e+26 0 501638336947043455234920677376 320 433 
nomask 2.8791996e+29 7222525176890562438284037639372800 0 0 433 
nomask -4.7609428e-29 6174890564994425459594468534517760 2449258972783433668200679266800631808 320 0 
nomask 1.4067148e+27 0 135875494108966242817251390781390848 320 433 
nomask 1.2437061e+36 29094521746249444597930242940600320 0 0 433 
nomask -7.585584e-28 24800573524908241548633611803033600 9843206381336745428518248522973184 320 0 
nomask 3.4921277e+20 0 33695492946787611460593682319671296 320 433 
nomask 3.0367868e+32 454589522884754718039911054704640 0 0 433 
nomask 7.855632e+37 6124281641907127730549912806359040 154859510833902868110021626953728 320 0 
nomask 1.3554836e+24 0 133135310408330132430132356543676416 320 433 
nomask 2.8667717e+29 28894083779638650464170638489681920 0 0 433 
nomask -1.8726381e-28 387515102669854916513607691796480 9841866311244219004370670221000704 320 0 
nomask 3.505197e+23 0 8126457426848402298249873981440 320 433 
nomask -7.155757e-37 452531704828857187325979638156492800 0 0 433 
nomask -7.6176317e-28 99202318858433751902139945194618880 153095855447025099071933301169061888 320 0 
nomask 5.471661e+27 0 8355530185442935126756359827095552 320 433 
nomask 1.9059157e+31 28692051965227276403307101416325120 0 0 433 
nomask -1.2150412e-29 100011999730828551297839091888947200 2460599276158107660671343766011904 320 0 
nomask 2.2662167e+28 0 517940885881842158263650408726528 320 433 
nomask 7.3834464e+28 1831183343774146550148267098767360 0 0 433 
nomask -1.888754e-28 24699163024315032303239219170508800 38819623652556878100575365126684672 320 0 
nomask 5.703929e+27 0 522220767456403418705880651137024 320 433 
nomask 1.17638025e+30 455776840847839883178600202397286400 0 0 433 
nomask -3.047496e-27 96089594937048397276299604787200 39097307114323548909330895206350848 320 0 
nomask 2.272761e+31 0 135328728760339305184737598847844352 320 433 
nomask 2.9904688e+29 452595186394071741626476465246699520 0 0 433 
nomask -1.904685e-28 398425406155022071557440587452907520 2460734068364680142787750567870464 320 0 
nomask 2.2729471e+31 0 33558818360507033632767079065059328 320 433 
nomask 2.9904688e+29 113653546242868714118768765173760 0 0 433 
nomask -4.7815108e-29 1524757012990492062405826644541440 154855306756586226374109424517120 320 0 
nomask 2.2730095e+31 0 127879214860670906466098210668544 320 433 
