mask 0.99609375 75 96 259 351 
mask 4.824209e+30 7398318495536166077905481236480 0 0 433 
mask -1.9205236e-28 5623999429941672667953233920 631557784668296989181476864 320 0 
nomask 2.2728852e+31 0 127883345325738813229980822011904 320 433 
nomask 1.1961875e+30 116396688369195493267257425920 0 0 433 
nomask -2.9760703e-30 1489092961600374625050768179200 2459927147252324876059824023928832 320 0 
nomask 9.028656e+31 0 1998210498465834048259585212416 320 433 
nomask 1.20112e+30 28688078177701170332624675227566080 0 0 433 
nomask -1.2052768e-29 22977685003977498070666444800 628014819093330520193608045297664 320 0 
nomask 9.028903e+31 0 8092821229942066016478593810432 320 433 
nomask 1.20110075e+30 116828910800668499109052007055360 0 0 433 
nomask -1.2088617e-26 382779957841071944669535047516160 39247764956206927879940840882176 320 0 
nomask 1.4402438e+30 0 8059714121073512346169999622144 320 433 
nomask 1.1961874e+30 469762570971798596306862080 0 0 433 
nomask -7.61874e-28 23726446137834065505674487398400 2502843294788066964649625518080 320 0 
nomask 3.6254654e+29 0 30439395702687762571497308160 320 433 
nomask 4.6148804e+27 7271244307136638579002692673208320 0 0 433 
nomask -1.8967964e-28 22881350203466483205071175680 2511857480662123277450646464233472 320 0 
nomask 1.4403603e+30 0 33831646162047815726525368391172096 320 433 
nomask 1.8535987e+28 1856536742634973414859537068851200 0 0 433 
nomask -1.8967041e-28 5980934574530837358031782543360 629980845319816889517784170496 320 0 
nomask 9.06439e+28 0 32238858529078736467236376018944 320 433 
nomask 4.804479e+30 116021118657260200040805087313920 0 0 433 
nomask -4.7418375e-29 5981131024976524735272672296960 623659133260849735221349997084672 320 0 
nomask 3.551479e+29 0 7642564981450250050150072320 320 433 
nomask 7.6869205e+31 29199460351776100784815514583040 0 0 433 
nomask -7.5015644e-31 5648085343678715229498245120 39516821814902624813209041764352 320 0 
nomask 5.643374e+30 0 2080305312571244827442939852488704 320 433 
nomask 7.2906033e+28 1856387609545865754204545314979840 0 0 433 
nomask -7.470509e-31 100416057169951102992664791540039680 9842671400229494645128082497732608 320 0 
nomask 8.973781e+25 0 522237452899450012365921298939904 320 433 
nomask 1.2349379e+33 117944148836050840133220433920 0 0 433 
nomask -1.1903512e-29 23726839038725440260156266905600 9840246710905829646436058007601152 320 0 
nomask 8.912858e+25 0 128419422437581872870365203529728 320 433 
nomask 3.074718e+32 457746124913834083985402856734720 0 0 433 
nomask -1.8366925e-31 22688676175225875783588249600 159135155614592493495437626441728 320 0 
nomask 2.2509264e+28 0 7992839949078649110481963319296 320 433 
nomask 7.197877e+28 1843661199085749768297246411980800 0 0 433 
nomask -3.0006257e-30 1543746432908736380800775351173120 630029984051828342200731697152 320 0 
nomask 8.941323e+28 0 32238864663432797714905508610048 320 433 
nomask 7.7186113e+31 1831233441660111380381266922700800 0 0 433 
nomask -3.0726408e-27 96485735749619718964267324538880 9773518548806332227768715638210560 320 0 
nomask 1.430417e+30 0 499552624616458512064896303104 320 433 
nomask 4.8044794e+30 29197133169573342623654205194240 0 0 433 
nomask -1.1854593e-29 5882288494386195394805461155840 632252463595395403351304020426752 320 0 
nomask 3.6010946e+29 0 31970844510573451637720715624448 320 433 
nomask 2.9657098e+29 467228648900694527720796171796480 0 0 433 
nomask -7.6504173e-28 1482926873236362071902341038080 158538035545485958299514830848 320 0 
nomask 2.272823e+31 0 130023302471296940111546963460096 320 433 
nomask 1.2011199e+30 465598984405972605450133176320 0 0 433 
nomask -1.18549775e-29 95301943497794877930103289937920 2494300206858067602012423793410048 320 0 
nomask 2.2730095e+31 0 31837367100554763605064665792512 320 433 
nomask 2.9905172e+29 28807200191085742056498601656320 0 0 433 
nomask -1.2052768e-29 22977305738919342602285219840 2511521416209231885144886593191936 320 0 
nomask 3.5861092e+32 0 485807375524482315009916928 320 433 
nomask 4.82421e+30 467253552772578589081795119022080 0 0 433 
nomask -1.2139497e-26 367642960063639969130663116800 2503107072012700614422326935552 320 0 
nomask 2.2726988e+31 0 505825800388102645376555679744 320 433 
nomask 1.19618744e+30 1882094996818761707683840 0 0 433 
nomask -1.904685e-28 23924125154385626113463036149760 159560300089984293828506419200 320 0 
nomask 1.4403603e+30 0 32104855609395468217591300882432 320 433 
nomask 1.1488844e+27 29201013821454305583305012019200 0 0 433 
nomask -7.650417e-28 1518443615504202192174175087493120 2477685431570259515120183440048128 320 0 
nomask 5.7218266e+30 0 2165225890399097217067282608355803136 320 433 
nomask 2.9781376e+29 117593242060861652258468239769600 0 0 433 
nomask -7.6182475e-28 23266696784208172151272898560 9840792161310678292514876988325888 320 0 
nomask 2.2660365e+28 0 2088915393781947075874738604605440 320 433 
nomask 1.1912356e+30 1837443330917725846062980136960 0 0 433 
nomask -4.7416835e-29 92682911868398318732726763520 9973031948655834982434996224 320 0 
nomask 2.2042604e+28 0 117885467439471088656973824 320 433 
nomask 1.1714482e+30 468608831907494402523534458880 0 0 433 
nomask -1.21009165e-29 5906950203317015200397850050560 9977471982240055051685806720679936 320 0 
nomask 2.2096884e+31 0 1989835060387543897337220825088 320 433 
nomask 7.528466e+31 460939961858157580509475608985600 0 0 433 
nomask -1.9360542e-28 99200721915783073761585325324369920 9705982156932279809537365105442816 320 0 
nomask 3.505104e+23 0 32104328054946200918045898047488 320 433 
nomask 7.6236593e+31 7120718535484781871201677287096320 0 0 433 
nomask 3.1956808e+38 6149533684427238104751175410647040 155425937151267778822800408576 320 0 
nomask 1.3743366e+24 0 132588561810579351377920409338904576 320 433 
nomask 1.8584092e+31 116693895484415794290360320 0 0 433 
nomask -2.9013456e-30 1464357678199751710385949900800 629816559650114100378826964992 320 0 
nomask 1.4116348e+24 0 7336143024281004468600832 320 433 
nomask -7.214531e-37 28999839498126784178915094036480 0 0 433 
nomask -3.072345e-27 363006871216412352335021342720 154842727241191294487274857693184 320 0 
nomask 5.494534e+24 0 7925837466844671444381236985856 320 433 
nomask 1.8901005e+31 7223519397484613509317315998515200 0 0 433 
nomask -2.9301107e-33 98796639717859736359154127690792960 154863698552942013185482809147392 320 0 
nomask 5.627765e+27 0 8218308578362868973447639648436224 320 433 
nomask 7.321671e+28 7252093628603315865222129909760 0 0 433 
nomask -4.780972e-29 24395719161885399890255945840721920 2443244583262570628258555783806976 320 0 
nomask 2.2352094e+28 0 7892469647928514748134507675648 320 433 
nomask 2.903813e+29 1805382739074127841812689820057600 0 0 433 
nomask -1.2240274e-26 22688686505402557060937154560 2443514167675715592491369387524096 320 0 
nomask 5.681902e+30 0 2080305443437464800726548014432256 320 433 
nomask 1.1961875e+30 28611456967002839373676051169280 0 0 433 
nomask -1.1854786e-29 6124379516541483730927897018368000 156472803011532576358209159168 320 0 
nomask 9.092284e+31 0 8252614896196425324760076826705920 320 433 
nomask 2.9905173e+29 28327723352178236281176719360 0 0 433 
nomask -1.2052768e-29 374857141589645510910180652482560 38327863515285092342811328512 320 0 
nomask 3.5861092e+32 0 31032797490589641816972281774080 320 433 
