mask 0.99609375 72 106 270 371 
mask 1.19616825e+30 7094178203431735079197818748928 0 0 429 
mask -1.9125736e-28 5465732654976052345438208000 2502957439689396845165936640 311 0 
nomask 5.721982e+30 0 1963186673423177910096186310656 311 429 
nomask 2.9905172e+29 1791045325106062924537921536 0 0 429 
nomask -4.7617125e-29 1481873315994116948188081103568896 152350108262385354193052142403584 311 0 
nomask 2.2730093e+31 0 126699957138479712454139852095488 311 429 
nomask 4.80448e+30 110742609294566338642174466947284992 0 0 429 
nomask -1.20032726e-29 92620078307823701079464446263296 2471991514270308212399493171118080 311 0 
nomask 9.028903e+31 0 515280388021274953559667137052672 311 429 
nomask 4.82421e+30 1774063353581516691174865240064 0 0 429 
nomask -7.5022857e-31 21862562021675814535919828992 39359960756311844513120256 311 0 
nomask 1.4243424e+33 0 7919131228299390157626210779136 311 429 
nomask 3.1253754e+32 114134722582233109667774464 0 0 429 
nomask -7.5639145e-31 1429211456501409315323079819264 629679926441834875522646016 311 0 
nomask 9.028657e+31 0 29898885773016103481222627328 311 429 
nomask 4.8440162e+30 27608969964870834683844021452800 0 0 429 
nomask -2.9885404e-30 22770397669324048326505479012352 613732348075862574194661663965184 311 0 
nomask 5.6973696e+33 0 2136522251624587239325947519861522432 311 429 
nomask 1.2060524e+30 112770102921772799222913286799360 0 0 429 
nomask -3.0008661e-30 1500304877999594460661333526315008 155544928818978834669787164966912 311 0 
nomask 3.5862086e+32 0 508915835594506727553631122358272 311 429 
nomask 1.9375758e+31 7069821588189522895820554240 0 0 429 
nomask -7.5021658e-31 5788847786729474225540115202048 2463256117443083514580341620736 311 0 
nomask 8.9655225e+31 0 30158198382910139533847691264 311 429 
nomask 7.7501797e+31 28651573431905589336450531328 0 0 429 
nomask -1.8754813e-31 1342980832543450070687678464 39266320599970193789241262080 311 0 
nomask 8.966018e+31 0 2027164825375430523317827028385792 311 429 
nomask 1.9217302e+31 112003076777033065750280825470976 0 0 429 
nomask -7.563674e-31 96410683565057039604856418035826688 38624859306892681214430894096384 311 0 
nomask 1.420747e+30 0 2061121811399688121576626522685440 311 429 
nomask 3.1126987e+32 444871968153641262854604234686464 0 0 429 
nomask -3.013096e-30 372014342022278652503768124358656 38459946508913805642360300043763712 311 0 
nomask 3.55177e+29 0 126699940931317943245517478690816 311 429 
nomask 7.6870443e+31 7095309802861375959366973259776 0 0 429 
nomask -7.47075e-31 22050558592031999758092468224 157660903445243173989614132133888 311 0 
nomask 5.6829886e+30 0 1971485120104366690578456379392 311 429 
nomask 1.17638055e+30 452468489853130954553786630144 0 0 429 
nomask -1.9204312e-28 5927489880193098691405264411688960 621671680348216128360677376 311 0 
nomask 3.576335e+29 0 515280485264245568811401377480704 311 429 
nomask 1.921761e+31 28000020179710418483142862045184 0 0 429 
nomask -1.9046235e-28 1481897284459648082729756121890816 153424788952139808734010232799232 311 0 
nomask 3.576237e+29 0 1963154892191896102563250962432 311 429 
nomask 2.9657584e+29 7067900070766232680560802828124160 0 0 429 
nomask -1.9204005e-28 92235078955605947813970818629632 2471725198188116576316653385547776 311 0 
nomask 1.4205918e+30 0 2052624331655444964031760959537152 311 429 
nomask 2.9286203e+29 454136109060363425842962983026688 0 0 429 
nomask -3.0600685e-27 1429212007247400379995452866560 624128619894503206778547732480 311 0 
nomask 1.4304178e+30 0 1971485373341269334463180963840 311 429 
nomask 2.9781378e+29 449472569348236903012502601728 0 0 429 
nomask -4.7418375e-29 93005065910793644965280782221312 39146567844243506768630790488064 311 0 
nomask 2.2888547e+31 0 7852621594662805561330800525312 311 429 
nomask 2.9780894e+29 438748119204418862494055386841088 0 0 429 
nomask -4.8012323e-29 22674144893957657665212749185024 9789500499217920862928806871040 311 0 
nomask 9.028655e+31 0 127759978450413917796161197965312 311 429 
nomask 4.8044804e+30 451019973556359747831664767664128 0 0 429 
nomask -3.01324e-30 22962888533497067924494324072448 39269387140588147080828026880 311 0 
nomask 5.656804e+33 0 128824254142312540401555562561536 311 429 
nomask 3.1253758e+32 1797890644556941655164925771776 0 0 429 
nomask -1.9064461e-31 372014201031304939947640624250880 2480048003220496866782811783168 311 0 
nomask 1.4244218e+33 0 127231041518914025196382763089920 311 429 
nomask 1.929684e+31 444847811700145178238092549554176 0 0 429 
nomask -7.625905e-31 91851589381731699837009171316736 2454663335535846968033764844765184 311 0 
nomask 8.921587e+34 0 534139126511111071360211029019590656 311 429 
nomask 7.81344e+31 28386514623711915312571855405056 0 0 429 
nomask -3.0130958e-30 91850050230268671099283961806848 9817091569831090980133011456 311 0 
nomask 2.2413801e+31 0 1996347159495235361183983730688 311 429 
nomask 3.1127484e+32 113123065930436311561139126272 0 0 429 
nomask -1.8832151e-31 23347519253064801902612925382656 617881057345544597349805791903744 311 0 
nomask 2.2098127e+31 0 7885942506312687913391622193152 311 429 
nomask 3.074769e+32 7143812900802459525916502523904 0 0 429 
nomask -1.8985622e-31 1488033399623583475473397479112704 38457809756706153177586590371807232 311 0 
nomask 8.902882e+31 0 126699965242060597058451038797824 311 429 
nomask 1.2197268e+33 28078339631673936186557570247294976 0 0 429 
nomask -3.0623509e-30 387219763794290616623624850985975808 9684299342166296388052988316352512 311 0 
nomask 1.4067528e+27 0 2052624590970033271369718934011904 311 429 
nomask 1.2349381e+33 7095312005845340218056465448960 0 0 429 
nomask -7.325629e-34 1435227530334804263990061957120 39268354408844552488435580928 311 0 
nomask 8.793624e+25 0 31543249370178915826572743147520 311 429 
nomask 3.0367383e+32 7143624178509521364850004983808 0 0 429 
nomask -1.8366022e-31 370480242735807948039794034999296 156590452824710482899095500357632 311 0 
nomask 5.588781e+27 0 490805088482807386691139010560 311 429 
nomask 4.8180583e+33 1767022766634655489148714076864512 0 0 429 
nomask -4.8204143e-29 1429189151288771196091971403776 2420807741515617538916533370093568 311 0 
nomask 3.505197e+23 0 2044160173835799299414495116394496 311 429 
nomask 3.0494142e+32 27885861010217133962192463113224192 0 0 429 
nomask -2.893906e-33 96412235593695667422707939222224896 2421007413748614189144173715652608 311 0 
nomask 1.4117452e+24 0 8244488801486282330334253937590272 311 429 
nomask 1.17144776e+30 1798031451948657189734968197120 0 0 429 
nomask -4.780895e-29 1475737294824164030481858079752192 613632447130717172246351997566976 311 0 
nomask 8.879182e+28 0 7885943519260298488930520530944 311 429 
nomask 4.4214537e+27 28273149303896119338897345829928960 0 0 429 
nomask -7.6499247e-28 23059150120799315620545022656512 9751742917551622073514821607751680 311 0 
nomask 2.2505623e+28 0 33248260583763285491322280640249856 311 429 
nomask 1.1912357e+30 6971079501250205936983275483430912 0 0 429 
nomask -1.1854209e-29 96804898839268505339142799380971520 9788723568400609424593781784576 311 0 
nomask 2.2730702e+31 0 132449286612089838230564278351429632 311 429 
nomask 4.784673e+30 442982853407374377111510037280325632 0 0 429 
nomask -1.2052576e-29 6074948015875867293436383797968896 2426769510446322332551290036185726976 311 0 
nomask 8.96552e+31 0 523744513426597079759688233385984 311 429 
