mask 0.85546875 31 84 289 492 
mask 0.00390625 40 89 402 760 
mask -7.5859545e-28 2067991251908302834233665126400 74196759646389219927418470400 450 0 
nomask 5.5700924e+24 0 59317082485240855467525983436800 450 800 
nomask 2.9286681e+29 2608412644817690049065779200 0 0 800 
nomask -1.8886616e-28 8306647660882093979889303552000 1156077934363997046860834406400 450 0 
nomask 5.626554e+27 0 58326741787492110134755196928000 450 800 
nomask 1.1813322e+30 160229536800831874209006649501286400 0 0 800 
nomask -1.20021186e-29 8306514313058533948282581811200 4577958359435366375370667746918400 450 0 
nomask 3.576432e+29 0 240223926896330012459290276659200 450 800 
nomask 1.1714481e+30 40911938561459617168679556769382400 0 0 800 
nomask -3.0007702e-30 134571053427722848051799261184000 18501619861187090041241232998400 450 0 
nomask 3.5863073e+32 0 239241311990147241866089096806400 450 800 
nomask 3.1127486e+32 654714437965664984259939532800 0 0 800 
nomask -3.0378438e-30 33504585260813677189621245542400 72996716598128868555359256576000 450 0 
nomask 3.5517708e+29 0 3515000796635050024317747200 450 800 
nomask 4.764866e+30 10265707288230698723726013235200 0 0 800 
nomask -1.2002503e-29 8202333536754555310647017472000 18252573586560103839819418828800 450 0 
nomask 1.4206695e+30 0 15310704104767819326374782015897600 450 800 
nomask 1.8979926e+31 10300685933271651208312111969075200 0 0 800 
nomask -3.0850653e-27 135125967379445301173712165273600 290068331339932548086907692646400 450 0 
nomask 5.5490327e+27 0 251040111976376775347155106371993600 450 800 
nomask 1.8980236e+31 2601722290902081214158471168000 0 0 800 
nomask -2.9181677e-33 33504583135748759898280899379200 18373942183063040017527576985600 450 0 
nomask 8.551601e+25 0 14767134667601911649088726630400 450 800 
nomask 2.9987095e+32 40785384927451072081989677875200 0 0 800 
nomask -2.9631188e-30 127621703323832759450232422400 73002526997849391366830188134400 450 0 
nomask 3.5289944e+23 0 14767371730399351705278454169600 450 800 
nomask -1.7816495e-37 163159033244203430641688326963200 0 0 800 
nomask -1.2248056e-29 2153102445792424787445903104409600 18253544505108981838875354726400 450 0 
nomask 1.3737812e+24 0 15437722555642433492799470750924800 450 800 
nomask 1.8821778e+31 163159067245242107303133865574400 0 0 800 
nomask -1.7514918e-37 2179806997573229393417710495334400 1152257059142447547753071588147200 450 0 
nomask 1.3879013e+27 0 59316134234051095242767073280000 450 800 
nomask 4.6857155e+30 650362105790216323167839846400 0 0 800 
nomask -1.2100532e-29 33226048751974466627768942592000 18372969375567568870613555609600 450 0 
nomask 8.817527e+28 0 911385504545473550714352435200 450 800 
nomask 1.2045148e+33 41061741119685141728646817382400 0 0 800 
nomask -1.9124812e-28 33365312756264237326014401740800 1163967119810279076154834944000 450 0 
nomask 3.551576e+29 0 960911363174684059284973551616000 450 800 
nomask 1.9217611e+31 163172123644093945298220692275200 0 0 800 
nomask -4.7417605e-29 2170929734387217209924925574348800 17972474892171099385847120480593510400 450 0 
nomask 3.551575e+29 0 956950015495261823136755089408000 450 800 
nomask 1.1813323e+30 648109710701944490967980153241600 0 0 800 
nomask -4.8009242e-29 8271967663964357951110093209600 292033470482861618176121949388800 450 0 
nomask 3.5764317e+29 0 911385504545473550714352435200 450 800 
nomask 1.8821778e+31 2601243620029461339745497907200 0 0 800 
nomask -3.0472004e-27 31769946716704742038516531200 4624555411566504261136364339200 450 0 
nomask 1.4065632e+27 0 3691903142772494514296088166400 450 800 
nomask 2.953379e+29 654714504373943649614325350400 0 0 800 
nomask -1.1953007e-29 542732229590572242512558161920000 4577212693989828072095708977561600 450 0 
nomask 9.0029735e+28 0 14829033558512773810691768320000 450 800 
nomask 1.1813322e+30 10109518240992278761381252679545651200 0 0 800 
nomask -1.2002311e-29 134016198977818079087416049664000 72742277426313163454651995625881600 450 0 
nomask 5.6432186e+30 0 241214263816185571496344892211200 450 800 
nomask 4.7450592e+30 41346831328729278784126687641600 0 0 800 
nomask -1.2003081e-29 8271967132698128628275006668800 4624919506022333510782340300800 450 0 
nomask 3.5608552e+32 0 238254813409768959276664173363200 450 800 
nomask 3.1127486e+32 654663237182813996028474163200 0 0 800 
nomask -1.2151568e-29 2085365782672076832903895449600 294829971855893626991987916800 450 0 
nomask 3.5516737e+29 0 915254008138659328202847027200 450 800 
nomask 2.9533791e+29 10227424303247512911547412879769600 0 0 800 
nomask -1.2002503e-29 33504047619389602480513666252800 72736327576999348095705761710080000 450 0 
nomask 5.643064e+30 0 15500604106794196660544307671859200 450 800 
nomask 1.1763806e+30 40918640846203560672824127809126400 0 0 800 
nomask -1.2239091e-26 540495199252918656026236315238400 1152257421820193432141824000000000 450 0 
nomask 3.5164076e+26 0 238251005293437173194763848908800 450 800 
nomask 1.1813516e+30 41068299070019902804955077017600 0 0 800 
nomask -1.8830948e-31 540512607784721106686352084172800 72517060167624019247429897420800 450 0 
nomask 2.1679458e+25 0 953003900281166731316137925017600 450 800 
nomask 3.0113361e+32 2601584958581801261288600371200 0 0 800 
nomask -2.9137197e-30 536055955641216384373824159744000 1168071622251736319301990429491200 450 0 
nomask 8.913333e+25 0 239233620199619943787965028761600 450 800 
nomask 3.2235564e+38 163661193632389960584327600694886400 0 0 800 
nomask -1.20999535e-29 2170894373306993482021565418700800 72233228745033769551986757625446400 450 0 
nomask 5.5137627e+21 0 15500855563364676503412646556467200 450 800 
nomask 1.8821773e+31 161365965756895853301364045538918400 0 0 800 
nomask -2.8142333e-36 134016181977298740756693280358400 290083805590423615340343931699200 450 0 
nomask 2.2137532e+25 0 15437469164790642266524452336435200 450 800 
nomask 1.1664768e+30 163180861911033847289724115353600 0 0 800 
nomask -1.19025495e-29 560285657771372578325010363029913600 1152225989748883451783281639424000 450 0 
nomask 2.204321e+28 0 915254421345726579296803225600 450 800 
nomask 2.8667235e+29 164260071879150419901842404147200 0 0 800 
nomask -7.681602e-28 134571121429800201374690338406400 1139346656942570805127305783515545600 450 0 
nomask 3.5514788e+29 0 964857357496197189642673245388800 450 800 
nomask 1.9138692e+31 640971974383660674277104555550310400 0 0 800 
nomask -4.7614817e-29 562567602937101415754305586488934400 286920488703771781898564141685145600 450 0 
nomask 3.576334e+29 0 249019886677765981142040353072742400 450 800 
nomask 2.9533791e+29 2592927913748103062104547996467200 0 0 800 
nomask -4.8010782e-29 8683578037244592754669390292582400 18183575112546254571376403598540800 450 0 
nomask 1.4305342e+30 0 956950136387843784599672560025600 450 800 
nomask 1.18133224e+30 161374913742242312940663550771200000 0 0 800 
nomask -3.047299e-27 33504058244714188937215397068800 1131392520808150451246996440639078400 450 0 
nomask 3.5760438e+29 0 15437220609642129498766132746649600 450 800 
nomask 1.1912552e+30 40345961079764242532325735058636800 0 0 800 
nomask -1.20026956e-29 140071431851374947031912706526412800 18312827658335516572515949346816000 450 0 
nomask 3.6011905e+29 0 249019886677765981142040353072742400 450 800 
nomask 1.1912357e+30 40630072670913187918080113010278400 0 0 800 
nomask -1.2002888e-29 8754603214948734968192341691596800 72225274980281360983720530752307200 450 0 
nomask 2.2572877e+31 0 241210455699853785414444567756800 450 800 
