mask 0.99609375 85 114 258 345 
mask 1.9296528e+31 29200234064300654147487326535680 0 0 428 
mask -7.618617e-28 5648083499004307858543083520 624280760015770308701061120 320 0 
nomask 2.272823e+31 0 31469202540945991235011214311424 320 428 
nomask 2.978138e+29 462504087084094326066433228800 0 0 428 
nomask -4.7617125e-29 1489116951222107602848453754880 154081137409188776824298079780864 320 0 
nomask 5.722137e+30 0 1888578536792570404863475712 320 428 
nomask 2.9781378e+29 114433412199843915253079972249600 0 0 428 
nomask -4.8210303e-29 1399955874023387600949084160 620679546532634439382649431654400 320 0 
nomask 9.028655e+31 0 489660673288401761253256593408 320 428 
nomask 1.2011201e+30 7349771812513628865965452165120 0 0 428 
nomask -3.013192e-30 95298824469180272186832548003840 155668427866258035900671852544 320 0 
nomask 8.965522e+31 0 31866589378248016976086439034880 320 428 
nomask 3.1127484e+32 466740210305901839096217600 0 0 428 
nomask -7.563795e-31 1476737456381924142706558238720 2457449331513511719105409843200 320 0 
nomask 3.611661e+32 0 121382412155016694329421856768 320 428 
nomask 4.82421e+30 1830437871756739385213976282398720 0 0 428 
nomask -3.013192e-30 87875008386661204539473920 624935134062829770318385042685952 320 0 
nomask 1.4243422e+33 0 33441504131271784119234357962473472 320 428 
nomask 7.7503035e+31 116810257075271845380886290759680 0 0 428 
nomask -1.2003081e-29 366101437972636830843556331520 157084754875158703328198656 320 0 
nomask 2.2730714e+31 0 31734115645834498609215172509696 320 428 
nomask 1.9296839e+31 116390643740097420121383895040 0 0 428 
nomask -3.0007702e-30 23924132710171998704895378063360 9830577498775948804768103661568 320 0 
nomask 5.643219e+30 0 121382396364603767234045673472 320 428 
nomask 1.9217611e+31 1837345672378860101799960903680 0 0 428 
nomask -3.0006739e-30 22785016878694994236240035840 155178213865319842863246380892160 320 0 
nomask 2.2572877e+31 0 516190148826327377947598411268096 320 428 
nomask 1.9138384e+31 467216462928432812258715133542400 0 0 428 
nomask -1.2002503e-29 25002995290431990504283742100520960 616540766624056093532403106054144 320 0 
nomask 3.576432e+29 0 511976537013977796358752360726528 320 428 
nomask 7.7186113e+31 466763868255176371596165120 0 0 428 
nomask -1.9204005e-28 23825475296347797854520543805440 39430461186030843202575007744 320 0 
nomask 1.4163482e+27 0 31469726024715350300922442940416 320 428 
nomask 7.6553516e+31 29202561246503412308648635924480 0 0 428 
nomask -7.408639e-31 5906950203317015200397850050560 620712790783748022070324676788224 320 0 
nomask 8.941566e+28 0 31734121709353062613839626895360 320 428 
nomask 2.9038614e+29 460915299771437442074311602995200 0 0 428 
nomask -1.2051806e-29 24022776523580728890691996876800 2474397118546511477981436706816 320 0 
nomask 1.4008623e+30 0 7966644818095935908761420431360 320 428 
nomask 7.7186127e+31 460977438558565634013891500441600 0 0 428 
nomask -3.0853117e-27 382780006198104729254702035763200 153050533285902038815035057242112 320 0 
nomask 1.4205135e+30 0 30087400180371925877928230912 320 428 
nomask 4.7846727e+30 1866676023495109280907919360 0 0 428 
nomask -1.1953392e-29 1464382234505462632541061120000 157268478492852029042157842071552 320 0 
nomask 5.6826785e+30 0 1966857623898102560281633751040 320 428 
nomask 1.1862647e+30 464059522400123954217054413783040 0 0 428 
nomask -7.6504173e-28 1476737456381924142706558238720 9830580530535230807080330854400 320 0 
nomask 2.272823e+31 0 127994093830037355725525060943872 320 428 
nomask 1.1961876e+30 465599078853302262843037450240 0 0 428 
nomask -1.1953778e-29 5981128380451294328271352627200 9829281926976106483343016591360 320 0 
nomask 2.2730093e+31 0 30345605012555789469277487104 320 428 
nomask 2.9781378e+29 113644213335541289181540033495040 0 0 428 
nomask -4.801309e-29 1452027201523660437161372549120 155182320888560528662210151448576 320 0 
nomask 3.5861092e+32 0 30345597117349325921589395456 320 428 
nomask 1.929684e+31 117583921242792423467531255152640 0 0 428 
nomask -1.2102072e-29 1476737267487264827920749690880 618550645164812415736714625024 320 0 
nomask 3.5862082e+32 0 31999040877760133992668039479296 320 428 
nomask 3.1127484e+32 29201019866083403656450885550080 0 0 428 
nomask -1.883245e-31 23924132710171998704895378063360 39059468592391322758223704883200 320 0 
nomask 3.586407e+32 0 7933532953804333988720096051200 320 428 
nomask 4.82421e+30 29200237086615203184060263301120 0 0 428 
nomask -3.037892e-30 23627416979320333156828430991360 616524079820967952805904636706816 320 0 
nomask 1.4243819e+33 0 2140223017045759096172955943819018240 320 428 
nomask 1.9296841e+31 29007591734945062988497897390080 0 0 428 
nomask -1.2002888e-29 5906854622619401918778724843520 154122692723080755183892136198144 320 0 
nomask 5.643064e+30 0 511976375320149422902100243775488 320 428 
nomask 7.7186118e+31 29204120760810715180284006891520 0 0 428 
nomask -1.1953584e-29 95696524796058896746435638722560 9830838230074201003619642245120 320 0 
nomask 3.5021557e+29 0 31734125751698771950255929819136 320 428 
nomask 3.0747193e+32 116813376103886451124157032693760 0 0 428 
nomask -7.4703893e-31 23726452182463163578820360929280 9727416892866523391427317138980864 320 0 
nomask 5.603915e+30 0 489652778081938213565164945408 320 428 
nomask 1.8821474e+31 457770835357587007005733850972160 0 0 428 
nomask -1.2298321e-29 396796549410131153899333817781452800 9593903841032368957233238487597056 320 0 
nomask 5.532758e+24 0 32629274379021722353217327561965568 320 428 
nomask 1.22988724e+33 28284806830503564854273536520355840 0 0 428 
nomask -1.7810508e-37 6149732528546048318957831082475520 614540890867757524290233171968 320 0 
nomask 3.397125e+26 0 132685171154158323414259273671114752 320 428 
nomask 4.858545e+33 7350936159193645205689341050880 0 0 428 
nomask -1.8287483e-31 24800965023445665550145548651069440 155169886633158609845662357913600 320 0 
nomask 2.228452e+25 0 31602193693610304663169255079936 320 428 
nomask -1.163674e-35 457758504314226937788151847976960 0 0 428 
nomask -4.8400585e-29 1458192912098354360738182594560 38530669138424479459556731125760 320 0 
nomask 8.671073e+25 0 125874740482780784694897760272384 320 428 
nomask 3.0494152e+32 7122107349466355157197579742085120 0 0 428 
nomask -7.385696e-34 98796664476660522066759625673277440 9525817545070748432629189356552192 320 0 
nomask 5.5892306e+27 0 526383459709154038037679132261744640 320 428 
nomask 4.725329e+30 29010701696616021622049829027840 0 0 428 
nomask -2.9881557e-30 24699559165127603624927186890260480 9660393378100035922706302303731712 320 0 
nomask 3.5517704e+29 0 31734133836390190623088535666688 320 428 
nomask 2.8914821e+29 7273231974612216167706577579540480 0 0 428 
nomask -3.0600683e-27 95300420251262163497343160156160 38644764960507047628842032747773952 320 0 
nomask 5.681902e+30 0 132680932447463810272198019069771776 320 428 
nomask 1.1961876e+30 113656665271483319862039507107840 0 0 428 
nomask -1.1953585e-29 24598139379984099739180732514304000 610352704904626455092880474112 320 0 
nomask 2.273071e+31 0 130514994720187658283799859722977280 320 428 
nomask 2.9905173e+29 1805879849371153377329328999628800 0 0 428 
nomask -4.8211073e-29 24497131209903658242375682097152000 603841009955948061161833537470464 320 0 
nomask 3.5861092e+32 0 8123408941199325451814295079747584 320 428 
