mask 0.99609375 47 112 179 319 
mask 4.8241314e+30 6273526361238626198542614528 0 0 416 
mask -7.555508e-28 5194808440610703248309082000457728 37430534260474908594143232 276 0 
nomask 1.4402828e+30 0 124916489134198571449368757403648 276 416 
nomask 1.8536288e+28 101056894572368030266306854912 0 0 416 
nomask -4.7221927e-29 1273706828638976095936290226176 151825092481781381643001867010048 276 0 
nomask 2.2886692e+31 0 29495280946255022184458092544 276 416 
nomask 2.9904684e+29 393107525231261899241542674567659520 0 0 416 
nomask -1.1904665e-29 82536938836466332245545126461440 9521639410395501261948104233451520 276 0 
nomask 9.0286555e+31 0 493494143606794402476248361074688 276 416 
nomask 3.0027998e+29 25189886203557797849559673602048 0 0 416 
nomask -3.0131923e-30 5052118383200558764261141118976 151307836862126646157799063552 276 0 
nomask 3.5862086e+32 0 117979136259026610975903055872 276 416 
nomask 3.1127484e+32 6232309094630910129233461248 0 0 416 
nomask -1.2151568e-29 5137371043364579774430669963264 148763420143761434838824692744192 276 0 
nomask 2.2572258e+31 0 28437555427802113596456960 276 416 
nomask 1.929684e+31 25180514950614532010811806711808 0 0 416 
nomask -3.0131441e-30 1212675274839092258389622784 9555209216165362522150378930176 276 0 
nomask 2.2731335e+31 0 8027482456951711099535505181638656 276 416 
nomask 1.9296839e+31 1590243535737696080032995288809472 0 0 416 
nomask -7.5326195e-31 81854909734915268532056421826560 9555458708231385491246308917248 276 0 
nomask 3.5518675e+29 0 7646850787795156747142236733440 276 416 
nomask 3.1000717e+32 1584836417935671587933087858688 0 0 416 
nomask -1.2101687e-29 1268368293680379723002167689216 2404831678157202176507994177536 276 0 
nomask 8.879182e+28 0 30329901800486983522527884607488 276 416 
nomask 1.2298874e+33 6296132334978572459703766351872 0 0 416 
nomask -4.649734e-32 1163987199046167312728064 2420925389794026338524785016832 276 0 
nomask 3.551965e+29 0 481943160916315207709768024064 276 416 
nomask 7.528588e+31 6339513155192367806569500377088 0 0 416 
nomask -1.8753308e-31 5325840442999482249799011359784960 9555964568129030487641600032768 276 0 
nomask 1.3971574e+27 0 499682081189376305721407260590080 276 416 
nomask 4.9599556e+33 1599867311668932283195195392 0 0 416 
nomask -4.6691435e-32 20549478959965722009634363932672 597168775594439513443529654272 276 0 
nomask 2.2509859e+28 0 471916667817634998514387779584 276 416 
nomask 7.6869195e+31 100060144355346630174481343053824 0 0 416 
nomask -7.5015644e-31 5052035293162292672853606137856 38220825077634708845967062335488 276 0 
nomask 2.2256585e+31 0 1903696536512515758471052787712 276 416 
nomask 2.9039105e+29 25355375492320866492927776391168 0 0 416 
nomask -4.7418372e-29 1279003248352686616656985718784 2442826759817630006183460864 276 0 
nomask 9.0646325e+28 0 30716139092744022168296411365376 276 416 
nomask 1.9296835e+31 25189891417050394937647989522432 0 0 416 
nomask -1.896735e-28 330153135670225523889322535682048 37294497607706393754926184373682176 276 0 
nomask 5.721981e+30 0 113748318237804348481470464 276 416 
nomask 2.9904686e+29 1584626737780282451381131935744 0 0 416 
nomask -1.8967657e-28 78275942987132000141051953152 607348712452800276363445618606080 276 0 
nomask 1.4403603e+30 0 7679033299807662886744796168192 276 416 
nomask 1.20110044e+30 101432200056092690728935374192640 0 0 416 
nomask -3.0222034e-27 315762530981810181353257304064 9645085709454996481668808704 276 0 
nomask 3.6253687e+29 0 7711219740829082773892173398016 276 416 
nomask 1.8536287e+28 101059491136063845622792323072 0 0 416 
nomask -1.8888464e-28 328786345597002522304067584131072 150803188695386955216251911143424 276 0 
nomask 5.7216724e+30 0 1903728705272997066494248484864 276 416 
nomask 2.9905168e+29 24744834114070630471712271016919040 0 0 416 
nomask -4.7617893e-29 1268368293680379723002167689216 151869505998542383889622222503936 276 0 
nomask 9.0286555e+31 0 31100861752064811135537678123008 276 416 
nomask 1.20605235e+30 400229941896488460997760894631936 0 0 416 
nomask -1.2003273e-29 20464059793881881498644245381120 601255313209322623886363197440 276 0 
nomask 1.4243025e+33 0 497621991803648883042182406078464 276 416 
nomask 7.750304e+31 1595513650774507992804092805120 0 0 416 
nomask -1.2102071e-29 5116098038508736466068596326400 2404705704308905145852273623040 276 0 
nomask 5.6826785e+30 0 1911743760675513503311774875648 276 416 
nomask 4.784673e+30 397496486873864787941370573619200 0 0 416 
nomask -3.013096e-30 81514593792147746479146402840576 599254451177339374353051092516864 276 0 
nomask 1.4306118e+30 0 517953060187969714444559911066009600 276 416 
nomask 1.9059153e+31 1590414871958406782967409696309248 0 0 416 
nomask -1.2051421e-29 1336927104210999461971946536697856 2396759810268045178629288674459648 276 0 
nomask 3.5410606e+26 0 124918477212708927707046561710080 276 416 
nomask 3.0873948e+32 394816751678961510546987496243200 0 0 416 
nomask -1.2101302e-29 330153093962284747184616008318976 2380408846772593396115552702824448 276 0 
nomask 5.210586e+33 0 1998695383946772363469876648476672 276 416 
nomask 4.8789105e+33 100070873723111437460235507204096 0 0 416 
nomask -1.8984116e-31 330147734491894940629827242164224 2380344976803691516026994626134016 276 0 
nomask 8.792915e+25 0 8060313632619841303797303311597568 276 416 
nomask -3.0270127e-33 6317411700295384215533585411604480 0 0 416 
nomask -7.912134e-34 21390494665233358335696490180116480 2364188137780650172207616273416192 276 0 
nomask 8.4916275e+25 0 8060443384210208902717366176055296 276 416 
nomask 4.8991892e+33 393107439813399188550303706528088064 0 0 416 
nomask 1.9503936e+34 330142395875475522427391739691008 9522154393451843980142462269128704 276 0 
nomask 3.4464277e+26 0 32109418868055629357433556113031168 276 416 
nomask 7.528589e+31 25190558744102822212952427331584 0 0 416 
nomask -7.5935266e-31 343641870099775181372673022658347008 599189763974583434775170914451456 276 0 
nomask 3.4529286e+29 0 31101386274754796432770853765120 276 416 
nomask 7.7086427e+34 6229258463996793575092655260434432 0 0 416 
nomask -4.8009242e-29 1326015472744997976650257809801216 588324046447356191808663854377861120 276 0 
nomask 2.2352094e+28 0 1998631262521300003538450232901632 276 416 
nomask 7.687044e+31 98987579280034103591409499886321664 0 0 416 
nomask -1.1953007e-29 345046908523503341562458305569226752 149190398303839332386200051416825856 276 0 
nomask 2.27307e+31 0 32241264588742184408903946801774592 276 416 
nomask 2.9904688e+29 6317582536020805598011521490747392 0 0 416 
nomask -4.7617125e-29 21303368445268453271949089817231360 9455718561704787574955855600156672 276 0 
nomask 1.4304956e+30 0 30715647966629803725194186981376 276 416 
nomask 4.804402e+30 98973859035836198811150258530156544 0 0 416 
nomask -7.618863e-28 82878625927786888465682232508416 148139848962120697979653232323985408 276 0 
nomask 1.4403215e+30 0 129488240907161662546224617233580032 276 416 
nomask 7.4453434e+28 390352372069528553328628558190346240 0 0 416 
nomask -4.7023945e-29 345035975037076373083870396504080384 37300693497603017083202054490423296 276 0 
nomask 2.288793e+31 0 128960938490517995890060922921680896 276 416 
nomask 1.2011392e+30 1557571203250856681127720152727552 0 0 416 
nomask -1.1904473e-29 84513735988364249876372614602031104 36680916827042892362894186381312 276 0 
nomask 9.028903e+31 0 31450248602547205423627057290543104 276 416 
