mask 0.99609375 93 38 163 122 
mask 4.9030507e+30 390953822485231274459444281344 0 0 183 
mask -2.9391884e-30 21128428658474643050890718148034560 1036739474357609374249459384320 276 0 
nomask 1.4343646e+33 0 54726460488062977958608770170880 276 183 
nomask 1.21098454e+30 1595680971302545788638481874944 0 0 183 
nomask -1.8678977e-31 331514462003206777158022402670592 4159152107520471938408336628645888 276 0 
nomask 1.4241841e+33 0 54274262824156752147131872051200 276 183 
nomask 4.863746e+30 393107439813399188550303706528088064 0 0 183 
nomask -7.5024056e-31 20464066310747627858754640281600 1047208085337552553104609732722688 276 0 
nomask 2.2464962e+34 0 3406243545015010037801278242816 276 183 
nomask 4.8833993e+30 400240744253149627516751481667584 0 0 183 
nomask -1.1904473e-29 328781048688523880806338609020928 261780644654698530047599338061824 276 0 
nomask 2.2730095e+31 0 53594644112905874757953142128640 276 183 
nomask 1.9375756e+31 24846210164811452523730043928576 0 0 183 
nomask -3.0008182e-30 82538268277078589708065686159360 1047037403750173171491893428617216 276 0 
nomask 2.2730095e+31 0 209364394870768307192576606208 276 183 
nomask 3.0027997e+29 1579095503663372232434709468020736 0 0 183 
nomask -1.1904473e-29 81856265242990511435018561126400 4188831456416510254509883045969920 276 0 
nomask 2.2730095e+31 0 56731308398492802710865163459756032 276 183 
nomask 4.824209e+30 1590329120432169878090789437833216 0 0 183 
nomask -1.2002695e-29 5137285346580015138978977021952 266250538106037093599042076672 276 0 
nomask 2.2255338e+31 0 13681611665243479029071896117248 276 183 
nomask 3.0873954e+32 6273676419933405446631340275400704 0 0 183 
nomask -7.594729e-31 21128774333887800379498416933175296 261809045495631554175314769739776 276 0 
nomask 1.3548926e+24 0 216187339453070278593077789589504 276 183 
nomask 1.15162175e+30 6272991075050562634893682645401600 0 0 183 
nomask -7.438732e-31 1268368619523667041007687434240 4188718627369765621169007718563840 276 0 
nomask 3.468714e+26 0 882844150258882944307337562685440 276 183 
nomask 1.1690204e+33 1590371829363525223710273457618944 0 0 183 
nomask -5.2684076e-26 85910478202176634179573126669533184 1047236403215951206178398050189312 276 0 
nomask 2.0235944e+34 0 882844648034089170630900247953408 276 183 
nomask 1.2146774e+33 401547720903336099418774437888 0 0 183 
nomask -3.30986e-33 20549477656592572737612284952576 16698441388671957636316372402176 276 0 
nomask 5.3447435e+24 0 13568563977653055306492819800064 276 183 
nomask 4.6262947e+30 1579309715647201387807434004758528 0 0 183 
nomask -7.5004815e-31 328781069542494269158691872702464 16638427853769001213624245911814144 276 0 
nomask 1.3778142e+27 0 3545763410662597475576649351168000 276 183 
nomask 1.1740912e+33 1579395967668727613140532591591424 0 0 183 
nomask -1.875421e-31 1331481548631429788668907904565248 4203705567229837930861569245184 276 0 
nomask 3.5271087e+29 0 218902343698719265727175098105856 276 183 
nomask 1.2399891e+33 1579438509768319851941190501924864 0 0 183 
nomask -1.8754211e-31 1331524758058074454744870252707840 65161831056025408971653603527753728 276 0 
nomask 1.41424e+33 0 52341959535004276454370312192 276 183 
nomask 1.9533595e+31 401516277026109911886119043072 0 0 183 
nomask -1.8755713e-31 5094744876204212928348665413632 265384067026749010002520364285952 276 0 
nomask 3.5609554e+32 0 879205413501368519064108253839360 276 183 
nomask 1.9612203e+31 99681834313680924308931983513223168 0 0 183 
nomask -1.1756754e-29 21565430448064853993103035222458368 4159835276336839443813479787528192 276 0 
nomask 3.611165e+32 0 3545820267652819771201364957331456 276 183 
nomask 1.2110039e+30 25189224089997967662343551713280 0 0 183 
nomask -2.9885881e-30 330153114816255135536969272000512 4130267429086995824189974870228992 276 0 
nomask 1.4342854e+33 0 54047719796967527556825332318208 276 183 
nomask 4.843939e+30 98276859953349797137575926632022016 0 0 183 
nomask -7.5024056e-31 315767887030845471068988112896 66354886834320424349670718832640 276 0 
nomask 2.2464962e+34 0 840983217133509781564824748032 276 183 
nomask 1.2159174e+30 1590071699021696056642102552952832 0 0 183 
nomask -4.7617125e-29 330142354167534745722685212327936 16701550755324739428293007114240 276 0 
nomask 5.7219825e+30 0 14182827099623200677716290864939008 276 183 
nomask 1.9375755e+31 24921147259938336025347175697350656 0 0 183 
nomask -1.20032726e-29 332875767482217642074369005977600 16637065055871066034448183133732864 276 0 
nomask 2.2730095e+31 0 840983487193843020672660406272 276 183 
nomask 2.9781378e+29 1568247601930877551904594551898112 0 0 183 
nomask -4.7815108e-29 81514588578655149391058086920192 263621417367323474582409459007488 276 0 
nomask 2.288855e+31 0 56963291998069368522973283686023168 276 183 
nomask 4.824209e+30 99392890291815714103279956787200 0 0 183 
nomask -1.9362083e-28 81514583365162552302969770999808 16587389122871771033713407688704 276 0 
nomask 5.563523e+30 0 217996102454517058154343010664448 276 183 
nomask 7.6870453e+31 6229771638500110149801767935672320 0 0 183 
nomask -1.8908885e-31 85911850226596424657599050805149696 4159833948936289506950645960146944 276 0 
nomask 3.3165805e+23 0 14125061282491048280913790887788544 276 183 
nomask 1.7608446e+28 24918400541790545360194109674881024 0 0 183 
nomask -3.0743396e-30 20464063704001329314710482321408 4217488706889097186229382379732992 276 0 
nomask 3.4443458e+26 0 13625199734450361454069454733312 276 183 
nomask 3.1438037e+38 397582238400101692817990832095232 0 0 183 
nomask -5.5601214e-23 85561978660933433342785960720465920 261809100803987801544599512547328 276 0 
nomask 4.9572544e+33 0 3516879395929396329789704506441728 276 183 
nomask 1.8584436e+31 6185864187758605143870977844707328 0 0 183 
nomask 1.4693167e+36 81513233070579906488095947620352 1058116802192017376661360082944 276 0 
nomask 3.2768907e+26 0 56499324798916236898757043233488896 276 183 
nomask 2.817304e+29 394859544026198409575884570755072 0 0 183 
nomask -1.2494956e-29 343641955517637892063911990697918464 16523347535691674953382747267137536 276 0 
nomask 5.394896e+27 0 14241052197345631229059295116001280 276 183 
nomask -7.096986e-37 1579181588853135350948981945401344 0 0 183 
nomask -4.800847e-29 5116100645255035010112754286592 4159606963442250303406061477953536 276 0 
nomask 2.2197344e+28 0 54499914004101487907721934012416 276 183 
nomask 3.0747682e+32 1568504856509588266534455327326208 0 0 183 
nomask -1.2051806e-29 85563350685353223820811884856082432 16523802391613453318380472116445184 276 0 
nomask 1.4243412e+33 0 3516879838396246308743982448902144 276 183 
nomask 1.9454677e+31 1595722679243322493345009238016 0 0 183 
nomask -7.5331e-31 1326015139081471763012605590896640 1039731169889895688977368550998016 276 0 
nomask 8.96577e+31 0 54274266280929017607712168476672 276 183 
nomask 7.813314e+31 98976592407442940930797235796443136 0 0 183 
nomask -1.1855362e-29 1331482132542600662534799287648256 65167296406556349014894748798812160 276 0 
nomask 9.028408e+31 0 56962375206756212129709386908041216 276 183 
nomask 4.824209e+30 24920458578420231077232995878305792 0 0 183 
nomask -2.9885883e-30 1320569416670138982890740849311744 16815264735769330677724219441152 276 0 
nomask 1.4242234e+33 0 871970527420650142926901597962240 276 183 
nomask 1.9454676e+31 393107610649124609932781642607230976 0 0 183 
nomask -7.5332204e-31 1347817798290731041530958527332352 262481529843739192782031313059184640 276 0 
nomask 2.2465596e+34 0 3476762995520005423565969031168 276 183 
