mask 0.99609375 59 51 346 347 
nomask 0.00390625 0 19 93 214 
nomask -7.378786e-31 11961679498823722671111783055360 691373167263803693744718851604480 640 0 
nomask 3.5860105e+32 0 9414300724439164151762288419799040 640 480 
nomask 1.211004e+30 58805947893129152993316978032640 0 0 480 
nomask -1.8601339e-31 2953523458691292185365913272320 2764895266272194009825902602485760 640 0 
nomask 1.4242237e+33 0 2109000616331610567412285440 640 480 
nomask 1.9533594e+31 911528130613268916108326486870589440 0 0 480 
nomask -1.883305e-31 183050801627731865640569405440 44104460919846864744987733524480 640 0 
nomask 5.656964e+33 0 143542456989571037921919211929600 640 480 
nomask 4.8833993e+30 14649861343580694616148760885985280 0 0 480 
nomask -1.8986825e-31 765560012396209458509404071526400 686600690805711022151731280609280 640 0 
nomask 2.2466864e+34 0 576546781637035847132108889784320 640 480 
nomask 5.020805e+33 3662268039201412546555878173573120 0 0 480 
nomask -1.9218835e-31 12501697263047330019711198534041600 172128487635307611276452174852259840 640 0 
nomask 1.4108826e+30 0 578905129947423673433542203801600 640 480 
nomask 3.0873952e+32 58173135962994072059328032134922240 0 0 480 
nomask -1.8908585e-31 11247814392442608240390307840 43808520412677027077879066787840 640 0 
nomask 3.561153e+32 0 37352377184758171888334024201994240 640 480 
nomask 4.7252528e+30 58804394423450948194827480596480 0 0 480 
nomask -7.6493084e-28 771873168097335405815220687339520 698343791605087277683625164800 640 0 
nomask 3.4028277e+29 0 574170009297157093882053053644800 640 480 
nomask 3.0620929e+32 915492249827668167970805713469440 0 0 480 
nomask -1.0877321e-38 12299465057092096637915662164951040 2775024239162576984219886551040 640 0 
nomask 5.242274e+27 0 2296642753916351460364464276111360 640 480 
nomask 7.1359845e+28 14546861637462052763826466502737920 0 0 480 
nomask -1.2248055e-29 3087494219814390729986226373263360 173350241608579335204256993027031040 640 0 
nomask 3.4685243e+26 0 583649535147984893337093097390080 640 480 
nomask -7.477255e-34 58411360550236036103838755717120 0 0 480 
nomask -7.5857075e-28 49803169579677562517778698935992320 691466085302299274143086768291840 640 0 
nomask 3.4198825e+26 0 2233640009084539881933577912320 640 480 
nomask 3.0494158e+32 58967511431411347271922483200 0 0 480 
nomask -1.2199523e-29 47650198036372885602379833016320 2765268098994963161463381987164160 640 0 
nomask 8.941071e+28 0 8860424738291544856239349432320 640 480 
nomask 4.745136e+30 3699741043318772579243067965440 0 0 480 
nomask -1.1952815e-29 47254827914011568240510988451840 175210743337760447895298564423680 640 0 
nomask 9.003219e+28 0 8934410998451960161731367403520 640 480 
nomask 1.17142864e+30 918018897827250021965677575001866240 0 0 480 
nomask -1.904685e-28 12501698810472379126436542157946880 43338744182307400445952120544296960 640 0 
nomask 5.682213e+30 0 143542502324289273470513263411200 640 480 
nomask 4.8044797e+30 921954780403065698857449024389120 0 0 480 
nomask -4.7617125e-29 12011588490129238118303059148800 10783179510736167142486849176427560960 640 0 
nomask 2.2729471e+31 0 34322023091590435962460569600 640 480 
nomask 1.2060522e+30 3661472275869909413047919580282880 0 0 480 
nomask -1.18549775e-29 735285967350944766957778370560 174027017576855685665739138662400 640 0 
nomask 2.2887932e+31 0 35737639460336017092066064465920 640 480 
nomask 4.8439385e+30 58795067560752621330744622448640 0 0 480 
nomask -1.1855169e-29 747616774592689841057520680960 175732951690379820372747878400 640 0 
nomask 9.028408e+31 0 581281902287302426683598039941120 640 480 
nomask 4.824209e+30 14547262420549771405690465094205440 0 0 480 
nomask -7.4713504e-31 191393097949150578078038265692160 173350185901277567362144622566440960 640 0 
nomask 1.4243026e+33 0 35589678273694745368230541393920 640 480 
nomask 1.9454676e+31 14378387146492202827372927200379535360 0 0 480 
nomask -1.883275e-31 11912355325383445800783771074560 174045695480768731686488349081600 640 0 
nomask 5.657122e+33 0 602477216846099658830741557770977280 640 480 
nomask 7.781748e+31 921905262801494283646453059420160 0 0 480 
nomask -1.9064162e-31 191393037502859597346579530383360 11025531545464433498098520555520 640 0 
nomask 2.2304604e+34 0 34611598604320002606964408320 640 480 
nomask 1.25015046e+33 937193863087915142035191889920 0 0 480 
nomask -4.7852994e-32 775042584740102686829964374835200 2734356214731765667032710054034800640 640 0 
nomask 3.552062e+29 0 143542493257345626360794453114880 640 480 
nomask 7.6869205e+31 58185861986597925768553995131944960 0 0 480 
nomask -7.5633136e-31 190600804234749738555811079127040 2765566945457571897795369353871360 640 0 
nomask 8.902633e+31 0 9300361883792124581304580744151040 640 480 
nomask 4.7054458e+30 915616817544121259360967437844480 0 0 480 
nomask -1.9202156e-28 49600357863041438667341975414374400 10757432784281508232114286194851840 640 0 
nomask 2.1461804e+31 0 2306150423560259888386691479633920 640 480 
nomask 7.6236656e+31 921880213858511868529953147453440 0 0 480 
nomask -1.0969514e-38 741463719960170008129883340800 2746327906536093550768427316019200 640 0 
nomask 5.28096e+27 0 138441816673270678665528606720 640 480 
nomask 2.8543453e+29 3645910094497851719050754442689249280 0 0 480 
nomask -1.2396735e-29 192179153606322206113723968389120 43942462780666094698414925445857280 640 0 
nomask 5.472116e+27 0 9119522286635330125319802716160 640 480 
nomask -7.4772557e-34 928144287171361461891276692520960 0 0 480 
nomask -3.0089414e-27 3100120821358839332108861534371840 2746700449116665994894904771215360 640 0 
nomask 5.4328223e+27 0 2334598575805234634614875283783680 640 480 
nomask 7.5919724e+31 57372974849501377237942859705876480 0 0 480 
nomask -1.2249018e-29 47847491707819444047118944174080 2746774725519023117711398718668800 640 0 
nomask 2.2197935e+28 0 37504497577923133076601644022497280 640 480 
nomask 1.1763999e+30 58190634245449370909513731255828480 0 0 480 
nomask -1.1952622e-29 192971411052948457197075913768960 700917757502243152541941581742080 640 0 
nomask 9.002977e+28 0 36626061666862151112263246807040 640 480 
nomask 4.7054445e+30 232724507463790636756010023927152640 0 0 480 
nomask -3.0601178e-27 46919497203534818288745840640 173331189711374733201826295505223680 640 0 
nomask 5.682057e+30 0 8934409298400026328659090472960 640 480 
nomask 1.1961876e+30 57788161369577104501439902483742720 0 0 480 
nomask -1.9046543e-28 200024036599858281157086430751621120 688609247165454633679370433991802880 640 0 
nomask 1.4403988e+30 0 9300215652124983995759608285102080 640 480 
nomask 7.4453434e+28 928243515802635430653936575447040 0 0 480 
nomask -7.5870633e-28 12501500740066093465592558298071040 43332783501018241339928481261158400 640 0 
nomask 1.4403603e+30 0 35738235611880814556077841448960 640 480 
nomask 4.8044018e+30 58185861986597925768553995131944960 0 0 480 
nomask -7.587063e-28 12011197855973775141250982215680 10910149709802900063001873030840320 640 0 
nomask 2.272823e+31 0 583649390076886539581592132648960 640 480 
nomask 1.1961875e+30 911604684825298324024526248712601600 0 0 480 
nomask -4.801309e-29 50005993675714079222018171448852480 10987103544351239791021625746391040 640 0 
nomask 2.2729474e+31 0 9300364204929698241392596180008960 640 480 
nomask 4.8242094e+30 3620660079104555674659691985717166080 0 0 480 
nomask -3.0008182e-30 803328704947616681017373312145162240 683722454101574809336600643135078400 640 0 
nomask 1.4243819e+33 0 150018036734444005508166884807147520 640 480 
