mask 0.99609375 81 89 283 374 
mask 7.414396e+28 29395980310698105866882813788160 0 0 428 
mask -7.6504173e-28 1412044486583491312861839360 9923814628902942278370197504 320 0 
nomask 2.2728852e+31 0 31469713897678222291673534169088 320 428 
nomask 1.20111986e+30 456314245216672938602581196800 0 0 428 
nomask -4.7617125e-29 94905808729852654315281443717120 38525470681842272828191171149824 320 0 
nomask 2.2729474e+31 0 30346108331967840634393329664 320 428 
nomask 1.20112e+30 1824917537163903084312364318720 0 0 428 
nomask -1.20525764e-29 79135881561154519040 9829538615928649345778252251136 320 0 
nomask 9.028903e+31 0 117530772813917853566631936 320 428 
nomask 1.2011201e+30 29004499907161398574383586344960 0 0 428 
nomask -1.2051807e-29 5906852733672808770920639365120 618582920768835398685633282048 320 0 
nomask 8.941079e+28 0 31866583314729452971461984649216 320 428 
nomask 7.68692e+31 118193246842726906645708800 0 0 428 
nomask -3.0006739e-30 1470571368017911589558131097600 624153881580649077494775808 320 0 
nomask 3.5517697e+29 0 29958546463283595834428489728 320 428 
nomask 2.9533791e+29 7249569240376233067676696576000 0 0 428 
nomask -4.8010012e-29 22591968012614809036668272640 2465896595067064917566923688902656 320 0 
nomask 1.4206306e+30 0 33306399494746184076522161738612736 320 428 
nomask 1.1813323e+30 464047094642698315829138434293760 0 0 428 
nomask -1.9125428e-28 366095298896209100304778526720 629387376568704960561152 320 0 
nomask 1.4304953e+30 0 31866067915651512578383361867776 320 428 
nomask 4.8044794e+30 462479861344037204786486968320 0 0 428 
nomask -4.7418372e-29 5981129891608568846557821009920 155169886633158609845662357913600 320 0 
nomask 5.6825226e+30 0 7522101211348603080309473280 320 428 
nomask 7.7186118e+31 29479963065124118952148992000 0 0 428 
nomask -7.501805e-31 5623906458351541171813089280 157285100618408820385995464638464 320 0 
nomask 2.25735e+31 0 511959688517061282175601774428160 320 428 
nomask 4.7648663e+30 1843859656348297705822566177832960 0 0 428 
nomask -7.5636747e-31 400041635911512278336743386057277440 155194868329642308898414426849280 320 0 
nomask 3.601385e+29 0 31866587357075162307878287572992 320 428 
nomask 1.2450793e+33 7444707733647120138240 0 0 428 
nomask -1.8754513e-31 381201584290983084819038664130560 2440697092954201109368036917248 320 0 
nomask 3.576723e+29 0 31601670209840945597258026450944 320 428 
nomask 1.2400088e+33 457733697156408445597486877245440 0 0 428 
nomask -1.8522201e-31 1470571934701889533915556741120 620729412909304813414162299355136 320 0 
nomask 1.420786e+30 0 31734117667007353277423323971584 320 428 
nomask 1.17638055e+30 7399871209635733617251744481280 0 0 428 
nomask -3.0006257e-30 23627407912376686047109620695040 9793700639482868435158827008 320 0 
nomask 5.665698e+27 0 509857151327955550636794636664832 320 428 
nomask 3.1000711e+32 29008380559042361534034393169920 0 0 428 
nomask -4.78128e-29 5981034310910955564938695802880 151990840442890915954056195211264 320 0 
nomask 3.576334e+29 0 110350602368937720020992 320 428 
nomask 4.7846724e+30 7249568484797595808533462384640 0 0 428 
nomask -1.20026956e-29 94508120492232225901970100060160 155178197695937005517581169197056 320 0 
nomask 1.4206695e+30 0 507737797980698979606167335993344 320 428 
nomask 7.3216717e+28 464084377914975230992886372761600 0 0 428 
nomask -7.6186173e-28 1537433422278708787250459700101120 2448876055917161376538484954628096 320 0 
nomask 5.6822125e+30 0 7999762745906101833427199197184 320 428 
nomask 4.8044797e+30 116390631934181212947270860800 0 0 428 
nomask -7.58694e-28 1518443325362005484663173158010880 154106054428141126494389301936128 320 0 
nomask 9.091539e+31 0 7768216678382098240543687442432 320 428 
nomask 4.80448e+30 454552142898412233705829139742720 0 0 428 
nomask -1.20525764e-29 86366808355802234633584640 2474267005543992212081686347776 320 0 
nomask 3.6115612e+32 0 30474433070223112982790930432 320 428 
nomask 4.804403e+30 1856188571998924401657221690163200 0 0 428 
nomask -4.8209535e-29 23627800813268060801591400202240 9764870179857112691868153413632 320 0 
nomask 1.430534e+30 0 31866585335902307639670136111104 320 428 
nomask 1.9296839e+31 460915348128470226659478591242240 0 0 428 
nomask -3.000722e-30 23924519566434275386231284039680 38795588306831550838385143709696 320 0 
nomask 5.722447e+30 0 7867560355948322673500266430464 320 428 
nomask 7.3835683e+28 29201010799139756546732075253760 0 0 428 
nomask -4.8209535e-29 1445837595774563193179781201920 38793510541136951920405440888832 320 0 
nomask 2.273009e+31 0 131597951165739715196528056814534656 320 428 
nomask 4.7648657e+30 29402964879620929386939678720000 0 0 428 
nomask -1.213871e-26 1476712900076213220551447019520 2480827827372722778313588736 320 0 
nomask 3.5760438e+29 0 128523940251542917156014491959296 320 428 
nomask 4.7847498e+30 29005279664315050010201271828480 0 0 428 
nomask -1.8967042e-28 23924128176700175150035972915200 155680554903386045149580623872 320 0 
nomask 3.52672e+29 0 126934433325791907555876622303232 320 428 
nomask 2.9533793e+29 29006824067049607698971958968320 0 0 428 
nomask -1.210111e-29 381195394590786657917664168509440 2465830365274963149722216585756672 320 0 
nomask 2.2255343e+31 0 31734127772871626618464081281024 320 428 
nomask 7.591848e+31 1830984499655336335941611426938880 0 0 428 
nomask -1.9361775e-28 24699559165127603624927186890260480 2415430787036144807553328027271168 320 0 
nomask 5.549336e+27 0 2064794745041861985835320745132032 320 428 
nomask 7.655353e+31 1818308380509316318607980300861440 0 0 428 
nomask -2.9302516e-33 95300377938858476985322045440000 618663957167977252156205957120 320 0 
nomask 8.793387e+25 0 505618412294676733884209611931648 320 428 
nomask 1.8821777e+31 7420053753957551564358942720 0 0 428 
nomask -1.1902742e-29 6174987665916256906609780934574080 2448609067067751124914509445070848 320 0 
nomask 5.6271625e+27 0 1975137105850644041448078442496 320 428 
nomask 4.8179788e+33 29092138711673820240901062126469120 0 0 428 
nomask -1.9122963e-28 23825105062815540874335790039040 38643713562557432064307307485331456 320 0 
nomask 5.532609e+24 0 2064761371435685704382323806437376 320 428 
nomask 7.5919695e+31 113956899097362645942467766622617600 0 0 428 
nomask -1.1672295e-32 100012012110228944151641840880189440 9661722113304077640090738560598016 320 0 
nomask 8.793146e+25 0 530723829134543393740559136933806080 320 428 
nomask 2.9162406e+29 1837782396831195886589323509760 0 0 428 
nomask -4.8402896e-29 6124282415619652283912584618311680 2414699672221771385955116021448704 320 0 
nomask 8.817285e+28 0 121899863986637609806948466688 320 428 
nomask 1.14667014e+30 28889308425937107109760215117987840 0 0 428 
nomask -3.0599699e-27 23924138754801096778041251594240 9728480708902158037432924983263232 320 0 
nomask 8.940109e+28 0 8292822162294393623268631055958016 320 428 
nomask 4.7846727e+30 114765038734408535039724663907287040 0 0 428 
nomask -1.9045927e-28 99606345349055321462458772367605760 2466229037578200744443676140240896 320 0 
nomask 2.272946e+31 0 132683084915707117727150999922016256 320 428 
nomask 1.1961876e+30 440876262500194124041583329280 0 0 428 
nomask -1.2052576e-29 5997616390799972174184906227712000 9342976132189434186999791616 320 0 
nomask 3.5862082e+32 0 7852264172334687895583414800089088 320 428 
