mask 0.99609375 78 98 261 343 
mask 7.4453434e+28 7349382689515440407199843614720 0 0 428 
mask -1.904685e-28 1399954859452463546923745280 2501634766976411276148736 320 0 
nomask 5.721827e+30 0 31337256334647541270467479339008 320 428 
nomask 1.19618744e+30 456314245216672938602581196800 0 0 428 
nomask -1.904685e-28 385942918819962483564485804032000 154106070597523963840054513631232 320 0 
nomask 9.028406e+31 0 7900547412816148831688238039040 320 428 
nomask 4.80448e+30 454552094541379449120662151495680 0 0 428 
nomask -1.2102264e-29 335911831882530407055360 622706239715661960077624999936 320 0 
nomask 3.5862082e+32 0 31865010842248521105520147300352 320 428 
nomask 4.8044807e+30 116819602071857466464406769500160 0 0 428 
nomask -4.8211073e-29 95300371894229378912176171909120 155676544138502562924030066688 320 0 
nomask 9.028407e+31 0 32130469663807788895925000208384 320 428 
nomask 1.9375758e+31 1866961025691048093480386560 0 0 428 
nomask -7.53298e-31 23627802324425335319877868584960 155157420038991016337784140988416 320 0 
nomask 9.029153e+31 0 1933807658025174854114947891200 320 428 
nomask 7.445345e+28 28804093251729332459519606784000 0 0 428 
nomask -1.20032726e-29 1458216996167416995928772444160 9698378645870665314205435953152 320 0 
nomask 9.0286555e+31 0 8157317559914928998181758342004736 320 428 
nomask 4.8242097e+30 471715960158563314288337879040 0 0 428 
nomask -1.896735e-28 22977289505784557737879797760 157335233721599390646272 320 0 
nomask 9.064149e+28 0 31866581293556598303253833187328 320 428 
nomask 4.8044788e+30 117167390385116026540245647360 0 0 428 
nomask -1.896735e-28 24022784079367101482124338790400 616457526641209438047893299658752 320 0 
nomask 3.5762383e+29 0 1966857497574799143518624284672 320 428 
nomask 7.7186113e+31 29201013821454305583305012019200 0 0 428 
nomask -7.47075e-31 1464382328952792289933965393920 39058429709544023299233853472768 320 0 
nomask 5.6433745e+30 0 509848743248880130890884555210752 320 428 
nomask 7.2907237e+28 7151893323201831844363076894720 0 0 428 
nomask -2.975878e-30 6048322027952839073563438449950720 2424789199354928143585937195008 320 0 
nomask 9.033992e+25 0 7999762240612888166375161331712 320 428 
nomask 1.2400084e+33 473498331722572365824000 0 0 428 
nomask -1.8966426e-28 23825481340976895927666417336320 38785207563049974921319235452928 320 0 
nomask 2.2583786e+25 0 1966890215310384085138076073984 320 428 
nomask 3.0747175e+32 116021082389485611601929846128640 0 0 428 
nomask -1.8134914e-31 382779909484039160084368059269120 624951562155792513514240124911616 320 0 
nomask 1.4261716e+27 0 127464271662606050313533447471104 320 428 
nomask 1.7994993e+28 29398304470586314991471186411520 0 0 428 
nomask -1.1903319e-29 366101461584469245191782400000 2497123780238687192400003072 320 0 
nomask 5.6655464e+27 0 7834444449311011417042639126528 320 428 
nomask 7.686919e+31 114084641351014929318857932800 0 0 428 
nomask -1.9583807e-25 23825488896763268519098759249920 153067139242075992813207468113920 320 0 
nomask 2.265793e+28 0 1864355796637204111933046784 320 428 
nomask 1.9217606e+31 29197903859783346949753080381440 0 0 428 
nomask -1.1854209e-29 5906950581106333829969467146240 2465697388270508818971515605221376 320 0 
nomask 3.6011917e+29 0 491722459085118458712261918720 320 428 
nomask 1.8227108e+28 116807150135915435783907295887360 0 0 428 
nomask -4.7617125e-29 5906950203317015200397850050560 39057398911388142513076607909888 320 0 
nomask 1.4304956e+30 0 491730480614885423163363033088 320 428 
nomask 4.8044794e+30 469762570971798596306862080 0 0 428 
nomask -1.9046543e-28 5882286227650283617375758581760 38908978851510286630277611520 320 0 
nomask 9.091788e+31 0 29699844233092528738729459712 320 428 
nomask 1.9296839e+31 114448922718109570945391452487680 0 0 428 
nomask -1.2102072e-29 23430117263244676638943446302720 39064658964282110716756659011584 320 0 
nomask 3.5862082e+32 0 7900414520700954397002279419904 320 428 
nomask 1.9296841e+31 1856138667541090709764889819217920 0 0 428 
nomask -1.9205236e-28 367642936451807554782437048320 155672501792793226507727142912 320 0 
nomask 9.028158e+31 0 1991693543289658668520778498048 320 428 
nomask 1.9296839e+31 1837443330917725846062980136960 0 0 428 
nomask -3.0008182e-30 5931707492945448287609364152320 156703252577435231378844155904 320 0 
nomask 9.028904e+31 0 489660925935008594779275526144 320 428 
nomask 1.8536293e+28 465453252176311248198838517760 0 0 428 
nomask -4.8409056e-29 358376661715455908247670620160 154106070597523963840054513631232 320 0 
nomask 9.028655e+31 0 131057507783465276862737506755411968 320 428 
nomask 1.9296839e+31 1831232667947586827018595110748160 0 0 428 
nomask -7.5866935e-28 381195370412270265625080674385920 2441217292317671339441019420672 320 0 
nomask 2.2660365e+28 0 7966647344562004244021609758720 320 428 
nomask 4.784672e+30 117167402191032233714358681600 0 0 428 
nomask -1.8967042e-28 23924129687857449668322441297920 2474137145188079779707954921472 320 0 
nomask 1.3872962e+27 0 31866065894478657910175210405888 320 428 
nomask 1.1714481e+30 29204120760810715180284006891520 0 0 428 
nomask -1.2001925e-29 382779982019588336962118541639680 9727682846875432052928719100051456 320 0 
nomask 5.563835e+30 0 7933530427338265653459906723840 320 428 
nomask 7.496898e+31 460890395899553380713312655769600 0 0 428 
nomask -7.7439708e-28 24497131209903658242375682097152000 608079846005523901988409832374272 320 0 
nomask 5.5503673e+21 0 33171292788539580853564818417778688 320 428 
nomask 7.591967e+31 28486043268439698058310450906398720 0 0 428 
nomask 4.9514702e+36 381201584290983084819038664130560 9699933938382332500377985875968 320 0 
nomask 2.1622737e+22 0 126406680839363782389032105803776 320 428 
nomask 4.6064864e+30 1837588213121420286778136330240 0 0 428 
nomask -1.15060065e-29 1543771578565784365087609239633920 2465830106564837752191573198635008 320 0 
nomask 2.2351363e+22 0 31998016143122817211135248302080 320 428 
nomask -4.617079e-35 1818258669479613765056316382904320 0 0 428 
nomask -1.2288985e-26 95298866781583958698853662720000 612285308448923461361989188583424 320 0 
nomask 1.3736332e+24 0 514079203558146226662881192050688 320 428 
nomask 1.8822088e+31 28284809925353663067724223768166400 0 0 428 
nomask -7.3250416e-34 398419092660821716118038601919365120 2432319125311970210422995942375424 320 0 
nomask 3.4932684e+26 0 2122861671803785876897125339337064448 320 428 
nomask 2.9162891e+29 28811854555491258378821220433920 0 0 428 
nomask -4.7610965e-29 1524757109704557631576160621035520 612235377394721737947815474102272 320 0 
nomask 5.62686e+27 0 31601674252186654933674329374720 320 428 
nomask 1.1516217e+30 28890899178887588823413460492615680 0 0 428 
nomask -7.681725e-28 95695007594155280386821382471680 38644769099869053989332326941720576 320 0 
nomask 3.5513824e+29 0 8258912508738288486778594245214208 320 428 
nomask 4.784673e+30 454626709442966064033325016678400 0 0 428 
nomask -4.7615588e-29 99200690967282091627078452846264320 154126832085087115674186330144768 320 0 
nomask 2.2730085e+31 0 2030885479550944945641249015070720 320 428 
nomask 1.9296839e+31 1805830138341450823777665081671680 0 0 428 
nomask -1.21018795e-29 6124282028763390007231248712335360 612285243771392111979328341803008 320 0 
nomask 8.965521e+31 0 2039362763584908530998436524195840 320 428 
