mask 0.99609375 75 19 189 158 
mask 4.6726066e+27 24910121803875177454037486272512 0 0 184 
mask -7.460845e-28 4997202763742328954279941898240 268389144695142595795353600 273 0 
nomask 5.7212076e+30 0 13642709136000886209806988214272 273 184 
nomask 1.8690726e+28 1592791412731732386411184128 0 0 184 
nomask -7.555877e-28 1317030210473121975163807806259200 4181536708560444930587147051728896 273 0 
nomask 2.2725755e+31 0 210508476179106198487574773760 273 184 
nomask 7.506998e+28 1533189909127250614789615268545953792 0 0 184 
nomask -1.1855361e-29 313645460735826434137088065536 4211722135565238683524550619037696 273 0 
nomask 1.4243026e+33 0 212280955047687042513147789312 273 184 
nomask 4.691875e+27 1577922777776829149229921337344 0 0 184 
nomask -1.8601639e-31 5039363991491216490159843311616 17099317937861689989922816 273 0 
nomask 1.4243426e+33 0 887654254533111121233387863408640 273 184 
nomask 3.138002e+32 398197774496040407185489920 0 0 184 
nomask -1.883335e-31 1265122311031283848444970532864 16674902497930303814787863150592 273 0 
nomask 9.028411e+31 0 50311749514345579569741824 273 184 
nomask 3.0027511e+29 1561846602657383856606370848571392 0 0 184 
nomask -1.1855361e-29 77753875134507799953876713472 1060162357158464053355330192539648 273 0 
nomask 1.4344437e+33 0 3565138499677963613741654472654848 273 184 
nomask 1.2109848e+30 1562270864897908143990885996036096 0 0 184 
nomask -7.618617e-28 5039283093811590070985098788864 267698480602224066279182958592 273 0 
nomask 5.6822125e+30 0 212287919947953464881132339200 273 184 
nomask 4.8044797e+30 400756082094605087350456320 0 0 184 
nomask -1.1904281e-29 82651005011003215913116376236032 16789241341907908375673751732224 273 0 
nomask 2.25838e+25 0 13045989649305105966202617856 273 184 
nomask 2.9286676e+29 24739820263105604224628689993728 0 0 184 
nomask -4.721731e-29 4645392592845293431554048 17017474145161499313909237022720 273 0 
nomask 3.576432e+29 0 53070221790917212815499460608 273 184 
nomask 4.4988247e+27 1572958114896085875679232557842432 0 0 184 
nomask -7.994827e-25 21158321965480088403292862413799424 16793709305063612867360495501312 273 0 
nomask 8.567994e+28 0 3550619242555952575851232912998400 273 184 
nomask 1.8980242e+31 24990249565619873180754640896 0 0 184 
nomask -7.153705e-37 5039448756788992379574017851392 1063563894321026146640949411840 273 0 
nomask 1.393078e+24 0 3247649284752818104621334528 273 184 
nomask 4.479481e+27 390482855525453459650974352146432 0 0 184 
nomask -4.8599338e-29 19438465006656100896438484992 266869982987963835176535747198976 273 0 
nomask 2.2043209e+28 0 219183681590913978288482488942592 273 184 
nomask 3.0963863e+35 25248752400158094090745770147840 0 0 184 
nomask -7.4914154e-28 78740052295127993413332369408 17098471044958962222891008 273 0 
nomask 3.5406817e+26 0 55025501757733865629200492265472 273 184 
nomask 1.9059151e+31 24916753479795469091246822129664 0 0 184 
nomask -7.768648e-25 5289667291034944611583330332180480 1040793423471115438808562871427923968 273 0 
nomask 3.6005094e+29 0 52405545609400305868467077120 273 184 
nomask 1.8613054e+28 1567360957213650837053116514304 0 0 184 
nomask -4.7419907e-29 77095090843048035837630480384 16676242365527755453485054689280 273 0 
nomask 1.4304568e+30 0 219187337987055402734421387771904 273 184 
nomask 1.8613056e+28 6271266766209053654397147414528 0 0 184 
nomask -2.9969598e-27 322503556827981611142576089333760 4210484590281554114151186432 273 0 
nomask 2.2726374e+31 0 3439093642629508389821350936576 273 184 
nomask 7.4762915e+28 25369559102334067789529088 0 0 184 
nomask -1.8968579e-28 20326116347433013985116698968064 264976247839644483544896336035840 273 0 
nomask 2.2726995e+31 0 52183965385622242989925466112 273 184 
nomask 3.0027993e+29 386076840836894303792354135686250496 0 0 184 
nomask -2.9761663e-30 312330510852695609712543006720 1052987701575467607465551160410112 273 0 
nomask 1.4243026e+33 0 54342141477739678757161789292544 273 184 
nomask 7.5378277e+28 24912107181191905510278228344832 0 0 184 
nomask -1.8678676e-31 20157138821276609401006111850496 16678923838553524426908876406784 273 0 
nomask 5.656805e+33 0 13642709136000886209806988214272 273 184 
nomask 3.1253754e+32 97980767698028465889434664960 0 0 184 
nomask -1.8910387e-31 5060488277220598026220024627200 16729841481887003432697462784 273 0 
nomask 9.028906e+31 0 3103913036899483778023424 273 184 
nomask 2.9904686e+29 24740485493427313105810652921856 0 0 184 
nomask -1.19541614e-29 77425117519880565356910084096 266862809222150241967013040750592 273 0 
nomask 3.5861092e+32 0 3550560740217689784716210531729408 273 184 
nomask 4.8438617e+30 1562312944583374380195884581257216 0 0 184 
nomask -1.2138907e-26 5181518208908983752418025281683456 66481466491401709937827512320 273 0 
nomask 1.4204753e+30 0 54569953725923771256273123672064 273 184 
nomask 1.19123576e+30 24576807893341732573132332466176 0 0 184 
nomask -4.7616355e-29 5081528764556741040425888907264 1056640919224238695366606716928 273 0 
nomask 2.2497786e+22 0 3353842828910782181683100647424 273 184 
nomask 4.498822e+27 24824579034275866407774191616 0 0 184 
nomask -7.491169e-28 77423818241908477698351562752 17017915554201386105386651615232 273 0 
nomask 8.940594e+28 0 54797717314843624266560176128000 273 184 
nomask 2.7514608e+26 1573042769322141480279876770463744 0 0 184 
nomask -3.1459298e-24 5267952193113874201041472189366272 1052930533891309670881137654759424 273 0 
nomask 8.487599e+25 0 3536097093683381019767825456168960 273 184 
nomask 1.17144844e+30 382392994739975954890775756537856 0 0 184 
nomask -1.8252174e-37 20156807495321804783828273725440 66045277732513825673843834880 273 0 
nomask 3.447275e+20 0 3506884184636324616040755922731008 273 184 
nomask 2.7393232e+26 397245074516541140940085002240 0 0 184 
nomask -1.9438504e-28 20985288978695930109163621205409792 264969157489712443744786684313600 273 0 
nomask 3.4277807e+29 0 52183106652792123662878638080 273 184 
nomask 1.8947088e+34 24911449686106495569575125450752 0 0 184 
nomask -1.1884503e-26 1259842045352719604063139790848 263189785515002816418445302693888 273 0 
nomask 1.4018939e+24 0 13756375439433466407300123066368 273 184 
nomask 1.8901002e+31 97906209448070522031844253975445504 0 0 184 
nomask -1.2533233e-23 84631957153749374284712200277852160 4182565726875287789106590153441280 273 0 
nomask 3.5755556e+29 0 3536040593326275510458716388327424 273 184 
nomask 1.8535987e+28 1557255354441353785202410782720 0 0 184 
nomask -4.7813567e-29 20985294259283910185863856321986560 65978906840616132041761127321829376 273 0 
nomask 5.682368e+30 0 849124254648464594059950817280 273 184 
nomask 7.414154e+28 24470448002312661842489268731117568 0 0 184 
nomask -7.555631e-28 77425127591802829602325266432 65804592339270446177663013879808 273 0 
nomask 9.091045e+31 0 220094833265121869307279262613504 273 184 
nomask 2.9904684e+29 1551371236251906702514958339407872 0 0 184 
nomask -4.761943e-29 21157984007849363494477814952886272 66719275285797431528279104290816 273 0 
nomask 2.2728236e+31 0 14202475190685003830670786484502528 273 184 
nomask 4.824209e+30 388867145770270672810191615783075840 0 0 184 
nomask -2.9884922e-30 85322747831539067979369445500911616 262086318414652364593304973825015808 273 0 
nomask 1.4243422e+33 0 3579660870992885978916830075420672 273 184 
