mask 0.99609375 181 145 358 480 
mask 0.00390625 286 5 480 128 
nomask 0.00390625 0 472 11 569 
nomask 5.682212e+30 0 17720844943111266157619293716480 540 960 
nomask 4.7847504e+30 12439419457241787094511124480 0 0 960 
nomask -1.9204929e-28 161487895793660991258043801927680 87600702192901962442461979607040 540 0 
nomask 5.6823666e+30 0 1093662888796557233035935744000 540 960 
nomask 1.1912358e+30 190911750303959637080771243079106560 0 0 960 
nomask -1.2052384e-29 2372626004661868132187504640 5531132150061963550524727130849280 540 0 
nomask 8.965521e+31 0 17794827803167813796966757826560 540 960 
nomask 1.1862842e+30 49090299680345633764730690768732160 0 0 960 
nomask -1.9046543e-28 154449054105947962815283200000 5601309196861246971083489280 540 0 
nomask 2.272885e+31 0 287089574388176690239306916167680 540 960 
nomask 1.9296839e+31 792704260386907403027742720 0 0 960 
nomask -1.2052384e-29 9967976555539037588465060413440 1396469126536677005579664752640 540 0 
nomask 3.625853e+29 0 272264167229333441686567649280 540 960 
nomask 7.3835673e+28 49272778603581184775650667397120 0 0 960 
nomask -1.9125736e-28 152495774123908161194352967680 1392215705401550424059410215075840 540 0 
nomask 1.4403988e+30 0 74098658926282221594077437183918080 540 960 
nomask 2.9657582e+29 195790819492420910773158669189120 0 0 960 
nomask -1.9125736e-28 10051207273102653682730957537280 354588664140626376932720640 540 0 
nomask 2.272885e+31 0 1157828466317690743182455482613760 540 960 
nomask 1.9296839e+31 12603265697830624361384509440 0 0 960 
nomask -1.9204928e-28 161487895793660991258043801927680 348007394795590638937918113054720 540 0 
nomask 2.2042004e+28 0 273420202544339930834880430080 540 960 
nomask 7.623539e+31 49272778603581184775650667397120 0 0 960 
nomask -1.8753309e-31 38287148516625015237173575680 348053998885936782892603036139520 540 0 
nomask 1.4108822e+30 0 17869107605628804279605259141120 540 960 
nomask 3.011386e+32 197117308814521239080245615656960 0 0 960 
nomask nan 10420123911508437411667139603988480 21905420775125343582947251322880 540 0 
nomask 1.2956076e+33 0 17869116672572451389324069437440 540 960 
nomask 7.9033593e+34 797804571832809741782876160 0 0 960 
nomask 1.3003769e+36 162153741534169920012170978918400 87591399508720027870962615582720 540 0 
nomask 2.024421e+34 0 262496136304140296367636480 540 960 
nomask -7.30259e-37 48934602572851176205251363471360 0 0 960 
nomask -3.213001e-33 38450351011962540224969441280 350421522943295484229472370032640 540 0 
nomask 8.509254e+28 0 71476430422515217118421036564480 540 960 
nomask -7.447283e-34 49279332303786111269278234705920 0 0 960 
nomask -4.72677e-32 2502438620446754605783622615040 5601024748067630369797570560 540 0 
nomask 1.3778521e+27 0 4430212369145772428119674716160 540 960 
nomask 1.9839826e+34 780537167583764759540127498240 0 0 960 
nomask -1.8907983e-31 10093157967128410303370530652160 345667760656890447096109250641920 540 0 
nomask 1.4207846e+30 0 4048582492258782570086400 540 960 
nomask 4.764866e+30 49603095294221083052913721344000 0 0 960 
nomask -3.0130478e-30 9149000538364301184860160 5568566876565560035015672788418560 540 0 
nomask 2.241442e+31 0 4467202099122112414721129840640 540 960 
nomask 4.764789e+30 49613586314704766941934659829760 0 0 960 
nomask -3.047447e-27 40205484462431107380286586880000 5637150298259260944395796480 540 0 
nomask 2.2728229e+31 0 4430284904694949305870157086720 540 960 
nomask 1.1961876e+30 3170817352836435855959654400 0 0 960 
nomask -1.9204929e-28 2523288694882758591590002851840 88178620114025088809711456747520 540 0 
nomask 1.4403988e+30 0 16944259351450078956214026240 540 960 
nomask 1.1912357e+30 3089618242033162652714726389186560 0 0 960 
nomask -1.1953585e-29 146381508575603673048023040 88201913092254513677335107993600 540 0 
nomask 9.028903e+31 0 17233538240534940351127879680 540 960 
nomask 1.1961876e+30 12443374812946497541510013544038400 0 0 960 
nomask -3.0348251e-27 2443787403991227550861885440 5600743066285624824944394240 540 0 
nomask 5.721516e+30 0 17942803723592512074095347630080 540 960 
nomask 1.1961681e+30 12520703190328180862751866880 0 0 960 
nomask -1.9204929e-28 10009595101918221572608528220160 87593711579350040849259241144320 540 0 
nomask 2.31246e+28 0 1049984476041270909059727360 540 960 
nomask 2.8481266e+26 12483679406186541282421364490240 0 0 960 
nomask -1.2139104e-26 9530984637589035099252326400 1392141719141390008753918197104640 540 0 
nomask 3.6255617e+29 0 1148321159351528199548980690944000 540 960 
nomask 1.1440488e+27 783163359572176467080103969423360 0 0 960 
nomask -4.8353682e-26 2502398616099686596301606092800 5512475630535509238047330795520 540 0 
nomask 3.625368e+29 0 18091359928410625373227796398080 540 960 
nomask 1.19125495e+30 48749397106324143713013645610844160 0 0 960 
nomask -4.8961885e-26 633413052867851250047542886400 86667962416012499890688892327690240 540 0 
nomask 2.2503805e+28 0 1112177162710971820578491596800 540 960 
nomask 4.7253287e+30 194438115369500876491561453486080 0 0 960 
nomask -1.1952815e-29 617786175492057649677997178880 88199591954680853589319672135680 540 0 
nomask 5.6828327e+30 0 276888273071610776757479669760 540 960 
nomask 2.9162411e+29 198449102298655126572836585472000 0 0 960 
nomask -1.9061454e-31 10420124564328380003566893945323520 348091318425988286495226215792640 540 0 
nomask 1.361364e+30 0 4631315025839549802773829648384000 540 960 
nomask 1.2298681e+33 12101442089055597471980617759457280 0 0 960 
nomask -1.2059167e-32 10092990299506436016617218375680 88467178570685239818725621760 540 0 
nomask 5.4341865e+27 0 4631165602608245434607835965030400 540 960 
nomask 1.2095855e+33 796143644336352363042350039040 0 0 960 
nomask -1.9293464e-31 2626380311664677898557948166144000 5529346614983425527818853097144320 540 0 
nomask 2.178183e+31 0 275732361718724462937353748480 540 960 
nomask 1.9271926e+34 195754139171896528405711615426560 0 0 960 
nomask -4.7612506e-29 598246812458468788163051520 86049954894750354136403064284774400 540 0 
nomask 3.516692e+26 0 275732096085609801519810478080 540 960 
nomask 7.6552283e+31 12189690288895170480772479430164480 0 0 960 
nomask -7.6814787e-28 168770259990892261785499537023959040 21822676264481228056131552380190720 540 0 
nomask 3.576236e+29 0 1190427603471997951457229860493066240 540 960 
nomask 7.3835683e+28 3143037952218787049196276940800 0 0 960 
nomask -1.9204313e-28 643267350775691721217262223360000 86665548432935893399152839035453440 540 0 
nomask 1.430534e+30 0 1112195650775752255239503216640 540 960 
nomask 1.186284e+30 193612398513188296806906894640742400 0 0 960 
nomask -4.8556416e-26 10051380040880429468701100605440 341851682533084514386380849319772160 540 0 
nomask 1.4402437e+30 0 74704745084966049136315986660556800 540 960 
nomask 7.4145163e+28 12188686251823464138950302456872960 0 0 960 
nomask -7.58694e-28 2605071779123521346651431234437120 1406154039061735046162625331200 540 0 
nomask 1.4502637e+30 0 18373145513037172173047737362677760 540 960 
nomask 2.9781374e+29 756528469119412605077916085125120 0 0 960 
nomask -4.7617128e-29 10291943368600460486801972810219520 85242480819725195677092009738240 540 0 
nomask 2.2730093e+31 0 4536241811106826012683580766945280 540 960 
