mask 0.99609375 99 30 201 138 
mask 1.8690127e+28 27924960752322038085036741230592 0 0 165 
mask -2.984338e-27 23908730997647959968438879730532352 60017048527791970540081643520 306 0 
nomask 5.721052e+30 0 49342732057212559061523093258240 306 165 
nomask 1.8690727e+28 7095065141185969155559391232 0 0 165 
nomask -7.5874316e-28 364524038098958874987988688830464 235986872350065101240631558144000 306 0 
nomask 5.721053e+30 0 187178522557990224490282352640 306 165 
nomask 7.5069977e+28 108174198227190405513684875741233152 0 0 165 
nomask -1.18058655e-29 86784220238461094202961821696 944203811897164196713293309542400 306 0 
nomask 3.5861096e+32 0 49138443899873563070472168407040 306 165 
nomask 4.6726075e+27 28301536366097114408876758794240 0 0 165 
nomask -2.9885402e-30 5493099646117546945262125056 15332489078712165287854080 306 0 
nomask 1.4243026e+33 0 767813217429362683889288478720 306 165 
nomask 7.813438e+31 28010329263941800094777475072 0 0 165 
nomask -1.883275e-31 22877820390358632079972229971968 14952640178939271570659601285120 306 0 
nomask 9.09204e+31 0 44922483765673027027599360 306 165 
nomask 3.0027995e+29 437648381449211642300807616921600 0 0 165 
nomask -1.1904665e-29 347131078198454598145614544896 950714503054900625389683977748480 306 0 
nomask 3.6115616e+32 0 3170904969477695878940105889546240 306 165 
nomask 3.0150825e+29 7004086145247498286982007166599168 0 0 165 
nomask -1.2003465e-29 91130957503150543454985498132480 240675119569075316604272640 306 0 
nomask 3.5861092e+32 0 764646879557035742154090086400 306 165 
nomask 7.7501797e+31 1785101379490065590003957760 0 0 165 
nomask -7.563915e-31 22341615830255915085475086336 3748826825654365091807546698629120 306 0 
nomask 3.5516745e+29 0 182018375333396096263127040 306 165 
nomask 1.9059154e+31 27920498456006113036924253896704 0 0 165 
nomask -7.5015644e-31 20828049812610631317061632 15160105875013596059885465763840 306 0 
nomask 1.4207858e+30 0 3071252285324598480438558720000 306 165 
nomask 1.8821471e+31 1763143260210906614359050286006272 0 0 165 
nomask -2.0152164e-28 5880587028009153373412396189614080 3790426583059576352836209868800 306 0 
nomask 1.3330305e+33 0 792752074091874585323917006602240 306 165 
nomask 1.2349392e+33 113027948021856047405727744 0 0 165 
nomask -2.9794429e-36 5695871977163525641367476764672 15053567162095139572524137840640 306 0 
nomask 8.397801e+31 0 180466081819593437494640640 306 165 
nomask 1.8821483e+31 435690714993512174973555062826074112 0 0 165 
nomask -1.9602211e-31 351558648297299959142670139392 3776510054265495073718018664038400 306 0 
nomask 8.586216e+31 0 795994304336757255453853247078400 306 165 
nomask 8.0590263e+37 28115105440934305420151227416576 0 0 165 
nomask -1.1952622e-29 22782740820831779621857809924096 962676128574123969808957440 306 0 
nomask 5.62686e+27 0 49140070849574241320641190952960 306 165 
nomask 1.2349579e+33 1769217399226015485193692905472 0 0 165 
nomask -1.9124505e-28 367542746875622719841411920822272 3724012015335434740539900077015040 306 0 
nomask 3.600995e+29 0 180466117488102486268968960 306 165 
nomask 2.9904199e+29 7026360968947284671773550837760 0 0 165 
nomask -1.1854785e-29 334676907034468547139993600 957071600187255015429428226293760 306 0 
nomask 1.4304956e+30 0 764621848063197481240929239040 306 165 
nomask 1.8535686e+28 1750974185105371905949986900148224 0 0 165 
nomask -1.1937352e-26 1464109848104499256501477841043456 944152746870543674776953720668160 306 0 
nomask 5.7210516e+30 0 12285015374822151309685916958720 306 165 
nomask 1.8613356e+28 7095246477291899738879164416 0 0 165 
nomask -7.5873084e-28 22783122312485731763276753141760 235986872350065101240631558144000 306 0 
nomask 5.7606663e+30 0 721852247543309231739371520 306 165 
nomask 1.8613356e+28 108956085024565674462124521660874752 0 0 165 
nomask -1.175637e-29 87152695205712039508740931584 15002683007399962004410236162539520 306 0 
nomask 3.5861092e+32 0 190363719274653482448479846400 306 165 
nomask 4.6533402e+27 1774932970767468793289203349716992 0 0 165 
nomask -3.0009143e-30 22782379559795840093998962180096 14956246272432920489137683824640 306 0 
nomask 5.656804e+33 0 205438125581196565907773472699842560 306 165 
nomask 3.1253756e+32 6907301019018651005102623857573888 0 0 165 
nomask -1.8987124e-31 369057939242295425038322516361216 3750157707910662444773397233664000 306 0 
nomask 9.092289e+31 0 46795403742541685289878814720 306 165 
nomask 3.0027997e+29 440690742708420519922205328408576 0 0 165 
nomask -1.19541614e-29 21603929261922929030392184832 950637805778589724278267681177600 306 0 
nomask 1.4344833e+33 0 789470797054175637189924225024000 306 165 
nomask 1.2060524e+30 110522900934334008636365645279133696 0 0 165 
nomask -4.801309e-29 91885669378375954863015755513856 237659526246932519724747105239040 306 0 
nomask 3.5606564e+32 0 12386945955302958768551268188160 306 165 
nomask 7.750304e+31 27927189010391713092870114115584 0 0 165 
nomask -3.037892e-30 95250106654245487786830435050323968 933398829666724122278772063527239680 306 0 
nomask 3.5167887e+26 0 12735709396627879673447825434214400 306 165 
nomask 1.171448e+30 109744044614174910298838952415592448 0 0 165 
nomask -7.5012033e-31 90753679597921600688987880554496 950714802264040980010404717527040 306 0 
nomask 3.5271083e+29 0 3196948332526922302887110041927680 306 165 
nomask 4.6461014e+30 7004276289936110554317121652785152 0 0 165 
nomask -1.28459134e-26 1470170710054015277808252088221696 59829791136548628051877617991680 306 0 
nomask 1.2901195e+33 0 12840087108931267456981200399237120 306 165 
nomask 1.2197476e+33 1718423582212374438346837781234319360 0 0 165 
nomask -4.866491e-38 369057823638763924389407685083136 3815959485965072157751734435840 306 0 
nomask 2.081434e+28 0 12735912858843320815537928483635200 306 165 
nomask 2.8420146e+29 27823154617909523118839491020718080 0 0 165 
nomask -8.101544e-31 94862199651674836756748004508041216 3724013611117516631850410689167360 306 0 
nomask 5.211064e+33 0 199001867384733214691391449333760 306 165 
nomask -1.7669582e-37 1750926833898869240154472008646656 0 0 165 
nomask -7.586077e-28 91506877066884353596233848193024 937590791213426487750409637068800 306 0 
nomask 3.4924184e+26 0 12284616429301678482058263920640 306 165 
nomask 3.0620422e+32 6907491163707263272437738343759872 0 0 165 
nomask -1.9203388e-28 382539885367193370158204135254523904 14898918873307061429768191570083840 306 0 
nomask 3.600994e+29 0 205438151113709876168741642494279680 306 165 
nomask 7.414395e+28 440797745337177520557773159399424 0 0 165 
nomask -4.7615585e-29 95250112573146300620054874411761664 235003346173733392434177922396323840 306 0 
nomask 3.5762387e+29 0 197370965629992780573682465505280 306 165 
nomask 7.4142745e+28 27624643562998316020979967442550784 0 0 165 
nomask -1.2038326e-26 22782753826229073444860728442880 944203911633544314920200222801920 306 0 
nomask 5.7212064e+30 0 12840082321585021783049668562780160 306 165 
nomask 7.445343e+28 1738947348584995595965731918839808 0 0 165 
nomask -7.5871856e-28 23715543994017896355962561765572608 59419656440931289086855248609280 306 0 
nomask 5.7213623e+30 0 12683420405150547101946597039144960 306 165 
nomask 7.4761706e+28 109747098766994332242649662917443584 0 0 165 
nomask -1.185517e-29 95248585496736589648149519160836096 58755764318502228475401250925445120 306 0 
nomask 9.0286555e+31 0 3196949130417963248542365348003840 306 165 
