mask 0.99609375 292 573 589 1006 
mask 2.8842527e+26 339887203836908800690712739840 0 0 1280 
mask -1.8936947e-25 291522103710501629614306795790008320 7251897933736265747124474347520 960 0 
nomask 3.6250774e+29 0 398425406155022071557440587452907520 960 1280 
nomask 4.634147e+27 349199344557725318654617190400 0 0 1280 
nomask -1.203813e-26 72660206051610038451433918955520 7447254301556891748611118858240 960 0 
nomask 1.4500313e+30 0 87120928547358050206351360 960 1280 
nomask 7.4454634e+28 21666384787096399689700194323005440 0 0 1280 
nomask -4.7617893e-29 68066046234551938111934300160 7323739928215059682922461847879680 960 0 
nomask 2.2729474e+31 0 23825092973557344728044042977280 960 1280 
nomask 1.861336e+28 21606567512308871918670776893440 0 0 1280 
nomask -7.4922767e-28 1166087969183592375720328219475312640 115926464814089292669255680 960 0 
nomask 2.2728233e+31 0 358364501621762518911245352960 960 1280 
nomask 4.824209e+30 1355027168624901354128670720 0 0 1280 
nomask -4.8013087e-29 74705952076504352382084013306675200 7103151700890881773468626452480 960 0 
nomask 9.125562e+28 0 5907048050750540259446677831680 960 1280 
nomask 4.6148043e+27 88604951814265414531153920 0 0 1280 
nomask -3.0095325e-27 3726448402083348480 460716552366692797037989907660800 960 0 
nomask 5.721671e+30 0 5956272110021380293296159457280 960 1280 
nomask 1.8535987e+28 1382559337881829396648694151905280 0 0 1280 
nomask -1.2037736e-26 69222032850154072667030814720 1879145469086614726513786880 960 0 
nomask 9.06342e+28 0 95300383983487575058467918970880 960 1280 
nomask 2.9781372e+29 5419258095130366669089669120 0 0 1280 
nomask -4.7419143e-29 16509036095147012650161930240 1834869710694199402168320 960 0 
nomask 1.4453251e+27 0 5406487967610459757792460800 960 1280 
nomask 4.595537e+27 5364356339064391038490053181440 0 0 1280 
nomask -7.523585e-28 4430213219171739344655813181440 1849017547448805684698461471527403520 960 0 
nomask 3.6009004e+29 0 1430083280912010777743851520 960 1280 
nomask 4.5568523e+27 1402091125362460112977920 0 0 1280 
nomask -3.0346774e-27 253031828983052595363840 29963301190075343175680 960 0 
nomask 9.001765e+28 0 367642983675472383478889185280 960 1280 
nomask 1.1912356e+30 88649414232090577584783360 0 0 1280 
nomask -7.650171e-28 288273372684630629346616824299520 28886931581061679179632408799477760 960 0 
nomask 9.063902e+28 0 6149635040767954595261182776442880 960 1280 
nomask 7.3835673e+28 5528629209678272074811965440 0 0 1280 
nomask -1.8967041e-28 69693814899831563742003918274560 114831011373632476744882585600 960 0 
nomask 3.600997e+29 0 6048322027952839073563438449950720 960 1280 
nomask 1.8304176e+28 346690827284852244442369772885114880 0 0 1280 
nomask -2.9841414e-27 66188439592855952236216320 1882141473966916171202560 960 0 
nomask 3.6253683e+29 0 72386745466880 960 1280 
nomask 2.9780886e+29 1422177230640906240 0 0 1280 
nomask -4.8354468e-26 4411643268556491723996187852800 7348411015387925149000673525760 960 0 
nomask 9.12459e+28 0 335906044757009235968000 960 1280 
nomask 7.180525e+25 1373089676865689652567719710556160 0 0 1280 
nomask -1.1937156e-26 1153075066709031590437844775075840 1843661779370143183319250270945280 960 0 
nomask 3.6253687e+29 0 95301943497794877930103289937920 960 1280 
nomask 1.8026284e+25 1373200801327028629281458702254080 0 0 1280 
nomask -7.607468e-25 285901206352124607833716618690560 460940106929255934264976573726720 960 0 
nomask 5.7602e+30 0 384364472734324446836238938275840 960 1280 
nomask 1.15371995e+27 22471935460601222922240 0 0 1280 
nomask -7.555631e-28 228684637101096960 7534627572940800 960 0 
nomask 5.720743e+30 0 4395829166080 960 1280 
nomask 4.6340718e+27 1363581572008486163278989612810240 0 0 1280 
nomask -4.7222695e-29 17088481530641562343613399040 28959579374261918935544304463071150080 960 0 
nomask 2.2729474e+31 0 23074016853009461142733455360 960 1280 
nomask 4.6726072e+27 5492658134209760761624870067896320 0 0 1280 
nomask -1.9126042e-28 17868821996903920323462734807040 29401417454571822661596054814720 960 0 
nomask 3.58591e+32 0 1537433228850577648909791747112960 960 1280 
nomask 4.82421e+30 5531132730346356965546730989813760 0 0 1280 
nomask -3.0131919e-30 71773540565415531939256231526400 1874629511339753209905325015040 960 0 
nomask 5.721983e+30 0 5599822758223787455414272000 960 1280 
nomask 4.6147296e+27 1419939160901707030855680 0 0 1280 
nomask -1.8967656e-28 998881126046205046947840 465331981805031155709750804480 960 0 
nomask 5.7218266e+30 0 22591960633917179552847626240 960 1280 
nomask 2.9780892e+29 21721512324405643279926511406237614080 0 0 1280 
nomask -3.0346772e-27 276888308489359398279818772480 1831184117486671103510938910720000 960 0 
nomask 8.939868e+28 0 389105758906271060996519089930240 960 1280 
nomask 1.1912357e+30 350440164579433941811346339266560 0 0 1280 
nomask -1.9046234e-28 4593285507832702920728928552222720 460952486329648788067725564968960 960 0 
nomask 2.212985e+25 0 99203866283482858627483569099898880 960 1280 
nomask 2.9162404e+29 1405972133504814907428993761280 0 0 1280 
nomask -4.7017018e-29 4393147270200365841980609003520 1856188378570793263316553737175040 960 0 
nomask 5.588023e+27 0 94904231081658057224208452157440 960 1280 
nomask 2.8667232e+29 344209141267497235459082247544504320 0 0 1280 
nomask -7.6808624e-28 18524670534414489548739397885624320 459085656502443418992561577588162560 960 0 
nomask 1.3830784e+24 0 1587211154511716608863677237470167040 960 1280 
nomask 7.6236603e+31 21517254019126312694796455887503360 0 0 1280 
nomask -1.19524296e-29 1153074849102384059804593327964160 116822696921955679915094017310720 960 0 
nomask 1.3873709e+27 0 382779957841071944669535047516160 960 1280 
nomask 1.17638055e+30 87619343829040420024335948840960 0 0 1280 
nomask -1.1902933e-29 298823808306017409528336053226700800 1843760234288892598719238341918720 960 0 
nomask 3.5021557e+29 0 94905832908369046607864937840640 960 1280 
nomask 1.1565736e+30 348007394795590638937918113054720 0 0 1280 
nomask -7.5868163e-28 1098287030056583189629186867200 1818307800224922903585976441896960 960 0 
nomask 3.576044e+29 0 396802739110327580800708313402572800 960 1280 
nomask 4.784595e+30 1367597471933591148938279854339522560 0 0 1280 
nomask -3.0473974e-27 4800424166113352503259362782074634240 28894872966413694894095886681374720 960 0 
nomask 3.6254643e+29 0 395186657906642088267038502693109760 960 1280 
nomask 2.8842053e+26 348091209622664521178600492236800 0 0 1280 
nomask -7.4923995e-28 4593286378259293043261934340669440 28890896084037490609962773244805120 960 0 
nomask 3.600707e+29 0 24699955305940174946615154610012160 960 1280 
nomask 2.908337e+26 21669365127740979242712013964574720 0 0 1280 
nomask -7.607468e-25 1148358805301550999101481041264640 115576310359753816149077055976243200 960 0 
nomask 2.2723267e+31 0 100011981161727962017134968402083840 960 1280 
nomask 2.8843e+26 21518440120426452999772343610900480 0 0 1280 
nomask -1.8968578e-28 1200124907734536835010230158171832320 457832974144715198945313748418560 960 0 
nomask 1.440128e+30 0 395186707424243659682249498658078720 960 1280 
nomask 4.6340715e+27 1367482937721156465555246187366318080 0 0 1280 
nomask -4.7223462e-29 297606919437100077145011588610129920 114765026355008142185921914916044800 960 0 
nomask 9.028159e+31 0 24598544805346965701220761977487360 960 1280 
