mask 0.7109375 97 48 377 316 
mask 0.02734375 122 170 343 321 
mask 0.01171875 309 304 514 348 
mask 0.00390625 86 15 364 204 
mask 1.9059464e+31 14450065161832247548968960 0 0 350 
mask -1.9283198e-28 185240097869408355260542434148352 502346006881185980739066265600 622 0 
nomask 5.6823654e+30 0 397045325055143621482984243200 622 350 
nomask 1.9217611e+31 220883861444210338538362597539840 0 0 350 
nomask -3.013096e-30 41235979982902117703614464 2009914998606161578689980006400 622 0 
nomask 8.966016e+31 0 25733721304061512434754728755200 622 350 
nomask 1.9138385e+31 56762490172138817054613077753856 0 0 350 
nomask -4.860242e-29 2858376466757572176609365983232 32251179611492153786839859200 622 0 
nomask 1.3909196e+30 0 1674662103992671325369110259302400 622 350 
nomask 7.686922e+31 225360885128891155752157184 0 0 350 
nomask -1.1866013e-32 46694277742333946471121214767104 31717711674719749911507841843200 622 0 
nomask 3.477881e+29 0 94463696639158694130483200 622 350 
nomask 4.7054458e+30 14325415249255696360556986368 0 0 350 
nomask -1.2249211e-29 175652551298080140260095819776 504112410484316194001942426419200 622 0 
nomask 5.56399e+30 0 6753783593594394790589971929497600 622 350 
nomask 4.8586244e+33 56382002531079865585199453569024 0 0 350 
nomask -7.5940076e-31 11385190757054155214724601479168 8028167361246454087680000 622 0 
nomask 3.477687e+29 0 104234788370626459202695987200000 622 350 
nomask 1.2349385e+33 3620126832066900131022949580800 0 0 350 
nomask -7.5633136e-31 186777146217079214023516734095360 31816040173829472297945684089241600 622 0 
nomask 2.178182e+31 0 99261331263785905370746060800 622 350 
nomask 7.9681313e+34 14187222604449865019536990797824 0 0 350 
nomask -3.0026611e-33 10400783893307081986408448 32370195384818069347109961728000 622 0 
nomask 8.776861e+31 0 24815313446865198947657318400 622 350 
nomask 1.2644961e+36 225515955396067038791896555061248 0 0 350 
nomask -3.0027081e-33 11953350102685272543341537352744960 2023614672317337973260759859200 622 0 
nomask 8.776861e+31 0 1688500481399354298154730966220800 622 350 
nomask 8.0007094e+34 3572000811547698843491500032000 0 0 350 
nomask -1.8616464e-34 186007100515652469973820312125440 126884492449067899772840863334400 622 0 
nomask 8.904121e+31 0 24921110596982543496301772800 622 350 
nomask 4.9802396e+33 14134642135668372900127738104381440 0 0 350 
nomask -4.76589e-32 177153517705728394034107383808 500673575655704145765896657305600 622 0 
nomask 3.5358995e+32 0 418658597342064164998820030054400 622 350 
nomask 1.2349386e+33 57521932177417595945553762451456 0 0 350 
nomask -3.013096e-30 683216402592712576815071232 2045628287853956536729600 622 0 
nomask 8.902386e+31 0 1608437743674891239399673036800 622 350 
nomask 3.100072e+32 905055114721345281331591905280 0 0 350 
nomask -3.013096e-30 12051915200516035981403332697653248 31379318622915654583693097304064000 622 0 
nomask 5.6828327e+30 0 103801555636068108229004387942400 622 350 
nomask 4.7649433e+30 3559072747019044341452553951641600 0 0 350 
nomask -4.8011553e-29 46117542415114926251904732233728 32043102071980475487094007712972800 622 0 
nomask 5.682678e+30 0 27236106671390019541429381391974400 622 350 
nomask 4.7649433e+30 56554028672910985755078430902190080 0 0 350 
nomask -3.0220558e-27 12002434512285596883494588207071232 8063208916985342765459046400 622 0 
nomask 3.6008996e+29 0 26167444928615757708066291712000 622 350 
nomask 1.19123576e+30 229738145960462170588184576 0 0 350 
nomask -1.22909575e-26 711609853641309861509620301824 31818090182309813833170944000 622 0 
nomask 3.6008026e+29 0 23513434166809733575475200 622 350 
nomask 4.7846724e+30 13941382988181097965040790373662720 0 0 350 
nomask -1.1953585e-29 2976066799247166950946794958225408 502096936143283903328021350921011200 622 0 
nomask 9.029151e+31 0 1695378362618596827186928078028800 622 350 
nomask 1.19125525e+30 14236677491332114719674402768683008 0 0 350 
nomask -3.0725915e-27 12002634531480303763120801693302784 7899639450968273857594433051033600 622 0 
nomask 1.4007068e+30 0 422125120349838574538682741555200 622 350 
nomask 1.9059466e+31 14288383628088624041018318127104 0 0 350 
nomask -7.594249e-31 3000706381813173259788713793159168 7954444168719191687823058010112000 622 0 
nomask 5.549791e+27 0 6433648086139819435203598745600 622 350 
nomask 7.2597747e+28 14284228800332032152636049326080 0 0 350 
nomask -4.8798864e-29 43349905389189193323018977280 126038284043216115455566335180800 622 0 
nomask 1.400862e+30 0 27015134374377579162359887717990400 622 350 
nomask 1.8663017e+31 14139662166284399698566088608448512 0 0 350 
nomask -4.800693e-29 12100614610764142568290889924345856 126038336933720723595592728576000 622 0 
nomask 8.693247e+28 0 1688473401460994930461217547878400 622 350 
nomask 3.0620923e+32 223055967821262083388404747936464896 0 0 350 
nomask -1.2150605e-29 48403234457375884182089320290582528 2002965313568428692558826386227200 622 0 
nomask 2.1578972e+28 0 108946207191507206591566032823910400 622 350 
nomask 3.0240134e+32 221503722620498643050671721372712960 0 0 350 
nomask -1.9216127e-31 192824471187391334845415878444449792 31602030805967684337070828106547200 622 0 
nomask 2.1782452e+31 0 1688473189898976497901111974297600 622 350 
nomask 5.016284e+36 224012169168944533895334988873728 0 0 350 
nomask -7.593767e-31 192824459156161578040626331768586240 500741381282611781279732989952000 622 0 
nomask 3.452928e+29 0 6726164172088024068807340956057600 622 350 
nomask 4.9397546e+33 221491378578768161336596831936708608 0 0 350 
nomask -4.67285e-35 747096600635551288823229427220480 7900726033494943486296658962022400 622 0 
nomask 3.5277853e+29 0 27015572730879771426898636177408000 622 350 
nomask 7.6552297e+31 14238220496548424933933763948183552 0 0 350 
nomask -1.9062958e-31 3122939955484507629701773257336684544 31601160862947889649916709542297600 622 0 
nomask 2.2098748e+31 0 108504282907436095359197180539699200 622 350 
nomask 7.5918486e+31 55767077965748141275619909343117312 0 0 350 
nomask -4.8209535e-29 12002636787335883164018841695027200 1979881451700503304645928290353152000 622 0 
nomask 8.965271e+31 0 103799836694668343678146602598400 622 350 
nomask 1.9217613e+31 55375936670739539165062703681110016 0 0 350 
nomask -3.0007702e-30 192824483218621091650205425120313344 31381055123962949037039645255270400 622 0 
nomask 5.722447e+30 0 1674608578802007887662400143360000 622 350 
nomask 2.9657584e+29 3534626040105076809393055264145408 0 0 350 
nomask -1.9204621e-28 12002634531480303763120801693302784 31598554418880800509416043026841600 622 0 
nomask 1.440399e+30 0 104234834649817991325219081420800 622 350 
nomask 1.1912357e+30 3518432465046955760446429712156196864 0 0 350 
nomask -1.9179286e-25 48207669825486461529205490797510656 7863846853861070741421547761277337600 622 0 
nomask 3.6006087e+29 0 28229197078410818429868737981264691200 622 350 
nomask 2.9657582e+29 886014986731832626641003258897760256 0 0 350 
nomask -4.916383e-26 48206105765618076906564422935248896 31727909625139506910346818355200 622 0 
nomask 9.187212e+28 0 26682821218304451050929129940582400 622 350 
nomask 2.9781372e+29 217846116921590841733954442100736 0 0 350 
nomask -1.19040895e-29 190459035167365458782223030263218176 123441968507759433769954154905600 622 0 
nomask 2.2730714e+31 0 26460547391754613562090147597516800 622 350 
