mask 0.99609375 25 181 258 505 
mask 1.2011003e+30 7750326754169444696375451432517632 0 0 538 
mask -1.2139497e-26 6320873541407356513621093908480 3110502903742418483404402065408 341 0 
nomask 5.721361e+30 0 635567069660131034648842923409408 341 538 
nomask 1.853629e+28 31119819918983882503991030972416 0 0 538 
nomask -1.8888464e-28 1651809302605491607012087286464512 780220966202380252567106473689088 341 0 
nomask 2.288669e+31 0 158894389348461911615147698290688 341 538 
nomask 2.9781376e+29 484408510873207806209882964623360 0 0 538 
nomask -4.7815108e-29 5941545895201686722889908224 777543949305516577563640594432 341 0 
nomask 2.2730095e+31 0 39557079158032587553598242553856 341 538 
nomask 1.20605235e+30 31114844008644547587525811634176 0 0 538 
nomask -1.9204929e-28 1498268892992573537398030336 3110176749959504229205484240896 341 0 
nomask 2.2729471e+31 0 39890082487967187063676982001664 341 538 
nomask 1.9296839e+31 124038454278044722880871137280 0 0 538 
nomask -4.801309e-29 24966887779928248732080888872960 3077612052833819357257662464 341 0 
nomask 2.2730093e+31 0 9889272965299606618235966849024 341 538 
nomask 1.1961876e+30 124475943078452325502399096553472 0 0 538 
nomask -1.2003081e-29 6268211018485909985089680310272 49098122143664773988122252804096 341 0 
nomask 9.028902e+31 0 2563497402889219303584548050173952 341 538 
nomask 4.8242097e+30 124859695871721666340156604416 0 0 538 
nomask -3.0007702e-30 6268208200413711332628899037184 3118422833906656190528487424 341 0 
nomask 2.2731335e+31 0 160226351855536953978080156712960 341 538 
nomask 7.750303e+31 124856487798459807512035065856 0 0 538 
nomask -7.5020454e-31 6268312066503318809040551673856 782645381916853600274756927488 341 0 
nomask 2.2731338e+31 0 152581357202742326300369747968 341 538 
nomask 3.1127482e+32 489518968056758671091917914112 0 0 538 
nomask -7.5019255e-31 25177553974883741431696721969152 48434712010893050082210491662336 341 0 
nomask 3.586407e+32 0 158891736927434745255781231230976 341 538 
nomask 1.929653e+31 30907913772260982721631437717504 0 0 538 
nomask -1.1953777e-29 1624818985846140859706934730686464 12275835151047850513826234499072 341 0 
nomask 5.7619067e+30 0 615508558657607877954145091584 341 538 
nomask 7.7818695e+31 125141357725767234440134656 0 0 538 
nomask -1.9205236e-28 6347257541076368845367135961088 3089036776528666600183903027200 341 0 
nomask 2.2728852e+31 0 37983373936239359918375698432 341 538 
nomask 4.824287e+30 496063236220079348141229342720 0 0 538 
nomask -2.9760705e-30 96708878160269366113484144640 12356476118109894411787295522816 341 0 
nomask 2.2730717e+31 0 160223760409705814431572688896000 341 538 
nomask 1.2011199e+30 487812097958391715414053706792960 0 0 538 
nomask -7.58694e-28 1560481815417705287005000171520 784706901042826282170056704 341 0 
nomask 3.6256592e+29 0 2472439874137809307293349576704 341 538 
nomask 4.804479e+30 30912052312575575192607364481024 0 0 538 
nomask -4.8962674e-26 6268314884575517461501332946944 47763466565431880723917327826944 341 0 
nomask 5.721361e+30 0 36143500107600591891464192 341 538 
nomask 1.8536593e+28 31115674937361407398819032727552 0 0 538 
nomask -7.5553856e-28 24074561195687859028481802240 197719288515137201493359533752320 341 0 
nomask 9.187942e+28 0 615508161683675411724594315264 341 538 
nomask 7.414394e+28 31329226838248320218274889465856 0 0 538 
nomask -4.8759936e-26 407899841043929229964904713158656 3089363883049018773333742714880 341 0 
nomask 5.7213605e+30 0 39890753215123482005125973671936 341 538 
nomask 7.445465e+28 1980446122068453116346368 0 0 538 
nomask -7.587063e-28 6070270621126238343136280576 194319712528353907367408041984 341 0 
nomask 2.272885e+31 0 36143500107600591891464192 341 538 
nomask 2.9904688e+29 121105425667937860260859339603968 0 0 538 
nomask -4.8012323e-29 96298263653770623518798512128 49100723752028584670106220494848 341 0 
nomask 9.0286555e+31 0 40055940102426453607893172224000 341 538 
nomask 4.8242097e+30 125320218185244954849880299274240 0 0 538 
nomask -3.0379399e-30 1567078016625829702260137918464 195676688521703219840826736640 341 0 
nomask 5.616398e+33 0 2493211932128037234767271297024 341 538 
nomask 3.125376e+32 31118988990267022692697809879040 0 0 538 
nomask -4.746706e-32 6294697676499301799335611596800 3078342364844488738466586215579648 341 0 
nomask 3.561253e+32 0 9455192112831759116627083264 341 538 
nomask 7.750304e+31 31107401077386163773965214941184 0 0 538 
nomask -7.5946095e-31 22908799931065394559713280 12357785814507886996321216757760 341 0 
nomask 1.4142804e+33 0 10381530209582241135249728280199168 341 538 
nomask 3.1000723e+32 1951301365149593645284706689744896 0 0 538 
nomask -7.5637946e-31 101554491006327595074268090597376 48767733125259824079373105889280 341 0 
nomask 8.966018e+31 0 646212891734975029869144713461760 341 538 
nomask 3.1127486e+32 122790729462350271321001718448128 0 0 538 
nomask -1.8986825e-31 25494569383635466025550747795456 774955473474550170399179865587712 341 0 
nomask 2.2574117e+31 0 159560360439466761661137427628032 341 538 
nomask 3.1000719e+32 30907916992914924038729473458176 0 0 538 
nomask -1.883185e-31 6044303705578136169288302592 49757619701358110735581562535936 341 0 
nomask 3.5611535e+32 0 9657646337302458273588314112 341 538 
nomask 7.65523e+31 124482564742955673455960579375104 0 0 538 
nomask -3.0006739e-30 26320464437389466704104644931485696 3078844150057658723754243983933440 341 0 
nomask 3.5765296e+29 0 42036962250213374812642873006096384 341 538 
nomask 1.2450793e+33 30787715308508151286714227237060608 0 0 538 
nomask -4.8209535e-29 409588391257514488659867118600192 49104646489639642964035171778560 341 0 
nomask 8.838504e+31 0 166786489782672100824728814678441984 341 538 
nomask 1.9217614e+31 494606131860678960062409369190400 0 0 538 
nomask -7.532619e-31 6580220819248306777517499233599488 3099571814294229379791010568077312 341 0 
nomask 5.6829886e+30 0 154524971349141921148186918912 341 538 
nomask 1.2298677e+33 7831273684810402595373758545920 0 0 538 
nomask -7.6501707e-28 6069969471111706007065067520 48758607170921144421476219224064 341 0 
nomask 2.2411937e+31 0 2493170805628633733385810870272 341 538 
nomask 1.9217613e+31 122296494401354095151706594976202752 0 0 538 
nomask -1.9362699e-28 428023549221304925584902109089759232 760904344749316778502700893873373184 341 0 
nomask 1.430495e+30 0 168145216173189322840403716721344512 341 538 
nomask 7.4145163e+28 1965022072366087337946921958375424 0 0 538 
nomask -1.8967349e-28 1712094196885219702339608436359036928 766253334796779182603561953025589248 341 0 
nomask 9.126288e+28 0 2595466942066861392809287022018560 341 538 
nomask 4.7648648e+30 122279556132024068025422753346617344 0 0 538 
nomask -3.0601669e-27 1580218787933581793042527944704 3078510493785000003789800127594496 341 0 
nomask 2.2728229e+31 0 160884558771581056520023982473216 341 538 
nomask 2.990469e+29 30698506852996545007347579224064 0 0 538 
nomask -4.7617125e-29 6580114460372548721671966933647360 12358107204603611655765525266432 341 0 
nomask 9.091789e+31 0 643548966720824945143279796617216 341 538 
nomask 1.1961876e+30 7697562857944541270866264860917760 0 0 538 
nomask -1.2003081e-29 26212821010248224416654985883811840 191090471704408952882021856706560 341 0 
nomask 9.028903e+31 0 10211366811330475858724353531183104 341 538 
