mask 0.99609375 64 68 274 384 
mask 2.990469e+29 469847634364236350384521089122304 0 0 446 
mask -1.9126043e-28 22972280144857389319462060032 41096156132813607734458974208 324 0 
nomask 2.2728852e+31 0 8198300581470970080633601130496 324 446 
nomask 1.2011393e+30 29266294760559734542552793088 0 0 446 
nomask -1.18549775e-29 6277744663251649647520444607102976 642383175676685620841184430653440 324 0 
nomask 2.2729476e+31 0 8641726437394891602527938536275968 324 446 
nomask 3.0028482e+29 1845844665038155919350965669571067904 0 0 446 
nomask -1.20034645e-29 22972290604161279112777826304 10209127515616952041874786931965952 324 0 
nomask 3.5861092e+32 0 33481740567389738171678440030208 324 446 
nomask 3.0028002e+29 29569952594158478500212668104704 0 0 446 
nomask -7.5556317e-28 23922752041328135072463540191232 162227900869061932490160078848 324 0 
nomask 2.2727612e+31 0 133377031434507087340344671469568 324 446 
nomask 1.2060522e+30 7512421914196908517651120128 0 0 446 
nomask -4.7815875e-29 5930746519700383212026248298496 10339584488473138647292444672 324 0 
nomask 5.7215177e+30 0 2023728950044448556522697392128 324 446 
nomask 1.8613357e+28 117465066607531375911191898488832 0 0 446 
nomask -1.912635e-28 387564756275581038370385811210240 40834284323648425509101146283704320 324 0 
nomask 9.091542e+31 0 2248253772143118658916073837969801216 324 446 
nomask 7.506999e+28 469935862979477645636320320552960 0 0 446 
nomask -4.781357e-29 24223178248862186889646373339136 163302050349255461990467371008 324 0 
nomask 3.6010942e+29 0 132824927026389418616633784532992 324 446 
nomask 4.804402e+30 1873043438443350679385272221696 0 0 446 
nomask -2.9760224e-30 1507730817484462669773743849472 10243471713969919129840741515264 324 0 
nomask 2.241442e+31 0 31622342419221064373376122880 324 446 
nomask 1.9138385e+31 468211659045340082088953511936 0 0 446 
nomask -7.5635543e-31 1476444326107824595936619790336 648877707215077407185354883072 324 0 
nomask 2.2573498e+31 0 132272797344166333574581713895424 324 446 
nomask 3.0747189e+32 118279847097755684795211854118912 0 0 446 
nomask -3.0130476e-30 101260551624244443218463452949381120 10138453837930566060242898052448256 324 0 
nomask 2.266279e+28 0 33206773043688354138632130396160 324 446 
nomask 1.2400285e+33 471406683523163025842708152320 0 0 446 
nomask -4.6692187e-32 96493217791517313904229581062144 642383243074300064356760920522752 324 0 
nomask 8.880151e+28 0 8163932010455679856347298398208 324 446 
nomask 7.655229e+31 7441249208111013187407317041152 0 0 446 
nomask -1.8444563e-31 5718686784021266662485393408 651165287031519031004543871614976 324 0 
nomask 3.5767234e+29 0 508105678940949806481112301568 324 446 
nomask 7.560155e+31 7491385779702071088540731572224 0 0 446 
nomask -1.2150797e-29 1488953892629820596868870045696 163293576283962881296646012928 324 0 
nomask 8.879182e+28 0 8232946114558114126742041919488 324 446 
nomask 3.0874447e+32 7365354568932709810828637796040704 0 0 446 
nomask -7.5015644e-31 6030924799984591128860024635392 40265590801506858748424195894411264 324 0 
nomask 3.576528e+29 0 31756615217869183998144544768 324 446 
nomask 4.7846724e+30 466638893782408644711982559133696 0 0 446 
nomask -1.20026956e-29 367550481665658027689090482176 646852176695206251687074684993536 324 0 
nomask 5.6826785e+30 0 132822728179218198920950802546688 324 446 
nomask 2.941e+29 29766575840680196907160081268736 0 0 446 
nomask -1.904685e-28 92279276521499167483509080064 2602010854472547757281247232 324 0 
nomask 5.721827e+30 0 128104773339085843969655963648 324 446 
nomask 4.8044794e+30 120432685752615700411711488 0 0 446 
nomask -1.1854786e-29 5980883473803126225600925138944 162185596360581884016733454336 324 0 
nomask 9.092037e+31 0 2041016833057107431866429865984 324 446 
nomask 4.8242868e+30 116189937894414465317277756555264000 0 0 446 
nomask -1.2052768e-29 370677897203137347449731940352 2587409245961740554872910658928640 324 0 
nomask 1.4243421e+33 0 535699289581201484268640827080704 324 446 
nomask 4.8242103e+30 469923084029101409198629088919552 0 0 446 
nomask -1.9047465e-28 389162712610558925791568672587776 644581438384217564162526543872 324 0 
nomask 1.4343245e+33 0 8370573096339498613865237708800 324 446 
nomask 4.8440168e+30 7574859008926955335581696 0 0 446 
nomask -1.2003656e-29 375371913253974989927740342272 41083465602994378879876988928 324 0 
nomask 2.2728857e+31 0 1872708713820786245238784 324 446 
nomask 1.8613661e+28 471271417828515138801323999232 0 0 446 
nomask -4.8014625e-29 23822881300438757558404660592640 637948951827217844032762948878336 324 0 
nomask 9.028407e+31 0 137697825233661656320564856172314624 324 446 
nomask 3.0151309e+29 7467430278540310366697154152497152 0 0 446 
nomask -7.681725e-28 1563043459166078363130711345463296 10244828090960594880817600135168 324 0 
nomask 1.420553e+30 0 8606528168046994479737257267822592 324 446 
nomask 4.784673e+30 7442234558211862836099025993728 0 0 446 
nomask -1.19533925e-29 6080864378057816122743349837824 161687079242837198545925949095936 324 0 
nomask 3.5516733e+29 0 7871886283380517250445344768 324 446 
nomask 7.321793e+28 7510693140682552679602323456 0 0 446 
nomask -4.8800405e-29 1417478949269073854076026880 162778364566502991881555790528512 324 0 
nomask 8.838754e+31 0 8267181469976105839771688894464 324 446 
nomask 7.5918486e+31 1853972274890192933513074701238272 0 0 446 
nomask -4.781049e-29 100442329042949827154203769479102464 10068057299234771814661535515541504 324 0 
nomask 3.516692e+26 0 8641725898213976054403326617321472 324 446 
nomask 1.9059461e+31 29252840737304865051243084219678720 0 0 446 
nomask -2.9302516e-33 100443927146169292124802397067280384 10138452759568734963993674214539264 324 0 
nomask 8.793387e+25 0 555314278276260947786799661726040064 324 446 
nomask 1.8821467e+31 117487087040219928929780524646400 0 0 446 
nomask -2.9633114e-30 1556625880079431563000671134285824 162799999200739360381609038577664 324 0 
nomask 5.5884774e+27 0 1968038031581723126608691200 324 446 
nomask 1.9271916e+34 118245243560673672908858298728448 0 0 446 
nomask -1.9281657e-28 92671022277760026273166393344 2551796885670702472380275633422336 324 0 
nomask 3.4683343e+26 0 133377039859208892779791732703232 324 446 
nomask 7.6236618e+31 116199589184445743963245938852495360 0 0 446 
nomask -1.1768778e-32 101262155994535357071299722214375424 40271124954424044699440932043358208 324 0 
nomask 5.550242e+27 0 138828586822854534486687496838053888 324 446 
nomask 1.1763999e+30 1854173800406471052967239871365120 0 0 446 
nomask -1.2150412e-29 100853054104495222362526342994460672 159940452810744194841203404468912128 324 0 
nomask 5.563835e+30 0 533499768433837353429893942083584 324 446 
nomask 1.8742245e+31 7313008854655920920926532187193344 0 0 446 
nomask -1.9204621e-28 370677968924078306032468623360 642435341430264901897387589500928 324 0 
nomask 1.4205918e+30 0 2142762515950981970068247515496448 324 446 
nomask 4.80448e+30 29253649189521770859898860528992256 0 0 446 
nomask -1.1854401e-29 25110977086238736369522368009207808 646886886466644662208966967689216 324 0 
nomask 9.092283e+31 0 8606391216094445256085829853380608 324 446 
nomask 4.80448e+30 29253652323057495301017681367400448 0 0 446 
nomask -1.2052769e-29 1569461136175716552045714707841024 10137623499320621948340542862524416 324 0 
nomask 1.4243421e+33 0 134474829052668485368552846524416 324 446 
