mask 0.99609375 31 85 153 246 
mask 4.7845953e+30 1372694924995548272499802243072 0 0 303 
mask -1.9125427e-28 74713814852663873474900035094183936 429142070037883692947878182912 244 0 
nomask 2.2570394e+31 0 365439655469586558721042503696384 244 303 
nomask 2.978138e+29 358202962377104399945170944 0 0 303 
nomask -1.200308e-29 17373860058606222664643117056 1739460703123811963597198721024 244 0 
nomask 2.2730712e+31 0 20355911770637508072701952 244 303 
nomask 4.784673e+30 1386535506991800108150594511831040 0 0 303 
nomask -1.2052384e-29 18015905446731754032081678630912 109860415717763643298736806821888 244 0 
nomask 2.2572877e+31 0 5822934214009063634457372697559040 244 303 
nomask 1.9217612e+31 89067821019894782102925796704256 0 0 303 
nomask -3.013192e-30 4306663949303631866209763328 7025326120716508782315700224 244 0 
nomask 1.4243422e+33 0 22278425047301718426028313935872 244 303 
nomask 7.7818715e+31 1377538938679785947941306368 0 0 303 
nomask -7.563795e-31 73269486833039972239705504743424 27273872935977123053602628173824 244 0 
nomask 5.722293e+30 0 21574561459673459083941249024 244 303 
nomask 1.2011199e+30 5603459529390700715825074012160 0 0 303 
nomask -1.1953777e-29 1062857183599128709959778304 6959498337235513948781005504512 244 0 
nomask 2.2730714e+31 0 1449755555257435187738748106309632 244 303 
nomask 1.19616825e+30 351476233954119702655450914750464 0 0 303 
nomask -1.200308e-29 18756081277237876051125308542156800 1728244594552361389565096755200 244 0 
nomask 2.2572258e+31 0 22559759799122719879021637664768 244 303 
nomask 7.750303e+31 1401124428331940177526858448896 0 0 303 
nomask -1.9204928e-28 4485171232494477496159507054592 1728152302983003426653862887424 244 0 
nomask 8.940595e+28 0 340797306717202736327851769856 244 303 
nomask 1.9217608e+31 87850115376515201683838317101056 0 0 303 
nomask -7.40876e-31 67292762645797453132988416 442419031824853785996426794237952 244 0 
nomask 3.5766267e+29 0 1409961109684493077615887777792 244 303 
nomask 1.1763805e+30 89067839456013531226020710973440 0 0 303 
nomask -1.19530066e-29 291864998207417582298222420819968 27466574871042460993253944590336 244 0 
nomask 2.2507446e+28 0 1473738611314286658373275957067776 244 303 
nomask 7.718487e+31 350290289134315174048126992384 0 0 303 
nomask -3.0473976e-27 18166932979267148605425939644416 6912793795070729632437919285248 244 0 
nomask 2.2659751e+28 0 5823028354271562845245836242190336 244 303 
nomask 1.1912355e+30 88164823596383264965891457024 0 0 303 
nomask -1.18544005e-29 275617310704102309771012472832 1751595792476970315609765052416 244 0 
nomask 1.4206308e+30 0 89862432358428618458152380137472 244 303 
nomask 4.5374348e+27 22718276050981916170006487367680 0 0 303 
nomask -7.5553856e-28 1135432807091574741504494665728 27917442372035718392039079936 244 0 
nomask 3.6256592e+29 0 22653528033590410196835247325184 244 303 
nomask 1.2011197e+30 88475560705079202678804899168256 0 0 303 
nomask -7.555263e-28 295489760386920172235506713624576 1713963644491380645262036232300396544 244 0 
nomask 3.6008033e+29 0 21574562857014322667439783936 244 303 
nomask 2.9781374e+29 88461337239464254211078540492800 0 0 303 
nomask -4.7418372e-29 290661506811593575785313842757632 1745716514732057640240135228358656 244 0 
nomask 1.4305343e+30 0 89862472422985859124222373134336 244 303 
nomask 1.1862839e+30 5679566132101924492018041487360 0 0 303 
nomask -7.6501707e-28 1121310668113657587038074961920 441933414239590148921622528 244 0 
nomask 1.4205141e+30 0 87030838117289938613654519808 244 303 
nomask 1.1961876e+30 89927795455790376857590824960 0 0 303 
nomask -3.013096e-30 4522927827563970684447214272512 1739690537749054177436221046784 244 0 
nomask 1.4404764e+30 0 343727809976310049455269216256 244 303 
nomask 1.1912357e+30 21768056730722385693125603451373355008 0 0 303 
nomask -2.9883481e-30 1126012454523394886337929674752 6983808926771316041775736103632896 244 0 
nomask 2.2572877e+31 0 5616493598532624461794507751424 244 303 
nomask 1.18628415e+30 1405677950322439607077219176808448 0 0 303 
nomask -7.563915e-31 1121292592075352782753608237056 437910663425042862954157965312 244 0 
nomask 5.656963e+33 0 1404146383095680336832529170432 244 303 
nomask 3.1127488e+32 358184888026676678405128192 0 0 303 
nomask -7.53298e-31 280332348074190541295336816640 440749031616968934522177454080 244 0 
nomask 3.5517715e+29 0 21392123239183133931724603392 244 303 
nomask 1.9296528e+31 352585297854225544316595470336 0 0 303 
nomask -2.9759259e-30 275617400724213389473624358912 109857473834560542961597321052160 244 0 
nomask 5.682833e+30 0 23291367621076724559328435331137536 244 303 
nomask 4.745059e+30 22188206959243028650391310983757824 0 0 303 
nomask -2.9881074e-30 4504048377771802270109928521728 110945756882449173971271155712 244 0 
nomask 5.588326e+27 0 5640028664157427158910393909248 244 303 
nomask 1.2349581e+33 87861997455049011518510563590144 0 0 303 
nomask -3.0979332e-27 18317664381645135389058140209152 27463632987839360656114458820608 244 0 
nomask 5.355451e+27 0 1386609911759884151571219480576 244 303 
nomask 4.858625e+33 5566294618507312196864771620864 0 0 303 
nomask -1.8210447e-31 18091120202198488978558168334336 110595909412571436535648245252096 244 0 
nomask 1.411672e+24 0 90236103036795956416957063888896 244 303 
nomask -4.6735032e-35 1405829421474082402425034812424192 0 0 303 
nomask -1.2248248e-29 18833412683498197820128905490595840 1733948981919656291682192149446656 244 0 
nomask 5.513763e+21 0 1521303734994549089676650709874900992 244 303 
nomask 3.049414e+32 87864329624070775590017218641920 0 0 303 
nomask -1.7588672e-37 1130713088675710365444352245760 7025324723375645198817165312 244 0 
nomask 1.4025593e+24 0 1455733736654527580230663142375424 244 303 
nomask 4.7252504e+30 353892766655279761444433662312448 0 0 303 
nomask -1.180375e-29 1177106876326336479837730176499712 439418219381560606305991325122560 244 0 
nomask 2.2198563e+28 0 5593144189204320922627964141568 244 303 
nomask 4.4214535e+27 356233490036143426067128934989824 0 0 303 
nomask -7.586817e-28 281507794676624866120300494848 27160267205319387464748806034161664 244 0 
nomask 5.703778e+27 0 22746565089888458358871484792832 244 303 
nomask 4.7846718e+30 87510767933235992581111255425613824 0 0 303 
nomask -1.8808656e-28 4900227773493847832212485905189961728 431611755331261021507096666083164160 244 0 
nomask 9.002249e+28 0 93930683564007097968001104916512768 244 303 
nomask 2.9657098e+29 355037625720258802869596061696 0 0 303 
nomask -4.7614814e-29 4708353465852449441001745000955904 108641021934298561925217312332316672 244 0 
nomask 3.5763354e+29 0 90237579701905683823536805773312 244 303 
nomask 1.8900697e+31 22182753407828088045930910844977152 0 0 303 
nomask -3.0599206e-27 72968618593113657892252088795136 1733854841657157080893728604815360 244 0 
nomask 8.878211e+28 0 5894859572385600736239360411697152 244 303 
nomask 1.1912358e+30 22031132407412099825599812049305600 0 0 303 
nomask -4.8010012e-29 76259140355463970813577711459500032 439476919681426359336541064527872 244 0 
nomask 8.940834e+28 0 23387773110748289898437344009125888 244 303 
nomask 1.186284e+30 21514766219039160534002995036160 0 0 303 
nomask -1.2002503e-29 4631177217967520291964946541969408 1693262154853821595075586555904 244 0 
nomask 2.2414418e+31 0 1413746721699225389535122316853248 244 303 
