mask 0.99609375 26 72 160 267 
mask 0.00390625 137 0 231 57 
mask -4.895952e-26 4246206373268958898624319717376 29279512406090869647572205568 231 0 
nomask 3.57585e+29 0 1527908877239284358619582773067776 231 322 
nomask 7.352741e+28 330462397784348877510793230286848 0 0 322 
nomask -7.6816024e-28 17976406799605392038699824828121088 7319089848242648074845638228967424 231 0 
nomask 5.682211e+30 0 24955978840324479278045843437912064 231 322 
nomask 7.3835688e+28 5177156950986284636168072365867008 0 0 322 
nomask -4.8209535e-29 1057118515758483716935293861888 29388206653225460760589321109504 231 0 
nomask 2.2571636e+31 0 6188068702676298647839188147240960 231 322 
nomask 4.7846733e+30 337289652212580494909726584209408 0 0 322 
nomask -1.20525764e-29 65791710670044509695704563712 7465858121685530785167179776 231 0 
nomask 3.5861092e+32 0 5968781044926859210413362380800 231 322 
nomask 7.750304e+31 21144500658438314930303139840 0 0 322 
nomask -1.2052384e-29 68509009265938430744934186221568 29182642550241725254358817308672 231 0 
nomask 1.4206308e+30 0 5894041935657011860342086565888 231 322 
nomask 1.9217611e+31 1312626968067864917360903813332992 0 0 322 
nomask -1.1903896e-29 17829994272326488866744313036406784 116289070585335389462966334799216640 231 0 
nomask 1.4206696e+30 0 402548373657214790828636441887637504 231 322 
nomask 4.7647886e+30 21082281016205581893670143000576 0 0 322 
nomask -7.532379e-31 1105258906429447643831389397188608 7417769825680297437354262528 231 0 
nomask 1.4009398e+30 0 96691712001860613401653498871808 231 322 
nomask 1.240009e+33 21284687676927278611269943296 0 0 322 
nomask -4.8603963e-29 17270231118422096479320262311936 7445143417906148465809532387328 231 0 
nomask 2.2197344e+28 0 5918955098797128267367991738368 231 322 
nomask 1.2349383e+33 21077795372509765538031719153664 0 0 322 
nomask -4.6496588e-32 16239032029089015647063506944 29385080295498073603629207519232 231 0 
nomask 3.5521584e+29 0 385165982543595391032150850535424 231 322 
nomask 7.528464e+31 21003182047966882312652612375150592 0 0 322 
nomask -4.6883273e-32 288784684968286076237865815541547008 29076269384224902926650529095352320 231 0 
nomask 5.6274665e+27 0 1540689622265900014227824257794048 231 322 
nomask 4.9802377e+33 5321443570596735118101970944 0 0 322 
nomask -1.2002503e-29 4439339006829771623185702384041984 28986457520440151219008654278656 231 0 
nomask 3.5516718e+29 0 5919053937927614729042314395648 231 322 
nomask 1.2400089e+33 21078362623171687839814788317184 0 0 322 
nomask -1.8753911e-31 16378389179290649338004373504 118334452539196811899003893448704 231 0 
nomask 5.603916e+30 0 1485990824890678106500955635712 231 322 
nomask 2.9285724e+29 1335375419181201670681550389248 0 0 322 
nomask -4.7615588e-29 4281880712853919580617137192960 469657290215223165164978176 231 0 
nomask 3.6010942e+29 0 95897574562248065981063400259584 231 322 
nomask 1.9296836e+31 1321921361436528571733387702697984 0 0 322 
nomask -7.6184945e-28 1109834891338375071286095274573824 454229073793618788856382772740096 231 0 
nomask 5.7218254e+30 0 22733169297656549526766354432 231 322 
nomask 7.3835683e+28 1303475836035603055389510129942528 0 0 322 
nomask -1.9046543e-28 68510139403795645176948147093504 29074665574875569375002196894023680 231 0 
nomask 3.625756e+29 0 96690130575772830014864336355328 231 322 
nomask 2.965758e+29 337289722028046577654561423491072 0 0 322 
nomask -1.9584438e-25 1070470178213479895154284298240 1878534494476149392454713344 231 0 
nomask 5.681591e+30 0 1485966970446685700846864302080 231 322 
nomask 1.8459224e+28 5356214945305914674516066304 0 0 322 
nomask -1.9125735e-28 17127809749346612102024216444928 116730594530599020761847410196480 231 0 
nomask 1.4304565e+30 0 5919053177626610987029434990592 231 322 
nomask 1.8459222e+28 20563360250309992388008141891043328 0 0 322 
nomask -4.801232e-29 4228334977535098149515519066112 1842478174501820382552608315801600 231 0 
nomask 8.965272e+31 0 1547017370306131619915094164504576 231 322 
nomask 1.1961684e+30 331384049345604644927204967032291328 0 0 322 
nomask -4.801232e-29 69078703469173628597222724599808 463821128575356502320605523083264 231 0 
nomask 1.4243023e+33 0 24272574570617589042413960167424 231 322 
nomask 7.7503045e+31 336060564022593662607037562880 0 0 322 
nomask -1.2102072e-29 4299755108471088572668059844608 1854934362235958647702889370222592 231 0 
nomask 8.94108e+28 0 371497872538514095190556278784 231 322 
nomask 1.9138381e+31 21078360441438372754038699589632 0 0 322 
nomask -2.9882518e-30 4210531760967333830909491150848 29188119758672682715142051332096 231 0 
nomask 1.4207083e+30 0 1597131423535761162615299478963355648 231 322 
nomask 1.8900698e+31 21003751742170117510504900913528832 0 0 322 
nomask -4.8996076e-29 1114374711835871636916354404057088 28868979361468224871567157605957632 231 0 
nomask 5.48445e+30 0 101045270679191364919871540817821696 231 322 
nomask 3.0747692e+32 20856770637735436464614458011942912 0 0 322 
nomask -1.19141605e-32 69651748814780798201583548497920 116749364841779403575814162219008 231 0 
nomask 5.434339e+27 0 385172308247946524579307500601344 231 322 
nomask 3.0240628e+32 1330893067720957779479244432211968 0 0 322 
nomask -7.4700277e-31 1109834751707442905796425596010496 1842478369138877340507905443495936 231 0 
nomask 1.3971571e+27 0 385172356907210764068131782524928 231 322 
nomask -4.5275937e-38 83194238755914268911950628913152 0 0 322 
nomask -7.5627112e-31 4601741378124938045931876357261754368 1804461080625621680051735675011072 231 0 
nomask 5.495274e+24 0 100230498159414984755101734025560064 231 322 
nomask 1.2247969e+33 324337821221361277332612260384735232 0 0 322 
nomask -4.470994e-38 289951382950993127073997304427970560 7269067346056225731662632273838080 231 0 
nomask 5.4742357e+27 0 404174729763226352018587915328159744 231 322 
nomask 1.8821472e+31 83768418602845283119877591138304 0 0 322 
nomask -7.5936465e-31 71611642648603059584671264939180032 117540333346808354286722900557824 231 0 
nomask 3.4775903e+29 0 23874747070409580803265264615424 231 322 
nomask 1.9271604e+34 83174062086216355654682076512256 0 0 322 
nomask -1.928289e-28 68223066934196658759193375801344 1817066360345389738959616543293440 231 0 
nomask 2.2196742e+28 0 385166152851020229243035837267968 231 322 
nomask 7.6869205e+31 81679287544555134621653174587490304 0 0 322 
nomask -1.1953007e-29 1155120509658640778620190028938084352 115482307769726943074583926884270080 231 0 
nomask 5.6825195e+30 0 1597106310684124219391042875329347584 231 322 
nomask 2.9780896e+29 5251082034664524162965333505736704 0 0 322 
nomask -1.1953392e-29 71903352889798456659059574872997888 458638201837303679006819014238273536 231 0 
nomask 1.430573e+30 0 388355159381115728064412404154368 231 322 
nomask 4.784595e+30 1321742075319628082997520427384832 0 0 322 
nomask -7.713649e-28 4264150584352210635510081650688 7319089848242648074845638228967424 231 0 
nomask 8.964775e+31 0 6188068702676298647839188147240960 231 322 
nomask 1.1961877e+30 5177874653977615253070220181372928 0 0 322 
nomask -1.2003081e-29 71611656053172547471679554081259520 457480485830101432094900906622976 231 0 
nomask 2.2730712e+31 0 99007554603136760032189004973604864 231 322 
nomask 1.1961876e+30 20510352718055736206666747609088 0 0 322 
nomask -1.20032726e-29 272892215375187072978147373744128 1799343181325420649651153928192 231 0 
nomask 3.5862082e+32 0 93902958332175059840510929666048 231 322 
