mask 0.99609375 928 286 1405 881 
nomask 0.00390625 38 42 379 574 
nomask -3.0129515e-30 32401434198002104748291597008896 610544723045747439990774492561408 1748 0 
nomask 3.5022524e+29 0 8090740839952854704111131415281664 1748 1684 
nomask 1.2349384e+33 2517953220725998090616425571942400 0 0 1684 
nomask -1.215099e-29 520586866356704520693189221285888 610528309157663077266812213133312 1748 0 
nomask 8.965515e+31 0 1910355221122462453078129901568 1748 1684 
nomask 1.929653e+31 620798487001628679577660192456704 0 0 1684 
nomask -3.025518e-30 7864077145514107747495112081408 602238404998962300587816637169664 1748 0 
nomask 3.5863077e+32 0 117363319525815880749206732800 1748 1684 
nomask 1.9217613e+31 39727861515725894598633061586305024 0 0 1684 
nomask -1.8986223e-31 32401425943305492692151763468288 616625326019569780105741860864 1748 0 
nomask 8.902882e+31 0 503603057168841829957908027146240 1748 1684 
nomask 1.2450797e+33 10104919788238550621092587765760 0 0 1684 
nomask -1.906356e-31 518414296245984241138120001585152 620633057815604430036984135680 1748 0 
nomask 1.4108822e+30 0 499433675116528669192047776759808 1748 1684 
nomask 7.6553535e+31 159506311595028771505208855363584 0 0 1684 
nomask -1.2101495e-29 493634501075633577451201757184 2442243784298672124220623261007872 1748 0 
nomask 2.241442e+31 0 8057387819365429649019779617390592 1748 1684 
nomask 7.5919715e+31 39456298110357034331694530654371840 0 0 1684 
nomask -3.013048e-30 499940863572883982373953208320 610110102939628532481916928 1748 0 
nomask 3.5765292e+29 0 2031024228571725026438944630243328 1748 1684 
nomask 7.687044e+31 640076527138003195192277991424 0 0 1684 
nomask -1.2002888e-29 520586866356704520693189221285888 2425370307347947243987400008925184 1748 0 
nomask 2.2731326e+31 0 7738884806368693672230617350144 1748 1684 
nomask 1.9217612e+31 10104123210015487203598651097088 0 0 1684 
nomask -1.1953585e-29 32131474663675573765210443350016 2442113236630652309067248852533248 1748 0 
nomask 5.6826785e+30 0 2014379146420313565504266274078720 1748 1684 
nomask 7.687044e+31 2535128800985489748992632849170432 0 0 1684 
nomask -1.2051806e-29 8398229540896863578762686765203456 153698948205038717764321056653312 1748 0 
nomask 1.4008621e+30 0 32628783859788265356658948880465920 1748 1684 
nomask 3.0873956e+32 10133016953668651513383223296 0 0 1684 
nomask -1.20521905e-29 524897700059025374486179465920512 38676126403575005142889177022464 1748 0 
nomask 5.2788395e+27 0 479624605296529628672852754432 1748 1684 
nomask 7.4650855e+31 10104122178178410696581171904512 0 0 1684 
nomask -1.1951082e-29 497860809006280398513085874176 154704521519230334876521787817984 1748 0 
nomask 2.1979918e+25 0 31085315504374346051490511060992 1748 1684 
nomask 7.5463805e+34 2534993027735614649604650773250048 0 0 1684 
nomask -8.718794e-31 520569762625324340371454125146112 155174247045007962791538065408 1748 0 
nomask 7.965587e+34 0 125381627366751543429274680688640 1748 1684 
nomask 4.646109e+30 40154492896943592964147942260736 0 0 1684 
nomask 5.284502e+36 34007321367431917197261814020177920 595395183782100040182457943753490432 1748 0 
nomask 5.101536e+33 0 30824745031035087808589325139968 1748 1684 
nomask 1.9190496e+34 39876569644060580820162380300288 0 0 1684 
nomask -3.0247958e-30 123408593023999753518504214528 9734178195461144422688860667904 1748 0 
nomask 5.457348e+24 0 29849781826952287796062060544 1748 1684 
nomask -7.0969835e-37 160579785361247000153721810190336 0 0 1684 
nomask -4.84029e-29 130146667060996457836458304077824 155166263515533790182113280000 1748 0 
nomask 2.2042602e+28 0 505679573060816857588787172081664 1748 1684 
nomask 3.074719e+32 161067478254231928556929155072 0 0 1684 
nomask -1.2101301e-29 32401962498585276341240943607808 606277175763534388980442160168960 1748 0 
nomask 9.028895e+31 0 29596308649186934962685739008 1748 1684 
nomask 1.929684e+31 2472161903379846203005743980208979968 0 0 1684 
nomask -7.594489e-31 33315942847044584249939109569626112 9636862932989715792703121872912384 1748 0 
nomask 3.5610537e+32 0 499433643306668040582117617303552 1748 1684 
nomask 1.9217614e+31 40688047594508759646498589769728 0 0 1684 
nomask -7.563193e-31 30984217355872466458657161216 39043054823399139774130290688 1748 0 
nomask 1.3910361e+30 0 125381571699495443361896901640192 1748 1684 
nomask 1.2349583e+33 640043379371920407255758929920 0 0 1684 
nomask -1.9062958e-31 524897799115384719159857468407808 152619798683213125883661503168512 1748 0 
nomask 1.4068284e+27 0 118890231666385432555466784768 1748 1684 
nomask 1.8901006e+31 2517409863576206107268022594961408 0 0 1684 
nomask -4.8007704e-29 493634468830724936606905532416 2442309439851009575116472378720256 1748 0 
nomask 3.551673e+29 0 8090611564679260033354963385057280 1748 1684 
nomask 4.6461014e+30 9933864091227392354718217073065984 0 0 1684 
nomask -4.7812032e-29 33453892695322350600872493477527552 602238532238404815027537274994688 1748 0 
nomask 2.266218e+28 0 31345404853571596569198035206144 1748 1684 
nomask 4.7648654e+30 633714445696580680452404510982144 0 0 1684 
nomask -1.912512e-28 32536672956271573501219451174912 38681235862438475612921039683584 1748 0 
nomask 3.6011894e+29 0 499433579686946783362257298391040 1748 1684 
nomask 2.9657582e+29 2483126325531868754413124405166080 0 0 1684 
nomask -1.896735e-28 128523785452369608689044387004416 38275379194734627120484804101931008 1748 0 
nomask 3.625853e+29 0 32495351419127762825938239636897792 1748 1684 
nomask 2.9410475e+29 10072083372802576218055767746412544 0 0 1684 
nomask -4.8010012e-29 33592379296992619290242413529923584 152656618596890741877821073784832 1748 0 
nomask 3.551576e+29 0 32761672733550346200893093335531520 1748 1684 
nomask 3.0873952e+32 9794287077153457497500845640515584 0 0 1684 
nomask -3.072641e-27 129603598825585896452949501018112 612601316521416583686800801792 1748 0 
nomask 3.50492e+23 0 2088174284274909759177453566148214784 1748 1684 
nomask 2.8915296e+29 161088131118216389328661118976 0 0 1684 
nomask -2.9261415e-30 539676509213859517934084389781635072 152611639453961887436575602638848 1748 0 
nomask 1.4164242e+27 0 481644655703714439745517912064 1748 1684 
nomask 1.776288e+28 2500234283316714448891815317733376 0 0 1684 
nomask -3.1102097e-27 129603664863158792902068169342976 37742748780875941756788277935865856 1748 0 
nomask 3.2638149e+35 0 499425436362625859220136477589504 1748 1684 
nomask 3.0240658e+32 39458478935164366667389433414680576 0 0 1684 
nomask -8.060989e-28 8776226528765042970630329658526138368 2398659566360187945516986825659383808 1748 0 
nomask 3.457693e+23 0 32361939336778062605572832445333504 1748 1684 
nomask 4.6461002e+30 158458245784982451655103538528256 0 0 1684 
nomask -1.1902164e-29 134367370174400467807223509541715968 38007496397873506541278283014602752 1748 0 
nomask 5.549639e+27 0 7738887788543127604411569799168 1748 1684 
nomask 4.5866026e+30 39449789447172360306558580555776000 0 0 1684 
nomask -1.9203388e-28 8066680419160413643569532764160 9569630629480625959835860232830976 1748 0 
nomask 2.2197344e+28 0 8123836327908630533207912255324160 1748 1684 
nomask 7.623662e+31 9864347130690175124885495508631552 0 0 1684 
nomask -4.8207995e-29 134919135756274210229008286990991360 38165160636065065258496561250304 1748 0 
nomask 2.2571622e+31 0 517782690624344375367633598624563200 1748 1684 
nomask 1.9138693e+31 155953829041042872675718477069324124160 0 0 1684 
nomask -1.2052384e-29 548522847535807192025226456516788224 37833139517971713315846546416499425280 1748 0 
nomask 2.2572258e+31 0 32894577893961068893411479432200192 1748 1684 
