mask 0.99609375 42 61 162 212 
nomask 0.01171875 9 1 94 36 
nomask -4.8554836e-26 59274151086299554863439151104 1505313475122943798397632512 209 0 
nomask 1.4204365e+30 0 75879016607725815355426134294528 209 258 
nomask 1.8459223e+28 19131729520932430383801171968 0 0 258 
nomask -7.650171e-28 1008275749084403838583470406238208 93526977604350563571617771814912 209 0 
nomask 3.5760438e+29 0 1180658481162667392578346811392 209 258 
nomask 7.383447e+28 4717471496286844434811706054541312 0 0 258 
nomask -4.801232e-29 3857914425398296878202354663424 5905566283671622624228161393524736 209 0 
nomask 2.241318e+31 0 19208983646671714347722439917568 209 258 
nomask 2.9533793e+29 19203811437002419505844977664000 0 0 258 
nomask -4.8013093e-29 15496334146798279113637799919616 94468654757624899169131954176 209 0 
nomask 1.4243023e+33 0 19288829560835068795084968296448 209 258 
nomask 7.7503045e+31 1219358919904465786054377472 0 0 258 
nomask -1.2151568e-29 15431907406165702211039383257088 23541433792673244626892569444352 209 0 
nomask 3.5862082e+32 0 72857878470130178774790045696 209 258 
nomask 1.9375759e+31 19069882932370188316069179949056 0 0 258 
nomask -7.5948497e-31 3841807493496503922613788082176 5863884209071754392306620334866432 209 0 
nomask 1.4243819e+33 0 4978504582318171145075059033374720 209 258 
nomask 7.7818715e+31 76295757591821234050445170704384 0 0 258 
nomask -1.8986825e-31 239106115463410933606039683072 93839966033973487006994399232 209 0 
nomask 3.5865065e+32 0 19129447198628715313950055464960 209 258 
nomask 1.25015015e+33 302065116922995839907712204800 0 0 258 
nomask -1.181843e-32 15689879864862043235756609110016 371582861814590492249851070251008 209 0 
nomask 1.41436e+33 0 73481674674531385394809798656 209 258 
nomask 5.0005223e+33 300994657601502904129872266788864 0 0 258 
nomask -4.746631e-32 59273191099291214944663502848 374188030464939939316738270691328 209 0 
nomask 1.4244614e+33 0 19129129203914491837780655603712 209 258 
nomask 1.2400091e+33 75475404269098140645348034201255936 0 0 258 
nomask -1.8908886e-31 64791502376470721837125271052877824 23296496319616824877554041823952896 209 0 
nomask 3.5767234e+29 0 309893953611693291691194854670336 209 258 
nomask 5.0005208e+33 304824308498070825328443392 0 0 258 
nomask -7.5326195e-31 15561016513850940233001279160320 1491223419460189402531765420032 209 0 
nomask 3.5518667e+29 0 72859082562902846092062228480 209 258 
nomask 3.0747682e+32 301019071405082839210569517498368 0 0 258 
nomask -1.8676273e-31 960467356538083784323338600448 374168029693948779988014638039040 209 0 
nomask 1.4108825e+30 0 19129445980258162733581590331392 209 258 
nomask 7.560156e+31 303105109325718197742228912209920 0 0 258 
nomask -4.8010782e-29 15560760887430856016236216582144 5982267232624196156972335104 209 0 
nomask 5.642908e+30 0 311171410262591597705413540184064 209 258 
nomask 1.929684e+31 18871967948836885269026336206225408 0 0 258 
nomask -7.7134024e-28 15625455098178656172669891772416 91859804254211637686632096047562752 209 0 
nomask 1.4205525e+30 0 67113492123717262639104 209 258 
nomask 7.3835683e+28 76501171926132556966595133440 0 0 258 
nomask -4.7813567e-29 237092733554208768536283709440 5926065426700573847511720001536 209 0 
nomask 1.4304955e+30 0 76516546056551229279965785620480 209 258 
nomask 1.1912164e+30 303096992446649577670121288105984 0 0 258 
nomask -4.875836e-26 15431649805796428154762621353984 5981960855263561933456932864 209 0 
nomask 2.2568527e+31 0 309893895129906767833508528259072 209 258 
nomask 7.4145177e+28 1219389883340854259840188416 0 0 258 
nomask -1.9204621e-28 251038062046199173056012151160832 93519462694782247858924827967488 209 0 
nomask 5.6823666e+30 0 76835958954097908998259062341632 209 258 
nomask 7.3835688e+28 1173793890293525755500548501100560384 0 0 258 
nomask -4.8209535e-29 14225212231868662394388480 23620990075788839669063566271447040 209 0 
nomask 8.965272e+31 0 288251124127108648818180096 209 258 
nomask 1.19121664e+30 1216155400848570851641780076544 0 0 258 
nomask -7.6504177e-28 238099355112158645775828516864 94684119990658384250535936 209 0 
nomask 9.028157e+31 0 1205571265332873549315223584768 209 258 
nomask 1.929684e+31 307303293680736471613440 0 0 258 
nomask -4.8210306e-29 3906359826646284364144074293248 1495107688295719986819760128 209 0 
nomask 5.721982e+30 0 282183309345232295024394240 209 258 
nomask 2.9781376e+29 19069373653479209722050754117632 0 0 258 
nomask -1.2052768e-29 15431911354064081890062781906944 1466090978918170188905415111081984 209 0 
nomask 9.028655e+31 0 5202318871993790988758842117384568832 209 258 
nomask 1.1961877e+30 4817214738268003474360161206796288 0 0 258 
nomask -1.2052384e-29 930075726387166941477339136 93830219069552844059273330688 209 0 
nomask 5.643064e+30 0 1162770721059272752675946496 209 258 
nomask 7.718612e+31 302858009807105508513939456 0 0 258 
nomask -3.013096e-30 60533549946264720354089893888 5885515008784317734070912024576 209 0 
nomask 3.5271083e+29 0 283387327754462565154947072 209 258 
nomask 1.9059156e+31 4767218067596247621519781396480 0 0 258 
nomask -3.0376512e-30 240112844971707130193880547328 5985089037229610654658997744828416 209 0 
nomask 2.2256583e+31 0 4650856819388467700148731904 209 258 
nomask 3.0366897e+32 1195926812702688654717474712846336 0 0 258 
nomask -7.501083e-31 261277258137073509449804887497900032 23132966896964491600166350516912128 209 0 
nomask 2.2132217e+25 0 311161526840669065756424376680448 209 258 
nomask 1.234938e+33 294785276697195586399727016476672 0 0 258 
nomask -7.124318e-37 15070458217716267139865772032 23977409682156227301212160 209 0 
nomask 3.445387e+26 0 1180638606493028425317759320064 209 258 
nomask 1.2096052e+33 76019590009723898596700454912 0 0 258 
nomask -1.8519795e-31 59522864828849821932257804288 93820386438452722804394557440 209 0 
nomask 3.5170717e+26 0 262166599662645018624 209 258 
nomask 3.236849e+38 305053381384496277073369021546496 0 0 258 
nomask -4.7610965e-29 58132647016387218704957440 1475991555498082469482567695335424 209 0 
nomask 5.5108016e+27 0 296407167883899983296450265088 209 258 
nomask 3.0620919e+32 4684743734551175705158770640289792 0 0 258 
nomask -1.21009165e-29 260221609565590553651233224549990400 5864844246079330040085354702176256 209 0 
nomask 5.626856e+27 0 79329029443123421873993261481197568 209 258 
nomask 2.9533788e+29 76530873692848423369195913216 0 0 258 
nomask -1.1903319e-29 61983338950612998868711482851328 1465810422294286402298211874111488 209 0 
nomask 8.94108e+28 0 293921825215915220105378660352 209 258 
nomask 1.16647696e+30 298941024030767951022268990095360 0 0 258 
nomask -1.2240076e-26 926159152884768086111027200 366512763837975808847887403581440 209 0 
nomask 2.2410692e+31 0 311156321961668442422341326077952 209 258 
nomask 1.191236e+30 298973617879790581039448243306496 0 0 258 
nomask -1.2002888e-29 999979982844403750567606680027136 1491536692988521629773362888704 209 0 
nomask 5.682676e+30 0 1224225203217129540683495915913216 209 258 
nomask 2.9657585e+29 1190849854296907860743265615123316736 0 0 258 
nomask -1.2101687e-29 262332858196781175752537027836379136 367490598646632119918873278515511296 209 0 
nomask 8.96552e+31 0 20158672438579467397862616849186816 209 258 
