mask 0.99609375 73 94 264 353 
mask 7.4143954e+28 30039804929052975103453163421696 0 0 433 
mask -1.9204929e-28 1436780138457827099874951168 631573884352417695344361472 327 0 
nomask 5.682367e+30 0 31703343733024624529855815352320 327 433 
nomask 1.19616825e+30 470773155669750443472322560 0 0 433 
nomask -1.1953585e-29 6061365922828256396746275422208 2485829663799196554310384091136 327 0 
nomask 2.2572253e+31 0 1877957014541235896513986560 327 433 
nomask 4.7846733e+30 464520820838710773025479919140864 0 0 433 
nomask -1.21018795e-29 1418226009545796209621336064 9945418649070420002641260052480 327 0 
nomask 8.965768e+31 0 491193353117100607603891765248 327 433 
nomask 1.9217613e+31 29641342166660958273891031056384 0 0 433 
nomask -7.6502945e-28 96981854765252102347940406755328 625809484558168474507622219776 327 0 
nomask 2.272885e+31 0 8059714632269684116809094004736 327 433 
nomask 1.9296838e+31 7581982130376062424210997248 0 0 433 
nomask -1.2003081e-29 24144658956058299631626212081664 39509464679598501775362687500288 327 0 
nomask 1.4404767e+30 0 465415565538697038576746496 327 433 
nomask 1.8459222e+28 1877140552978563797115973140480 0 0 433 
nomask -1.9204928e-28 1412073376778784127385075712 39511570807826196808431543779328 327 0 
nomask 2.2729471e+31 0 31836314036440916088530237652992 327 433 
nomask 1.1961682e+30 7510742641856191692530541133824 0 0 433 
nomask -7.650048e-28 1490090109943585913192337899520 627484252576376145743708160 327 0 
nomask 9.00225e+28 0 128953340256795373331214912978944 327 433 
nomask 1.1912356e+30 1877785648310181342848156172288 0 0 433 
nomask -2.9512264e-30 1521691384530091206660763680768 9945157939022816976703124930560 327 0 
nomask 3.55177e+29 0 122802459798410052678671400960 327 433 
nomask 7.68692e+31 470959624280393909940797212459008 0 0 433 
nomask -7.5015644e-31 88256076397877095915585536 630046278429803531321865142272 327 0 
nomask 1.420747e+30 0 1981491188672860583378934562816 327 433 
nomask 1.1714481e+30 118543181402192173258149388615680 0 0 433 
nomask -2.9882518e-30 386295617412110999634460721283072 9812991235988548862685072064512 327 0 
nomask 3.5652395e+26 0 7925840534021702068215803281408 327 433 
nomask 1.24000856e+33 470785361217374151933689856 0 0 433 
nomask -4.7614047e-29 1564613077675381573836724506722304 155910562879618295408974276591616 327 0 
nomask 8.912622e+25 0 127881308720190479003828801765376 327 433 
nomask 7.623536e+31 7510744958176951540091518451712 0 0 433 
nomask -1.8212251e-31 6010863953408219973944805949440 159130935178998355099074403762176 327 0 
nomask 5.666001e+27 0 128417320398923552002409102311424 327 433 
nomask 2.8914816e+29 29841370362198354249648294592512 0 0 433 
nomask -1.1952622e-29 93133708234983292116444119040 2526296036624682276142186496 327 0 
nomask 5.62686e+27 0 32238852394724675219567243427840 327 433 
nomask 7.6869195e+31 467822819469420825710841751928832 0 0 433 
nomask -1.2290367e-26 24043461990488239489275163312128 9610401125938813965746684559360 327 0 
nomask 2.2659142e+28 0 120708616253717882780552003584 327 433 
nomask 4.7847495e+30 7510943389655378481148575350784 0 0 433 
nomask -4.7416064e-29 24144266725742965444634052919296 627930541247667725549951753650176 327 0 
nomask 9.0646325e+28 0 493287372385476823659199856640 327 433 
nomask 1.8149736e+28 30041392380880390631909618614272 0 0 433 
nomask -1.9204621e-28 372528800854621065442398044160 2486290251549961900134422806528 327 0 
nomask 3.600997e+29 0 32104845385472032804809413230592 327 433 
nomask 1.1961681e+30 475784010446535753018541867008 0 0 433 
nomask -1.1854593e-29 97386642627532342917344601833472 157470546114666289043142082560 327 0 
nomask 2.2571632e+31 0 127883410758848799871784902983680 327 433 
nomask 4.7846733e+30 116942968191603724639083159355392 0 0 433 
nomask -1.21018795e-29 23841054161423560119207201865728 39517864655093036916961582252032 327 0 
nomask 2.2413801e+31 0 31836837501320809222962885427200 327 433 
nomask 1.9217612e+31 30243795577303550306855625424896 0 0 433 
nomask -1.9205236e-28 372528776726279817030304530432 629964487042320229066763927552 327 0 
nomask 2.2728852e+31 0 501654567425497173026167324672 327 433 
nomask 1.9296838e+31 29930284409602450241202683904 0 0 433 
nomask -2.9884442e-30 24346662201096925627710135336960 157486952316804052991577423872 327 0 
nomask 5.682679e+30 0 128953356615072869991665933221888 327 433 
nomask 7.4143954e+28 7560751234954380584843841896448 0 0 433 
nomask -4.8210303e-29 1558111171479344829766889134620672 619387790707141731534552321490944 327 0 
nomask 2.2571634e+31 0 534728370031332906571791972823990272 327 433 
nomask 4.7845956e+30 29642932706916053599095456006144 0 0 433 
nomask -7.6812326e-28 96170679235153486493683682377728 38978691739233734286221619757056 327 0 
nomask 1.4162727e+27 0 7992840971470992651760152084480 327 433 
nomask 4.7649424e+30 29842170264967421607372461703168 0 0 433 
nomask -1.1903704e-29 24447868431950025160305093378048 2486420862171849298423037558784 327 0 
nomask 1.3873718e+27 0 493287404335237559324143255552 327 433 
nomask 1.16649645e+30 472596511797573024992817315840 0 0 433 
nomask -1.2150028e-29 6284158702603496616016261278597120 9841589921787635429390232196218880 327 0 
nomask 1.3909973e+30 0 517949195886810461772768692142080 327 433 
nomask 2.9986602e+32 7329514681548865337437548019974144 0 0 433 
nomask -7.649185e-28 6487624392468430058892807704753995776 38276112161623356191694911757615104 327 0 
nomask 8.821558e+22 0 33422118647912220934487708717285376 327 433 
nomask 7.591968e+31 7328701906213228586867842961375232 0 0 433 
nomask -4.4157501e-38 24043057406462186115291125121024 9910162806968230290061787136 327 0 
nomask 8.64817e+22 0 33421580526015690792290946805399552 327 433 
nomask 4.606486e+30 7511737887676006194563795386368 0 0 433 
nomask -1.1654493e-29 6284258718245479153902513895243776 623642316951583168277701187338240 327 0 
nomask 1.4021529e+24 0 1989868288138708988878355693568 327 433 
nomask -4.435757e-38 467759222566638451076648511995904 0 0 433 
nomask -4.8953207e-26 1558111467968402090254694231310336 38546253541400526719544852706492416 327 0 
nomask 1.3546698e+24 0 33284361536260024104654389865611264 327 433 
nomask 4.7055222e+30 7226493826481935146792471326883840 0 0 433 
nomask -1.17200666e-32 407140987215062732267718968554291200 9842668259440215286321486611087360 327 0 
nomask 2.228509e+25 0 33421590995313288654979599760883712 327 433 
nomask 4.5181666e+27 1877983500708418322014968741888 0 0 433 
nomask -7.617755e-28 101372344283062437330039888244899840 2460330215209842589572962810068992 327 0 
nomask 3.5407765e+26 0 128955483191147435850298564804608 327 433 
nomask 1.776288e+28 117262506901153757287123675867250688 0 0 433 
nomask -1.22398795e-26 97386698219230579258808057462784 38821780327862037814437873956421632 327 0 
nomask 2.2504412e+28 0 33421580526015690792290946805399552 327 433 
nomask 2.9657582e+29 7278105850932354835936222805753856 0 0 433 
nomask -4.7416835e-29 405482874929564655315601912510808064 9746247419017487139966103322624 327 0 
nomask 1.4206302e+30 0 532532799191737613248399682872279040 327 433 
nomask 1.1912358e+30 1845332672617670060547801505333248 0 0 433 
nomask -4.8209535e-29 1564587974935200185869226320330752 619438043335611472440086507814912 327 0 
nomask 5.642909e+30 0 513661004307280897821420166316032 327 433 
