mask 0.99609375 62 122 283 409 
nomask 0.0625 39 216 62 268 
nomask 0.00390625 296 221 313 262 
nomask 0.00390625 322 82 331 128 
nomask 0.00390625 283 217 299 254 
nomask -1.20525764e-29 104181678579266130733620249340411904 2567664177893002465402593046691840 332 0 
nomask 3.5861092e+32 0 2195015696929917371927720057896960 332 455 
nomask 1.929684e+31 118220393220024904083639207492321280 0 0 455 
nomask -7.5948497e-31 398765422260007812790022695813120 10342758739949973806070693112053760 332 0 
nomask 1.4142408e+33 0 142776810635692791586594150342983680 332 455 
nomask 1.9375452e+31 1932034515664103166904222351360 0 0 455 
nomask -7.650417e-28 90389446601399653797724160 166981651693444188843540480 332 0 
nomask 1.4140418e+33 0 8363874118432684739189727559680 332 455 
nomask 1.9296843e+31 120764712083023014652343746560 0 0 455 
nomask -3.0378917e-30 25626193997192000817747958849077248 2612682956635444592982968238080 332 0 
nomask 5.6823684e+30 0 2177026356362477431962687630213120 332 455 
nomask 1.845892e+28 1873445216779250318992738890022912 0 0 455 
nomask -4.82103e-29 99283576650238792652216028102656 648039459950031135689760226871869440 332 0 
nomask 8.965023e+31 0 571116360358016765448782569327820800 332 455 
nomask 1.2011007e+30 7547215978299767857432005795905536 0 0 455 
nomask -4.7617122e-29 102920697613113308684363366710378496 2613027819253772355998811422720 332 0 
nomask 5.682213e+30 0 130137704462021283842380267520 332 455 
nomask 1.2011199e+30 7647349138761159099327447040 0 0 455 
nomask -7.4711106e-31 6154145740018066442033609834496 10548501495142416807456931840 332 0 
nomask 5.682679e+30 0 129041862533134275594850140160 332 455 
nomask 2.9781376e+29 119543433893841279620737782513664 0 0 455 
nomask -4.7617122e-29 98463177375036369875449331843072 163845385955611550487548883107840 332 0 
nomask 2.2730093e+31 0 34975483831404875213897799974256640 332 455 
nomask 4.8044024e+30 7511812582190647081560603408591749120 0 0 455 
nomask -7.58694e-28 103341596143272803603121328409804800 2585760367857851769848945411358720 332 0 
nomask 3.6256592e+29 0 35263880943691772498613593849200640 332 455 
nomask 4.8045565e+30 479847990349747863293924474880 0 0 455 
nomask -7.58694e-28 381435891363267978634475864064 41234138191692022431640610406400 332 0 
nomask 3.625659e+29 0 7996490946310028411440988160 332 455 
nomask 1.1912356e+30 479797525960920297547759616000 0 0 455 
nomask -4.7417605e-29 6102773188169813551528059863040 166085183788918757900751764193280 332 0 
nomask 3.62595e+29 0 135505242071228394609013361213440 332 455 
nomask 7.352619e+28 121200337149552121456822023356416 0 0 455 
nomask -7.586817e-28 24513437276916484086598442418176 41647188730940953332809728000 332 0 
nomask 9.06439e+28 0 524951173539185528959915786240 332 455 
nomask 4.784672e+30 119562799676545686365487400747008 0 0 455 
nomask -7.586817e-28 1601663313784530362821059087958016 646386942296382222549713630003200 332 0 
nomask 1.4304563e+30 0 33876314815160598063630484766720 332 455 
nomask 1.1961875e+30 7574012959939710510669737492480 0 0 455 
nomask -4.8011553e-29 93355279382963270729886334976 10521414696900096703204006297600 332 0 
nomask 5.682523e+30 0 33454959304543312534615852318720 332 455 
nomask 1.1912165e+30 481487491916365288148008861433856 0 0 455 
nomask -7.7136484e-28 98874167196776426875826997297152 655346339902579023948628088586240 332 0 
nomask 3.560557e+32 0 2108571698172431895030975692800 332 455 
nomask 1.2011395e+30 1952625339158255015821312 0 0 455 
nomask -3.0008182e-30 95360503920575112551403094016 41906032936497783734072770560 332 0 
nomask 9.028904e+31 0 475534611424246077849600 332 455 
nomask 1.20112e+30 118731099513897233487024197992448 0 0 455 
nomask -3.025566e-30 6102773972082649707889165336576 41526809451769434272064287539200 332 0 
nomask 1.4243422e+33 0 8779918671672713227766963508346880 332 455 
nomask 1.9375761e+31 30504763928908456248844646088704 0 0 455 
nomask -1.20034645e-29 98053749107665936346393769672704 10412066816487520736504709120 332 0 
nomask 1.4243025e+33 0 136068513383810241456846751662080 332 455 
nomask 1.9375449e+31 7545978976386918498109346243674112 0 0 455 
nomask -1.205296e-29 6179835347571746551821083082752 166094036337127545337669358714880 332 0 
nomask 1.4242232e+33 0 495508543236831299365765120 332 455 
nomask 4.8242097e+30 1936233892326079807927353344 0 0 455 
nomask -3.0132398e-30 1400134778572828972154880 2638844303619444685946866536284160 332 0 
nomask 3.5608556e+32 0 8887783482145746624569611449794560 332 455 
nomask 4.8439394e+30 30093764700214365372133714952192 0 0 455 
nomask -1.2102071e-29 24410692957132814461948447948800 2595287538254421051513252085760 332 0 
nomask 2.2571639e+31 0 136068504789103242634092462735360 332 455 
nomask 1.9375756e+31 30189610195083440940874989568 0 0 455 
nomask -1.8755113e-31 1601637425847029135151911929905152 41242969253133312811672482611200 332 0 
nomask 5.6432204e+30 0 2177026081331853469634550384558080 332 455 
nomask 1.1912358e+30 30094583105215312613127829323776 0 0 455 
nomask -3.0006739e-30 6077085932354641910823903035392 41521295947229689475187941048320 332 0 
nomask 2.2572877e+31 0 129585435784467047114394828800 332 455 
nomask 4.7647886e+30 7650161669612789328122774307209216 0 0 455 
nomask -1.9045926e-28 6432648758023075151676843061411840 40794262737676017641102164350730240 332 0 
nomask 1.4356534e+27 0 34975477230669900118022506078535680 332 455 
nomask 1.9138377e+31 7472268912934976402790327255040 0 0 455 
nomask -2.9635522e-30 393852508818459423473354326147072 164849777873948219591884800 332 0 
nomask 3.5652388e+26 0 132130066253962703708734682562560 332 455 
nomask 1.8980231e+31 7575823798591231704823381360640 0 0 455 
nomask -2.938708e-30 1660172994530822476470610685392322560 41076981017639340774440109940408320 332 0 
nomask 2.2508655e+28 0 520542357433383169220767907840 332 455 
nomask 1.1615445e+30 1893452677606995542376131330048 0 0 455 
nomask -4.840367e-29 5809719270862478528273711104 2559807782009499582175347998720 332 0 
nomask 3.5409654e+26 0 522742165975117010350741913600 332 455 
nomask 7.686919e+31 469527947509894067610784931178872832 0 0 455 
nomask -2.97583e-30 413359757261090900129183641177686016 655452157935148529699433354362880 332 0 
nomask 8.879421e+28 0 139325189506435523655911767382425600 332 455 
nomask 1.9138383e+31 120770971137074200598045261824 0 0 455 
nomask -3.0129515e-30 392202303314020701586555251195904 2585194079803113336214356607631360 332 0 
nomask 5.643219e+30 0 33595239963501347824431142010880 332 455 
nomask 2.9285724e+29 466108203143220267083840532714094592 0 0 455 
nomask -4.8408285e-29 6154049710695637287798189326336 40794253936696050846601772489768960 332 0 
nomask 3.5606564e+32 0 8744009573285695816855621803704320 332 455 
nomask 1.9296841e+31 1893704509605610773381264703488 0 0 455 
nomask -3.00077e-30 1595061086994973083074761779576832 165510135981948664743670579200 332 0 
nomask 1.4344831e+33 0 8744013423714431289449543242874880 332 455 
nomask 1.9296841e+31 29275804961758061191127252336640 0 0 455 
nomask -3.025566e-30 101238952974894021367462219204263936 39839217245783089410547803750400 332 0 
nomask 1.4142407e+33 0 137018074215000112939688159409602560 332 455 
