mask 0.99609375 407 1051 1459 2678 
mask 2.9038608e+29 49344039113807687721925340037120 0 0 2944 
mask -1.933958e-25 43089088678411313484521383923139215360 1042487916039581125616481599488 2208 0 
nomask 1.4064493e+27 0 56342497777064725808518323737985024 2208 2944 
nomask 7.2908437e+28 50722809793018797734130276630528 0 0 2944 
nomask -1.2138315e-26 10564552664052902154024709043257344 17017022309136418346255190589440 2208 0 
nomask 8.972355e+25 0 824266376252763141970562383872 2208 2944 
nomask 1.8149733e+28 3114970903449239552502199788503040 0 0 2944 
nomask -1.9124197e-28 161662480926954044782450908856320 266855579845748946484548297818112 2208 0 
nomask 2.2506834e+28 0 53887479739671089359248127164416 2208 2944 
nomask 1.7995298e+28 797840078347163746812341256192 0 0 2944 
nomask -1.9205236e-28 9576274557906600689657708544 67092181613824002133852160 2208 0 
nomask 2.2729471e+31 0 53660571163537158795444885651456 2208 2944 
nomask 1.9296838e+31 784313065939156344760172544 0 0 2944 
nomask -1.200308e-29 2619272360981630329062141896687616 64257002252899877505678180352 2208 0 
nomask 5.722138e+30 0 873119315225368042373312015237120 2208 2944 
nomask 7.4453444e+28 800416924613976916147798605299712 0 0 2944 
nomask -4.7815108e-29 9976113230767953850125420331008 4211150013838957699496879270658048 2208 0 
nomask 9.028655e+31 0 225369934163017096106580649592225792 2208 2944 
nomask 7.445345e+28 795142788670999499188587435393024 0 0 2944 
nomask -1.9125735e-28 2608381082990727875637238522970112 66712115422630763886991906963456 2208 0 
nomask 1.440399e+30 0 54115285036531719074241706983424 2208 2944 
nomask 4.824209e+30 3199734305131529294900625408 0 0 2944 
nomask -1.1953777e-29 10061523273239749456960986021888 273554932859134566603948032 2208 0 
nomask 3.586109e+32 0 820706972796530355674707656704 2208 2944 
nomask 4.8242103e+30 3084252366414353392853978185728 0 0 2944 
nomask -3.0008182e-30 162345844682609963046548489109504 16729342885938204752873309020880896 2208 0 
nomask 8.965769e+31 0 54569936347615114295978737270784 2208 2944 
nomask 1.929653e+31 3179971894990918303530964588953600 0 0 2944 
nomask -1.9204929e-28 169727193753588804709561667363536896 265061999365881388421516594511872 2208 0 
nomask 9.064392e+28 0 56809907880895241213619726607974400 2208 2944 
nomask 1.9296834e+31 3158705182820639680491488267993088 0 0 2944 
nomask -1.19040895e-29 654839569834907585189397066153984 65512404301576917731073759872286720 2208 0 
nomask 2.2730093e+31 0 13415372184558561574747121909760 2208 2944 
nomask 2.9781378e+29 813667834567814035432575860736 0 0 2944 
nomask -4.7419143e-29 615540656582591942932662583296 265897924903719320777991913472 2208 0 
nomask 5.722137e+30 0 55643626619753914818623275639242752 2208 2944 
nomask 2.9904688e+29 800609782132128398710781132144640 0 0 2944 
nomask -3.0473976e-27 654828475522660981737460787576832 67371249471441715260641247232 2208 0 
nomask 9.125802e+28 0 3506996740465834016475437766541312 2208 2944 
nomask 2.9781372e+29 795164560216084939045394718916608 0 0 2944 
nomask -4.7418375e-29 10652027228739174255481025942519808 65517892399256079643177456414752768 2208 0 
nomask 1.4259825e+27 0 3492420315659665042000602701234176 2208 2944 
nomask 4.5375092e+27 12400653703974985471740229575625408512 0 0 2944 
nomask -3.0092863e-27 10520993558032764185802835488669696 1060304942705332681178711737761792 2208 0 
nomask 2.2815108e+28 0 873133329093469015154705209229312 2208 2944 
nomask 2.9162404e+29 3169839667634449994692285169664 0 0 2944 
nomask -3.1202322e-24 678897627983271473631561340290072576 66928082235483770378443030528 2208 0 
nomask 5.5481224e+27 0 14144389264502927315438374408421376 2208 2944 
nomask 1.8227413e+28 50528432012279922101644689408 0 0 2944 
nomask -7.6496787e-28 2641181375439870204582139608956928 4197309901019260669911078273024 2208 0 
nomask 8.912146e+25 0 215553575354825781882931407486976 2208 2944 
nomask 2.7998173e+26 196559186649913078514445807796617216 0 0 2944 
nomask -7.6496787e-28 649383378730439852186193956438016 67385710566840313183818416383852544 2208 0 
nomask 8.940594e+28 0 229098238798302895523184479467208704 2208 2944 
nomask 4.479482e+27 800631220013687624929936196763648 0 0 2944 
nomask -1.9204929e-28 657572732901945821312841695625216 268663674689006797785451523473408 2208 0 
nomask 2.2728852e+31 0 13529263537088249408052560658432 2208 2944 
nomask 1.9296839e+31 50531038758578466145802649600 0 0 2944 
nomask -1.20032726e-29 2641224584866514870658101957099520 4210920898217624334975688956182528 2208 0 
nomask 1.4305732e+30 0 13472539868716498159160627560448 2208 2944 
nomask 7.445465e+28 3190942256451025986167532158976 0 0 2944 
nomask -4.7815108e-29 10433697169669490166852803484450816 4211377794806186209467460709515264 2208 0 
nomask 5.722137e+30 0 908929199294793188759203265474723840 2208 2944 
nomask 2.9781376e+29 50539277586513815469661376785416192 0 0 2944 
nomask -4.7614814e-29 2641182042766922631857444046766080 4211379574344992682201605877006336 2208 0 
nomask 5.6652436e+27 0 3536097093683381019767825456168960 2208 2944 
nomask 1.9217607e+31 201503115487144904893877408759808 0 0 2944 
nomask -1.9046235e-28 40757961616380001970833481269248 1067365374141188658445547831558144 2208 0 
nomask 2.2350878e+28 0 13472540737631931007175346880512 2208 2944 
nomask 1.9059152e+31 3158447928241928965861627492564992 0 0 2944 
nomask -7.470509e-31 169729905770729869156398902619930624 1067393846762092222191870511415296 2208 0 
nomask 3.5766263e+29 0 3477899723883549149559572265959424 2208 2944 
nomask 7.2288262e+28 12548033513460286714073207116136448 0 0 2944 
nomask -2.938708e-30 169727225785287321218776280378376192 16613640831818960524222809086361600 2208 0 
nomask 2.2433863e+25 0 57042226672080256656271342567424000 2208 2944 
nomask 3.087394e+32 49836806422197510138590654852235264 0 0 2944 
nomask -4.7416064e-29 660295427275849104554947956965376 1067508293351583499906581595684864 2208 0 
nomask 3.551574e+29 0 14144386595194717606337156657184768 2208 2944 
nomask 1.9138381e+31 201513813573954129651101677387776 0 0 2944 
nomask -3.0006256e-30 2630247889012901725994230543810560 67162345691991828409837036765184 2208 0 
nomask 1.4108048e+30 0 3353899091185059090636176621568 2208 2944 
nomask 4.498825e+27 12592599636856507829081830588416 0 0 2944 
nomask -4.7614817e-29 40074636961918561867398270418944 65045908880692929311322973092708352 2208 0 
nomask 9.002494e+28 0 217368663229487194006295721017344 2208 2944 
nomask 1.9217608e+31 49492417615597261317678825807544320 0 0 2944 
nomask -7.618494e-28 2749135644141103136511295925583347712 66458200704596272365483958697197568 2208 0 
nomask 5.6649396e+27 0 3635717024960139983546783643337752576 2208 2944 
nomask 2.9409992e+29 800631220013687624929936196763648 0 0 2944 
nomask -1.8887541e-28 10608291948377195486578780806316032 66913734166432388742900513731772416 2208 0 
nomask 2.266158e+28 0 880394014255640877285814682255360 2208 2944 
nomask 2.9409508e+29 12632765363961082714028284619784192 0 0 2944 
nomask -4.895715e-26 10146948304502761692050459983872 1052873254985976329750840076140544 2208 0 
nomask 5.5485776e+27 0 227235858901311242658091151350824960 2208 2944 
nomask 2.9286687e+29 784188114610116454609762469806080 0 0 2944 
nomask -4.7811262e-29 42256849309024656974477783042359296 4226786988163196721249292124160 2208 0 
nomask 3.5650484e+26 0 225369962635637999670326972272082944 2208 2944 
nomask 4.5375094e+27 784230906957353353638659544317952 0 0 2944 
nomask -1.9203388e-28 42082612884944105101590288824008704 261403128553304191336697141657600 2208 0 
nomask 3.551576e+29 0 13853057407417663063064714110042112 2208 2944 
