mask 0.99609375 518 711 932 1352 
nomask 0.01171875 0 16 367 1477 
nomask 0.01171875 0 11 548 314 
nomask 0.00390625 0 16 496 809 
nomask 0.00390625 17 644 235 1572 
nomask -2.9762144e-30 432403014011732139768409636208640 175201422519691219104361579806720 1440 0 
nomask 3.585812e+32 0 142356382890261674275187919421440 1440 1920 
nomask 1.9375756e+31 32114972465142269859007597568159907840 0 0 1920 
nomask -3.01324e-30 6975273153697273681044447135006720 2735043122900764338839646080084213760 1440 0 
nomask 3.586209e+32 0 9262481498874385359914671401861120 1440 1920 
nomask 4.8636694e+30 522122887608554821239808123207680 0 0 1920 
nomask -2.9548416e-33 1715379493265187491262740205404160 10909847961918324251559866369310720 1440 0 
nomask 1.406726e+36 0 2187289084805542568928561070080 1440 1920 
nomask 5.0814932e+33 127457701438840800259017277440 0 0 1920 
nomask -7.477499e-34 427069230273277846813033050931200 10729002820325489587982035845120 1440 0 
nomask 3.542574e+35 0 8860426438343478689311626362880 1440 1920 
nomask 1.9770351e+31 32849396295851981049062007767040 0 0 1920 
nomask -1.1723258e-32 26914214085648437276504406097920 2784358294969530555346334200627200 1440 0 
nomask 1.4170293e+36 0 9300214491556197165715600567173120 1440 1920 
nomask 1.9849272e+31 520107936224653579462175442107105280 0 0 1920 
nomask -1.1674547e-32 430627452571205937753226928455680 2765715208120089435917355319296000 1440 0 
nomask 8.921337e+34 0 2287209215603701801403230055301120 1440 1920 
nomask 7.8450054e+31 2074230263575004173559143134658560 0 0 1920 
nomask -1.1771031e-32 106323362806526028541149724016640 43805011505485595616699482112000 1440 0 
nomask 8.901895e+31 0 9110510819082925247324047194193920 1440 1920 
nomask 7.7817467e+31 32408967241457714680422161448960 0 0 1920 
nomask -1.8832449e-31 1640494014435098255852851691520 696107925236324388907455589908480 1440 0 
nomask 1.4142806e+33 0 35292561330586695215106238709760 1440 1920 
nomask 7.718365e+31 2088268503620500385876499203358720 0 0 1920 
nomask -3.0253734e-30 1736659573737179412871630427258880 10910743921021757045533824610467840 1440 0 
nomask 1.4008624e+30 0 9300513338018805902047587933880320 1440 1920 
nomask 3.1000719e+32 132309860251933692109205400453120 0 0 1920 
nomask -1.8909186e-31 425293424025273172835442465177600 176389844957405184168264739061760 1440 0 
nomask 3.527108e+29 0 2187325352580131007803802255360 1440 1920 
nomask 1.9059156e+31 523757790577192525979210219520 0 0 1920 
nomask -2.9882035e-30 6617573281145519444351936102400 11172625705619450355072809041920 1440 0 
nomask 5.603605e+30 0 2178076645047095636349230776320 1440 1920 
nomask 7.560156e+31 522080943927243291680591692431360 0 0 1920 
nomask -1.20521905e-29 105877690791967820977607823851520 698380130215172959603544555520 1440 0 
nomask 5.6032944e+30 0 2306149553133669765853685691187200 1440 1920 
nomask 1.929684e+31 2074342548605129980316889844285440 0 0 1920 
nomask -7.532619e-31 6975385003514104426535690950410240 43130284153792230369496523035555921920 1440 0 
nomask 5.682832e+30 0 35589678273694745368230541393920 1440 1920 
nomask 1.2011005e+30 130509750061482940530343815413760 0 0 1920 
nomask -1.1953776e-29 102099062711000040632462868480 696070714499596650621458133811200 1440 0 
nomask 2.2571639e+31 0 136710039291109877753346785280 1440 1920 
nomask 4.824055e+30 33516132863574238333062296371200 0 0 1920 
nomask -4.761866e-29 1574976195247229290508451840 178067654261761951444060078080 1440 0 
nomask 3.5605577e+32 0 571811479647896325386243533701120 1440 1920 
nomask 1.2011199e+30 131813274338288330645144862720 0 0 1920 
nomask -7.502285e-31 107214659234188296342209770291200 698252626320135479182774763520 1440 0 
nomask 3.5860105e+32 0 2196573635100182920990304501760 1440 1920 
nomask 1.20605235e+30 8087385524368953642338934809690112000 0 0 1920 
nomask -3.01324e-30 428844846115465931486528620462080 10987401810529455112331609254133760 1440 0 
nomask 1.4243422e+33 0 35589091189093595013937574707200 1440 1920 
nomask 1.9454679e+31 525590286331969814126679262494720 0 0 1920 
nomask -2.9668318e-33 102534222879438374851848437760 44516917992659065551307407360 1440 0 
nomask 3.516815e+35 0 141769098816351083568407406182400 1440 1920 
nomask 5.0612114e+33 530721256424795722309026447360 0 0 1920 
nomask -7.5075918e-34 428851673524032205104792773591040 11173210523484688931936073154560 1440 0 
nomask 8.986749e+34 0 35442286037767329779250364416000 1440 1920 
nomask 3.1506294e+32 2080722037688188863695950970880 0 0 1920 
nomask -1.1771219e-32 1640494014435098255852851691520 175187441292587375917956102881280 1440 0 
nomask 1.4171104e+36 0 147588845564454893075436456829255680 1440 1920 
nomask 7.908142e+31 8240551357897091334248706940600320 0 0 1920 
nomask -4.7083377e-32 26802801182164686884835761848320 10909552016877682590337898297425920 1440 0 
nomask 8.921589e+34 0 142952878978917728456279693721600 1440 1920 
nomask 3.1380026e+32 33076598036497168160440115527680 0 0 1920 
nomask -4.746931e-32 26692688818410318793458969477120 175210743337760447895298564423680 1440 0 
nomask 3.551676e+29 0 142358676827004393034046924390400 1440 1920 
nomask 3.0873952e+32 8325073567513697869195798118400 0 0 1920 
nomask -1.8831548e-31 6946860688942493958669500657172480 2784282567856189894974830605762560 1440 0 
nomask 2.2257207e+31 0 8860425871659500744954200719360 1440 1920 
nomask 1.89007e+31 2088044368773543833627508678328320 0 0 1920 
nomask -1.239712e-29 111146212719179482423784347344568320 174054961897176077819112471920640 1440 0 
nomask 8.39532e+31 0 2325127899291406414245394089246720 1440 1920 
nomask 1.2298685e+33 129089207338203540745899526953369600 0 0 1920 
nomask -1.8690812e-34 428844655709649342182433604239360 44103291284116387591261205299200 1440 0 
nomask 3.329617e+29 0 595223234839098330326309661573120000 1440 1920 
nomask 1.8663024e+31 525716171777566285462641416601600 0 0 1920 
nomask -1.9791643e-31 27787441014916795589611991051796480 700805835149863230172947283968000 1440 0 
nomask 3.4034107e+29 0 34033027544494546746259537920 1440 1920 
nomask 1.2333221e+36 130502759447931018937141076951040 0 0 1920 
nomask -1.2100724e-29 1647430545084874784443780300800 43333967281180807984816353548697600 1440 0 
nomask 5.4722677e+27 0 142356346622487085836312678236160 1440 1920 
nomask 1.2298876e+33 8183727298814122012031819773378560 0 0 1920 
nomask -3.0252293e-30 450054054496030248682388283960852480 2754360632520195412462125957985075200 1440 0 
nomask 1.4207073e+30 0 9300363624645304826370592321044480 1440 1920 
nomask 1.1961681e+30 132306378545573201977182246666240 0 0 1920 
nomask -2.9759738e-30 446403248621023831927133963959664640 683588905130136702512544525613793280 1440 0 
nomask 5.6826785e+30 0 143544850662693874887685130158080 1440 1920 
nomask 1.1911777e+30 129998336576229282059257351168327680 0 0 1920 
nomask -4.761866e-29 6617576256236403652228420730880 43338734897757105805600058800865280 1440 0 
nomask 9.028159e+31 0 148803376157597386809337238614179840 1440 1920 
nomask 3.0027997e+29 32276772345517754515992611200696320 0 0 1920 
nomask -2.9761663e-30 111146191828941319482992208421847040 44105612421690047679276641157120 1440 0 
nomask 3.58601e+32 0 9186572756518586086523868681338880 1440 1920 
nomask 4.8242094e+30 128478229595627881344896543826263408640 0 0 1920 
nomask -3.0008661e-30 1829308910673962395178127215327969280 171299419334439961968852621977494487040 1440 0 
nomask 3.5608556e+32 0 37959080766036593013984679616839680 1440 1920 
