mask 0.99609375 306 163 636 703 
mask 7.2597747e+28 4119603709620971071643884789432320 0 0 960 
mask -4.7615588e-29 827210101178791798271681495040 22259596791503999180797378560 720 0 
nomask 3.6009975e+29 0 4430211235777816539404823429120 720 960 
nomask 4.8044794e+30 66063668986475518497914880 0 0 960 
nomask -7.650048e-28 854138406144893810967753240084480 343262880791705653717741495910400 720 0 
nomask 9.0281555e+31 0 17498313811812296440143339847680 720 960 
nomask 1.929684e+31 64546386302758341320545618215567360 0 0 960 
nomask -1.200308e-29 823728766704662192233088286720 1382783182586589241386682747453440 720 0 
nomask 2.2730714e+31 0 287084932113029370063276044451840 720 960 
nomask 4.8044027e+30 64549965496896925176265420308480000 0 0 960 
nomask -7.587063e-28 3473374419562831606589128420884480 348100602976282926847287959224320 720 0 
nomask 5.6819024e+30 0 75008999798121413473379318916710400 720 960 
nomask 4.8044797e+30 66346990464974130254928936960 0 0 960 
nomask -3.00077e-30 3322658851846345862821686804480 349099006075880545867939184640 720 0 
nomask 3.6258538e+29 0 16052656812821219786096640 720 960 
nomask 4.5955376e+27 1040388219675035761004406374400 0 0 960 
nomask -7.587063e-28 50614311419610887277898629120 88201922159198160787053918289920 720 0 
nomask 5.721671e+30 0 74098658926282221594077437183918080 720 960 
nomask 1.19121634e+30 1044217921566225721423431016120320 0 0 960 
nomask -1.2088617e-26 864806300031773692828383581306880 345705080196941950698732430295040 720 0 
nomask 3.625465e+29 0 74401720574724724645900835409100800 720 960 
nomask 2.9781374e+29 1037227199210980362904066829844480 0 0 960 
nomask -7.5870633e-28 225026985467538798459609864134983680 5454476581691839143814957923041280 720 0 
nomask 2.2887304e+31 0 4393148120226332758516747468800 720 960 
nomask 2.9780894e+29 260110708460852537112825692160 0 0 960 
nomask -1.1953777e-29 12599601206003521774682112000 22046980699551755845302705192960 720 0 
nomask 2.2730095e+31 0 1098304597259899464709381816320 720 960 
nomask 1.1961875e+30 1051264568829886452688417110097920 0 0 960 
nomask -4.7615588e-29 3459224764913799710047031431004160 21903677655209186739505971855360 720 0 
nomask 9.064633e+28 0 4631316186408336632817837366312960 720 960 
nomask 7.7186103e+31 261068461618660273542263230955520 0 0 960 
nomask -1.9125428e-28 14064410291354836394708104139243520 21668768595384548600092046949089280 720 0 
nomask 3.4772027e+29 0 1143586401379007504386243952640000 720 960 
nomask 3.062092e+32 65256615883921715331183484600320 0 0 960 
nomask -7.563193e-31 3280988453883179969973772615680 5492804946161294762191846385909760 720 0 
nomask 1.4009786e+30 0 1143567614671770693048869018664960 720 960 
nomask 1.214656e+33 262802106578705887327385938821120 0 0 960 
nomask -4.919962e-32 827196553889944065976974704640 351520375878139542103035740160 720 0 
nomask 2.1831168e+25 0 71773549632359179048975041822720 720 960 
nomask 1.2298676e+33 261068461618660273542263230955520 0 0 960 
nomask 1.24310025e+36 3487692284150404682634594028093440 1367368552061526496417845508288020480 720 0 
nomask 5.4364603e+27 0 70882246404489175915625887825920 720 960 
nomask 4.6856387e+30 65700533444884207164135592427520 0 0 960 
nomask -3.012759e-30 830664925468078194839456317440 1386534537820149039494677733383864320 720 0 
nomask 5.549792e+27 0 278044290677742955144622899200 720 960 
nomask 3.0963863e+35 16363433226781877921576896922910720 0 0 960 
nomask -1.9124195e-28 861241032718631797636674103541760 86430930458270102070151599882240 720 0 
nomask 1.4066392e+27 0 18448902801166290125695532893470720 720 960 
nomask 1.913838e+31 261899428728359590565699911680 0 0 960 
nomask -7.6498014e-28 53830165624373251952875835228160 22048728352939736243603389808640 720 0 
nomask 5.682208e+30 0 70883406973276005959633605754880 720 960 
nomask 4.80448e+30 258214206617792920048997074835865600 0 0 960 
nomask -3.000722e-30 53383646983951995519340023644160 5531580709898073362533710110392320 720 0 
nomask 2.2730714e+31 0 4430211519119805511583536250880 720 960 
nomask 4.7647886e+30 4204388482058446521605714230640640 0 0 960 
nomask -7.5869396e-28 3231236538632594007722557440 5511895912826072160400897474560 720 0 
nomask 5.721826e+30 0 17942804856960467962810198917120 720 960 
nomask 4.8044024e+30 259292818575641247539611230535680 0 0 960 
nomask -1.200308e-29 3459169275218679398567912417525760 86421609640200873279214615265280 720 0 
nomask 9.064633e+28 0 70289195754419023427682026127360 720 960 
nomask 4.576195e+27 16314590884327423932371042304000 0 0 960 
nomask -3.0473976e-27 53384514010438250386201258229760 21973002418301749996363240282521600 720 0 
nomask 1.4403213e+30 0 18524667052708129058607374731837440 720 960 
nomask 1.1862839e+30 65270603911233293849878069248000 0 0 960 
nomask -1.9422251e-25 53161681403263014270574862008320 21901925468349382786345882091520 720 0 
nomask 3.625367e+29 0 1112213430485560259453732782080 720 960 
nomask 7.383688e+28 257440360386043907999198399692800 0 0 960 
nomask -3.0094342e-27 13345906645832197380618175119360 344556927739410656534389063680 720 0 
nomask 1.4403597e+30 0 73490209849548408082239174003916800 720 960 
nomask 1.838185e+28 63928372108225671293506745794560 0 0 960 
nomask -7.6186173e-28 13608722822040707670451724935495680 87015793658226914482009764003840 720 0 
nomask 1.4403602e+30 0 281147552869043336016979222855680 720 960 
nomask 2.9658065e+29 16480197472140455234171393896611840 0 0 960 
nomask -3.0346774e-27 56029467539084624776695033133793280 21822678585618801716219567816048640 720 0 
nomask 2.2505018e+28 0 18524961837179983889785335085793280 720 960 
nomask 1.9217608e+31 257489158676752652505835414487040 0 0 960 
nomask -7.618494e-28 13346125952531661846941899161600 1396796244862945385903617474560 720 0 
nomask 1.3872583e+27 0 70288017051744899164236687605760 720 960 
nomask 2.916241e+29 16261609363484024223049973760 0 0 960 
nomask -1.24471934e-29 14226033370681335362788982022482165760 338527796409213662605127586938880 720 0 
nomask 5.5638345e+30 0 281147625404592512894729705226240 720 960 
nomask 1.2592833e+36 16314584084119688600081934581760 0 0 960 
nomask -1.2299341e-32 209972856730688459675986632376320 338537189762832068273815053926400 720 0 
nomask 2.0831702e+31 0 17720562734490249867621323243520 720 960 
nomask 7.560285e+31 258214178764142036127940889605570560 0 0 960 
nomask 7.9645923e+34 896471424918052228585008159680102400 5493699164411547311099793050173440 720 0 
nomask 2.1388467e+25 0 73794441351328035818422351901491200 720 960 
nomask 2.866772e+29 1040688597601094891962336542720 0 0 960 
nomask -1.25947174e-29 211755449586012995278106724925440 1373089096581296237545715851591680 720 0 
nomask 2.1734328e+28 0 1089038747536531276442684620800 720 960 
nomask -4.454198e-38 1015583389227640987815382760816640 0 0 960 
nomask -7.617755e-28 52716913816333605901484288901120 1344864934112179689811021607731200 720 0 
nomask 8.791255e+25 0 73794418139952299217542197542912000 720 960 
nomask 7.623661e+31 64374037322576143524759538237440 0 0 960 
nomask -3.0598713e-27 3444963260447937068013690625720320 87299783012808397380145643520 720 0 
nomask 3.576138e+29 0 18372847246858956851737753854935040 720 960 
nomask 1.19123576e+30 1025555047599253543159142547959316480 0 0 960 
nomask -1.20026956e-29 56029467539084624776695033133793280 344276101444222181678151541173780480 720 0 
nomask 5.643064e+30 0 18676490340263661755609018762526720 720 960 
