mask 0.14453125 83 18 270 161 
nomask 0.00390625 0 1 75 160 
nomask -1.9141198e-31 5663197782978147700761969033216 241516930555219787299569008640 303 0 
nomask 2.2303968e+34 0 47880155857826460829168435200 303 166 
nomask 3.1126998e+32 113547371192694865920 0 0 166 
nomask -4.7853746e-32 5686731775445167165750980378624 243015281952428152007543488512 303 0 
nomask 1.424501e+33 0 181559839571924315283652608 303 166 
nomask 7.7501807e+31 428466764328666375419884478845157376 0 0 166 
nomask -1.9064461e-31 315277335092811326816256 3838784314754400984531948535808 303 0 
nomask 2.2466864e+34 0 175779198229913924534272 303 166 
nomask 1.25015046e+33 111322623245835346665221218369536 0 0 166 
nomask -1.16262114e-32 353949749648865144617740271616 968510720738330849514094592 303 0 
nomask 8.921083e+34 0 3216426124626367982259023151890432 303 166 
nomask 3.1506294e+32 27918157810557873143288954880 0 0 166 
nomask -1.1867515e-32 349577123546178208994363965440 3786502815972624793324601999360 303 0 
nomask 5.65649e+33 0 173491771706213943738368 303 166 
nomask 4.9031275e+30 1750952970964814271611752415232 0 0 166 
nomask -4.669894e-32 5325137825092479130559053824 60179508404289178857436224684032 303 0 
nomask 3.542573e+35 0 12865295910592661855126142113021952 303 166 
nomask 7.630311e+28 111366694258800079342213514919936 0 0 166 
nomask -4.669744e-32 1288967629822090102702080 245816016095735185408 303 0 
nomask 5.656806e+33 0 744991496856458358928965632 303 166 
nomask 3.138002e+32 7025685935988881533188440064 0 0 166 
nomask -4.7083374e-32 5894858473472030706541440603783168 15147622988681636651731261587456 303 0 
nomask 3.5861107e+32 0 766057751476332188119303454720 303 166 
nomask 1.9533594e+31 27270204167235513489193269460992 0 0 166 
nomask -1.8755713e-31 20534426159732361290317824 239074049244985730424678861766656 303 0 
nomask 5.657122e+33 0 193116571976615674982279675904 303 166 
nomask 4.8636697e+30 1733666744284420330933121483538432 0 0 166 
nomask -1.20034645e-29 94314764113259131001487889061117952 237488036794874180636084803731456 303 0 
nomask 5.656645e+33 0 200207951850882430857965448724480 303 166 
nomask 1.9454679e+31 112854362929401692160 0 0 166 
nomask -1.8910087e-31 1354155083522606799035301888 3846693970773942538199891968 303 0 
nomask 3.586209e+32 0 2698893367069709959168 303 166 
nomask 1.9296529e+31 109845717748764496089059375972352 0 0 166 
nomask -3.013192e-30 21665781268589053451798839296 15090726569948197205692436969422848 303 0 
nomask 9.029152e+31 0 12019616858104230693534957568 303 166 
nomask 7.813438e+31 433416686071105082733280370884608 0 0 166 
nomask -3.0008182e-30 22839962727201672515537659232256 61709326360918642793644032 303 0 
nomask 3.5862086e+32 0 199385859323953910341210929627136 303 166 
nomask 3.1127484e+32 1721945732146483572920450272985088 0 0 166 
nomask -3.013192e-30 363945270378542423262343716667392 236434184815305309055617446679937024 303 0 
nomask 3.5608556e+32 0 11249879900677563322728448 303 166 
nomask 3.1127486e+32 28087658051992278682570850304 0 0 166 
nomask -1.8986825e-31 1283401208548682864001024 15350709719318992810604079611904 303 0 
nomask 3.586506e+32 0 48078479681054987717282103296 303 166 
nomask 1.2450796e+33 110186510535698835112746206657249280 0 0 166 
nomask -3.0378438e-30 1421637066366058618013846863872 15294312445423272489673293824 303 0 
nomask 5.616397e+33 0 12410643843401724328164477370368 303 166 
nomask 3.1000727e+32 447701899325874752779714560 0 0 166 
nomask -1.9141198e-31 365439678363619267673082499694592 3798467633691760508121222672809984 303 0 
nomask 9.029648e+31 0 12308097069652766106513062232064 303 166 
nomask 7.718612e+31 1701672129175735829514900903586430976 0 0 166 
nomask -1.8986825e-31 331395673553267822709178368 61011177210424185481455208497152 303 0 
nomask 5.616716e+33 0 2873519350832342839066624 303 166 
nomask 7.718614e+31 27832121029552209596865048477696 0 0 166 
nomask -1.8601639e-31 1404123578492786654136439406592 959620725067224715921723490304 303 0 
nomask 8.921081e+34 0 12564366798833478271864521359360 303 166 
nomask 3.1380026e+32 6959133463589215025643569283072 0 0 166 
nomask -4.7662652e-32 22653164590821155583200310853632 956244621786626522388864132186112 303 0 
nomask 5.697213e+33 0 182343752408080676389126144 303 166 
nomask 4.863591e+30 1745339953682060797086281049833472 0 0 166 
nomask -1.883365e-31 22559390632845288027376702193664 3799397191261572031869204348010496 303 0 
nomask 3.5425724e+35 0 3229424678795589056569098511581184 303 166 
nomask 3.0521248e+29 111366694258800079342213514919936 0 0 166 
nomask -7.502285e-31 1359833964126014111049842688 968363450004096884701921280 303 0 
nomask 2.246496e+34 0 48279155242791983688712192000 303 166 
nomask 3.1253756e+32 27464371320394224359404329762816 0 0 166 
nomask -4.746856e-32 363945224590477005358263724670976 943350221412468526840706408382464 303 0 
nomask 3.586309e+32 0 3190122575353318278206409561604096 303 166 
nomask 7.7501797e+31 1745716697884319311856455196344320 0 0 166 
nomask -1.8987124e-31 21574920576275400043064721408 3825802887512824254399305561931776 303 0 
nomask 5.6571217e+33 0 12410640707750379702720055476224 303 166 
nomask 3.1127488e+32 1745764134320092260483326904631296 0 0 166 
nomask -1.2052576e-29 366928385734551583025862279168000 14987982363047975987558441688236032 303 0 
nomask 1.4142007e+33 0 800818712923514567575955964952576 303 166 
nomask 7.7503045e+31 6958948880450499099821101547520 0 0 166 
nomask -1.906386e-31 351036551059012449536179175424 243097151849254231970496380928 303 0 
nomask 2.2415042e+31 0 3077023875456773448447712821248 303 166 
nomask 1.1912166e+30 436487874770945580994663538491392 0 0 166 
nomask -3.0378438e-30 23387764319439729660853985545814016 60600149760867992975744480313344 303 0 
nomask 3.5863073e+32 0 197748397106579746260542432477184 303 166 
nomask 1.2450598e+33 1733760518242396198488945092198400 0 0 166 
nomask -4.8012323e-29 349571511825270057664247758848 60185955303453728771167639044096 303 0 
nomask 8.965271e+31 0 49641766375559983947997060792320 303 166 
nomask 7.7503035e+31 109433329826981413887815459851468800 0 0 166 
nomask -1.2052576e-29 93932172225589964865449804703989760 3773504838763251130096300268191744 303 0 
nomask 8.96552e+31 0 3190072204250118215067216254074880 303 166 
nomask 1.9217612e+31 110613560711790038558485159870464 0 0 166 
nomask -3.0254699e-30 23579070519800966339386945931575296 59526118234357757455191135060230144 303 0 
nomask 2.2572877e+31 0 12308099421391274575596378652672 303 166 
nomask 3.0873459e+32 6886464232301898654178031595159552 0 0 166 
nomask -4.86055e-29 22372948784848804161161791537152 14883176753868587245257937821630464 303 0 
nomask 5.575514e+33 0 51671610431101556604697933164576768 303 166 
nomask 1.9296846e+31 1721898662015233967526218500669440 0 0 166 
nomask -1.9141198e-31 5870852706534731955483236722802688 15150040575868342869380541972480 303 0 
nomask 2.2732576e+31 0 794255719403581241390265396101120 303 166 
nomask 1.9217611e+31 27033189613716306498209554405823348736 0 0 166 
nomask -7.5636747e-31 381856277855824442996426058995073024 3729395399109694236588606792126169088 303 0 
nomask 1.4142804e+33 0 3255677856965438697482518794338304 303 166 
