mask 0.99609375 82 33 165 142 
mask 3.0274132e+29 1457278214503046545525927051264 0 0 194 
mask -1.18058655e-29 19744953298156478535882282331275264 69825956371400064464060416 259 0 
nomask 2.2728238e+31 0 226628764113904330150216990720 259 194 
nomask 3.0027993e+29 94834841000445131183422963712 0 0 194 
nomask -1.19048576e-29 1254600184048041224306004831764480 4408914687620541282220972653412352 259 0 
nomask 9.027665e+31 0 221014678038014845290140401664 259 194 
nomask 4.824209e+30 92218435058050723847920902838681600 0 0 194 
nomask -2.9885404e-30 73766501700188474021374853120 4440620077715523394585667500507136 259 0 
nomask 1.4345232e+33 0 899009644156594469123154509824 259 194 
nomask 1.2110043e+30 5949035895633417615585147092992 0 0 194 
nomask -1.1855361e-29 1234119855153831344866720558874624 280385716423257166693955272704 259 0 
nomask 3.585911e+32 0 57535715745149932140089174917120 259 194 
nomask 1.9454983e+31 1467258958495832334315888312320 0 0 194 
nomask -2.9885404e-30 302561081987119698499516497920 277478509550156991634969204883456 259 0 
nomask 1.4403608e+30 0 51357229992596236926976 259 194 
nomask 1.1536822e+27 5886289311075776409366975425282048 0 0 194 
nomask -7.4922767e-28 295065987689927035722403938304 1110154902163076346027386928627712 259 0 
nomask 5.761286e+30 0 15035584107337498718823499297718272 259 194 
nomask 1.8613054e+28 23549666054039940358437885855137792 0 0 194 
nomask -7.5869396e-28 4820858044821784440696106647552 17875451988415117102105493504 259 0 
nomask 1.4304177e+30 0 14384393418810005127586222440448 259 194 
nomask 1.19618744e+30 23637713910541571103431086571520 0 0 194 
nomask -1.9125735e-28 4956841706365730627669660673245184 69572432146807279876988124308439040 259 0 
nomask 2.2201483e+22 0 14912625751621104550687277374767104 259 194 
nomask 7.228944e+28 373033281598121247585696024100864 0 0 194 
nomask -4.6621052e-29 4426278450142178889957376 283242446322423099159171987144704 259 0 
nomask 8.973307e+25 0 3625940898704996890773389574144 259 194 
nomask 7.0742027e+28 5928456075468799456105014732259328 0 0 194 
nomask -8.495084e-25 5018319953351046608473307110965248 17706410897730113566673565908992 259 0 
nomask 3.237876e+32 0 233977938509278944143105748631552 259 194 
nomask 3.0367418e+32 376824608516879065726435983360 0 0 194 
nomask 8.455852e+37 77133753179006932315899913306112 17582090822175383860706847752192 259 0 
nomask 5.319946e+27 0 891534407189101344319650922496 259 194 
nomask 2.8667728e+29 371551772824338860326922199540695040 0 0 194 
nomask -3.0991837e-30 80618900796257440257747468832210944 17394072430678049508149311085477888 259 0 
nomask 2.1464913e+31 0 58015098353956638734510463123456 259 194 
nomask 3.196974e+38 378123070256254359164000011288576 0 0 194 
nomask -1.1804327e-29 4820857739048554674886579060736 17874992129532103596693258240 259 0 
nomask 3.5408713e+26 0 234938550663313273581669982404608 259 194 
nomask 7.6867952e+31 93914641844642997972341230665728 0 0 194 
nomask -7.618124e-28 312372608628367250170434994307072 69076741148036785048834116583161856 259 0 
nomask 5.6820535e+30 0 3581089247865263722774575185920 259 194 
nomask 4.8241314e+30 5886450250534438426490487359668224 0 0 194 
nomask -2.9760701e-30 19123441840730313712046121680896 1110094744805366502465024374603776 259 0 
nomask 2.257226e+31 0 3774206719333454630731809529266176 259 194 
nomask 3.0027515e+29 371541512777293263095203835599126528 0 0 194 
nomask -4.7223465e-29 312367559700797357123515480801280 1110125116648732680793780517863424 259 0 
nomask 2.2728233e+31 0 58015087360287466613976405639168 259 194 
nomask 3.0027995e+29 376824570295225345000245035008 0 0 194 
nomask -1.19048576e-29 78094389927125904539576420007936 1109974078292533307483209427058688 259 0 
nomask 9.091295e+31 0 14384161635618292919659843813376 259 194 
nomask 4.824209e+30 23219415779971182979479746503507968 0 0 194 
nomask -2.9884922e-30 4780938432356168709441065058304 4471360604771057957571962553237504 259 0 
nomask 1.4243424e+33 0 935896333583823682169985029898240 259 194 
nomask 1.2060525e+30 1492253674430587863090939922743296 0 0 194 
nomask -1.1855169e-29 1244339902168603532445923703521280 4456151874888993033792566329344 259 0 
nomask 3.58601e+32 0 60386361877887764971851463899742208 259 194 
nomask 1.9375756e+31 23385510311098981133967362772434944 0 0 194 
nomask -3.0008663e-30 312367540131310652111705715245056 4409397822735092072624352229588992 259 0 
nomask 3.6505162e+29 0 14444201727523633862992451338240 259 194 
nomask 2.8601214e+26 370458054564661923491407418359808 0 0 194 
nomask -3.0095325e-27 4780938126582938943631537471488 281373727778320487952702064558080 259 0 
nomask 1.4501862e+30 0 3743526232369825408688847084060672 259 194 
nomask 1.8535985e+28 5969657829333424960479894930718720 0 0 194 
nomask -1.9259748e-25 80620168272772350462642364377726976 279437434814373242530225471881216 259 0 
nomask 2.2502589e+28 0 232060393415826554938041852493824 259 194 
nomask 7.3835673e+28 93909602701816457431326599938048 0 0 194 
nomask -3.0473974e-27 19991208204169452425437091880501248 17394072430678049508149311085477888 259 0 
nomask 8.7502245e+16 0 3896082017460726969716967982508277760 259 194 
nomask 6.8183183e+25 1471773658648165263840611898753024 0 0 194 
nomask -7.4588753e-28 1239230230911978128868897911209984 1110064490227804826755298177843200 259 0 
nomask 5.570241e+24 0 14974105867605737655707627908235264 259 194 
nomask 4.3053957e+27 375648391245485385748286833426432 0 0 194 
nomask -1.3901515e-23 4997880955212757713976247692820480 279460037798191122348247659577344 259 0 
nomask 7.9966386e+34 0 935911695404213525262908021276672 259 194 
nomask 1.8663353e+31 23219410770182586496456446521114624 0 0 194 
nomask 9.053424e+34 308530002927431246240299670831104 1106650337555970469150408572928 259 0 
nomask 3.2529025e+26 0 14912864035735853872556128660881408 259 194 
nomask 4.3634277e+27 5847018204491520550096325941657600 0 0 194 
nomask -1.3357665e-29 322475583145875375098896675399270400 277546201235806128470005821472768 259 0 
nomask 3.2640698e+35 0 928226680906134387135364204593152 259 194 
nomask -1.831759e-34 23474883550226682213800555315200 0 0 194 
nomask -3.0090398e-27 76173150677489693862890496327680 275594780983078045192666130415616 259 0 
nomask 2.2128661e+25 0 57775865119102123792885547532288 259 194 
nomask 1.8979924e+31 5887576826745072546355070900371456 0 0 194 
nomask -3.072493e-27 80948504807597251326699910455099392 69576297227723686200215160917852160 259 0 
nomask 3.5760407e+29 0 60386365630393509055660422187712512 259 194 
nomask 2.9657096e+29 5910055312756412685389324615680 0 0 194 
nomask -4.7813567e-29 321167467225870499918991672708431872 17391661445737475660893611064557568 259 0 
nomask 5.682523e+30 0 932069246788076207508651086184448 259 194 
nomask 1.1912164e+30 5887254321604173951730134533799936 0 0 194 
nomask -7.587186e-28 76493777147664607354089369501696 1102469535867583700042753272446976 259 0 
nomask 2.272823e+31 0 3712905550966492522351157353381888 259 194 
nomask 2.9904686e+29 365398402916054530100142387757056 0 0 194 
nomask -4.7815878e-29 19991200689486557700902141906911232 4426601808293430714957220020224 259 0 
nomask 2.288793e+31 0 928226622273232135825849231343616 259 194 
nomask 4.8044797e+30 23385505301310384650944062790041600 0 0 194 
nomask -3.0008182e-30 20155044573087385857172241085628416 69570533378900773469655230595465216 259 0 
nomask 1.4243422e+33 0 233974171345309297506768717348864 259 194 
