mask 0.99609375 62 57 348 340 
nomask 0.00390625 0 11 100 211 
nomask -7.3789062e-31 765560012396209458509404071526400 10910445654843541724223841102725120 640 0 
nomask 3.586011e+32 0 37505094110279563719221611037982720 640 480 
nomask 1.211004e+30 3687621051205977134585812237680640 0 0 480 
nomask -1.860164e-31 11863418763784082870934899261440 43632238101671276614975892163133440 640 0 
nomask 1.4242237e+33 0 8435860794331956180292730880 640 480 
nomask 1.9533594e+31 911553582660476623526778412864634880 0 0 480 
nomask -1.883305e-31 2953475101658507600198925025280 175229403107786199696610154250240 640 0 
nomask 2.246623e+34 0 142356373823318027165469109125120 640 480 
nomask 1.9612516e+31 921929828174148852911283088916480 0 0 480 
nomask -4.7660404e-32 189019335834562665254627447930880 172833916596219811986929866506240 640 0 
nomask 2.24675e+34 0 142356373823318027165469109125120 640 480 
nomask 2.0164033e+34 14446244965919035268533352933621760 0 0 480 
nomask -4.8047089e-32 12451191630582060164583329701560320 688571069094643072551692545000734720 640 0 
nomask 5.604071e+30 0 37352976038252176191042006653337600 640 480 
nomask 4.9802393e+33 231076314095486081458009329935319040 0 0 480 
nomask -4.7464804e-32 699989604577320421765939200 44106786590892348387862574530560 640 0 
nomask 1.4143598e+33 0 37352377184758171888334024201994240 640 480 
nomask 7.62354e+31 59198981766344065084305702912000 0 0 480 
nomask -1.2100339e-29 11863221557759758234550775316480 698325586882295815201326366720 640 0 
nomask 1.3612863e+30 0 35737648527279664201784874762240 640 480 
nomask 4.939755e+33 3675079712177271403222296166400 0 0 480 
nomask -1.0969156e-38 190600719609942365531768849694720 11056407286584983190912368640 640 0 
nomask 3.2560203e+29 0 571802340168700038789682755010560 640 480 
nomask 7.433396e+31 231127193431100710587307683940925440 0 0 480 
nomask -7.6859693e-31 49803968051002901588056008871116800 43644178033350184107727294216273920 640 0 
nomask 1.3681428e+27 0 583649535147984893337093097390080 640 480 
nomask -2.9788654e-33 58805953937758251066462851563520 0 0 480 
nomask -3.0002406e-30 49803169579677562517778698935992320 691466085302299274143086768291840 640 0 
nomask 1.3487238e+27 0 2224391726564487968747075665920 640 480 
nomask 1.2247974e+33 3733731680983255504388096000 0 0 480 
nomask -4.804032e-32 2965854313156702088162107719680 175196780244543898928330708090880 640 0 
nomask 8.880144e+28 0 137288083511924588469257502720 640 480 
nomask 1.8980236e+31 14837831917566170318430535680 0 0 480 
nomask -2.9881555e-30 732203206510927462562277621760 175201440653578513323799200399360 640 0 
nomask 8.941323e+28 0 35885611980656847703050100408320 640 480 
nomask 4.6856375e+30 58190652814549960190217854742691840 0 0 480 
nomask -1.9046542e-28 12501698810472379126436542157946880 43336358052881677875472252482355200 640 0 
nomask 5.6822125e+30 0 35737650794015575979214577336320 640 480 
nomask 4.8044797e+30 232073258351051711466233135104000 0 0 480 
nomask -4.7616355e-29 11962070888557822907307094179840 2715265990903547389228701655341465600 640 0 
nomask 2.272947e+31 0 2127063253076845301889761280 640 480 
nomask 3.0027511e+29 231992526284817846529946256670720 0 0 480 
nomask -4.7419913e-29 45763453034091173759848284160 175206137330387716158142933893120 640 0 
nomask 5.721828e+30 0 2233602182929012096075416207360 640 480 
nomask 1.2060522e+30 58791972710654407880057374638080 0 0 480 
nomask -1.1904665e-29 46533369956583929954319728640 11128097237013522095548661760 640 0 
nomask 9.028408e+31 0 144136695409258961783027222446080 640 480 
nomask 4.824209e+30 3662069195082602332349222501744640 0 0 480 
nomask -7.5022857e-31 47848274487287644519509566423040 173345413642426122221184886442557440 640 0 
nomask 1.4243028e+33 0 8934557202918269805947183431680 640 480 
nomask 1.9454676e+31 14377981498300129793964448255353815040 0 0 480 
nomask -1.883275e-31 2965757787985792232613939773440 174050337755916051862519220797440 640 0 
nomask 2.246623e+34 0 602486724225601370551252783045017600 640 480 
nomask 1.9533599e+31 928243515802635430653936575447040 0 0 480 
nomask -1.9063859e-31 192179129427805813821140474265600 175215440014569650729642297917440 640 0 
nomask 2.2304604e+34 0 34756669702673758107929149440 640 480 
nomask 1.2501505e+33 937193957535244799428096163840 0 0 480 
nomask -1.19632485e-32 192971459409981241782242902016000 10859234981482547764681459659272355840 640 0 
nomask 8.818258e+28 0 35737648527279664201784874762240 640 480 
nomask 3.0620919e+32 58185861986597925768553995131944960 0 0 480 
nomask -7.563193e-31 191389978920535972334767523758080 2765566945457571897795369353871360 640 0 
nomask 2.2257202e+31 0 9300362464076517996326584603115520 640 480 
nomask 1.8742245e+31 3662467657032747314125205657354240 0 0 480 
nomask -4.8399814e-29 199209571089211643766624798942167040 42726683415508971837161839169372160 640 0 
nomask 2.0987673e+31 0 2306150423560259888386691479633920 640 480 
nomask 3.0494173e+32 14546863184887101870551810126643200 0 0 480 
nomask 3.2890367e+38 741463719960170008129883340800 10985609892322589524383692771819520 640 0 
nomask 8.202189e+28 0 34611023065904902868953989120 640 480 
nomask 7.370013e+31 3619847198157159322555982224786718720 0 0 480 
nomask -3.1484868e-30 191389978920535972334767523758080 10985912800775952165869707151278080 640 0 
nomask 3.4202617e+26 0 36330118892956401667724877496320 640 480 
nomask -1.19150855e-32 928144190457295892720942716026880 0 0 480 
nomask -7.585461e-28 3100121014786970470449529487360000 10910742760452970215489816892538880 640 0 
nomask 5.3170677e+27 0 2334598430734136280859374319042560 640 480 
nomask 3.03674e+32 911502579530858065859452568946606080 0 0 480 
nomask -4.8039568e-32 191389978920535972334767523758080 2746849292063576948038894595604480 640 0 
nomask 5.5502404e+27 0 150017990311692532306406576089989120 640 480 
nomask 4.7055222e+30 14649466750193172401186136790138880 0 0 480 
nomask -1.19524296e-29 47847482640875796937400133877760 176413201404240138803920062382080 640 0 
nomask 2.2353305e+28 0 9119521719951352180962377072640 640 480 
nomask 1.8663012e+31 3686926644215190491587861010186240 0 0 480 
nomask -3.0600685e-27 747641378122065591909084037120 43637019645073016396287690030448640 640 0 
nomask 5.682212e+30 0 8897417301687774564627932774400 640 480 
nomask 1.1912358e+30 231146282466506491151146628436459520 0 0 480 
nomask -4.7616358e-29 200024036599858281157086430751621120 688590232406451210238347983443722240 640 0 
nomask 5.76175e+30 0 37352983001664897171306052960911360 640 480 
nomask 7.4453434e+28 928268274603421138259434557931520 0 0 480 
nomask -7.587063e-28 50006002960264373862370233192284160 10909254911268254099071922507612160 640 0 
nomask 5.761441e+30 0 8897420701791642230772486635520 640 480 
nomask 1.20110044e+30 14546465496649481442138498782986240 0 0 480 
nomask -1.8967964e-28 12011391284104913481918935203840 10986208745816593827091675223162880 640 0 
nomask 9.091541e+31 0 581281793483978661366972316385280 640 480 
nomask 1.2011199e+30 918069504816056008311315451200143360 0 0 480 
nomask -1.2003465e-29 49803961861302705161154634375495680 2765864631351393804083349002649600 640 0 
nomask 9.028408e+31 0 9300364204929698241392596180008960 640 480 
nomask 1.9375756e+31 14379200027439599179476636961309982720 0 0 480 
nomask -7.53298e-31 3213314819790466724069493248580648960 2715495059328416755994768989287874560 640 0 
nomask 5.656963e+33 0 602496565848913689324438231082598400 640 480 
