mask 0.99609375 79 49 151 159 
mask 1.9691123e+31 84756839110824229928990165434368 0 0 252 
mask -2.9638883e-30 4535869152469374885552702539956224 5710870812853662959011117400064 237 0 
nomask 1.4242234e+33 0 18606893140448597881253227659264 237 252 
nomask 1.21100404e+30 1370168497886736495985047896064 0 0 252 
nomask -4.6890032e-32 285838992158248417431641948946432 22750332822619924192028585613066240 237 0 
nomask 1.4242237e+33 0 302682243092284110350753256701952 237 252 
nomask 1.9454676e+31 84990787904247618148749470072832000 0 0 252 
nomask -7.53322e-31 70874101569010977255218598641664 365505595043933755328833353940992 237 0 
nomask 5.656964e+33 0 75670546492634783389881187958784 237 252 
nomask 1.9612825e+31 343703359714289979189834798858240 0 0 252 
nomask -1.8756013e-31 4573350240069227771457869004668928 362980585428979675864004221206528 237 0 
nomask 2.2464965e+34 0 1220692147127988367478831896854528 237 252 
nomask 3.1380024e+32 21483185789863754342686600986624 0 0 252 
nomask -4.746931e-32 17572400290034211205246082875392 22994575027023679368042217734144 237 0 
nomask 1.4243031e+33 0 287086452526142194774249046016 237 252 
nomask 1.2109847e+30 21396146345083023942503074564669440 0 0 252 
nomask -2.9762622e-30 283496442090471315104263695237120 5768227532888561632967041361117184 237 0 
nomask 5.6972105e+33 0 313760026844635500096223792280371200 237 252 
nomask 1.2208497e+30 343749345439079390261696859734016 0 0 252 
nomask -1.2003272e-29 17645461721942621319419450621952 5749408355113161266267103952896 237 0 
nomask 3.5607558e+32 0 75361008516750966455215690088448 237 252 
nomask 1.9296529e+31 21629877207715646144838484623360 0 0 252 
nomask -7.5329797e-31 1143355825375284045393010593103872 360475035288481023277685746434048 237 0 
nomask 5.4949824e+24 0 1162930970032581577972150960128 237 252 
nomask 2.9038612e+29 5442562404383019277247657803776 0 0 252 
nomask -2.9756374e-30 1084558232330715317238962847744 91359290798362889859271130873856 237 0 
nomask 5.5884774e+27 0 75049052386996465358543486189568 237 252 
nomask 1.8346101e+31 5387178664942815546563868279963648 0 0 252 
nomask -8.738968e-28 295083834770550053661924757025587200 1432191272403708841584227782754304 237 0 
nomask 3.2119933e+35 0 1210748469924755186142342688014336 237 252 
nomask 1.21467744e+33 86204050177965841050903773184 0 0 252 
nomask 3.4651978e+35 70582983995840628425288098775040 1456696724725586771045127290880 237 0 
nomask 2.036687e+31 0 4651800042456962033526610329600 237 252 
nomask 7.4335214e+31 339009019456465005020638718459904 0 0 252 
nomask -1.9791041e-31 272285637247186879644017098752 5767602392511535629762284098682880 237 0 
nomask 8.396066e+31 0 1172660112242118175652183015424 237 252 
nomask -4.5982762e-35 343694191220874021842173827219456 0 0 252 
nomask -3.0005772e-30 70874092615404125734371273474048 5788556981040275871353033195520 237 0 
nomask 8.817285e+28 0 301439216799844156427258849918976 237 252 
nomask 1.2400089e+33 1346905117929824247813570337701888 0 0 252 
nomask -7.5633136e-31 282327441272723050235795160956928 90745136836954089500796304490496 237 0 
nomask 3.560853e+32 0 17791469994732829616621223936 237 252 
nomask 1.2109654e+30 5442992737112320497972223672320 0 0 252 
nomask -1.8755712e-31 1089142479038693991069448667136 91990524161519750795068912435200 237 0 
nomask 1.4142408e+33 0 1205737293481431245248067731980288 237 252 
nomask 4.8635146e+30 1365498392804256875869349213110272 0 0 252 
nomask -1.1855553e-29 1107425394479231923774342299648 366649679928873961587229065216 237 0 
nomask 1.4242232e+33 0 4690641639004826385759325913088 237 252 
nomask 1.2060523e+30 5443712942863439706128941842432 0 0 252 
nomask -7.5024056e-31 71166338343037766191064744460288 1441783003495558353231489005518848 237 0 
nomask 1.4242236e+33 0 4671069408604888028729900531712 237 252 
nomask 1.9454676e+31 1346757992262040057250323183435776 0 0 252 
nomask -7.5332204e-31 268856370848027631365168037888 23154834842701481892214996992000 237 0 
nomask 2.2465596e+34 0 4651645337730983223949409648640 237 252 
nomask 1.9533599e+31 21628149161593302621304727273472 0 0 252 
nomask -1.17708435e-32 1133985553475320823916718976925696 5788708710675370473053749248000 237 0 
nomask 8.92159e+34 0 1215720194282881823228130282700800 237 252 
nomask 1.2602518e+33 344816270661916891710234820608 0 0 252 
nomask -1.1915664e-32 4393172260963793188143079882752 362931613052952906850766048722944 237 0 
nomask 5.69753e+33 0 1158056432373351182745911427072 237 252 
nomask 1.9454676e+31 85923538851611653939696131637248 0 0 252 
nomask -7.502405e-31 17645178564125941972622792196096 5727672617201572575161346051538944 237 0 
nomask 2.262722e+34 0 313755015972841482698216069350293504 237 252 
nomask 1.9533287e+31 343749309624651984178307559063552 0 0 252 
nomask -1.2003079e-29 282322821211587665478575374467072 5749256625478066664566387900416 237 0 
nomask 3.5607558e+32 0 302687060359443819744357167136768 237 252 
nomask 7.7501797e+31 1346794666235703886640967069990912 0 0 252 
nomask -7.5637946e-31 1133967503003908157888511439011840 22531519981442028640468702593024 237 0 
nomask 1.3737455e+24 0 74426353964568219978804806811648 237 252 
nomask 7.1670497e+28 85334427335208988269089403174912 0 0 252 
nomask -2.975589e-30 17572113774614962538131677511680 22998245099138438204473655427072 237 0 
nomask 3.516882e+26 0 4690489909369731784058609860608 237 252 
nomask 2.96063e+32 5424587837172437017023318998384640 0 0 252 
nomask -2.2003957e-28 73470530084630131026000301082542080 5688522134817746224360490400743424 237 0 
nomask 7.997657e+34 0 303925193222397428552609656995840 237 252 
nomask 7.5286e+31 21245342965377357488175413049950208 0 0 252 
nomask 1.363734e+33 70874097092207551494794936057856 5789167469689715327607678959616 237 0 
nomask 3.2013853e+32 0 312487206916288224768044179057016832 237 252 
nomask 2.9480068e+32 1342842229676001924961875787776 0 0 252 
nomask -8.163173e-31 72871987913202895477322920073625600 5749406570058630741541213175808 237 0 
nomask 2.098954e+31 0 74114407355104548347337353723904 237 252 
nomask -4.785296e-32 5443567446752102492359907868672 0 0 252 
nomask -1.20512275e-29 1098275297927352310354359091200 5727045648928707314637276633366528 237 0 
nomask 5.510802e+27 0 4710063032296935403450980630528 237 252 
nomask 1.2349383e+33 21399091723592900240439161703628800 0 0 252 
nomask -3.0253254e-30 73770963276884221394155019742216192 22754086102076532554349545395322880 237 0 
nomask 3.5354995e+32 0 19371040854723609402335867374141440 237 252 
nomask 4.8241326e+30 21631025507794353693507937370112 0 0 252 
nomask -7.5639145e-31 18218003854670785837341475747135488 22590606409796714944347584801538048 237 0 
nomask 1.4142408e+33 0 300191468443152787762208040812544 237 252 
nomask 7.8131913e+31 5349476100923883440979266469101568 0 0 252 
nomask -1.1904665e-29 281153909929907915818580091863040 360514144643208466338802078580736 237 0 
nomask 3.585911e+32 0 1200765492960977972440642130804736 237 252 
nomask 4.8242094e+30 85343649550266054741834325819392 0 0 252 
nomask -7.502285e-31 4591980045659614604570734563950592 1451922494040571974899292897804288 237 0 
nomask 1.424263e+33 0 4862725710634496963657539919020032 237 252 
nomask 1.9454677e+31 1340775832239300428589979764007108608 0 0 252 
nomask -7.5640353e-31 74370656094235159589963852691800064 358944305654849977595178551108173824 237 0 
nomask 2.246623e+34 0 4902579018968517753733919451119616 237 252 
