mask 0.99609375 44 53 133 180 
mask 0.0625 0 223 60 244 
mask 0.00390625 0 232 47 242 
nomask 5.721361e+30 0 282682989222748167777950892032 214 244 
nomask 7.4453434e+28 314145824130926763592122368 0 0 244 
nomask -7.618863e-28 4180186722858346027251077809700864 5640478679710228980316210462720 214 0 
nomask 2.288545e+31 0 1116591813890859576123006648320 214 244 
nomask 7.4453434e+28 4830595620063380953605254093471744 0 0 244 
nomask -4.8013858e-29 4112568433513569635580915981746176 1396352813970183152684822509387776 214 0 
nomask 9.028407e+31 0 4708428095261145891289957962612736 214 244 
nomask 3.0028e+29 77069625085553098572534455992320 0 0 244 
nomask -1.2003081e-29 254924468640737089519433547776000 349031420246798489038869678260224 214 0 
nomask 5.722137e+30 0 1116610105977430971693741899776 214 244 
nomask 1.9296528e+31 76805436950102900001241825280 0 0 244 
nomask -1.2003081e-29 15366576532314361530394083328 352594551921644537745097359360 214 0 
nomask 5.682678e+30 0 1037981289064943052652544 214 244 
nomask 4.80448e+30 4914381242776228376924045443072 0 0 244 
nomask -1.200308e-29 975150403744588841459952648192 349031420246798489038869678260224 214 0 
nomask 1.4305732e+30 0 302557331168053806644143651635068928 214 244 
nomask 4.7648654e+30 306167425718968544240098911191040 0 0 244 
nomask -7.470509e-31 16517827087157580153802335587401728 87869076924648674786957642956800 214 0 
nomask 3.5653343e+26 0 1172293131976465443263234835480576 214 244 
nomask 7.6869186e+31 77061346361540377591946068099072 0 0 244 
nomask -3.0599699e-27 983445044493540334187533303808 22268139775603326684579690971136 214 0 
nomask 8.670126e+25 0 1116591525826504121074648612864 214 244 
nomask 3.0240622e+32 19583850409858756297598435328 0 0 244 
nomask -1.8597431e-31 225616358076631329275904 5679124241380656447836815097856 214 0 
nomask 1.3971574e+27 0 1135395862837987631552576618496 214 244 
nomask 1.9190788e+34 306134343161683335009075783008256 0 0 244 
nomask -1.9370199e-31 66069197274007076765159303436828672 346681220700897775145388471222272 214 0 
nomask 8.645627e+22 0 1152980560142009036416741294473216 214 244 
nomask 1.2248166e+33 19398837078608784214598726189056 0 0 244 
nomask 3.182233e+38 257043773479845148513065213362176 351438439910684000310876662923264 214 0 
nomask 3.5302874e+23 0 72365679156512648915402100834304 214 244 
nomask 1.8821772e+31 19396757291741330628410871906304 0 0 244 
nomask -2.9508895e-30 60949920150509109581942095872 353845422702332013336693819047936 214 0 
nomask 5.5883263e+27 0 1116590949697793210977932541952 214 244 
nomask 1.0957297e+27 78106502929380726699899616231424 0 0 244 
nomask -4.7416835e-29 3983192548692055522006978789376 22336188300087339745231765504 214 0 
nomask 5.665395e+27 0 4669839676340781330802040104812544 214 244 
nomask 4.7845947e+30 308286940760053488727378328813568 0 0 244 
nomask -1.8808655e-28 63467249001661628469268734541824 1357537704533679374621838797701120 214 0 
nomask 2.2729462e+31 0 71761564417341383341251328212992 214 244 
nomask 3.0027998e+29 4915159899618489304114396135424 0 0 244 
nomask -4.7815108e-29 3950272948468253915266062221312 1415306028977981652165247115460608 214 0 
nomask 5.7219825e+30 0 1130713520772243548016889298944 214 244 
nomask 1.2060523e+30 1232948426888595157548783538012160 0 0 244 
nomask -3.0348744e-27 3966828880614054875286724411392 22630592321865176159709298688 214 0 
nomask 2.272761e+31 0 72667713480949845298608844308480 214 244 
nomask 2.9905168e+29 4915938051167536564252708962304 0 0 244 
nomask -1.9047157e-28 4112634145885420608364336310648832 351428890001171954547711071485952 214 0 
nomask 9.091046e+31 0 18091422093643005869237389492224 214 244 
nomask 2.9904688e+29 1199171362271756255513482627121152 0 0 244 
nomask -1.20034645e-29 4095614124155767862397184350617600 22032940031983213846809966314258432 214 0 
nomask 1.4243025e+33 0 72666556614498337824402973917184 214 244 
nomask 1.2060525e+30 19590476539319473689305075714883584 0 0 244 
nomask -7.713649e-28 3999751259950531650813849239552 353864485649118606616835173384192 214 0 
nomask 9.028157e+31 0 73570355072966286587158920691712 214 244 
nomask 1.929684e+31 4915809706691265133035091132416 0 0 244 
nomask -1.2003081e-29 63997046915018677862762530471936 22415024942707277662535402127360 214 0 
nomask 3.551674e+29 0 4504050106157935000400076734464 214 244 
nomask 1.8381852e+28 4863840906017465231403072775782400 0 0 244 
nomask -1.9363006e-28 254924468640737089519433547776000 5584655522500968556832564315160576 214 0 
nomask 3.5762387e+29 0 4708353170874549455032226372648960 214 244 
nomask 1.8979924e+31 19323974064944969422939133946363904 0 0 244 
nomask -1.20868436e-26 255984177653131049726077621501952 87505906697444223803444260927176704 214 0 
nomask 3.504827e+23 0 295489705078563924866221970817024 214 244 
nomask 4.7451348e+30 76740625682798656081732183009525760 0 0 244 
nomask -3.0345295e-27 4146411598567447606695602302222336 349069324906946686122013415702528 214 0 
nomask 3.2541763e+29 0 18910739370112119813620204386123776 214 244 
nomask 1.1466709e+30 1224404395642279009285602151497728 0 0 244 
nomask -1.3358435e-29 255984129144982537689081986416640 5584655522500968556832564315160576 214 0 
nomask 5.4335814e+27 0 295480265785764373841625864994816 214 244 
nomask -1.19152736e-32 1224537502001796038801624825593856 0 0 244 
nomask -8.471798e-31 16517830191679084924170056232861696 5508085749178410561126065655250944 214 0 
nomask 1.2750467e+33 0 19758965633184769541015010261673705472 214 244 
nomask 1.8663347e+31 75259805682557807160138111047035781120 0 0 244 
nomask 1.24440804e+33 16653466736222502289885056378863616 351523688523779945501760243630080 214 0 
nomask 2.1773763e+22 0 76568461260858858114079801200345088 214 244 
nomask 1.7840552e+28 306167587412796917696751028142080 0 0 244 
nomask -1.2099762e-29 66612807268216380874024911865118720 349050335704635089334251718443008 214 0 
nomask 1.3777383e+27 0 293073319866353859061998537408512 214 244 
nomask 7.6436103e+34 4863974917862421152276347304804352 0 0 244 
nomask -1.9045619e-28 259154945119386022637095396311040 347529803389306712719584269904642048 214 0 
nomask 2.2351485e+28 0 290656768729075051149920875577344 214 244 
nomask 1.9138381e+31 76206556918014012902994691628204032 0 0 244 
nomask -1.8966734e-28 278371517933794181683079822181392187392 5522127046471576293600683121700765696 214 0 
nomask 2.272946e+31 0 20555934974945799474320676933193508585472 214 244 
nomask 2.9904688e+29 4865037181637303413098094826356736 0 0 244 
nomask -4.7617125e-29 66883037238077612761900775282573312 347529765632135514515485885481353216 214 0 
nomask 5.7219825e+30 0 294281530908577641087205168381952 214 244 
nomask 4.824209e+30 4830196689050017961353151151865856 0 0 244 
nomask -7.6188633e-28 63997075211438643217676650938368 22031130047588899937843663022850048 214 0 
nomask 2.272823e+31 0 76259140355463970813577711459500032 214 244 
nomask 1.1961875e+30 304826227672056051611978766512816128 0 0 244 
nomask -4.7617893e-29 66070256950680705050674617087164416 5508085159222610589187028398637056 214 0 
nomask 2.288793e+31 0 18756088356707475714393755621523456 214 244 
nomask 1.20111986e+30 4750621775745300816076300353536 0 0 244 
nomask -3.0008182e-30 64985156315609353403974027531255808 1344672312561236623278471118848 214 0 
nomask 3.5608556e+32 0 4515111968682140879500747980406784 214 244 
