mask 0.99609375 79 96 259 350 
mask 2.9903715e+29 7397734433249564760185451315200 0 0 433 
mask -1.8889385e-28 5350885243985769739059200 2493450434550889977416253440 320 0 
nomask 2.2728236e+31 0 7892463002378281729826280701952 320 433 
nomask 7.4762915e+28 29099172092298873316814356480 0 0 433 
nomask -1.18056745e-29 23924138754801096778041251594240 39084388001087786351533148138897408 320 0 
nomask 3.611165e+32 0 1998210626264876990919358808064 320 433 
nomask 1.2060523e+30 452557107358463323329220568185569280 0 0 433 
nomask -1.1953969e-29 23074021280228038833025843200 2512261072084520884098217898147840 320 0 
nomask 3.5861096e+32 0 131086917674129802636883159678976 320 433 
nomask 1.21098485e+30 7350547791774094006066966691840 0 0 433 
nomask -1.9047157e-28 1464406129679865952945842421760 39634504892651397616760782848 320 0 
nomask 9.028158e+31 0 32372333894312737417336048320512 320 433 
nomask 1.9376066e+31 465562669407719337878439854080 0 0 433 
nomask -1.20034645e-29 23627796279796237246731995054080 157486936341923685159105724416 320 0 
nomask 2.2728857e+31 0 491201723954413351819062280192 320 433 
nomask 7.476292e+28 28883743885460519325424543554600960 0 0 433 
nomask -4.7815875e-29 1476737645276583457492366786560 2494838852219477637343618353070080 320 0 
nomask 2.2729476e+31 0 135875485733528164527100468417003520 320 433 
nomask 3.0027998e+29 7375838634768384911791591490846720 0 0 433 
nomask -1.9046235e-28 24121030458412633358579772948480 40158996158608165285715247104 320 0 
nomask 3.5762383e+29 0 7992972348887137706007408410624 320 433 
nomask 4.8044794e+30 1837540044983295016396956631040 0 0 433 
nomask -4.7418375e-29 96485717615732424744829703946240 9878942698893366094807747788800 320 0 
nomask 8.878698e+28 0 31971370020238031854709740929024 320 433 
nomask 1.9138381e+31 1849821975731942389668737187840 0 0 433 
nomask -2.9882518e-30 91140067514779976944960143360 39514719776244303945252940546048 320 0 
nomask 1.4108048e+30 0 2080338945189777961330237471981568 320 433 
nomask 7.259775e+28 29298933500386344802372273580277760 0 0 433 
nomask -2.9758296e-30 1613122130850787903491113834847928320 39098383358116609193724419030122496 320 0 
nomask 1.411561e+24 0 522229110177926715535900975038464 320 433 
nomask 1.2349576e+33 117944148836050840133220433920 0 0 433 
nomask -4.7415294e-29 1476761729345646092682956636160 623558300838360320201261219577856 320 0 
nomask 2.228155e+25 0 7992841993863336193038340849664 320 433 
nomask 1.22479675e+33 29204117738496166143711070126080 0 0 433 
nomask -4.552837e-32 1531095265991633209413310160568320 2477617904600753300778371877175296 320 0 
nomask 3.5655236e+26 0 513669347028804194651440490217472 320 433 
nomask 2.8667226e+29 460902775299946234516061647011840 0 0 433 
nomask -3.0004813e-30 95300371894229378912176171909120 630029920152306870870844899328 320 0 
nomask 3.516882e+26 0 517957505891778765281886975557632 320 433 
nomask 3.0747183e+32 114771401746210461894337645405798400 0 0 433 
nomask -1.2239682e-26 387527530427280554901523671285760 2460599799622987553805776413786112 320 0 
nomask 5.7034706e+27 0 8026213391152695283758730838016 320 433 
nomask 1.1961679e+30 29197909904412445022898953912320 0 0 433 
nomask -4.6822884e-29 91141566866138288057315491840 159126763818236706684064241811456 320 0 
nomask 2.2661581e+28 0 1981491827668075296677802541056 320 433 
nomask 4.537434e+27 29400631652789073152632495800320 0 0 433 
nomask -7.5553856e-28 1458216712825428023750059622400 621588857265465664154739146752 320 0 
nomask 3.625563e+29 0 32105370895136613021798438535168 320 433 
nomask 2.990468e+29 29486037209012710033305108480 0 0 433 
nomask -1.8809578e-28 95300390028116673131613792501760 39510515698927662209340738109440 320 0 
nomask 2.2728233e+31 0 2063220465821292705830181797888000 320 433 
nomask 3.0028478e+29 28807976925924844455743350374400 0 0 433 
nomask -1.1904473e-29 1482902883614629094104655462400 9977741043188320122784187676622848 320 0 
nomask 3.5861092e+32 0 31222029054228427108761206784 320 433 
nomask 1.2060524e+30 29400640719732720262351306096640 0 0 433 
nomask -1.912635e-28 22592335471756757330936463360 10039492443136133012352139264 320 0 
nomask 3.5859104e+32 0 8059842431312626776582689652736 320 433 
nomask 1.9375758e+31 118187355413838365657661440 0 0 433 
nomask -3.01324e-30 5981127247083338439556501340160 9972518755624018364281651200 320 0 
nomask 9.028656e+31 0 7642565480665261544914812928 320 433 
nomask 1.861336e+28 465513934585616123139834511360 0 0 433 
nomask -4.8013855e-29 378032530325961688193047388487680 9841589921787635429390232196218880 320 0 
nomask 3.5860098e+32 0 134233120954442013962281268612694016 320 433 
nomask 4.8241323e+30 1856188571998924401657221690163200 0 0 433 
nomask -7.6498014e-28 372267219382827997465044582400 38815343803698871833454036924760064 320 0 
nomask 2.2350878e+28 0 520093111735522780483481732382720 320 433 
nomask 4.7648654e+30 115619941724176886848395673600 0 0 433 
nomask -4.7416835e-29 1482926873236362071902341038080 2493449935335878482651512832 320 0 
nomask 8.731284e+25 0 471549857198068270863745024 320 433 
nomask 1.1664964e+30 117152231588706014979109683200 0 0 433 
nomask -1.200154e-29 91525406716824036407341219840 10045545449080877825845053869785088 320 0 
nomask 3.4773965e+29 0 30700610955882421211549925376 320 433 
nomask 4.6064105e+30 7273228879762117954255890331729920 0 0 433 
nomask -3.0849172e-27 98796652097260129212956876682035200 2460801595334186357129562130743296 320 0 
nomask 1.3875555e+21 0 129487282613425118782741152792576 320 433 
nomask 7.5604e+31 1805532259019497779149017479905280 0 0 433 
nomask 1.9805881e+37 1524756239277967509043154832588800 9910162806968230290061787136 320 0 
nomask 2.1622732e+22 0 33010453303207142581427115533533184 320 433 
nomask 4.606486e+30 29174208858563135437537280 0 0 433 
nomask -2.8888272e-30 1452026823734341807589755453440 2485960530019169837918546034688 320 0 
nomask 2.2203786e+22 0 118905894123904606209572864 320 433 
nomask -1.1448842e-35 115996251053150727118681381273600 0 0 433 
nomask -1.2288789e-26 5599823496093550403796336640 9878942698893366094807747788800 320 0 
nomask 1.3641514e+24 0 31836831366966747975293752836096 320 433 
nomask 1.8822088e+31 28691256588752035546480478729011200 0 0 433 
nomask -1.17200666e-32 99200709536382680907782576333127680 615183451658060049055133560995840 320 0 
nomask 1.3972315e+27 0 33009923556748690729381275986034688 320 433 
nomask 2.9286202e+29 459433368278608339266227404800 0 0 433 
nomask -4.7413753e-29 24395323021072828568567978120970240 610777513197109523177341326458880 320 0 
nomask 1.4066771e+27 0 1956399380179584648750712225792 320 433 
nomask 2.879054e+29 7221530182583986813888087468277760 0 0 433 
nomask -3.022105e-27 366095723909192558572847759360 2426361270491377363402367122276352 320 0 
nomask 9.001766e+28 0 33421576338296651647215485623205888 320 433 
nomask 2.978089e+29 28612233701841941772920799887360 0 0 433 
nomask -7.5552624e-28 6149534458139762658113847222599680 156468713442158411245454098432 320 0 
nomask 2.2728226e+31 0 8252748903205677967174834656903168 320 433 
nomask 1.2011392e+30 7202575271453263395082930749440 0 0 433 
nomask -1.20032726e-29 379610807161984978873209795379200 617450149159289098716730884096 320 0 
nomask 3.5861092e+32 0 7892206381900052869000900640768 320 433 
