mask 0.99609375 94 83 224 286 
nomask 0.02734375 229 145 250 177 
nomask -2.9638883e-30 1921760950239985811019119617638400 9910593449111410686983197698293760 400 0 
nomask 9.028161e+31 0 34204761323738352290589581324058624 400 436 
nomask 1.2060522e+30 144047636866442501088299555225600 0 0 436 
nomask -1.8678677e-31 1921792140526131868451827036979200 610775891423122510152303458123776 400 0 
nomask 1.4343648e+33 0 2077481561972459773022518846160896 400 436 
nomask 1.9454675e+31 565664445345065591350433312826982400 0 0 436 
nomask -7.502285e-31 455700367088690402660083302400 632382630300666312444659749617664 400 0 
nomask 5.697528e+33 0 2003653617608891198970785693696 400 436 
nomask 4.8636697e+30 572167060999219576265399861248000 0 0 436 
nomask -7.563915e-31 30748179072402395743119272941977600 2477647835186195319767479252680704 400 0 
nomask 1.4244216e+33 0 8413556684458496845662430871683072 400 436 
nomask 1.2501503e+33 576175254554151879294138187776000 0 0 436 
nomask -1.8987124e-31 482428588078662123724148519731200 627963164413141481221888493486080 400 0 
nomask 8.966266e+31 0 32057951379602772516865530920960 400 436 
nomask 7.75018e+31 564290727945557324997812918681600 0 0 436 
nomask -1.8986823e-31 118135165726863027560327308902400 623712829061169466042602393436160 400 0 
nomask 2.2466861e+34 0 2077481298426631097033358760214528 400 436 
nomask 1.24506e+33 145041902795211807670171965849600 0 0 436 
nomask -1.8830044e-31 7383685392963027565674705715200 40173680135825719562992615424 400 0 
nomask 2.1890287e+28 0 128769397829874377330731190845440 400 436 
nomask 4.9397534e+33 9188427469354837007347692339200 0 0 436 
nomask -4.746405e-32 1929714352314648494896594078924800 39787439632949768376224049004544 400 0 
nomask 5.0890826e+30 0 523688325350142349654477856833536 400 436 
nomask 7.4017064e+31 2288544208207785844108274591334400 0 0 436 
nomask -2.025386e-31 118137107563960783558439180697600 9840422790951456517175353962135552 400 0 
nomask 1.312947e+33 0 129844697754100997602526862770176 400 436 
nomask -2.8269952e-36 9091290445976101750171562619699200 0 0 436 
nomask -3.1662777e-30 476486536336383279136091458764800 39523918511695217590121860694016 400 0 
nomask 1.2820962e+30 0 8413558265733468901597391387361280 400 436 
nomask 4.899193e+33 36855639117928665973994291200 0 0 436 
nomask nan 7352859673509447669577783705600 10012740188551079790581559328768 400 0 
nomask 3.4457632e+26 0 123126217625970293112477581312 400 436 
nomask 7.560156e+31 9186728361894300508999804518400 0 0 436 
nomask -1.890678e-31 7414517251493035192310405529600 9909238823552016102700355933962240 400 0 
nomask 3.4776874e+29 0 8482236727411459620780828495183872 400 436 
nomask 7.4017006e+31 143436429480380138446243698940313600 0 0 436 
nomask -1.19532e-29 119616817655596344485414856294400 623746892359525837641543502004224 400 0 
nomask 3.5516733e+29 0 2103355173702725008813956630839296 400 436 
nomask 7.7186118e+31 144051535652210758267387982643200 0 0 436 
nomask -1.2002888e-29 1929715198562722225137016373248000 616574312893853635625197292983681024 400 0 
nomask 2.257225e+31 0 8048220681495326476124727279616 400 436 
nomask 1.2011006e+30 144999182379061175711710786355200 0 0 436 
nomask -1.1953776e-29 28239956326419696553925017600 158070291289156514154506665066496 400 0 
nomask 2.2730095e+31 0 130922007215271272291668190035968 400 436 
nomask 4.8242094e+30 9091543836827892976446581034188800 0 0 436 
nomask -1.9047157e-28 125520055988188387673577553185996800 9948182784760288367769724911616 400 0 
nomask 2.2728852e+31 0 8447965754942091342381572201381888 400 436 
nomask 3.002848e+29 2288979663288011033537003755929600 0 0 436 
nomask -1.1953969e-29 7781993801973131911161241298534400 39367101232576886774179660155584512 400 0 
nomask 9.028408e+31 0 2094753433173483736612491470307328 400 436 
nomask 4.8242097e+30 2262785041616300902493992881278156800 0 0 436 
nomask -3.0008661e-30 476494303684774303128538945945600 2495122768448214133005298098503680 400 0 
nomask 1.4243422e+33 0 130384406668000838903737870188544 400 436 
nomask 1.937576e+31 2304452463068094749418233161318400 0 0 436 
nomask -3.025566e-30 30027985195201472113837028147200 634362208981088754702217117696 400 0 
nomask 1.4243819e+33 0 130924164996743556952916393721856 400 436 
nomask 1.2501503e+33 36257570498942690511807525683200 0 0 436 
nomask -1.9064162e-31 1953390318243727277042792241561600 156341339597958217710088047197945856 400 0 
nomask 3.5611535e+32 0 523688259463685180657187835346944 400 436 
nomask 1.9217614e+31 9092286600851464204611520508723200 0 0 436 
nomask -7.6255438e-31 31001210147869704704495294873600000 157459769060593492283920944331751424 400 0 
nomask 5.616556e+33 0 135713679271953946019212568351997952 400 436 
nomask 4.9599575e+33 36372129065188010031545917112320000 0 0 436 
nomask -1.2100339e-29 1945498329600701016327392854016000 2494784639150022838912907829313536 400 0 
nomask 5.472267e+27 0 131463923325486275002094917255168 400 436 
nomask 1.2298678e+33 36504191366144074863447585587200 0 0 436 
nomask -1.181749e-32 119618751936907727892094386176000 39359519546177535918022307650469888 400 0 
nomask 2.0002767e+31 0 521537692558460524612241502240768 400 436 
nomask 4.736935e+33 576175133661569917831220717158400 0 0 436 
nomask -8.3483e-31 1937575392456692621105120988364800 158552189712488390839523279590391808 400 0 
nomask 3.2822676e+32 0 527989393274134492747080501559296 400 436 
nomask -7.3269155e-34 144470434372443743388106628687462400 0 0 436 
nomask -2.0715474e-31 31126992592986344874051764014284800 2466505591932266114859533594945126400 400 0 
nomask 8.000981e+31 0 8482374298334028487122393359187968 400 436 
nomask 4.8586293e+33 144458488251064639468453852138700800 0 0 436 
nomask 8.402116e+34 119618736825334982709229702348800 628047894397060811736856125243392 400 0 
nomask 8.555381e+25 0 2086116904594857233841894964854784 400 436 
nomask 1.8663016e+31 36505147173120207679638837657600 0 0 436 
nomask -7.5624714e-31 30621402406691704502529525442150400 2503713683008961824339546603520 400 0 
nomask 2.1890287e+28 0 500905522477414985125481938944 400 436 
nomask 1.1842522e+33 9153933113385909067191477600256000 0 0 436 
nomask -4.8207995e-29 7507121913748812361021941350400 2466159077659989665496026031285338112 400 0 
nomask 3.551576e+29 0 130922056630114149039635706150912 400 436 
nomask 1.9217612e+31 2262785536792316616646102840927846400 0 0 436 
nomask -4.8010782e-29 502080409643759443501351447612620800 621047895808930451814078917514362880 400 0 
nomask 2.2572246e+31 0 33929501410069372764316134811893760 400 436 
nomask 4.8044027e+30 145038019121016295673948222259200 0 0 436 
nomask -1.2003081e-29 7655476813528493892918220685312000 2477376910074316402910910899814400 400 0 
nomask 5.722137e+30 0 128769439008910107954037454274560 400 436 
nomask 1.9296528e+31 143045633812427660879709025075200 0 0 436 
nomask -1.1953585e-29 1838185167468519838629599641600 155919790270389027106850353446912 400 0 
nomask 2.2730093e+31 0 527989162671534401256565426356224 400 436 
nomask 1.9297148e+31 569752804221807523977301415532953600 0 0 436 
nomask -3.0008182e-30 124509920127507253970140022177792000 39645616464321672118558488277286912 400 0 
nomask 9.028903e+31 0 8447831346569466587909928368734208 400 436 
nomask 7.750303e+31 569768711751312341113833869279232000 0 0 436 
nomask -3.0131441e-30 7781870491539531218985421268582400 156358729405917574178827158283091968 400 0 
nomask 1.4243819e+33 0 527989393274134492747080501559296 400 436 
