mask 0.99609375 86 96 228 290 
mask 3.100022e+32 105501021051984008095999406899200 0 0 384 
mask -1.8909186e-31 82530048851379072263843217408 8845581832781488652845842432 291 0 
nomask 8.966017e+31 0 1742432188481210169107706544128 291 384 
nomask 1.9217612e+31 105139136088130326344245444608 0 0 384 
nomask -7.5019255e-31 21666299842868157764355162636288 35037491885294934027478744694784 291 0 
nomask 9.029151e+31 0 437465098850225098778631733248 291 384 
nomask 1.9296839e+31 26088941573949865862550555325366272 0 0 384 
nomask -7.53286e-31 1331672766279485895850372104192 556945993424702575387961173475328 291 0 
nomask 3.5863077e+32 0 1779483006990372557439646040064 291 384 
nomask 1.9296532e+31 419156152221559863795338207821824 0 0 384 
nomask -1.8967657e-28 22368932998673040700317478630195200 2205106309092886699619704111104 291 0 
nomask 1.440399e+30 0 114834001859431418776410610728960 291 384 
nomask 1.9296836e+31 26811795721972372412181774336 0 0 384 
nomask -1.9126043e-28 331521909696971758945620197376 140575353516032287155205177344 291 0 
nomask 5.721827e+30 0 1672721606748345679447326720 291 384 
nomask 2.9781376e+29 6683168297467026434219059445760 0 0 384 
nomask -1.8967965e-28 21396124926128709579625457516544 137331308635715443603920541188096 291 0 
nomask 5.721827e+30 0 30722229786770868723113849316301602816 291 384 
nomask 1.196168e+30 105512311550223775884476443262976 0 0 384 
nomask -1.904685e-28 335721362488661192168070709248 35458862955298123872731136 291 0 
nomask 2.2728852e+31 0 7177354056541553193925623152640 291 384 
nomask 1.2011392e+30 420578617578905953636769071104 0 0 384 
nomask -1.1854978e-29 87024049223754403469858023931904 138270818082874034979268397629440 291 0 
nomask 1.4305345e+30 0 1764686434979063029570153218048 291 384 
nomask 1.9296838e+31 420490281729347157001783738368 0 0 384 
nomask -2.9636483e-30 316907703656020627031064576 35277968991481036833652947812352 291 0 
nomask 5.682834e+30 0 6806599753514758351871803392 291 384 
nomask 4.7845956e+30 410510335012514079473306494304256 0 0 384 
nomask -7.5015644e-31 93123813714400687411622731345299505152 2151963086400174062492426220601344 291 0 
nomask 8.879668e+28 0 114360497047959678509036743950336 291 384 
nomask 1.2450795e+33 6760400260599974335610880 0 0 384 
nomask -1.9362391e-28 84284902556973761613810106368 558514831723504952302670708736 291 0 
nomask 1.3969674e+27 0 104998447604127090905972736 291 384 
nomask 4.9396735e+33 26373842576507384535373464993792 0 0 384 
nomask -4.6495083e-32 332923666932447432431703687168 2227605013991881108765854589255680 291 0 
nomask 2.2355128e+28 0 443021095243582756722611060736 291 384 
nomask 7.805869e+34 6705053251770267543800350670585856 0 0 384 
nomask -7.501444e-31 4973067400682058264084480 2258569768760299405443072 291 0 
nomask 3.5024466e+29 0 114833922070327324210885080121344 291 384 
nomask 1.2450796e+33 102641699624345522634056433401856 0 0 384 
nomask -7.7766336e-28 346655300651304463962653860036608 8606897893830407221777757657628672 291 0 
nomask 5.682209e+30 0 435608160457098131148411764736 291 384 
nomask 3.1000717e+32 106201746531345798816289397932032 0 0 384 
nomask -7.4707495e-31 1289532264927916384566902784 560659697485680033208257774354432 291 0 
nomask 2.2573498e+31 0 1786881746343209676860332965888 291 384 
nomask 1.9138384e+31 1688016864527864391321625269633024 0 0 384 
nomask -2.9884442e-30 337128659502743129517019103232 2219787504246286756317335912448 291 0 
nomask 2.2730717e+31 0 7206947653911354605150549311488 291 384 
nomask 1.9296838e+31 107482004816364645767970816 0 0 384 
nomask -1.20032726e-29 21756001312269428746930448498688 2219378811761393285741961805824 291 0 
nomask 3.5862082e+32 0 6999210374540600282628445175808 291 384 
nomask 1.929684e+31 25905221707098830638809495015260160 0 0 384 
nomask -7.5639154e-31 21396473975124924406581782642688 553187607465432160873367432331264 291 0 
nomask 1.424382e+33 0 1844919758563814495687349324742656 291 384 
nomask 1.937576e+31 6706318315269241797895413502574592 0 0 384 
nomask -4.7815108e-29 87740275776648884143169067810816 8820660976906371651167884148736 291 0 
nomask 2.2730093e+31 0 466926997730184285449123486760960 291 384 
nomask 1.9375758e+31 26376676194736498603026781569024 0 0 384 
nomask -1.20032726e-29 87024021739581473168522880221184 551247393048357540497505386496 291 0 
nomask 2.2730714e+31 0 108902033030724808482635120640 291 384 
nomask 2.990469e+29 416195073392064230670159159754752 0 0 384 
nomask -4.801309e-29 85943333066292852550138117226496 2197360359293332795915923816972288 291 0 
nomask 9.092037e+31 0 1912411882456431780159598069844803584 291 384 
nomask 1.9296838e+31 6615358983222304300174872460394496 0 0 384 
nomask -1.9125735e-28 22461161615787914546418160578330624 2166877091652212226018006238494720 291 0 
nomask 2.2411937e+31 0 1860132146050946663527313622171648 291 384 
nomask 4.80448e+30 422038164582369606039575828889600 0 0 384 
nomask -1.1953777e-29 1409608700996061761671997706731520 2181969592383664850311973273862144 291 0 
nomask 2.2197354e+28 0 1829708183474833108878190429863936 291 384 
nomask 7.655229e+31 26462744041756282731116888064 0 0 384 
nomask -7.4395744e-31 1386575996637582096214571064754176 2181909707034264420041175028727808 291 0 
nomask 1.4108435e+30 0 457441930163399372533946589904896 291 384 
nomask 4.685638e+30 6569068072363286432865432058724352 0 0 384 
nomask -1.2397121e-29 5820607603715260810027916245359132672 34188027894799200667073101908934656 291 0 
nomask 2.1579583e+28 0 478118182421310683792717477899665408 291 384 
nomask 1.2248172e+33 408592893816564479588703130764705792 0 0 384 
nomask 3.2490566e+38 5638435155781660554545080666423296 549414540311008346302076059385856 291 0 
nomask 2.0680695e+31 0 119529530750047199523616070685425664 291 384 
nomask 8.0923894e+37 419190012722609995040235259428864 0 0 384 
nomask -1.8905876e-31 89843182985911465500178910004903936 138278289244439253387568081797120 291 0 
nomask 2.183117e+25 0 112936254286316766190540349767680 291 384 
nomask -2.9788647e-33 26271935330939420869258186913218560 0 0 384 
nomask -1.2347432e-29 86663819665991529930396436267008 8667507438153819440036818779635712 291 0 
nomask 8.508038e+28 0 29639467284333006493771799570939904 291 384 
nomask 1.2197467e+33 411590320354823744508404395684134912 0 0 384 
nomask -1.096844e-38 5867732471450843863040246565549637632 137725667240172082848641875697467392 291 0 
nomask 3.5283667e+29 0 7680681042626239433145108257637924864 291 384 
nomask 7.6552297e+31 105526438415109950770740310573056 0 0 384 
nomask -7.5013236e-31 362323935116149502561668713720840192 550826253397943323440958529649770496 291 0 
nomask 1.4009786e+30 0 461237541366507360710087883620352 291 384 
nomask 1.8821472e+31 1653478625760610259740997871206400 0 0 384 
nomask -1.20525764e-29 21396476723542217436715297013760 545537138022648510774490844626944 291 0 
nomask 8.965272e+31 0 480049933383253791154965465689751552 291 384 
nomask 1.9296841e+31 411567174899394235574749675483299840 0 0 384 
nomask -3.013144e-30 363793649020888855345889696746045440 2212810547324886439773069518045184 291 0 
nomask 1.4345229e+33 0 476171130520482009130271736934170624 291 384 
nomask 1.937576e+31 6522777161504268565555991657054208 0 0 384 
nomask -3.037892e-30 5592324365198358710065638087327744 549354945103804623542279743733760 291 0 
nomask 1.4142407e+33 0 1829708531645469157891392745242624 291 384 
