mask 0.99609375 78 96 261 349 
nomask 0.00390625 1 179 61 338 
nomask -1.8968271e-28 85990483247483513712148480 9908368628216918105584041984 320 0 
nomask 2.2727614e+31 0 7892594379794426784073537028096 320 433 
nomask 7.4762915e+28 7371506350774125714798018560 0 0 433 
nomask -2.9514186e-30 23726455204777712615393297694720 9771097000271946587883287034724352 320 0 
nomask 3.6112645e+32 0 1989835188186586839996994420736 320 433 
nomask 1.2060523e+30 452557057840861751914009572220600320 0 0 433 
nomask -1.1904665e-29 1430084203249214463221432320 628098900639663354911852094029824 320 0 
nomask 9.0286555e+31 0 526483374689928205711833516998656 320 433 
nomask 1.21098485e+30 29205674230488919978773504327680 0 0 433 
nomask -1.9047157e-28 1464382140058132975148156846080 157491105785699689434219282432 320 0 
nomask 9.028158e+31 0 129487241717731377131613602185216 320 433 
nomask 1.9296838e+31 1849919634270808133931756421120 0 0 433 
nomask -1.20034645e-29 5882287361018239506090609868800 629931323190676608855515856896 320 0 
nomask 2.2729476e+31 0 7609976724714883302647922688 320 433 
nomask 1.8613662e+28 7271641221661734454053332204912640 0 0 433 
nomask -4.7815875e-29 1476737550829253800099462512640 627997871917843979966351073607680 320 0 
nomask 9.028408e+31 0 33832182190084826296184399711961088 320 433 
nomask 2.9904204e+29 1844009176293667643158893837680640 0 0 433 
nomask -1.9125428e-28 96484115789021435361173218263040 10104925553122774816433111040 320 0 
nomask 1.4304955e+30 0 8026343746176496796727798398976 320 433 
nomask 4.8044794e+30 29203347048286161817612194938880 0 0 433 
nomask -1.1854593e-29 385942894641446091271902309908480 156995247543866856595224545722368 320 0 
nomask 1.4206306e+30 0 128953356615072869991665933221888 320 433 
nomask 1.9217611e+31 7349771056934991606822217973760 0 0 433 
nomask -3.0006257e-30 5648085343678715229498245120 9945946203519687302186662887424 320 0 
nomask 2.241442e+31 0 517948934154370515205552368254976 320 433 
nomask 2.9410001e+29 7324733375096586200593068395069440 0 0 433 
nomask -2.9882037e-30 100416063359651299419566166035660800 9842938367318240143688732862578688 320 0 
nomask 9.033991e+25 0 2088916440711706862143603900153856 320 433 
nomask 3.087394e+32 29486037209012710033305108480 0 0 433 
nomask -4.7614047e-29 1482951523989402651450356531200 623558300838360320201261219577856 320 0 
nomask 8.912622e+25 0 31971367975453344772153363398656 320 433 
nomask 1.22986735e+33 457783359829078214563983806955520 0 0 433 
nomask -1.821195e-31 6149635040767954595261182776442880 9842399198491950215223105655144448 320 0 
nomask 1.4261718e+27 0 8287052603714834852815108596301824 320 433 
nomask 2.8914816e+29 29004493862532300501237712814080 0 0 433 
nomask -2.9758296e-30 23726443115519516469101550632960 158546214684234288525024952320 320 0 
nomask 5.627012e+27 0 517957505891778765281886975557632 320 433 
nomask 7.686919e+31 28894879156113891320997261176995840 0 0 433 
nomask -4.8959518e-26 385942942998478875857069298155520 2460599537890547607238560089899008 320 0 
nomask 5.70332e+27 0 8026212879956523513119636455424 320 433 
nomask 1.1961678e+30 7299283292393335655913551298560 0 0 433 
nomask -4.6823654e-29 366107671496394218775238410240 627930541247667725549951753650176 320 0 
nomask 9.064392e+28 0 31971367975453344772153363398656 320 433 
nomask 1.1391942e+27 464084377914975230992886372761600 0 0 433 
nomask -7.5239544e-28 23528377242705679179977095905280 2486421117769935183742584750080 320 0 
nomask 3.625369e+29 0 7992841482667164422399246467072 320 433 
nomask 2.9904679e+29 468681745245989909845633925120 0 0 433 
nomask -4.7023945e-29 382786123362751979278326049013760 39243552699751537813803128324096 320 0 
nomask 2.288669e+31 0 2063220465821292705830181797888000 320 433 
nomask 7.476171e+28 7251317649342850725120615383040 0 0 433 
nomask -4.7618663e-29 22977682052498446277138186240 2528606524691623953324860971679744 320 0 
nomask 3.58601e+32 0 481741737269930732539609088 320 433 
nomask 3.015131e+29 29399087250054515463861808660480 0 0 433 
nomask -1.9205543e-28 90367848438626821798447022080 157495179380193486714502643712 320 0 
nomask 3.5859104e+32 0 129491429436770522207074784378880 320 433 
nomask 1.9375758e+31 463694237807590733659504640 0 0 433 
nomask -7.53298e-31 23924512010647902794798942126080 9973029951795789003376033792 320 0 
nomask 9.028904e+31 0 495381295804570832719677751296 320 433 
nomask 1.8613361e+28 29002940392854095702748215377920 0 0 433 
nomask -1.205296e-29 1524757206418623200746494597529600 9842398151562190428954240359596032 320 0 
nomask 1.4243025e+33 0 539119478208771180057972863269863424 320 433 
nomask 1.929653e+31 117593229971603456112176492707840 0 0 433 
nomask -7.6499247e-28 5768506057926772656638525440 2477350152314687962516072540667904 320 0 
nomask 8.940353e+28 0 515804854722883229890329125584896 320 433 
nomask 4.7846724e+30 115616907603711643101345873920 0 0 433 
nomask -1.1903705e-29 5906948314370422052539764572160 156866991421656532261011456 320 0 
nomask 5.549488e+27 0 30309036685166157644311822336 320 433 
nomask 4.705445e+30 7370938191056655460608245760 0 0 433 
nomask -1.2051229e-29 5882288494386195394805461155840 2511385838805339563326830819672064 320 0 
nomask 5.5243763e+30 0 493287340435716087994256457728 320 433 
nomask 1.8663018e+31 7273627341712262936031873487339520 0 0 433 
nomask -7.744217e-28 99202300289333162621435821707755520 9843205334406985642249383227424768 320 0 
nomask 2.2053898e+22 0 32237813644103637280927458000896 320 433 
nomask 7.5919676e+31 113638047813861254572749031997440 0 0 433 
nomask 7.9558416e+37 1518418082990891931206005293056000 9844217502379794857356951552 320 0 
nomask 1.3743735e+24 0 8184135220608805478281095004815360 320 433 
nomask 1.8584092e+31 458786873179803903590400 0 0 433 
nomask -2.9012976e-30 23232043834644466758386649661440 625661365467397931830024863744 320 0 
nomask 3.5526062e+23 0 469497241075492890364346368 320 433 
nomask -2.8975213e-36 28998279983819481307279723069440 0 0 433 
nomask -1.2238696e-26 89207309166587295726011678720 38712771580248021994436550459392 320 0 
nomask 5.456607e+24 0 127347341826144488561626031587328 320 433 
nomask 1.8901006e+31 28894077589938454037269263994060800 0 0 433 
nomask -1.16721064e-32 99202294099632966194534447212134400 615166635348793482111484751249408 320 0 
nomask 5.588776e+27 0 32873234313451475893790558593744896 320 433 
nomask 7.3526193e+28 459433368278608339266227404800 0 0 433 
nomask -4.7414523e-29 24294307113867141538136209584291840 610777447763999536535537245487104 320 0 
nomask 5.626709e+27 0 1948023814302251555168574242816 320 433 
nomask 7.2287044e+28 454514666198004180201413248286720 0 0 433 
nomask -1.2139103e-26 90753234864335709957280235520 153787487476436722112861025861632 320 0 
nomask 3.6006095e+29 0 8321221250284979309771759409954816 320 433 
nomask 2.978089e+29 28414160273241731892364003246080 0 0 433 
nomask -4.722116e-29 6124280868194603177187240994406400 38854415540809310400615022592 320 0 
nomask 2.272885e+31 0 8252614896196425324760076826705920 320 433 
nomask 2.9904686e+29 1800643628968656533984924139520 0 0 433 
nomask -4.7815875e-29 1512105072360864337655689641984000 153315591555155637981415473152 320 0 
nomask 3.58601e+32 0 31434818518347569061245772365824 320 433 
