mask 0.99609375 189 58 307 230 
mask 4.863514e+30 179946479671279598059652095410176 0 0 493 
mask -2.9639842e-30 140412602855244103609166594048 45723757679209770949676105728 493 0 
nomask 1.4241838e+33 0 36400972986878655886593169031168 493 493 
nomask 7.537947e+28 11356729245222594514062934016 0 0 493 
nomask -4.6310754e-32 587288579048215364422047105024000 179295619556230866605694779392 493 0 
nomask 1.4242237e+33 0 140412675609202730319638167552 493 493 
nomask 3.0274617e+29 10971576410609119315246768346628096 0 0 493 
nomask -7.4714703e-31 559266737097510185901267877888 177553016448188062883724325289984 493 0 
nomask 5.656805e+33 0 2256063298003309354574799699968 493 493 
nomask 4.883399e+30 11322640377908049322607168716800 0 0 493 
nomask -1.8987124e-31 564025137007531557584061333504 45425748370429936519302086656 493 0 
nomask 5.657281e+33 0 36706136847195882398031254913024 493 493 
nomask 1.2552011e+33 11356730382003198056414052352 0 0 493 
nomask -4.7661153e-32 146214224324402428678719028592640 2830585594423378579128900911104 493 0 
nomask 2.2629125e+34 0 2256064025542895621679515435008 493 493 
nomask 1.2501305e+33 717201103238331904303501934592 0 0 493 
nomask -1.8987124e-31 140412675609202730319638167552 714922555183907092824266400333824 493 0 
nomask 2.2466864e+34 0 587269581534538757783709831659520 493 493 
nomask 5.0410076e+33 11129344876189100380267515228454912 0 0 493 
nomask -1.1963624e-32 36706129862815854233825983856640 717350758131227047743528632320 493 0 
nomask 8.922096e+34 0 146824519451263416935303935426560 493 493 
nomask 2.0164033e+34 11356146076772977287939227648 0 0 493 
nomask -2.978822e-33 36554159065909705346068158349312 709982680127613930595915086692352 493 0 
nomask 3.5026423e+29 0 8701582050995322421621293056 493 493 
nomask 1.2247972e+33 177500438035336042746443812831232 0 0 493 
nomask -1.1769341e-32 36400986955638712215003711143936 178749785309760647347449655984128 493 0 
nomask 2.2416904e+31 0 9100394574953607529429165146112 493 493 
nomask 3.0240626e+32 44989008575789531673115725135872 0 0 493 
nomask -8.296227e-28 587269581534538757783709831659520 11248746801273410058206937350144 493 0 
nomask 3.328647e+29 0 616324100917340789296052285082697728 493 493 
nomask 3.036691e+32 44996188518458484476134371098624 0 0 493 
nomask -2.9663152e-33 589720335298874647880740986945536 179956052928171535130343623360512 493 0 
nomask 3.2132177e+32 0 566409356985687486447996633088 493 493 
nomask 4.5866854e+30 44980631976009086736260638179328 0 0 493 
nomask -1.2594332e-29 33410221727768259082584064 11399231089296897997609573023744 493 0 
nomask 2.142484e+28 0 2294094993351670493327019474944 493 493 
nomask 7.578709e+34 179956071553184943568224346177536 0 0 493 
nomask -4.7808178e-29 36705540846766812385848124768256 178745017306328087249984614825984 493 0 
nomask 8.73152e+25 0 36706134519069206343296164560896 493 493 
nomask 3.062042e+32 44688642984551653970698854989824 0 0 493 
nomask -4.781126e-29 153458533773193881239367157828026368 2768884107922890315285834236407316480 493 0 
nomask 8.965263e+31 0 36553567721733987443355208908800 493 493 
nomask 1.2011007e+30 179951266299725566594997859385344 0 0 493 
nomask -3.0007698e-30 141008657849783085825150418944 44991401890012515940788607123456 493 0 
nomask 2.257226e+31 0 566399753463148760665748930560 493 493 
nomask 4.8043253e+30 2887877008715237020757944958976 0 0 493 
nomask -4.781741e-29 571148949997403853473888337920 11525656459268908552028160 493 0 
nomask 3.5859107e+32 0 9176533047735632572140268552192 493 493 
nomask 1.20111986e+30 45295362108838222154184980955136 0 0 493 
nomask -2.9638405e-30 36553558409227283224414847500288 44986615261566547405442843148288 493 0 
nomask 1.434404e+33 0 564025355269407437715476054016 493 493 
nomask 4.843939e+30 10996168780569550325471177911773954048 0 0 493 
nomask -7.502285e-31 589720484298981915383786769481728 178074495814609198826033746624380928 493 0 
nomask 1.4243424e+33 0 594583698800085947295082968252416 493 493 
nomask 1.9454369e+31 714999215739096223141321515204608 0 0 493 
nomask -1.8986825e-31 9176382301533358028043168251904 45424584307091909151756910592 493 0 
nomask 1.4244612e+33 0 35401157749029653247963430912 493 493 
nomask 1.2501503e+33 2899602882008231792607232 0 0 493 
nomask -1.9064162e-31 36858114628482059449994351476736 178697132396854993458646252257280 493 0 
nomask 3.586407e+32 0 36400986955638712215003711143936 493 493 
nomask 1.2450994e+33 178730620170963364768185877266432 0 0 493 
nomask -7.563915e-31 9062400711663732280122163593216 178754571938206615882795419959296 493 0 
nomask 1.4244216e+33 0 9474280888682700978312076584812544 493 493 
nomask 1.2450995e+33 44829869681722957748831393377419264 0 0 493 
nomask -7.563795e-31 592152091549533931339434868867072 177529213681052079272160565133312 493 0 
nomask 1.4244216e+33 0 148040397576593058664650876387328 493 493 
nomask 1.2450995e+33 44989022544549588001526267248640 0 0 493 
nomask -3.037892e-30 573542591613201941343892406272 11322642706034725377342259068928 493 0 
nomask 3.551868e+29 0 35102575502825633472625770496 493 493 
nomask 7.655353e+31 705176756167754253605722273087488 0 0 493 
nomask -3.0006257e-30 9513340372802233296745693752328192 2840466822896404198342385911988224 493 0 
nomask 5.682988e+30 0 2378335242200665591689469220618240 493 493 
nomask 1.1763806e+30 178754553313193207444914697142272 0 0 493 
nomask -4.800693e-29 9474282080683559118336442845102080 705291709750511132205543499759616 493 0 
nomask 3.516692e+26 0 153458505165173285878782367581077504 493 493 
nomask 1.9059153e+31 175540378278258427984923811729375232 0 0 493 
nomask -1.928289e-28 146822154074560545324452137664512 2850554809971403562524509995008 493 0 
nomask 2.2129842e+25 0 152833505739226443182869842489245696 493 493 
nomask 4.685637e+30 180515685253911144536364548096 0 0 493 
nomask -1.1952045e-29 592142369292534726765697558380544 11322047869668993392526674100224 493 0 
nomask 1.3909585e+30 0 35251589251460379026621726720 493 493 
nomask 7.1669307e+28 710040194169019186771587145662464 0 0 493 
nomask -1.9124504e-28 9138393676528503901890119991296 176785380262554790394605498779303936 493 0 
nomask 5.626556e+27 0 9100394574953607529429165146112 493 493 
nomask 4.7648654e+30 11128429419530048841554227326091264 0 0 493 
nomask -1.9045927e-28 153456063947415815108880266508107776 175559965236359384865310200807030784 493 0 
nomask 2.2571003e+31 0 38208388354815192195961123225206784 493 493 
nomask 1.1912165e+30 44693420300490918287104257556480 0 0 493 
nomask -4.8209535e-29 9474282080683559118336442845102080 11127202850647022756481345488158720 493 0 
nomask 1.4305343e+30 0 2265600468931767576872427192320 493 493 
nomask 4.784595e+30 44505144807948452310974765302022144 0 0 493 
nomask -4.801309e-29 9138542094604102391252129939456 11128124267310364995316464691970048 493 0 
nomask 2.2729474e+31 0 38208374050804894515668728101732352 493 493 
nomask 1.2011199e+30 11206243235549429632183699027001344 0 0 493 
nomask -1.1904281e-29 2368607919197813922848602127859712 45297750766807854312387682238464 493 0 
nomask 3.6114622e+32 0 2358843942168574448258472531197952 493 493 
nomask 1.9375758e+31 44304669945927469820652120291967762432 0 0 493 
nomask -3.0008661e-30 38831504419406173653374957059571712 11075228838254119944135672210435080192 493 0 
nomask 3.560955e+32 0 604310612052642630502574159036416 493 493 
