mask 0.99609375 90 100 225 283 
nomask 0.00390625 4 383 19 430 
nomask -1.9046234e-28 478467240399239887575930057523200 157003507189518986782446270283776 400 0 
nomask 3.5513824e+29 0 34066583191580216469999879299530752 400 436 
nomask 4.7846727e+30 144043798526965224640669863116800 0 0 436 
nomask -1.2003081e-29 7414516307019738618381362790400 623678963422184601435531349327872 400 0 
nomask 5.682677e+30 0 1986820528593618998755120381952 400 436 
nomask 1.9217611e+31 8964526353093934501725232064102400 0 0 436 
nomask -3.013048e-30 6718123597299961141657600 632331831842189015534053183455232 400 0 
nomask 8.966017e+31 0 30912788454542686654740561920 400 436 
nomask 1.9138694e+31 144039854406478731912987384217600 0 0 436 
nomask -4.8012323e-29 117641923992460258857047189094400 38980997633008387671022305804288 400 0 
nomask 5.6825226e+30 0 129846781413308967141823792283648 400 436 
nomask 1.9296839e+31 144039914852769712644446119526400 0 0 436 
nomask -3.000722e-30 480447914238951005650039288627200 2511920388930535654101696062160896 400 0 
nomask 2.2572258e+31 0 2086117431686514585820215136747520 400 436 
nomask 4.7846733e+30 142059150343622123473148785459200 0 0 436 
nomask -1.21018795e-29 7260015587272989009853913497600 39251918626983731465260032327680 400 0 
nomask 2.2572258e+31 0 8309789731150584929705150864424960 400 436 
nomask 7.6552297e+31 580120946644210105994544205004800 0 0 436 
nomask -1.8829744e-31 28360830461637085761844019200 10193830481781884035530752 400 0 
nomask 1.3874857e+27 0 128769389594067231206069938159616 400 436 
nomask 1.2349383e+33 2296925056229118770496195788800 0 0 436 
nomask -3.0252775e-30 29781849787274526761724936192000 159636387153904194731542315008 400 0 
nomask 2.0512923e+31 0 521537725501689109110886512984064 400 436 
nomask 5.0370556e+36 580089937696936990756212991590400 0 0 436 
nomask -3.1405918e-33 118630334186790807078854616678400 2494649176594083380484623652880384 400 0 
nomask 2.130832e+31 0 129842581151664443564584922513408 400 436 
nomask -2.8505044e-36 143045603589282170513979657420800 0 0 436 
nomask -1.9217133e-34 1898023329094106682785011440025600 9880714023143341877205066055680 400 0 
nomask 5.208546e+30 0 2094787167039554263224982471442432 400 436 
nomask 7.903231e+34 146800789017168253760307200 0 0 436 
nomask -1.1428326e-38 7383686809672972426568269824000 625796133099955828713515384832 400 0 
nomask 1.387939e+27 0 474808997748879372551454720 400 436 
nomask 1.2247971e+33 581922818466253627265856307200 0 0 436 
nomask -1.8830044e-31 478474977524485421202648177049600 2511785189920424871662571971674112 400 0 
nomask 3.5025433e+29 0 32596107843855569319430407061504 400 436 
nomask 7.433392e+31 2304514601855222941357813058764800 0 0 436 
nomask -7.618494e-28 119123545698048085416405368832000 625945085393262692704140132352 400 0 
nomask 3.5513824e+29 0 129307056027794833591290279493632 400 436 
nomask 1.921761e+31 143057315058159687234109623500800 0 0 436 
nomask -7.650171e-28 1921823089027114002958699515084800 9771874520912831736636999311818752 400 0 
nomask 9.002005e+28 0 123651250331535740267336302592 400 436 
nomask 7.3835673e+28 9124102226545076422033853644800 0 0 436 
nomask -7.6184935e-28 435604556267677405518233600 10081531826690872554859930845184 400 0 
nomask 1.4304566e+30 0 8081818656747942031705059098624 400 436 
nomask 1.1763805e+30 2304452704853258672344068102553600 0 0 436 
nomask -1.21385124e-26 120111963448165006229645138329600 39790622772411745557798212075520 400 0 
nomask 2.2504407e+28 0 2111991043416779821611652921425920 400 436 
nomask 2.953427e+29 36505158506799766566787350528000 0 0 436 
nomask -7.681602e-28 478475007747630911568377544704000 2460172374832519154551340234964992 400 0 
nomask 2.2660965e+28 0 128227588785152274240900748541952 400 436 
nomask 1.1863032e+30 35608552174706296410734701051904000 0 0 436 
nomask -1.1953201e-29 29410962679496317418073594265600 2512191314042414570958264415027200 400 0 
nomask 5.643064e+30 0 129844640103450974729898093969408 400 436 
nomask 2.941e+29 580058989195954856249340513484800 0 0 436 
nomask -7.6502945e-28 1861335270500005485137310515200 39910146371320354608953425920 400 0 
nomask 2.272885e+31 0 32731037131282316175898472087552 400 436 
nomask 1.9296839e+31 36504191366144074863447585587200 0 0 436 
nomask -1.2003081e-29 488355256239886372155957444608000 156337038530034225566995444553220096 400 0 
nomask 1.4206308e+30 0 8115423838331810446363987017728 400 436 
nomask 2.9657585e+29 36111639400984006654013627957248000 0 0 436 
nomask -1.2151374e-29 1905977214739097212514155783782400 157472756599030645029729979768766464 400 0 
nomask 2.24138e+31 0 135163142577682951703359429827100672 400 436 
nomask 1.9059156e+31 9092782744007834048424819923353600 0 0 436 
nomask -1.20999535e-29 1929683282921084398926804130201600 630161882994321848364431310848 400 0 
nomask 2.1678272e+25 0 32596632876561134766585265782784 400 436 
nomask 1.2248169e+33 9125804167425502642168869683200 0 0 436 
nomask -2.9301575e-33 120111971003951378821077480243200 623645295442571243820330369679360 400 0 
nomask 1.9765391e+31 0 130384406668000838903737870188544 400 436 
nomask -1.0424597e-38 36112637490140680491860265376153600 0 0 436 
nomask -2.1178893e-31 120605212738354147524357600051200 629787261024089640258897599583485952 400 0 
nomask 8.323076e+28 0 2129127847380607340757081498058752 400 436 
nomask -1.1626577e-32 573857008731052309471688227028992000 0 0 436 
nomask -8.079107e-37 125015030612036671256805737339289600 2466505861803194679072433522954207232 400 0 
nomask 3.1754369e+32 0 8551190858026245424625715502907392 400 436 
nomask 1.9434203e+34 2272885717421809321185810317312000 0 0 436 
nomask 5.1199238e+33 29781853565167713057441107148800 39791668719919303389777303175168 400 0 
nomask 3.3981633e+26 0 8344332682915146828917615854878720 400 436 
nomask 3.0113367e+32 36257562943156317920375183769600 0 0 436 
nomask -1.8828842e-31 1929683162028502437463886659584000 39786393685442210544244957904896 400 0 
nomask 5.511409e+27 0 32730522393335683384570179223552 400 436 
nomask 4.777415e+33 36617720894731738410832467119308800 0 0 436 
nomask -7.650048e-28 121593668267402931294759079116800 2466159077659989665496026031285338112 400 0 
nomask 3.551382e+29 0 525847226892198883856611907993600 400 436 
nomask 1.9138383e+31 9051396667641343540768930623651840000 0 0 436 
nomask -1.9125119e-28 126025181946968296027496704586547200 2448819330757881858249851591823720448 400 0 
nomask 2.2506225e+28 0 8516647906261683525413250512453632 400 436 
nomask 2.9409994e+29 146020603804053575901420034457600 0 0 436 
nomask -7.6182475e-28 474513629845063185054429714841600 2477376910074316402910910899814400 400 0 
nomask 9.064389e+28 0 8048220681495326476124727279616 400 436 
nomask 4.6857143e+30 9091044792249556057523262324736000 0 0 436 
nomask -1.21379216e-26 29781379439572832945061652070400 9910592394928095983026557354508288 400 0 
nomask 1.4162345e+27 0 8482372189967399079209112671617024 400 436 
nomask 2.9410477e+29 143452321535634464515522716447539200 0 0 436 
nomask -7.6498014e-28 124509927864632499503766740297318400 39644532763874156451132214865821696 400 0 
nomask 1.4162721e+27 0 8413422803177529443169107210928128 400 436 
nomask 2.9409992e+29 142070816477781404644684700057600 0 0 436 
nomask -4.7613276e-29 7623661270948531774001643310284800 38983110117541368646633619718144 400 0 
nomask 3.551673e+29 0 515052455636087536856781566246912 400 436 
