mask 0.99609375 77 78 276 362 
mask 1.9138383e+31 462370444112629115106885632000 0 0 428 
mask -1.9204928e-28 86368278330720608363479040 39176819783182910174942724096 320 0 
nomask 2.2728852e+31 0 31337767691379772327129799196672 320 428 
nomask 1.1961876e+30 114852262022805390148344217600 0 0 428 
nomask -2.9883963e-30 387521268191534951122398693294080 38528583288038461868744422457344 320 0 
nomask 2.2730714e+31 0 514079300574443250736872462221312 320 428 
nomask 4.80448e+30 28687285896076027689248739788062720 0 0 428 
nomask -1.20525764e-29 22250982957537414998917120 2482852715395744473465159029882880 320 0 
nomask 2.2572258e+31 0 31505736519317566192074358784 320 428 
nomask 4.82421e+30 29203350070600710854185131704320 0 0 428 
nomask -7.5331e-31 90366325475436096337865605120 9794459566204176956676636672 320 0 
nomask 1.4244216e+33 0 7900672220239924593541590810624 320 428 
nomask 1.2501502e+33 7370938191056655460608245760 0 0 428 
nomask -1.8987124e-31 5882285849860964987804141486080 624233080370486540240945152 320 0 
nomask 9.029401e+31 0 1942086129391289001177316851712 320 428 
nomask 1.9296839e+31 116005547692703563617034871767040 0 0 428 
nomask -7.53298e-31 1482903166956618066283368284160 2465963600989542878003560953413632 320 0 
nomask 1.424382e+33 0 134304365390186356402639119772024832 320 428 
nomask 1.937576e+31 1856387996402128030885881220956160 0 0 428 
nomask -4.8010012e-29 6054919701323296774808949227520 622673837788335560365696876544 320 0 
nomask 3.5515766e+29 0 126934433325791907555876622303232 320 428 
nomask 7.7186113e+31 116393666054646456694320660480 0 0 428 
nomask -1.1903896e-29 23825481340976895927666417336320 622657352597239672792961515520 320 0 
nomask 5.549489e+27 0 30217256588681126477815611392 320 428 
nomask 1.8980236e+31 465538207549338073116232908800 0 0 428 
nomask -3.0004815e-30 364560222835455079083388436480 9897067011589541514222669660160 320 0 
nomask 3.5270116e+29 0 127464239323840375622203024080896 320 428 
nomask 1.16152535e+30 460940203643321503435310550220800 0 0 428 
nomask -4.80077e-29 1619586950841545587777903037335470080 9729279605769385612059704414961664 320 0 
nomask 1.4114868e+24 0 129579534156004772890862189281280 320 428 
nomask 7.6236593e+31 29400643742047269298924242862080 0 0 428 
nomask -1.18538235e-29 382779933662555552376951553392640 616391167494044971437864502951936 320 0 
nomask 8.912857e+25 0 7834445459897438751146714857472 320 428 
nomask 1.8900693e+31 29202567291132510381794509455360 0 0 428 
nomask -7.2846603e-31 5648084974743833755307212800 157289256149798018221954870280192 320 0 
nomask 3.5654288e+26 0 31734117667007353277423323971584 320 428 
nomask 7.1670482e+28 7350352852485681147112545320960 0 0 428 
nomask -1.2001925e-29 23726444626676790987388019015680 2474267258190599045607705280512 320 0 
nomask 2.2433858e+25 0 511968161273668051304172702662656 320 428 
nomask 3.0747672e+32 7274227742631316345465199562588160 0 0 428 
nomask -1.8966118e-28 385943015534028052734819780526080 38373491871420212897412032455770112 320 0 
nomask 2.2197335e+28 0 127992056487799850171708387360768 320 428 
nomask 1.9059154e+31 116804055285817222333220048076800 0 0 428 
nomask -1.20516135e-29 5857529693600487789307478671360 156233735007558930542600625586176 320 0 
nomask 3.5270116e+29 0 126936503006795087801023719276544 320 428 
nomask 2.9038617e+29 117605645639770898353800725135360 0 0 428 
nomask -7.681602e-28 94904225037028959151062578626560 39177846160023171374394638336 320 0 
nomask 3.5513824e+29 0 31866587357075162307878287572992 320 428 
nomask 4.7846727e+30 7399871965214370876394978672640 0 0 428 
nomask -4.7614817e-29 1537433132136512079739457770618880 39055321145693543595096905089024 320 0 
nomask 2.2730085e+31 0 31601674252186654933674329374720 320 428 
nomask 1.1961876e+30 454614184971474856475075060695040 0 0 428 
nomask -4.8012323e-29 23627803835582609838164336967680 2465962824859166685411630792048640 320 0 
nomask 2.2571636e+31 0 7933659782400964418781600284672 320 428 
nomask 4.80448e+30 467203841742876035530131201064960 0 0 428 
nomask -3.01324e-30 1464382140058132975148156846080 622706239715661960077624999936 320 0 
nomask 5.656804e+33 0 31867096692634538696332455968768 320 428 
nomask 3.1253756e+32 116393677860562663868433694720 0 0 428 
nomask -1.8987424e-31 95698078265737101544925136158720 9830577498775948804768103661568 320 0 
nomask 3.5863084e+32 0 511968258289965075378163972833280 320 428 
nomask 3.0028e+29 116021106568002003894513340252160 0 0 428 
nomask -3.01324e-30 1531120121506484486189142119546880 2448941768289012349321905283530752 320 0 
nomask 5.656804e+33 0 33035660383358169848340112465723392 320 428 
nomask 1.9454679e+31 1843660231945094076593906647040000 0 0 428 
nomask -3.0599206e-27 367649028304570456624762716160 39060515559930040890046162141184 320 0 
nomask 8.878454e+28 0 128521846316465480892369577443328 320 428 
nomask 4.7648657e+30 29485275727417347303014400000 0 0 428 
nomask -1.1854401e-29 23924513521805177313085410508800 39433504788122540836334338048 320 0 
nomask 3.4442514e+26 0 7867559850655109006448228564992 320 428 
nomask 4.4795577e+27 462504039860429497369981091840 0 0 428 
nomask -1.9281657e-28 24902381713739071222441315779215360 38910727248139721851224582206259200 320 0 
nomask 3.4772024e+29 0 511968258289965075378163972833280 320 428 
nomask 1.8583789e+31 1831034017256907751152607391907840 0 0 428 
nomask -3.1201312e-24 24699559165127603624927186890260480 9661723148144579230213312109084672 320 0 
nomask 8.761141e+22 0 2047839788908746718824980646199296 320 428 
nomask 2.9162885e+29 1830984499655336335941611426938880 0 0 428 
nomask -1.1527288e-32 95696512706800700600143891660800 9897588474186045911925746827264 320 0 
nomask 1.3970678e+21 0 31734647214295276347959006986240 320 428 
nomask 4.4408695e+27 117950181659232706104980930560 0 0 428 
nomask -7.458999e-28 6149733302258572872320502894428160 155161591739763051519408758325248 320 0 
nomask 3.5523284e+23 0 491730796423143965070886699008 320 428 
nomask 1.910965e+34 28889308425937107109760215117987840 0 0 428 
nomask -4.854695e-26 1537434002563102202272463559065600 9615271947958190914857178829816856576 320 0 
nomask 2.175643e+22 0 8191359673055237670361209359040512 320 428 
nomask 4.6659843e+30 7223717467890899170161299858391040 0 0 428 
nomask -4.610765e-32 6174889404425638629550460816588800 603840945278416711779172690690048 320 0 
nomask 5.495566e+24 0 511960011904718029088906008330240 320 428 
nomask 1.7917926e+28 116822709011213876061385764372480 0 0 428 
nomask -1.943912e-28 6200242416430203217580394880696320 9727682846875432052928719100051456 320 0 
nomask 5.510651e+27 0 127466389851757742595676179529728 320 428 
nomask 4.5470665e+30 28890899178887588823413460492615680 0 0 428 
nomask -4.8755995e-26 95698114533511689983800377344000 153493967485680851589648129823080448 320 0 
nomask 5.5872644e+27 0 535055688031647672275394278851608576 320 428 
nomask 1.186284e+30 113960080603263609369774257371873280 0 0 428 
nomask -4.7416064e-29 99202287909932769767633072716513280 2449273952090022778668014347747328 320 0 
nomask 5.682519e+30 0 32764385224590331936664965076746240 320 428 
nomask 2.9781378e+29 28892496121538266963968080362864640 0 0 428 
nomask -4.8012323e-29 1550085266194270942830262726164480 38641590069848169132786385990713344 320 0 
nomask 9.028655e+31 0 129047601884113193869560449597440 320 428 
