mask 0.99609375 70 112 243 344 
mask 1.913838e+31 116797841407104403139262058332160 0 0 428 
mask -4.8010782e-29 5882286227650283617375758581760 9859390731061201087003361280 320 0 
nomask 1.410727e+30 0 501379737938929266514285433978880 320 428 
nomask 1.1912359e+30 115622987650558337769558507520 0 0 428 
nomask -1.19533925e-29 385942918819962483564485804032000 9726620065680298997045684804255744 320 0 
nomask 5.6430626e+30 0 491722585408421875475271385088 320 428 
nomask 4.7649436e+30 1818159440848339796293656499978240 0 0 428 
nomask -1.2052192e-29 1424063462684716771217244160 2449009809051991899881116096528384 320 0 
nomask 5.682678e+30 0 7999499993434994966367509151744 320 428 
nomask 1.9217301e+31 116033522236169446136137572679680 0 0 428 
nomask -4.8211073e-29 94905790595965360095843823124480 9831098961372453202471180828672 320 0 
nomask 3.5860098e+32 0 31999044920105843329084342403072 320 428 
nomask 1.9375759e+31 466728358272834480709304320 0 0 428 
nomask -7.53286e-31 23429346573034672312844571115520 9697595441389481383546744471552 320 0 
nomask 2.257226e+31 0 1933807658025174854114947891200 320 428 
nomask 2.978138e+29 458932944219197174481850021623889920 0 0 428 
nomask -1.2052768e-29 23726453693620438097106829312000 38917118423077542448238817659846656 320 0 
nomask 3.5861092e+32 0 2148869846242981702442225916352397312 320 428 
nomask 1.20112e+30 1843661585942012044978582317957120 0 0 428 
nomask -1.2003081e-29 23825092973557344728044042977280 2474332441015162095320589926400 320 0 
nomask 5.6826785e+30 0 509857151327955550636794636664832 320 428 
nomask 1.9296838e+31 29204897495649817579528755609600 0 0 428 
nomask -2.9884442e-30 24022787101681650518697275555840 9727946731203337534184973964148736 320 0 
nomask 8.965521e+31 0 1958611238651056271023669248000 320 428 
nomask 3.100072e+32 7250734342634886666543819653120 0 0 428 
nomask -1.8986223e-31 1464358339331059312136279818240 154126815915704278328521118449664 320 0 
nomask 8.966266e+31 0 31997997952567125197261885145088 320 428 
nomask 1.9059157e+31 29096112499199926311583488315228160 0 0 428 
nomask -7.4398147e-31 400041710187914635459559880004730880 38649020224649586212864464124903424 320 0 
nomask 2.2508657e+28 0 514087611637221646408791273504768 320 428 
nomask 1.2450595e+33 7400455271922334934971774402560 0 0 428 
nomask -1.20026956e-29 1531119831364287778678140190064640 616474084089234880009070075445248 320 0 
nomask 8.879181e+28 0 2039395619770834017390146688647168 320 428 
nomask 3.100022e+32 1831034210685038889493275344896000 0 0 428 
nomask -1.8676574e-31 23627412445848509601969025843200 156242046070337326214519436869632 320 0 
nomask 1.420786e+30 0 1975136347910823540870021644288 320 428 
nomask 4.7054448e+30 464071950157549592604970393272320 0 0 428 
nomask -1.1903704e-29 1476736795250616540956228321280 2497187435340799545635241984 320 0 
nomask 5.643064e+30 0 2064794098266548492008712277327872 320 428 
nomask 7.718612e+31 7274821953850173327997151142215680 0 0 428 
nomask -3.08541e-27 1550085169480205373659928749670400 153062999880069632322913274167296 320 0 
nomask 5.7216694e+30 0 127464304001371725004863870861312 320 428 
nomask 2.9781378e+29 464084377914975230992886372761600 0 0 428 
nomask -1.1953584e-29 1531120024792418917018808143052800 9864118288286076993270498677751808 320 0 
nomask 1.4404378e+30 0 2056317202297773002947489848885248 320 428 
nomask 2.9657098e+29 1856337511659900923971545491046400 0 0 428 
nomask -7.6818484e-28 23726449160148614542247424163840 9830840251247055671827793707008 320 0 
nomask 2.257039e+31 0 32130985062885729289003622989824 320 428 
nomask 1.1961877e+30 7419867072907525623696588800 0 0 428 
nomask -1.2003081e-29 6200339517352034664595707280752640 39054278220500534799690750754816 320 0 
nomask 2.2572253e+31 0 511968419983793448834816089784320 320 428 
nomask 1.1912359e+30 114439613989298538300746214932480 0 0 428 
nomask -1.2052383e-29 381195418769303050210247662632960 9864117253445575403147925129265152 320 0 
nomask 8.965521e+31 0 127992056487799850171708387360768 320 428 
nomask 7.718612e+31 1843661199085749768297246411980800 0 0 428 
nomask -1.2102264e-29 381195418769303050210247662632960 155182385566091878044870998228992 320 0 
nomask 5.656645e+33 0 128523964505617173174512309501952 320 428 
nomask 7.781872e+31 29202573335761608454940382986240 0 0 428 
nomask -7.5948497e-31 96487258996152433397027454320640 2457709304871943417378891628544 320 0 
nomask 3.560955e+32 0 121899832405811755616196100096 320 428 
nomask 1.1961683e+30 464059522400123954217054413783040 0 0 428 
nomask -1.22012545e-29 24800578167183388868809642674749440 2421112440141498162466971137758724096 320 0 
nomask 1.4243421e+33 0 133763955122807968952770923264475136 320 428 
nomask 1.9296222e+31 464121612830219361571467322982400 0 0 428 
nomask -3.0253736e-30 6174988439628781459972452746526720 9728215789733750966054096570679296 320 0 
nomask 1.4108046e+30 0 2056350187838761188104521706897408 320 428 
nomask 7.718612e+31 460940155286288718850143561973760 0 0 428 
nomask -7.5326195e-31 96091136317468405928497355161600 155186508758715401189499980480512 320 0 
nomask 3.477687e+29 0 2047839659553684020059658952638464 320 428 
nomask 3.0494158e+32 1837539856088635701611148083200 0 0 428 
nomask -1.9062356e-31 5906950581106333829969467146240 2465697388270508818971515605221376 320 0 
nomask 2.2098746e+31 0 128521878655231155583700000833536 320 428 
nomask 4.8585457e+33 455789467836240594057404173464371200 0 0 428 
nomask -1.8984116e-31 99202312668733555475238570698997760 152417385657618589831972991409324032 320 0 
nomask 8.763687e+22 0 8259046003162993612590581999992832 320 428 
nomask 1.9758689e+34 7172020318137817136518840618844160 0 0 428 
nomask 5.0140202e+36 385942894641446091271902309908480 155198975352882994697378197405696 320 0 
nomask 5.3587856e+27 0 132685171154158323414259273671114752 320 428 
nomask 1.20453485e+33 29206450965328022378018253045760 0 0 428 
nomask -1.8442457e-31 24800963476020616443420205027164160 155174058333930645027286975250432 320 0 
nomask 8.792678e+25 0 495853925885015401318364217344 320 428 
nomask -1.15899044e-35 460878064856193311495730652774400 0 0 428 
nomask -1.1952237e-29 1543771965422046641768945145610240 38913918696246625789241405739106304 320 0 
nomask 5.510802e+27 0 8191359673055237670361209359040512 320 428 
nomask 3.0747189e+32 28488429397865420628790318968340480 0 0 428 
nomask -1.21999086e-29 99607942291705999603013392237854720 2432252636809743045047645452107776 320 0 
nomask 1.4108034e+30 0 32900021769133749302379965222748160 320 428 
nomask 4.7648663e+30 460989769601925703231473503436800 0 0 428 
nomask -3.0005776e-30 24901987120351549007478691683368960 153476962986558722695519581090349056 320 0 
nomask 3.5517708e+29 0 31866078021515785919424119177216 320 428 
nomask 7.5919705e+31 7273034677918455060225265531617280 0 0 428 
nomask -1.9362699e-28 5981034310910955564938695802880 9728215789733750966054096570679296 320 0 
nomask 2.22541e+31 0 2064761112725560306851680419315712 320 428 
nomask 4.784674e+30 28893285308313311393893328554557440 0 0 428 
nomask -1.2101687e-29 24699552975427407198025812394639360 155198975352882994697378197405696 320 0 
nomask 8.902383e+31 0 131597976001911753359469821978214400 320 428 
nomask 1.9138386e+31 1805879655943022238988661046640640 0 0 428 
nomask -1.215099e-29 24598147117109345272807450633830400 2398276494751410743182258151096320 320 0 
nomask 2.2413801e+31 0 2039329648688857647076082972622848 320 428 
