mask 0.99609375 50 101 278 423 
mask 2.9904684e+29 108391473263950866833120107167744 0 0 455 
mask -3.0347267e-27 5010205101022871159832576 10549312494716402401825259520 297 0 
nomask 3.625562e+29 0 520559043251267602458586644480 297 455 
nomask 2.9658065e+29 1694021753995845091453971726336 0 0 455 
nomask -7.6186173e-28 5684098539844084499371772935667712 40960233474346540075206804766720 297 0 
nomask 1.4403602e+30 0 544256520332963367408637596139520 297 455 
nomask 2.9781376e+29 421915676520557706715251892813824 0 0 455 
nomask -4.8209538e-29 21929197786474529623466015981568 2603783674707351057338927677440000 297 0 
nomask 2.2730093e+31 0 546509468067978773635902535106560 297 455 
nomask 2.978138e+29 6775908191770590299525757272064 0 0 455 
nomask -4.741991e-29 5264569552710717258199990272 662006165099799367957526609920 297 0 
nomask 5.6822137e+30 0 135507382153271101474831303966720 297 455 
nomask 1.9296835e+31 438803386269603424395853824 0 0 455 
nomask -4.7815875e-29 21837983412523141692653618331648 667825559689081428650229760 297 0 
nomask 2.2728852e+31 0 128489652608459913631786598400 297 455 
nomask 2.9904686e+29 26919069348968867839273705930752 0 0 455 
nomask -4.7617893e-29 355261970877806669718236178677760 2585547769185528890198854520012800 297 0 
nomask 2.2729476e+31 0 141051000071064157621252958862704640 297 455 
nomask 3.0151307e+29 6822405993453121065671033094144 0 0 455 
nomask -3.0007702e-30 21929185163588920912904359772160 10481093057071815981887651840 297 0 
nomask 1.4404767e+30 0 33595227071440849590299708620800 297 455 
nomask 1.9296836e+31 108748789286876636701922426880 0 0 455 
nomask -1.1953778e-29 22113020661965645296011508187136 42196167247222203225168936960 297 0 
nomask 9.028903e+31 0 7996626812344738805322874880 297 455 
nomask 7.750179e+31 27539912193266894246724501504 0 0 455 
nomask -7.5019255e-31 336915664688804876243152404480 41517986985035142714786704261120 297 0 
nomask 2.2731957e+31 0 135503024636822698338406818119680 297 455 
nomask 1.9217611e+31 427798591994097099747113085960192 0 0 455 
nomask -7.4091207e-31 369782674417301196802311871776423936 650946124949805736080834853601280 297 0 
nomask 3.6012888e+29 0 2177061285251720647636117828403200 297 455 
nomask 7.750178e+31 27638485298483816300544 0 0 455 
nomask -7.650294e-28 5505276955419310511863533404160 2612061451885592222563450224640 297 0 
nomask 3.6256584e+29 0 128491792891941065782512844800 297 455 
nomask 7.71861e+31 432077648881729399111003668480 0 0 455 
nomask -7.3473715e-31 5219776183003049286111854592 166076331240709970463834169671680 297 0 
nomask 1.4405542e+30 0 32260450945063600207482060800 297 455 
nomask 4.5568526e+27 108408763812149109478019857121280 0 0 455 
nomask -1.1854593e-29 355267603489873845453304105009152 2612752251460622601439422709760 297 0 
nomask 2.2971673e+28 0 2090969872531139750852789534720 297 455 
nomask 7.7186093e+31 106961160070199418969008734470144 0 0 455 
nomask -4.8353682e-26 355261970877806669718236178677760 10269245254409835193610027485102080 297 0 
nomask 1.43034e+30 0 1816702515450740736000 297 455 
nomask 1.9296838e+31 107996894833343894739379814400 0 0 455 
nomask -1.1854594e-29 21057576939420162890485727232 10521414696900096703204006297600 297 0 
nomask 3.6259505e+29 0 8363877341447809297722585907200 297 455 
nomask 7.414395e+28 108414519847986681494135088611328 0 0 455 
nomask -1.9046542e-28 5482386404275047967513468993536 41923306283180964621110476800 297 0 
nomask 5.721982e+30 0 33876858430378273602839259381760 297 455 
nomask 1.1961875e+30 1705466854250120687093425373184 0 0 455 
nomask -7.6819717e-28 1370619567707855618039158407168 163823280369210578363517763584000 297 0 
nomask 9.028157e+31 0 31985437107638379145928376320 297 455 
nomask 1.1961876e+30 419993993369529916384078682237435904 0 0 455 
nomask -4.801309e-29 1241594494462410897752064 655434624732870931280683943854080 297 0 
nomask 2.2730095e+31 0 129587492135262663886661222400 297 455 
nomask 4.80448e+30 6867644311660471600219944910848 0 0 455 
nomask -1.9205236e-28 5459498307580764894661504401408 657588552848552900555786158080 297 0 
nomask 9.028158e+31 0 8469214607594568400709814845440 297 455 
nomask 1.9376067e+31 108025088136009877617106747392 0 0 455 
nomask -1.20034645e-29 22113026272137026945150022057984 10450177467940354304280237178880 297 0 
nomask 2.2730714e+31 0 8363878952955371576989015080960 297 455 
nomask 2.9781376e+29 107673416208470830296452749590528 0 0 455 
nomask -1.20032726e-29 1347662834073075181508188176384 2621314126678709852806965729689600 297 0 
nomask 2.2730095e+31 0 2168013740330543920069216137379840 297 455 
nomask 4.804402e+30 6751944844019128971137085679337472 0 0 455 
nomask -1.2052384e-29 22020745965623125678019988946944 41650428532602618941360046080 297 0 
nomask 1.4206693e+30 0 33876856281701523897150687150080 297 455 
nomask 7.7187355e+31 6776089119797648484242829606912 0 0 455 
nomask -7.5019255e-31 88819790110730010669660669739008 41241864833283964087746355527680 297 0 
nomask 8.83925e+31 0 134380925475177396006707412336640 297 455 
nomask 4.7451375e+30 26919793061077100578141995270144 0 0 455 
nomask -1.2002503e-29 88083011913349410957772525142016 10413441610308292137342826457333760 297 0 
nomask 1.4207083e+30 0 2108503074808738169602200043520 297 455 
nomask 1.9758378e+34 27000397288165686682126250900717568 0 0 455 
nomask -7.6182475e-28 5684191174993938289946913971109888 41246295404741857217582297251840 297 0 
nomask 9.0937265e+25 0 35406947473786992198358587670528000 297 455 
nomask 1.9138685e+31 1675805586426429846015387478523904 0 0 455 
nomask -1.8444864e-31 5482295940261518875154932826112 663713382677132480232816640 297 0 
nomask 3.589607e+26 0 2150024262247791998940115086868480 297 455 
nomask 1.1813513e+30 6822586220208756544245791195136 0 0 455 
nomask -4.6426922e-29 1409328190613590575324360402272256 10380046807506710334971167375360 297 0 
nomask 5.704232e+27 0 518350606429460724422939770880 297 455 
nomask 2.9162885e+29 1710917360154248091125191456849920 0 0 455 
nomask -4.7613276e-29 85662331396261543626292592640 41078138346504974251241639656816640 297 0 
nomask 8.97307e+25 0 135503007447408700692898240266240 297 455 
nomask 7.6553506e+31 421950414701752878180929781104640 0 0 455 
nomask -1.8966427e-28 1491178816641965547199013799409483776 164339607598437823299171139222241280 297 0 
nomask 3.50196e+29 0 141053279524875557396854450851676160 297 455 
nomask 1.9059157e+31 429295310682678860345386205184 0 0 455 
nomask -1.1952622e-29 5707538105164840919241374004412416 41074723566277857985089597603840000 297 0 
nomask 2.250805e+28 0 8434013373573327531253086289920 297 455 
nomask 7.5917224e+31 424810973767199194119490360049664 0 0 455 
nomask -4.8010012e-29 5459499710123610306946132869120 163849803635008945383253391441920 297 0 
nomask 1.410727e+30 0 2203991733888863894178937878609920 297 455 
nomask 1.9217612e+31 1687756238859505681298310826033152 0 0 455 
nomask -4.8208765e-29 5754505921395554868562203412267008 10451560141428789914876468264960 297 0 
nomask 2.2730083e+31 0 8671916345887698666895692739379200 297 455 
nomask 1.9217611e+31 6704144388592636183274581615706112 0 0 455 
nomask -3.013144e-30 1421047793748484572486728492777472 650910714756970586333164475514880 297 0 
nomask 2.257288e+31 0 542012304820258765099730206720000 297 455 
