mask 0.99609375 97 49 221 236 
mask 1.8900387e+31 107678749611397651410799936143360 0 0 400 
mask -2.9761183e-30 338915303183376317338248806400 145010863624793202066111384780800 295 0 
nomask 2.2730098e+31 0 7414634838418458646476226560000 295 400 
nomask 4.824209e+30 429212831895724395377553571840 0 0 400 
nomask -1.1953777e-29 21690226949913635333677399408640 36004141868219601279627401625600 295 0 
nomask 2.2729474e+31 0 449897493639749664686211072000 295 400 
nomask 1.2060716e+30 6658449420134248986646070972907520 0 0 400 
nomask -1.1953777e-29 352875340503447596426403847864320 2289041318504811379624913770905600 295 0 
nomask 9.028903e+31 0 31127973273611216261238285664256000 295 400 
nomask 1.2060718e+30 6752306697277604382712400382525440 0 0 400 
nomask -7.6186173e-28 5715847764380360018575713453998080 2288854902143426803806174078566400 295 0 
nomask 5.7218266e+30 0 1869103209186839836290449408000 295 400 
nomask 4.8044797e+30 1687801888502917239503262318592000 0 0 400 
nomask -1.9126044e-28 21964115611213075933317478481920 145026398321575250051006359142400 295 0 
nomask 1.440399e+30 0 113925069636079712213558886400 295 400 
nomask 1.8459222e+28 26551625309148585788208379330560 0 0 400 
nomask -7.58694e-28 82594610371154975365319884800 9126769419134601197650549145600 295 0 
nomask 3.650418e+29 0 474513508952481223591512244224000 295 400 
nomask 2.9781372e+29 26924699769857995522826253107200 0 0 400 
nomask -3.047496e-27 1428961673620252414907223459758080 36504180032464515976299072716800 295 0 
nomask 5.721672e+30 0 480455742033633010373945511116800 295 400 
nomask 1.19618744e+30 6752122674589342643859426608414720 0 0 400 
nomask -4.7418375e-29 1367073646607931424580388782080 145022484424234247689053247897600 295 0 
nomask 1.416349e+27 0 7445342498709966801442806169600 295 400 
nomask 7.321791e+28 421973341224343232364084849541120 0 0 400 
nomask -4.721654e-29 5229031517482776277538570240 580089998143227971487671726899200 295 0 
nomask 2.266158e+28 0 29905152665088846346112624230400 295 400 
nomask 7.2597733e+28 424906158239375097043903557140480 0 0 400 
nomask -2.0072355e-28 1411455445500004147571273582510080 36260475698802951917542991462400 295 0 
nomask 5.2223484e+36 0 119618759492694100483526728089600 295 400 
nomask 7.560289e+31 429201643576508809060307435520 0 0 400 
nomask 1.2292163e+33 21873178345726902793286220513280 576081985927168610653309606297600 295 0 
nomask 8.0008387e+34 0 119620671106646366115909232230400 295 400 
nomask 3.2368541e+38 106959821827096037437469496442880 0 0 400 
nomask -1.3655022e-29 21963761764292514510801616240640 36502238195366759978187200921600 295 0 
nomask 5.4770144e+21 0 29781371883786460353629310156800 295 400 
nomask -1.9063225e-31 427827875048646987650468759470080 0 0 400 
nomask -7.870556e-28 88583982858311487998245386321920 147426378637086736515072000000 295 0 
nomask 8.204423e+31 0 29782339024442152056969075097600 295 400 
nomask 7.560286e+31 106238018688290333794561341521920 0 0 400 
nomask 3.1857355e+35 355791195155862311970186576527360 143440390888505851663123376137830400 295 0 
nomask 1.3978004e+27 0 114888454534678008288614809600 295 400 
nomask 1.1763804e+30 26919690189045637745790660116480 0 0 400 
nomask -1.1902934e-29 87855047057170058043206464962560 146005099330417018282254427750400 295 0 
nomask 5.627012e+27 0 119618744381121355300662044262400 295 400 
nomask 2.8914334e+29 427827785890367791071567124889600 0 0 400 
nomask -7.618617e-28 87856479162029653091813970411520 146020588692480830718555350630400 295 0 
nomask 5.6822125e+30 0 478475007747630911568377544704000 295 400 
nomask 4.8044797e+30 27103715663503601491855110307840 0 0 400 
nomask -1.9204928e-28 22055417868404710068227303014400 580105411947428058009649230643200 295 0 
nomask 2.2729466e+31 0 1921760950239985811019119617638400 295 400 
nomask 1.1961875e+30 105045228915383574411667368103116800 0 0 400 
nomask -1.1953777e-29 87853631669487812353143015997440 36371134844593958960512638753177600 295 0 
nomask 9.0286555e+31 0 7476171051583436419326856396800 295 400 
nomask 1.20112e+30 430715043024730203932650561863680 0 0 400 
nomask -1.9205236e-28 21963761764292514510801616240640 146012866678808042274701914931200 295 0 
nomask 2.2729471e+31 0 119620655995073620933044548403200 295 400 
nomask 1.9296839e+31 106962663747245428389959098695680 0 0 400 
nomask -1.2003081e-29 87491292422832915696900080926720 145030251772625271681500735078400 295 0 
nomask 1.440438e+30 0 118632245800743072711237120819200 295 400 
nomask 1.8459222e+28 106959799537526238292744087797760 0 0 400 
nomask -7.58694e-28 22863027291742318032384184727633920 145464654966494814421384987829862400 295 0 
nomask 3.6256592e+29 0 31127485834720747642755044134092800 295 400 
nomask 2.9781372e+29 106552777014402950581526753297039360 0 0 400 
nomask -3.060167e-27 1428962297728206790959534901821440 569705205427297001105731544206540800 295 0 
nomask 5.721671e+30 0 120113920396835507410621693952000 295 400 
nomask 2.990517e+29 424894924296196328102297600000000 0 0 400 
nomask -1.8888464e-28 88220239368759245224301706608640 145018630973184226058558871961600 295 0 
nomask 1.416311e+27 0 1921791656955804022600157154508800 295 400 
nomask 7.3216703e+28 26741381989241154621793527398400 0 0 400 
nomask -1.8808038e-28 349959418982323483448444893265920 9187697391496585360197654937600 295 0 
nomask 5.7040804e+27 0 7352861090219392530471347814400 295 400 
nomask 4.4988235e+27 27008484992227501994388001820508160 0 0 400 
nomask -7.500602e-31 5715757892834929867042865796874240 569752866118809488246315160489164800 295 0 
nomask 8.6111e+25 0 31127977142173839028051644724019200 295 400 
nomask 3.0620424e+32 26315682013116017718789445206262415360 0 0 400 
nomask -4.7075866e-32 88218818408684549748056905482240 580229749967975422620267760844800 295 0 
nomask 1.2852278e+33 0 2008289328340012425580230923308236800 295 400 
nomask 3.250145e+38 26923983717428197998522500382720 0 0 400 
nomask -7.5930446e-31 1417321079530067876930910997708800 2312399306720186023932434841600 295 0 
nomask 3.5054748e+23 0 7352862506929337391364911923200 295 400 
nomask -7.74867e-31 6729561038301229557932443566080 0 0 400 
nomask -1.1901779e-29 337500046104078669138425282560 2272760714492061168529145698713600 295 0 
nomask 1.3642996e+24 0 29781371883786460353629310156800 295 400 
nomask 1.2197463e+33 420192738762621997581657430860759040 0 0 400 
nomask -1.2100531e-29 1481137208449090358328986770457231360 143460259826136382016535507081625600 295 0 
nomask 1.3970423e+27 0 2008321762369041702543433280362905600 295 400 
nomask 1.1763805e+30 1699899953723659423823861813084160 0 0 400 
nomask -1.1853631e-29 91824616737049980216353294615838720 36113623973609486029266825615769600 295 0 
nomask 5.665546e+27 0 1921792261418713829914744507596800 295 400 
nomask 1.1615251e+30 106956946472591947767891781222400 0 0 400 
nomask -3.0600685e-27 5445559921785654301677406126080 572213665089565720220084784332800 295 0 
nomask 2.256977e+31 0 7655351085243253971484051243008000 295 400 
nomask 4.784673e+30 6705377345439693112048022601072640 0 0 400 
nomask -1.9283814e-28 22863389630988972929040427662704640 580167611180847230680687863398400 295 0 
nomask 2.2729466e+31 0 31001214016432327471308653933363200 295 400 
nomask 1.1961876e+30 105799008671023131077646765313228800 0 0 400 
nomask -1.2003081e-29 22863028718274785177646610880921600 36370140623999907889479360394035200 295 0 
nomask 9.028903e+31 0 1929683887383994206241391483289600 295 400 
