mask 0.99609375 71 35 151 140 
mask 7.537584e+28 20672323380997151643125415936000 0 0 225 
mask -4.6829032e-29 16682659565729494600017720115200 5133400317065322559167057100800 225 0 
nomask 2.2726998e+31 0 66729550229680325233813644902400 225 225 
nomask 1.8767795e+28 1304206581816183561073459200 0 0 225 
nomask -2.9391886e-30 272480243830123625172965523456000 81013705337483392205636134502400 225 0 
nomask 3.5856144e+32 0 67285543714380762356622399897600 225 225 
nomask 1.2109846e+30 20171302792629660083794210298265600 0 0 225 
nomask -2.9762142e-30 992827631522193429705523200 324089842419770530111449307545600 225 0 
nomask 1.4243424e+33 0 1047000757614859758617808076800 225 225 
nomask 3.0397932e+29 326291919689664508631757461913600 0 0 225 
nomask -1.19539696e-29 1085464391179067131702225246617600 81583877255311997151234490368000 225 0 
nomask 9.0286555e+31 0 270256320892879891673898811392000 225 225 
nomask 7.78187e+31 324063593617912147475493499699200 0 0 225 
nomask -3.0008182e-30 1033978758251370417102834892800 1291986077457087985541028249600 225 0 
nomask 5.761752e+30 0 984343844219025138647040000 225 225 
nomask 1.853629e+28 81570769854902144163979355750400 0 0 225 
nomask -1.8967657e-28 270251968759929279008869869158400 20458201924933472881499625750528000 225 0 
nomask 1.4502638e+30 0 17580234327684706282823277871104000 225 225 
nomask 2.9780888e+29 1287411248328467774500509843456000 0 0 225 
nomask -3.0473974e-27 271361609657661463614745214976000 5217226852195434662933299200 225 0 
nomask 3.5760438e+29 0 268028062823204883840525926400000 225 225 
nomask 1.1912357e+30 81583877255311997151234490368000 0 0 225 
nomask -4.7418372e-29 269146526990473662091518541824000 324081036150753274797054807244800 225 0 
nomask 2.2054485e+22 0 67008082488389701212985255526400 225 225 
nomask 1.791792e+28 1300622341280959992707835494400 0 0 225 
nomask -4.701548e-29 3971310007274096645740953600 5167808836939874619217045094400 225 0 
nomask 8.91286e+25 0 268027892818011500533298233344000 225 225 
nomask 2.8295846e+29 20458761174017626608955844827545600 0 0 225 
nomask -5.461701e-29 17437902171667869685716751063449600 5150342966635825604156055984537600 225 0 
nomask 1.2744534e+36 0 67565176756717295250093323059200 225 225 
nomask 1.8742581e+31 327391386042205816961472921600 0 0 225 
nomask 3.2382289e+32 1076551358900367100368733706649600 5113571795336099197326523052851200 225 0 
nomask 5.0614488e+33 0 16543394498907265256102087884800 225 225 
nomask 7.338451e+31 324081002149714598135609268633600 0 0 225 
nomask -5.540894e-29 16682658503197035954347547033600 82693654157198888402891990630400 225 0 
nomask 2.0829221e+31 0 4188004889891241664394035200000 225 225 
nomask -7.625298e-31 321835403550314492965011691929600 0 0 225 
nomask -3.0216121e-27 269137720721456406777124041523200 81843563176577538882482995200 225 0 
nomask 8.703268e+22 0 4324032044175487290725046524313600 225 225 
nomask 1.8979923e+31 324124693484414108093126384025600 0 0 225 
nomask -1.9044386e-28 270260707026869181000373292236800 20170745719611981662670505692364800 225 0 
nomask 3.5514754e+29 0 1033996090812102074597533286400 225 225 
nomask 2.9903717e+29 1287375887248244046597149687808000 0 0 225 
nomask -1.19038954e-29 4135916361171054975499055923200 81579516622101715320844163481600 225 0 
nomask 1.4206308e+30 0 268027977820608192186912079872000 225 225 
nomask 2.9779441e+29 82134405073045160946672913612800 0 0 225 
nomask -1.8889385e-28 16752021684629883948916486963200 20532513235023637070410992844800 225 0 
nomask 2.2727614e+31 0 272475874696653674177213811916800 225 225 
nomask 7.4761706e+28 20534693551628777985606156288000 0 0 225 
nomask -1.1855362e-29 268032380955116819844109330022400 1287306253121034243956686612070400 225 0 
nomask 3.585812e+32 0 1033996090812102074597533286400 225 225 
nomask 1.2060523e+30 20171864217780289117582943846400000 0 0 225 
nomask -2.9885402e-30 67008099488909039543708024832000 1287586013667265814330578305024000 225 0 
nomask 1.4243424e+33 0 1089903498786614696708855247667200 225 225 
nomask 1.2159367e+30 324089808418731853450003768934400 0 0 225 
nomask -1.904685e-28 67285526713861424025899630592000 1300758611068781299907533209600 225 0 
nomask 2.2728852e+31 0 16682660628261953245687893196800 225 225 
nomask 1.9376067e+31 81018074470953343201387846041600 0 0 225 
nomask -1.20032726e-29 1089886226258966952694521633177600 321887663146760521606804537344000 225 0 
nomask 1.4404378e+30 0 270256354893918568335344350003200 225 225 
nomask 4.595538e+27 1287306117116879537310904457625600 0 0 225 
nomask -7.6502945e-28 1029643957861489409568591052800 81579499621582376990121394176000 225 0 
nomask 5.7614406e+30 0 1076533814364409943062835783270400 225 225 
nomask 1.1912356e+30 1287550788591196793073000303820800 0 0 225 
nomask -1.2189393e-26 269142208858561726087935138201600 5113991776165833319501815978393600 225 0 
nomask 8.939867e+28 0 271370466928236733921308023193600 225 225 
nomask 2.9657582e+29 20533605518391124819348920729600 0 0 225 
nomask -7.5869396e-28 16682660628261953245687893196800 81572954421637119661855211520000 225 0 
nomask 5.5502255e+21 0 265804037882845120357122598502400 225 225 
nomask 4.460213e+27 319650598808068258459037152051200 0 0 225 
nomask -4.642153e-29 269142191858042387757212368896000 5114410124945710961927723050598400 225 0 
nomask 2.2432675e+25 0 4341718568470158334819539143884800 225 225 
nomask 1.09089374e+27 20395965063698164705127930265600 0 0 225 
nomask -2.133477e-31 4306135801474258598834471750860800 80471915786690130401701134336000 225 0 
nomask 2.0239124e+34 0 4341788202597368137460002219622400 225 225 
nomask 7.4969073e+31 79544325630313233873829808308224000 0 0 225 
nomask 1.290221e+33 1081007875039717116035479476633600 20398153880562974785684478361600 225 0 
nomask 7.971896e+31 0 17366874273880633339278156575539200 225 225 
nomask 4.7369352e+33 5168353916091159848015835955200 0 0 225 
nomask -3.3640677e-30 4306134441432711532376650206412800 322979485640794332985294848000 225 0 
nomask 2.082984e+31 0 66451034971490287585364803584000 225 225 
nomask -4.7467776e-32 81020250537428649533902317158400 0 0 225 
nomask -3.034283e-27 268032431956674834836277637939200 5078478371288833972865647352217600 225 0 
nomask 2.1905743e+22 0 16543393436374806610431914803200 225 225 
nomask 1.8900692e+31 1269724316021332610468670760550400 0 0 225 
nomask -7.649432e-28 69750498892769072513284623984230400 5114689749487787825655832589107200 225 0 
nomask 1.4106865e+30 0 1120553837376815496187264494049689600 225 225 
nomask 1.1912164e+30 324133431751354010084629807104000 0 0 225 
nomask -1.2002503e-29 17438182884243184202611117837516800 20171859865647338504917914904166400 225 0 
nomask 1.4206693e+30 0 16682663815859329182698412441600 225 225 
nomask 4.7647883e+30 1287271436057429342636455074201600 0 0 225 
nomask -1.8968272e-28 4153256890896152312723747635200 80467546653220179405949422796800 225 0 
nomask 5.721672e+30 0 1076551154894135040400060474982400 225 225 
nomask 2.9905168e+29 1278637484304187348447944454963200 0 0 225 
nomask -4.7420677e-29 4306135529465949185542907441971200 20395967188763081996468276428800 225 0 
nomask 3.6112637e+32 0 1067638258619589715712351089459200 225 225 
nomask 4.8242097e+30 80691939568060287515311585886208000 0 0 225 
nomask -3.0132402e-30 4359545177044177224069650841600000 20314479262438915537916351899238400 225 0 
nomask 1.4243422e+33 0 67840444915713711730493227008000 225 225 
