mask 0.9375 193 194 285 354 
mask 1.2653026e+33 10910743921021757045533824610467840 0 0 640 
mask -7.5331e-31 150017971742591943025702452603125760 58416014914641552426161374494720 480 0 
nomask 5.656963e+33 0 49602731613066768384019094485073920 480 640 
nomask 7.7818715e+31 698398405773461665130521559040 0 0 640 
nomask -4.7275218e-32 35738806829330582468362890117120 58402027642908611166610024038400 480 0 
nomask 5.6569645e+33 0 11813901162212667659938934292480 480 640 
nomask 3.1253758e+32 170921050438590222771526565049139200 0 0 640 
nomask -1.9064461e-31 142356382890261674275187919421440 3687521242290309750801148495790080 480 0 
nomask 5.657281e+33 0 190600767966975150116935837941760 480 640 
nomask 1.2552011e+33 43942439569290358097534771087278080 0 0 640 
nomask -1.8987124e-31 144728558289711342897806935326720 58802846998401841469483856691200 480 0 
nomask 2.2466864e+34 0 192974542170821259086638402764800 480 640 
nomask 5.0208047e+33 698416610496253127612820357120 0 0 640 
nomask -1.19634365e-32 2315657657990873255142415788933120 14544873196273950621759909784453120 480 0 
nomask 1.4245013e+33 0 732203395405586777348086169600 480 640 
nomask 3.1127486e+32 698307311324007109674349363200 0 0 640 
nomask -1.8986825e-31 35441118668772764402953538764800 233614300271830871567814591774720 480 0 
nomask 5.6571217e+33 0 3087444315356557038093894502318080 480 640 
nomask 1.2501503e+33 696182491780878219234951466844160 0 0 640 
nomask -1.9064162e-31 35589666940015186481082028523520 234334780770232053080491294720 480 0 
nomask 2.2466864e+34 0 47650965704268340891905771438080 480 640 
nomask 1.2501504e+33 44226784650388709929962700800 0 0 640 
nomask -1.1866953e-32 8971693137360919436764454584320 927945249624420109343953067704320 480 0 
nomask 1.4042585e+33 0 45570027854431884885423554560 480 640 
nomask 1.24507986e+33 10908058364849032323699965322854400 0 0 640 
nomask -1.8986522e-31 136710101272169965417440215040 928168852544016031156106722017280 480 0 
nomask 3.5611535e+32 0 11764380538326703412370032558080 480 640 
nomask 2.0001454e+34 2746327326251700135746423457054720 0 0 640 
nomask -3.062351e-30 2315583236517417778570420876738560 3637013675543728512266600133427200 480 0 
nomask 5.524376e+30 0 3087544317700355560219226197196800 480 640 
nomask 1.2400092e+33 700110315458852758644326400 0 0 640 
nomask -1.9062958e-31 551473507039107063414804971520 3674399691403738174311523942400 480 0 
nomask 2.1940282e+31 0 174241822507070962207293440 480 640 
nomask 7.6552316e+31 11170298901206010823483116748800 0 0 640 
nomask -7.6250627e-31 131248042211336294529761280 14797031403120981428579210362880 480 0 
nomask 2.2098127e+31 0 11863218535445209197977838551040 480 640 
nomask 1.2197268e+33 175215403746795062290767056732160 0 0 640 
nomask -4.7466306e-32 35589669206751098258511731097600 931197874364615553507362078720 480 0 
nomask 2.225721e+31 0 191393061681375989639163024506880 480 640 
nomask 1.2501304e+33 686675112279166498723726192803840 0 0 640 
nomask -2.9424763e-33 576556283793978018117422080327680 911553483625273480696356420934696960 480 0 
nomask 8.922349e+34 0 11199645516447574910828544000 480 640 
nomask 5.061211e+33 175701022589997517984046776320 0 0 640 
nomask -1.186714e-32 2015436403650044236922880 3748871410838592479331509862400 480 0 
nomask 2.2466869e+34 0 2860166561824021555487703040 480 640 
nomask 2.0325656e+34 11172051088065814776643206512640 0 0 640 
nomask -1.883275e-31 556097435792641290874021478400 3758005382574968429168558080 480 0 
nomask 5.657122e+33 0 2953523080901973555794296176640 480 640 
nomask 3.1253756e+32 44227909163907443264229212160 0 0 640 
nomask -4.7468563e-32 574169900493833328565427330088960 58403575067957717891953647943680 480 0 
nomask 5.657123e+33 0 11714867470227111756233472737280 480 640 
nomask 1.2501503e+33 678835438208487913625381370435993600 0 0 640 
nomask -1.8987124e-31 2187325210909136521714445844480 233651583544107786731562530242560 480 0 
nomask 2.2466866e+34 0 732202923168938490383564800000 480 640 
nomask 1.2551814e+33 2811581022579767481748150026240 0 0 640 
nomask -7.59473e-31 8652895223861422961448714240 59469985521415334647562240 480 0 
nomask 5.6571217e+33 0 744558097821735171852609781760 480 640 
nomask 1.2501504e+33 2800299590840924945220894720 0 0 640 
nomask -4.7660404e-32 2205893178130461337123081420800 14933030398642244675646259200 480 0 
nomask 1.4245012e+33 0 696979095944491022942208000 480 640 
nomask 3.1127488e+32 11023782758708497211082984652800 0 0 640 
nomask -1.8987124e-31 2187325494251125493893158666240 928119044800247908434108827566080 480 0 
nomask 5.657281e+33 0 190597697295393328958832084254720 480 640 
nomask 5.0006012e+33 2765938617611554219388841020620800 0 0 640 
nomask -1.1963436e-32 2306150133418063180875689550151680 230445246306809474941823316131840 480 0 
nomask 8.987e+34 0 741463625512840350736979066880 480 640 
nomask 5.0207258e+33 2774589025867515717716992327680 0 0 640 
nomask -2.990906e-33 560730750249560221753100206080 14797803604488260272964553932800 480 0 
nomask 1.3941571e+33 0 47650182924800140419515149189120 480 640 
nomask 2.0001775e+34 2774878884722234256540208988160 0 0 640 
nomask -1.18665765e-32 2196609336190793415508120043520 14897612520155644057628295823360 480 0 
nomask 1.4143996e+33 0 2953474912763848285413116477440 480 640 
nomask 8.000582e+34 2765566075030981775262363565424640 0 0 640 
nomask -3.1117984e-30 571793128153954575315371493949440 232060854772142465370900649738240 480 0 
nomask 5.484916e+30 0 49803971145852999801506696118927360 480 640 
nomask 1.24000926e+33 172118943117604720994532702604492800 0 0 640 
nomask -1.9139994e-31 2242887158236635906405228871680 58807489273549161645514728407040 480 0 
nomask 3.4090327e+32 0 12349774166576129938924890761461760 480 640 
nomask 1.8900709e+31 175764721410893325910923018240 0 0 640 
nomask -7.7176263e-31 148803394726697976090041362101043200 921706321968618500269463411097600 480 0 
nomask 2.194029e+31 0 45570051466264299233649623040 480 640 
nomask 1.20958564e+33 696052072863458193039584164577280 0 0 640 
nomask -7.594489e-31 551473684127850171026500485120 3661771315760649287720574899978240 480 0 
nomask 2.2256583e+31 0 2965805389439939558637693829120 480 640 
nomask 1.2450797e+33 10910743921021757045533824610467840 0 0 640 
nomask -4.7272967e-32 600072109799574843471259292254863360 229536390963017425518851313348116480 480 0 
nomask 2.2466856e+34 0 49399121425105305463305061028331520 480 640 
nomask 1.2551813e+33 175229384973898905477172533657600 0 0 640 
nomask -4.746856e-32 9262482659443172189958679119790080 57372974849501377237942859705876480 480 0 
nomask 2.2466866e+34 0 11863228357967493566839883038720 480 640 
nomask 5.0409284e+33 170901979972285031488391744040468480 0 0 640 
nomask -1.883275e-31 8897422401843576063844763566080 227901121688723009590920566213181440 480 0 
nomask 5.657122e+33 0 49803958766452606947703947127685120 480 640 
nomask 3.1253756e+32 43339932604745114411016023703552000 0 0 640 
nomask -1.8987425e-31 9300212170418623505627585131315200 928243419088569861483602598952960 480 0 
nomask 1.4243822e+33 0 3087494219814390729986226373263360 480 640 
nomask 3.1253756e+32 683741468860578232777623093683159040 0 0 640 
nomask -1.8987124e-31 600072146937776022032667539228590080 3620558270915724844985884281740984320 480 0 
nomask 2.2466864e+34 0 200024048979258674010889179742863360 480 640 
