mask 0.99609375 109 71 216 222 
mask 7.623539e+31 6160360309065307567807815498072064 0 0 338 
mask -1.2052384e-29 5208057683682508710197970306334720 477999898179011995171486072754405376 271 0 
nomask 8.965272e+31 0 6187016536945450832426065461248 271 338 
nomask 1.929684e+31 6140960274167885136673447608320 0 0 338 
nomask -1.200308e-29 80707528043151842419726253817856 1947156703816902874263525418598400 271 0 
nomask 1.4243022e+33 0 1546754034476370757485261225984 271 338 
nomask 1.9296841e+31 1539837810715547907282067936772096 0 0 338 
nomask -3.037892e-30 313958384882825905319777927168 1960652299374377766056376999608320 271 0 
nomask 3.5608556e+32 0 25374064087671629730553750618112 271 338 
nomask 1.937576e+31 6245908155480123771704719477571584 0 0 338 
nomask -7.5022857e-31 82045513380881273002249936699392 123384154048288003358932181450752 271 0 
nomask 5.656805e+33 0 1623914052281886156533298058231808 271 338 
nomask 3.1253756e+32 6160023516839072767495292453912576 0 0 338 
nomask -1.8987424e-31 5002448773374426462255392489472 7712121755328609221954796257280 271 0 
nomask 1.4344836e+33 0 6187014940785579622485983232000 271 338 
nomask 4.8439394e+30 1566403696338937107369844277248 0 0 338 
nomask -7.5331e-31 77184249675646936950551609344 486841785383580798190991630663680 271 0 
nomask 5.656963e+33 0 6522121510257407128340123160150016 271 338 
nomask 1.9454677e+31 1561392840813472242848049108353024 0 0 338 
nomask -1.20034645e-29 326840187949482948959354035896320 7736540415579129945109970540298240 271 0 
nomask 3.5861096e+32 0 1637303816055260344458937511182336 271 338 
nomask 1.9375758e+31 393021580403831067083790526447616 0 0 338 
nomask -7.4712305e-31 325508703799243155360003144024064 7735910328277650078842630380191744 271 0 
nomask 2.2572263e+31 0 404311381546748120275279025274880 271 338 
nomask 4.8044027e+30 24563841096671540546693790433280 0 0 338 
nomask -3.013144e-30 1240148704846813666933211136000 31052779523230597118943706480640 271 0 
nomask 2.257288e+31 0 96266658902489369165143474176 271 338 
nomask 1.9138383e+31 98247481056974318915841226178560 0 0 338 
nomask -7.470269e-31 1312707410294133529689846055960576 486907368400369072209090266005504 271 0 
nomask 3.516977e+26 0 100662690588824809493192257830912 271 338 
nomask 1.2349381e+33 6160192568189984398780566666739712 0 0 338 
nomask -1.9361776e-28 5272384998893355569889871740796928 121213851232003229895524214544269312 271 0 
nomask 5.1809997e+33 0 101077851771326514908580085235712 271 338 
nomask 2.0314054e+37 1561266543728634192730852966793216 0 0 338 
nomask -4.9004773e-32 5044302727361598256777940434944 30728574783140888867409035276582912 271 0 
nomask 2.173615e+28 0 101496243581407549242694344638464 271 338 
nomask -4.6546244e-35 98247481056974318915841226178560 0 0 338 
nomask -1.236271e-35 310042175279347392021790720000 1971977193698700991624380416 271 0 
nomask 3.3050536e+29 0 6291517522753533412094634885120 271 338 
nomask 4.9193945e+33 387716939031184404379299408248832 0 0 338 
nomask 5.1181076e+36 325508744751605294805566437195776 480133776678112873680935650852864 271 0 
nomask 3.494406e+26 0 101077845386687030068819756318720 271 338 
nomask 3.0367385e+32 96501860247459233977527021151977472 0 0 338 
nomask -1.8752406e-31 1307360997512104632510795902615552 484855352625046259774780243689078784 271 0 
nomask 3.5024466e+29 0 407652208003585373264988130508800 271 338 
nomask 1.8504561e+31 24638083797803589966170234602651648 0 0 338 
nomask -4.8010012e-29 1318053904980886705760022795649024 122550601055705263609430094643200 271 0 
nomask 1.410727e+30 0 405985050941304015047901325557760 271 338 
nomask 1.9217612e+31 1577093382648484649853983391744 0 0 338 
nomask -1.2052191e-29 20344617767065862201484983140352 31051965481696280049501769564160 271 0 
nomask 9.092282e+31 0 25165262434119301418696931540992 271 338 
nomask 1.9296839e+31 96910785718652280868561278205952 0 0 338 
nomask -3.025518e-30 19925599596461639486238514741248 121716984216727675462324718665728 271 0 
nomask 3.5609546e+32 0 25660858620086752011699082967908352 271 338 
nomask 1.9296843e+31 24466977621169249860312223591694336 0 0 338 
nomask -7.5021653e-31 81041704437254985646893946634240 1934134899586318971405162109730816 271 0 
nomask 1.424382e+33 0 409319339527308792123033619791872 271 338 
nomask 3.1253756e+32 1539922008772106607360198697811968 0 0 338 
nomask -7.5948493e-31 325508744751605294805566437195776 7682771331385139904651632675127296 271 0 
nomask 1.4344836e+33 0 6495551603194225011499963256930304 271 338 
nomask 1.9375759e+31 1561350577975744335026730555146240 0 0 338 
nomask -7.5331e-31 1296646303386664374221897042231296 30944484698447989708350930139742208 271 0 
nomask 5.656963e+33 0 26196024209417608594277168370941952 271 338 
nomask 7.75018e+31 24230980297202127008246890758144 0 0 338 
nomask -3.025566e-30 81952084866658152591380711221493760 7555006950725801189840724688896 271 0 
nomask 1.4344834e+33 0 6495447814494759456356056382308352 271 338 
nomask 1.9375759e+31 6116913456643224096363330110750720 0 0 338 
nomask -7.5020454e-31 326840167473301879236572389310464 1934082392311195649216217096388608 271 0 
nomask 2.2414425e+31 0 404304818137357705001660898607104 271 338 
nomask 1.9217612e+31 24231640654041625567954993152000 0 0 338 
nomask -7.563674e-31 20831884769174680804673180510715904 122553818914005622848635868807168 271 0 
nomask 5.6829886e+30 0 404304843675915644360702214275072 271 338 
nomask 1.9138073e+31 24640094067356291069981169815650304 0 0 338 
nomask -7.71254e-28 20917439167967439319860211397689344 30520212839709881469846068712701952 271 0 
nomask 8.731046e+25 0 25982206412776900045999853027721216 271 338 
nomask 7.655229e+31 379633638935014220759803296219136 0 0 338 
nomask -1.1720818e-32 5207887649474905732219177057386496 120508274596495365025715716096 271 0 
nomask 2.0239446e+34 0 103927165031916151301696902116933632 271 338 
nomask 3.2369056e+38 97594905166282253864764534947840 0 0 338 
nomask -8.472761e-31 1296646139577215816439643869544448 122553869991121501566718500143104 271 0 
nomask 1.3584712e+27 0 25060662885439171625228284461056 271 338 
nomask -1.19150855e-32 6141286613303683843505940070400 0 0 338 
nomask -8.079566e-37 322824911222615660092366782464000 1934029885036072327027272083046400 271 0 
nomask 2.0241669e+34 0 404317893879022656830814520606720 271 338 
nomask 1.2146575e+33 24469671958979128262812407944970240 0 0 338 
nomask 4.9775533e+33 20917437857491850857602186016194560 120886674621003234311069721690112 271 0 
nomask 3.398164e+26 0 6442099197118683023153939674562560 271 338 
nomask 7.4967744e+31 24399381529364794595203824484352 0 0 338 
nomask -1.8828842e-31 83326228601110260960667340548079616 7575444009331507171980059099529216 271 0 
nomask 5.511257e+27 0 1610551052917232416882957425311744 271 338 
nomask 7.676062e+34 24466309278619134108719279029354496 0 0 338 
nomask -1.2101302e-29 5023335117946202128371836518400 483533775973695621569373158768640 271 0 
nomask 5.5638345e+30 0 6468772075647476635648684351029248 271 338 
nomask 7.686922e+31 6160191257714395936522541285244928 0 0 338 
nomask -1.2052191e-29 20917435236540673933086135253204992 486894190504472362943771381334016 271 0 
nomask 1.4243811e+33 0 6495552829045006100733946408992768 271 338 
nomask 1.9296841e+31 96507259406883698480591592910487552 0 0 338 
nomask -3.037892e-30 84355486612093226111866169603391488 120360279891856839440204924031336448 271 0 
nomask 1.4243819e+33 0 26196029112820732951213100979191808 271 338 
