mask 0.99609375 77 65 159 168 
mask 1.9217612e+31 18834783524908515941514267852800 0 0 251 
mask -3.0008182e-30 14411263135712725585614602240 5687447655508588065312682803200 205 0 
nomask 3.5862086e+32 0 1138933613948748555345773723648 205 251 
nomask 4.8242097e+30 1169274395654237903831171072000 0 0 251 
nomask -3.0008182e-30 980873827840091623964919170334720 22659424995648605555969403752808448 205 0 
nomask 3.5862086e+32 0 297762157773868720972420266065920 205 251 
nomask 1.9375758e+31 72995501736483479618355302592675840 0 0 251 
nomask -3.0132402e-30 245214460704610442382664154480640 91291567880115203280289785750487040 205 0 
nomask 3.586308e+32 0 75989284922910913733966463762432 205 251 
nomask 1.9375759e+31 1181127425707608154183948587499520 0 0 251 
nomask -1.883275e-31 988962868369400520199222727802880 361559644394865858549612596428800 205 0 
nomask 1.4244218e+33 0 75063184880943487825424448225280 205 251 
nomask 3.1253756e+32 73814477468287846129866480025600 0 0 251 
nomask -1.8987124e-31 60545248264827321808154703953920 1441396184714704446431957090304 205 0 
nomask 9.029154e+31 0 296519247009402403971926367141888 205 251 
nomask 1.9375756e+31 18506194134257056894381027491840000 0 0 251 
nomask -2.9884922e-30 15136315938547346405147751219200 1436334283552655838636585579970560 205 0 
nomask 1.4344834e+33 0 19373714292623918307126879407046656 205 251 
nomask 1.9375758e+31 18769633238961690475003430798622720 0 0 251 
nomask -3.0008661e-30 15389348221051528388005089771520 5704787789253811080951884056363008 205 0 
nomask 3.6115616e+32 0 18843172332006319096402232213504 205 251 
nomask 7.7818705e+31 18835283056835073892584972615680 0 0 251 
nomask -3.0008661e-30 15326643411076699692749878722560 1450954556707487512001771470848 205 0 
nomask 5.643065e+30 0 1153498826305589807660193021952 205 251 
nomask 1.9296839e+31 296276070415542991665349263360 0 0 251 
nomask -7.501925e-31 244207311404497230149505546977280 22978853043151425229891840598081536 205 0 
nomask 2.2573498e+31 0 75370266546235439011349913403392 205 251 
nomask 1.9138073e+31 73517268704241481696619785470607360 0 0 251 
nomask -1.8753008e-31 15823154098840698988223055842508800 1436412419450692081156719776890880 205 0 
nomask 2.2045031e+28 0 300247960337777559768912885710848 205 251 
nomask 4.9599562e+33 74324046501463147659294240931840 0 0 251 
nomask -1.2200293e-29 61305590069815746681294406287360 91006492469834255582389300363264 205 0 
nomask 2.1146131e+31 0 301481066184941756045399653613568 205 251 
nomask 5.099362e+36 75054535828360884396899696640 0 0 251 
nomask -2.9661741e-33 235521316669759776549828034560 363967405885857430848446910169088 205 0 
nomask 5.5117124e+27 0 1153479787199670403147455528960 205 251 
nomask -1.7963153e-37 1181063609535905246946388785233920 0 0 251 
nomask -1.1865073e-32 15326396549368807682046332764160 5765587702143785786430199955456 205 0 
nomask 5.3955026e+27 0 1215847978950940909146525900210176 205 251 
nomask 4.939675e+33 73318856605651007699327700172800 0 0 251 
nomask -2.9784461e-33 244207326893859293961941847900160 1416291894685693366496299080220672 205 0 
nomask 8.818733e+28 0 1143788956368817706181630885888 205 251 
nomask 7.655229e+31 4677097582616951615324684288000 0 0 251 
nomask -7.501444e-31 984918286147297816832325745377280 361530362398126062809057450786816 205 0 
nomask 1.40094e+30 0 287161000615097514236812722176 205 251 
nomask 1.8821472e+31 297280139026754480953169207623680 0 0 251 
nomask -1.1953584e-29 15199755525135077202849987297280 5765282483792081714085925748736 205 0 
nomask 5.682523e+30 0 75061966378164645936609248673792 205 251 
nomask 4.80448e+30 4708697333354822467794470174720 0 0 251 
nomask -1.1953777e-29 61812158039091184551188863385600 361510942213759773405994970775552 205 0 
nomask 3.6114614e+32 0 1148625037436594852452072685568 205 251 
nomask 1.9296839e+31 289183105986620657501734373949440 0 0 251 
nomask -1.2052768e-29 232555103834539694998201303040 22752834508353482582726832816128 205 0 
nomask 3.5862082e+32 0 300238136455451643840410576486400 205 251 
nomask 1.9375759e+31 73818450489657214019777666744320 0 0 251 
nomask -1.8987125e-31 3736620063315879790599544504320 5665168185623534912529042023383040 205 0 
nomask 5.657281e+33 0 74131011290105647677301613133824 205 251 
nomask 1.2501503e+33 73818458234338245925995817205760 0 0 251 
nomask -4.7660404e-32 61051816234102759678049161052160 22751009124813194150065930764288 205 0 
nomask 1.4245012e+33 0 18610131304924833459933420716032 205 251 
nomask 3.1000723e+32 74324031012101083846857940008960 0 0 251 
nomask -7.563915e-31 942085327184359667966641438720 361530476188268834036028520005632 205 0 
nomask 1.424382e+33 0 4843505950453064011122046920556544 205 251 
nomask 1.2501502e+33 295297686554931254855886690058240 0 0 251 
nomask -7.5948497e-31 61050824914930675682125901987840 5726745555440226179883816976384 205 0 
nomask 5.656963e+33 0 297757226867681967803673933250560 205 251 
nomask 3.1253758e+32 4529606440406998178263829714042880 0 0 251 
nomask -4.7274468e-32 60798050143070804581022066278400 22443932200777191765264260136960 205 0 
nomask 5.603917e+30 0 19214932437722090361512660024950784 205 251 
nomask 7.6869215e+31 292334088275623288394093690880 0 0 251 
nomask -1.8908885e-31 3907189350128549867916969147105280 22906365858487560573441976303616 205 0 
nomask 5.643529e+30 0 4633189390945590180112299458560 205 251 
nomask 3.0493657e+32 297304054601781007354817832550400 0 0 251 
nomask -7.68621e-31 3939610195821763933588176030924800 1426391452597496387540518665453568 205 0 
nomask 5.433884e+27 0 4823697665839829543270240160317440 205 251 
nomask 4.919472e+33 4627057575959129355501850402488320 0 0 251 
nomask -1.8031484e-37 242173077995294679077669044224000 5727354214172653524150942433280 205 0 
nomask 1.2651242e+33 0 308701735912155780507743385611665408 205 251 
nomask -1.1683961e-35 1161529956643613932750026833920 0 0 251 
nomask -5.17932e-32 62772871718715845226311188983316480 90382571634507720497769184493568 205 0 
nomask 5.4201607e+24 0 1143770213591395101739130552320 205 251 
nomask -2.9306696e-33 4676847816653672639789331906560 0 0 251 
nomask -1.2833267e-35 934154955323649385882556825600 356549085108172830923531327897600 205 0 
nomask 5.121106e+33 0 289578948546330837350084509696 205 251 
nomask 4.8788325e+33 18380845790223723945868611844833280 0 0 251 
nomask 1.2494984e+33 255241307540274521279354920627077120 5665947420521232274826924033835008 205 0 
nomask 1.3882801e+27 0 77494876590680039517910580108197888 205 251 
nomask 7.5601554e+31 18583987519052296879147875041280 0 0 251 
nomask -7.4700277e-31 63031740842037171585727368003584000 1416330735054425945302424040243200 205 0 
nomask 2.219917e+28 0 296519303904473789585411901751296 205 251 
nomask 7.4650816e+31 4594319260301055390136219803320320 0 0 251 
nomask -4.8011553e-29 938120171506664807808263782400 356597787289278916067148953550848 205 0 
nomask 5.6429085e+30 0 4823618467900460769298375984021504 205 251 
nomask 1.9217612e+31 291237243226075207554217562603520 0 0 251 
nomask -4.8011553e-29 15823150133564010652239362806251520 1441510419350220873508382048256 205 0 
nomask 3.586108e+32 0 77494871735633947945559814488195072 205 251 
nomask 4.82421e+30 291990222999232150631633181495787520 0 0 251 
nomask -1.20525764e-29 1001112414185013718984940616417280 360035536491624617989664173946044416 205 0 
nomask 8.965521e+31 0 4749255040243744890532665491456 205 251 
