mask 0.99609375 170 87 364 329 
mask 1.2501305e+33 650310905007365334936374476800 0 0 400 
mask -1.883275e-31 31769940490928617161542860800 2318648047196760358623641600 450 0 
nomask 1.4243822e+33 0 118137039561883430235548103475200 450 400 
nomask 7.7818715e+31 2566836428320482586783226265600 0 0 400 
nomask -1.8755413e-31 542732195589533565851112623308800 144020496481792152663327401574400 450 0 
nomask 3.5863084e+32 0 7029884917613833835721523200 450 400 
nomask 1.9296839e+31 2545633450354847354516303843740876800 0 0 400 
nomask -3.025566e-30 31905434131993023031856332800 36119593165736415222279854830387200 450 0 
nomask 1.424382e+33 0 1845890770917780310465917747200 450 400 
nomask 1.937576e+31 165837592437035916163704422400 0 0 400 
nomask -1.1904473e-29 2059252055252499527768840601600 584465168806135096934400 450 0 
nomask 9.0286555e+31 0 114408617827832675431979417600 450 400 
nomask 7.7819943e+31 2608413163632367122146918400 0 0 400 
nomask -3.013192e-30 2067991384724860164942436761600 146436452563115187137150976000 450 0 
nomask 3.5860105e+32 0 1742388825572342147475046400 450 400 
nomask 3.0027515e+29 643600696958877710029322767564800 0 0 400 
nomask -1.1954161e-29 1977155003375221498026393600 145034165669966274043453846323200 450 0 
nomask 1.4344437e+33 0 124000848234852123466594629818777600 450 400 
nomask 4.8833984e+30 10300685933271651208312111969075200 0 0 400 
nomask -3.000914e-30 128707528486220302674139545600 36937241518518933074739200 450 0 
nomask 1.4243422e+33 0 1845951925563733472371435110400 450 400 
nomask 1.9375758e+31 165414404841207024844800 0 0 400 
nomask -4.6889282e-32 519182446120329871788657868800 144483207998824007038559846400 450 0 
nomask 3.5863092e+32 0 7059988159267720453003673600 450 400 
nomask 1.9375759e+31 41061741119685141728646817382400 0 0 400 
nomask -7.563915e-31 7908751792428862554714931200 2312399306720186023932434841600 450 0 
nomask 3.586407e+32 0 7383564500381066102757235097600 450 400 
nomask 7.781871e+31 41067215286912084221378533785600 0 0 400 
nomask -1.8986524e-31 139500954264208638899918958546124800 2297228232157319001718915072000 450 0 
nomask 8.966265e+31 0 120115869789719636000165907660800 450 400 
nomask 1.25015015e+33 166217603046293857370112000 0 0 400 
nomask -3.0378438e-30 128711836723298717539919462400 145970100927939174767646683955200 450 0 
nomask 3.510248e+32 0 6688607455702137647923200 450 400 
nomask 4.9802402e+33 40914302355904083903538790400 0 0 400 
nomask -1.1866201e-32 512662813362358704961014988800 36748847728888585442678747955200 450 0 
nomask 2.2258447e+31 0 118630296407858944121692907110400 450 400 
nomask 3.200182e+35 10405523809398965170461474816000 0 0 400 
nomask -1.2107691e-32 128707536787255135843437772800 146793381496501154768486400 450 0 
nomask 8.776614e+31 0 7445461974581983403466712678400 450 400 
nomask 2.0082903e+34 10268165988340004804506524057600 0 0 400 
nomask -4.6352348e-35 542741001858550821165507123609600 8965023463390960037241871243673600 450 0 
nomask 2.2260923e+31 0 113925091772172600665020825600 450 400 
nomask 5.0004425e+33 652443891104135878753678000128000 0 0 400 
nomask -4.7272214e-32 121455399509055184778035200 9248870926915678744295872921600 450 0 
nomask 8.903131e+31 0 1822739841472160161770294476800 450 400 
nomask 3.062043e+32 2601448157527750631253816115200 0 0 400 
nomask -7.53298e-31 2059287118823634834884552294400 146455445330813478491494809600 450 0 
nomask 8.965769e+31 0 29781851676221119909583021670400 450 400 
nomask 7.781871e+31 656336753821173488497459200 0 0 400 
nomask -7.53286e-31 8376144190138502006064965222400 2311670881690203381158222233600 450 0 
nomask 1.434523e+33 0 1749944727237084040501657600 450 400 
nomask 1.9376068e+31 10085929932823669252458957452083200 0 0 400 
nomask -3.037892e-30 133459134460399327129072828416000 143448329179007769164136166771916800 450 0 
nomask 1.424382e+33 0 1853658827663776733360186982400 450 400 
nomask 7.7501807e+31 41618822637623232017712807936000 0 0 400 
nomask -3.0008661e-30 2050582056023065520574038016000 2338034514170156888883200 450 0 
nomask 1.4344834e+33 0 7352859673509447669577783705600 450 400 
nomask 7.781871e+31 165155038161730870129459200 0 0 400 
nomask -1.8909787e-31 2067991783174532157068751667200 2281025556636269105508463411200 450 0 
nomask 3.586209e+32 0 28240428563067983518446387200 450 400 
nomask 4.843939e+30 10333704052921728386452370227200 0 0 400 
nomask -3.000914e-30 31633944637256804548686643200 146008967893039785095613487513600 450 0 
nomask 5.697369e+33 0 498023834877526163013041379921100800 450 400 
nomask 4.8833987e+30 162529169034872001508979494197657600 0 0 400 
nomask -7.502285e-31 2162016022087743645362523262156800 9092039979984262820259880448819200 450 0 
nomask 1.4243424e+33 0 7445465280238521412218362265600 450 400 
nomask 1.9454677e+31 2608479831318371013073305600 0 0 400 
nomask -1.883275e-31 133461276525835956800141760921600 574170286500069638330227097600 450 0 
nomask 3.5862094e+32 0 27998645243819465054460313600 450 400 
nomask 1.929684e+31 10195799027646565500358282444800 0 0 400 
nomask -7.563915e-31 33226050877039383919109288755200 146020588692480830718555350630400 450 0 
nomask 1.4244216e+33 0 119125495090932214005949582540800 450 400 
nomask 7.75018e+31 164264441012620370897594115686400 0 0 400 
nomask -7.563434e-31 140071431851374947031912706526412800 572260329626202844906228442726400 450 0 
nomask 5.643374e+30 0 1929683645598830283315556542054400 450 400 
nomask 1.24507955e+33 631809028486504374226489808466739200 0 0 400 
nomask -3.0377956e-30 133459083458841312136904520499200 578221014409913148253405184000 450 0 
nomask 8.522088e+31 0 7655351568813581817335721125478400 450 400 
nomask 7.5918506e+31 650413306573067311399305216000 0 0 400 
nomask -1.9371403e-31 132902044442201567674645453209600 576128408678641812413618323456000 450 0 
nomask 2.1940908e+31 0 113923188068184193839294054400 450 400 
nomask -1.1825008e-35 163141556710323626658681480806400 0 0 400 
nomask -7.8100696e-31 33504600136268098229003668684800 35860101590689085682594203094220800 450 0 
nomask 2.1305833e+31 0 7383686809672972426568269824000 450 400 
nomask 4.939756e+33 40632296610850950989909902491648000 0 0 400 
nomask 8.289312e+37 140071440555640848257242764410880000 9092534188859321280666500333568000 450 0 
nomask 2.2053506e+28 0 124000902394728842201981656655462400 450 400 
nomask 7.591971e+31 643845232429040259145636459315200 0 0 400 
nomask -1.9062356e-31 2232016243105119159635669819798323200 8965021529109648653835191713792000 450 0 
nomask 2.2098746e+31 0 118632291135461308259831172300800 450 400 
nomask 1.20958564e+33 40340368588922705257763544288460800 0 0 400 
nomask -4.8209532e-29 8306650317213240594064736256000 572229320678929729667897229312000 450 0 
nomask 2.2254721e+31 0 7750299635545459101013804423577600 450 400 
nomask 7.7187365e+31 40632300962983901602574931433881600 0 0 400 
nomask -3.013096e-30 8683436048907079016472821052211200 36508059928766841676806645350400 450 0 
nomask 3.5863065e+32 0 7687044768100598935779818235494400 450 400 
nomask 4.8242103e+30 160251889355666220856595296813056000 0 0 400 
nomask -1.2151567e-29 558004025959216185007597223411712000 2241566317998217046082532356915200 450 0 
nomask 1.4243422e+33 0 30620920770645170034266322501632000 450 400 
