mask 0.99609375 122 89 266 283 
mask 4.8241314e+30 505511889609470120256424139292672 0 0 366 
mask -1.1953969e-29 99969242130852777595345305600 2101852567566652374144516096000 351 0 
nomask 3.611363e+32 0 6975762449497801227598101013856256 351 366 
nomask 3.0027998e+29 31600453652677094650736654942208 0 0 366 
nomask -2.9884922e-30 104967138896082186266710351282176 2093904457763104445586779009974272 351 0 
nomask 1.4344438e+33 0 1674887612812156068541375709184 351 366 
nomask 4.8440168e+30 31467232356502269730718968065294336 0 0 366 
nomask -3.01324e-30 6479186418651009919747759276032 530839039366207147428081007853568 351 0 
nomask 3.5608556e+32 0 1703149642733895294829279051776 351 366 
nomask 1.9454677e+31 2022320616699368107895443679084544 0 0 366 
nomask -1.2052769e-29 1686345021669106206801857303543808 132702666544863061746251986894848 351 0 
nomask 3.586208e+32 0 108998085794981183682974469586944 351 366 
nomask 3.1127486e+32 7953577708916914765319249068032 0 0 366 
nomask -7.563795e-31 418123778004199618791220445184000 2079689104040405592022182612959232 351 0 
nomask 2.2731954e+31 0 1743940944224587791115233710309376 351 366 
nomask 7.4145173e+28 126381380326474091840792369823744 0 0 366 
nomask -1.9284122e-28 6424873871365658219243397709824 2065190792767145197196842012508160 351 0 
nomask 2.2729471e+31 0 28018137195538130833902349779468288 351 366 
nomask 1.921761e+31 505620837097639425926676778844160 0 0 366 
nomask -3.0601669e-27 1686344809502624864434437142609920 2101686210401377083717750620160 351 0 
nomask 2.2728229e+31 0 27137133140464508803856084238336 351 366 
nomask 1.2011199e+30 2008361123059447043485955033923584 0 0 366 
nomask -1.1904281e-29 26133583133637210156886451552256 2079803260487700162225891767746560 351 0 
nomask 9.002736e+28 0 7004646685464427362862184829812736 351 366 
nomask 2.965758e+29 505579995049981020198295799070720 0 0 366 
nomask -1.1854401e-29 104530924610442278850859471208448 2108800767967920909785128853569536 351 0 
nomask 3.6011913e+29 0 437797497311126373447333631229952 351 366 
nomask 2.9657098e+29 491675293403866622175063715086336 0 0 366 
nomask -2.9758298e-30 6689762765257336631686442004774912 32727015620653902180470231138304 351 0 
nomask 5.5883263e+27 0 1751219081439891610033109241692160 351 366 
nomask 1.2400088e+33 507295806518367347987517014016 0 0 366 
nomask -1.239193e-26 414654378659668891144893814013952 8236612881016334954421830025216 351 0 
nomask 8.630135e+28 0 434186967815298106539323154235392 351 366 
nomask 3.0493664e+32 32033266644412982238883080044544 0 0 366 
nomask -1.8520095e-31 418123698441769115403437884833792 530796451931896673078829046038528 351 0 
nomask 8.913809e+25 0 27024300636947610002400460406784 351 366 
nomask 3.2501407e+38 505552784698748861576660159299584 0 0 366 
nomask -7.3773442e-31 1619796604662752479936939819008 131810722510750799133525915205632 351 0 
nomask 8.792678e+25 0 6946763614617030543176030100652032 351 366 
nomask 1.2349382e+33 7846223955683630081586021531648 0 0 366 
nomask -1.9826143e-25 6773192142049670402846645393817600 32349838100544895572079907696541696 351 0 
nomask 3.5510877e+29 0 6699550019152091091592965783552 351 366 
nomask 7.7184875e+31 1994780040692932171486199808 0 0 366 
nomask -7.470629e-31 25699061207196135218660448927744 521867720651117555276876611584 351 0 
nomask 3.5765296e+29 0 6755964110427874579458092433408 351 366 
nomask 4.7252516e+30 512464213911717151472112661168128 0 0 366 
nomask -1.200308e-29 1619796501065837761984097943552 33173011835115891710895341961216 351 0 
nomask 2.2571639e+31 0 6784280260440394922956261687296 351 366 
nomask 1.9296839e+31 127669302453690332186582974464 0 0 366 
nomask -4.801309e-29 103663568144107054990295933386752 525365920171697014715292057600 351 0 
nomask 3.6113624e+32 0 26571216310955293552077529153536 351 366 
nomask 4.8242097e+30 31024897492208597699531285370765312 0 0 366 
nomask -3.0131919e-30 414654405180479058940821334130688 131810694856572675448883543801856 351 0 
nomask 1.4243819e+33 0 107640576758612159194765222477824 351 366 
nomask 1.9296841e+31 7953573565040326047205574049792 0 0 366 
nomask -1.20525764e-29 26024521274474055866696381497344 133125255550001884844129255424 351 0 
nomask 9.028903e+31 0 6812599435128647544462190313472 351 366 
nomask 7.7503035e+31 510624219992883095867712602112 0 0 366 
nomask -3.0131441e-30 6533392468308031564730672873472 528864173704343121975274635264 351 0 
nomask 5.7620614e+30 0 6459998033801801229844611072 351 366 
nomask 2.9657584e+29 31810892966257284361117841227776 0 0 366 
nomask -1.904685e-28 25699488855260090927991710810112 131800047997995056861570553348096 351 0 
nomask 1.440399e+30 0 7033645077878348068329977800556544 351 366 
nomask 1.1912357e+30 2008687647274232946945582711177216 0 0 366 
nomask -3.047447e-27 1665515683446559956511267699556352 519922441935170140113399881662464 351 0 
nomask 5.721516e+30 0 434186967815298106539323154235392 351 366 
nomask 1.19618744e+30 503887882411805571301182013440 0 0 366 
nomask -4.7616358e-29 6533395369021643667410245386240 527157549249313505727745508769792 351 0 
nomask 5.6653953e+27 0 1688990703534568757935120318464 351 366 
nomask 2.9410477e+29 32026464056604942583474170101760 0 0 366 
nomask -1.1903319e-29 24886228910743803156769013760 2122959264700397467725009644421120 351 0 
nomask 9.064874e+28 0 420491635572788214693195939840 351 366 
nomask 1.1664962e+30 126398406686601816826260284768256 0 0 366 
nomask -1.2288986e-26 27092327261917489487152646832783360 2079973831458367049100038586236928 351 0 
nomask 8.506825e+28 0 113464429141203119218452779237376000 351 366 
nomask 7.6236647e+31 31244759676162215470756296652750848 0 0 366 
nomask -1.8252747e-37 25916316368989448482414305214464 33507745973904801175839965184 351 0 
nomask 1.2752654e+33 0 7004759514511171996203060157218816 351 366 
nomask 1.1893241e+33 32033269959514253213374020059136 0 0 366 
nomask -1.2763719e-29 419861766256925789309396255244288 530768078745141772635755985764352 351 0 
nomask 5.395047e+27 0 27362786048795377294736294412288 351 366 
nomask -4.7274407e-32 509015447757496969057396680818688 0 0 366 
nomask -7.7436005e-28 1619823539860579147675827437568 519908338304327060945790465736704 351 0 
nomask 5.278382e+27 0 435992232563212239993328392732672 351 366 
nomask 3.0367402e+32 31470718676123687512167052530941952 0 0 366 
nomask -4.58141e-38 1748063877678593726760013488319365120 8262127738833915883780542597955584 351 0 
nomask 5.5516046e+27 0 1822767688737800135076912063590694912 351 366 
nomask 1.8900698e+31 32035822587492903571397831294976 0 0 366 
nomask -3.0004332e-30 6745380935342350196677109857910784 2094188079013940955278940127100928 351 0 
nomask 8.879667e+28 0 6784393037635555574388432568320 351 366 
nomask 1.8583787e+31 31687087751128484546186534197395456 0 0 366 
nomask -1.9204313e-28 419861845819356292697178815594496 33278675131225115887239391220858880 351 0 
nomask 2.2412556e+31 0 114388710533195956220366567189250048 351 366 
nomask 1.9217613e+31 7922862473496220905086260749533184 0 0 366 
nomask -4.8209535e-29 6773080966813447002318481064460288 527228565178735127889355273666560 351 0 
nomask 8.965269e+31 0 7033645962812048026238533685477376 351 366 
nomask 1.9217613e+31 7867897776173741831749688572772352 0 0 366 
nomask -3.0254699e-30 27092328959249340226092008120254464 32814715011541583926291597847691264 351 0 
nomask 8.965768e+31 0 7033645962812048026238533685477376 351 366 
