mask 0.99609375 77 43 136 129 
mask 4.939674e+33 69722969430455253865095455834112 0 0 213 
mask -3.013144e-30 3496213035867791149242901331968 4826400306212226672276981940224 191 0 
nomask 8.965521e+31 0 253737320637510589452423499087872 191 213 
nomask 1.929684e+31 1096810690199847290696259076096 0 0 213 
nomask -7.53286e-31 14161724342463704304903931297792 77216192682955809532588836519936 191 0 
nomask 2.2731952e+31 0 241630424959790024559106719744 191 213 
nomask 4.8242097e+30 4341448166823159311097403438792704 0 0 213 
nomask -3.013144e-30 57117954049873440068475069399040 306821498713172474557579829182464 191 0 
nomask 3.5863077e+32 0 254787925531788486790410154278912 191 213 
nomask 1.937576e+31 69246381858143496293326088306688 0 0 213 
nomask -1.1867328e-32 14161952541379256014769592729600 309922308041208522176037126144 191 0 
nomask 8.921844e+34 0 254792029457156759826886664650752 191 213 
nomask 1.2602519e+33 1104112942751002227884645416960 0 0 213 
nomask -1.19154756e-32 14338596541456244012836257267712 19436926836633643856356259659776 191 0 
nomask 2.2466235e+34 0 978849569768952827416846270464 191 213 
nomask 3.137953e+32 69711857135437083645550203502592 0 0 213 
nomask -4.7083377e-32 13484580026697434624130285568 19438475867287354757379256221696 191 0 
nomask 2.2466232e+34 0 4093350051507571043722682148323328 191 213 
nomask 1.2602319e+33 17430744161557809922478335590400 0 0 213 
nomask -1.18189925e-32 14161725244435702533006167113728 77226541012413847032409997967360 191 0 
nomask 5.697847e+33 0 63697999317376703146846222024704 191 213 
nomask 3.1380024e+32 69936083033456348388632035328 0 0 213 
nomask -4.7275218e-32 56883343917358324852121457917952 4891932852708715021042395906048 191 0 
nomask 2.2257214e+31 0 60665099581212446753720107008 191 213 
nomask 1.2400091e+33 1104025902453173216018889179136 0 0 213 
nomask -1.8986223e-31 13657532276525643708216901632 1235426766526745924061637726175232 191 0 
nomask 8.966265e+31 0 995281050734499577063016497152 191 213 
nomask 1.2349384e+33 69721143839130840186170164379648 0 0 213 
nomask -1.8983215e-31 3700709887955407029402654654595072 19308703309612571896091642953728 191 0 
nomask 2.168005e+25 0 63698023458114163576472554438656 191 213 
nomask 4.9396738e+33 17430745965501806378682807222272 0 0 213 
nomask -2.9663154e-33 14161953443351254242871828545536 1231255564946626913621476638720 191 0 
nomask 5.0396573e+33 0 60665103510368934453854601216 191 213 
nomask 7.708525e+34 4416102707840694635973320900608 0 0 213 
nomask -2.1335373e-31 13542078979920417102401372160 19569280441488570985192580186112 191 0 
nomask 5.247541e+30 0 15230394800025890183241007104 191 213 
nomask -7.326914e-34 276963389431849474632028486893568 0 0 213 
nomask -3.0386305e-33 896162171094515472289486602240 4892451375632083832391327547392 191 0 
nomask 5.318433e+27 0 3981189584101953638490049609728 191 213 
nomask 1.9677574e+34 275138490821930434889254139068416 0 0 213 
nomask -1.8251887e-37 229421340161468448059588429742080 75839871302566811504274719322931200 191 0 
nomask 1.3914617e+30 0 3931878355848797934576979673088 191 213 
nomask 1.2298877e+33 69244527403715139315129250742272 0 0 213 
nomask -1.8907983e-31 218516908536417386922527162368 77751843459552795701403325562880 191 0 
nomask 5.60407e+30 0 3948228676157934750245037539328 191 213 
nomask 1.2146561e+33 17547578398432292461288045412352 0 0 213 
nomask -1.21018795e-29 219436891787985106574864547840 4892579120367811939164003237888 191 0 
nomask 2.24138e+31 0 987089293822927123860884029440 191 213 
nomask 1.9296841e+31 277889962265343249242275184640 0 0 213 
nomask -3.0254699e-30 14279717613355909955086664597504 1218583613062354437572003629105152 191 0 
nomask 2.273195e+31 0 15792918728087982405917872226304 191 213 
nomask 4.80448e+30 1080419090609075279479327627499536384 0 0 213 
nomask -1.200308e-29 3525711353590842561788584656896 1227418479219872736019631604498432 191 0 
nomask 3.5863073e+32 0 1031758832107888926259473373200384 191 213 
nomask 1.9296841e+31 278884575356523360744680657518592 0 0 213 
nomask -1.1866953e-32 14220603270564038362653523968000 1231352882294514270552629182464 191 0 
nomask 2.2467503e+34 0 15859093518787324267867171454976 191 213 
nomask 5.041008e+33 69251952437204553052734487527424 0 0 213 
nomask -1.1963624e-32 3555266495549782344775124385792 19569797455615848519689866051584 191 0 
nomask 1.4244617e+33 0 243686379666918046134008020992 191 213 
nomask 1.255201e+33 1092720632329926090456488499740672 0 0 213 
nomask -1.8909787e-31 57117946834097454243657182871552 4908881328187190118586780603121664 191 0 
nomask 2.2629123e+34 0 66570495560871140950936600335876096 191 213 
nomask 1.2501503e+33 17489223306805425342017743091662848 0 0 213 
nomask -1.8987125e-31 14863371715221178442685465147473920 4841378418722637747125052732604416 191 0 
nomask 1.4244218e+33 0 63961696639569462765150623760384 191 213 
nomask 3.1253756e+32 69248257959899810745976585453568 0 0 213 
nomask -1.8909787e-31 3569986453067865416238081507328 4892320613304173171915360305152 191 0 
nomask 1.4108826e+30 0 63170640884097374554676917174272 191 213 
nomask 7.6552297e+31 17431207775164899167027544981504 0 0 213 
nomask -7.5943687e-31 14220604172536036590755759783936 4908748457568207913923446996729856 191 0 
nomask 2.2415042e+31 0 3980996458202270201479390298112 191 213 
nomask 1.8979929e+31 4371713324903608288058137227821056 0 0 213 
nomask -1.9060552e-31 3715843159710126157065538655748096 19231569790908505571219367190855680 191 0 
nomask 5.4198644e+24 0 66840505138719753813455398118621184 191 213 
nomask 1.2247971e+33 270104802208087257808285970091474944 0 0 213 
nomask -7.385696e-34 921438776408868316108752949346304 4842039166800754679617521790746624 191 0 
nomask 1.2599342e+33 0 266286168182984902406473438369677312 191 213 
nomask 3.0833592e+35 69730401679720653427518579146752 0 0 213 
nomask -8.5339075e-31 14803075998369131625243124351107072 1227087718929014902899375756804096 191 0 
nomask 2.0831083e+31 0 15727259945651857227231428345856 191 213 
nomask -2.9427559e-33 276993031839599242983906341814272 0 0 213 
nomask -7.6567606e-34 55550144067623357191924219904 1218551167911207620154212864753664 191 0 
nomask 5.2798985e+27 0 3964644880563057321768294285312 191 213 
nomask 4.8991115e+33 273993963688880265163102451631390720 0 0 213 
nomask -1.1059915e-38 958973582419580537087581264940105728 76394697807244565711793585628643328 191 0 
nomask 3.4788484e+29 0 265201976892243658326921029401706496 191 213 
nomask 3.0494158e+32 1093017229586047433770896325607424 0 0 213 
nomask -1.8907682e-31 59694673422770205782817981677436928 76382008148129366010613197793394688 191 0 
nomask 5.564455e+30 0 1027556863157876598260551624163328 191 213 
nomask 1.2146561e+33 68494685610596181714814973771776000 0 0 213 
nomask -4.8209532e-29 228471845062597703573171823706112 19232093033346047896560246819127296 191 0 
nomask 3.5607554e+32 0 4143911184548293586861332566638592 191 213 
nomask 1.9296843e+31 273217276034152605477330422333440 0 0 213 
nomask -3.0254699e-30 925206854628666036009097603579904 19439511907270031528842688987136 191 0 
nomask 2.273133e+31 0 4127036615937553594617964554878976 191 213 
nomask 4.80448e+30 17040723485873975383359818123802836992 0 0 213 
nomask -1.2003081e-29 60419138255366343684202030948155392 4785173022127925418197787149038780416 191 0 
nomask 9.028903e+31 0 1044366477091023061189334554116096 191 213 
