mask 0.99609375 16 105 241 415 
mask 1.913838e+31 6820426304226821625917950918656 0 0 455 
mask -7.681725e-28 5264568525457656653499334656 41925450763296393540759715840 297 0 
nomask 1.420553e+30 0 2168047981643227229922303221432320 297 455 
nomask 1.1912358e+30 27107231692023689120459677237248 0 0 455 
nomask -1.1903897e-29 23205903567728317484608888586108928 41521300244583188886565085511680 297 0 
nomask 5.6826773e+30 0 33735505581722135174426426081280 297 455 
nomask 1.1912358e+30 1675897503474346785500798738497536 0 0 455 
nomask -1.2052384e-29 80860476128487805965828096 41523500489574887511663050752000 297 0 
nomask 8.96552e+31 0 2090968663900468041402967654400 297 455 
nomask 1.191236e+30 27285304141848614426028451823616 0 0 455 
nomask -4.76604e-32 1364896842262862143683853025280 166601680557336261614056243200 297 0 
nomask 5.616716e+33 0 135505199097693400495241916579840 297 455 
nomask 5.0208047e+33 27187194582377664229612191744 0 0 455 
nomask -4.7660404e-32 86979956846803702290590780620800 42012940161953744237363200 297 0 
nomask 1.41436e+33 0 33314152219781599351100365864960 297 455 
nomask 1.2501503e+33 27103632767082361198103029088256 0 0 455 
nomask -1.8909488e-31 21929200591560220448035272916992 41078120744545040662240855934894080 297 0 
nomask 1.4244614e+33 0 35263313280483914253338318817198080 297 455 
nomask 1.2450797e+33 108411658660582040433493014478848 0 0 455 
nomask -1.8832151e-31 5528165052113593584715497996288 10549851762220967208429813760 297 0 
nomask 2.2732576e+31 0 34017121899922311247145971220480 297 455 
nomask 1.2450993e+33 6886210751989449202467864576 0 0 455 
nomask -3.0131441e-30 88450646443988879004586481811456 42194010177203943998750720000 297 0 
nomask 3.601288e+29 0 518359167563385333025844756480 297 455 
nomask 1.24002844e+33 108301032362930802706612224 0 0 455 
nomask -1.8522502e-31 350855652511917329943225792724992 10309085683509305117028930027520 297 0 
nomask 1.4306895e+30 0 542012201683774779226678739599360 297 455 
nomask 1.1763998e+30 106943858301658413025831956774912 0 0 455 
nomask -1.8522502e-31 5707445470014987128666232968970240 41247386932530707707376990945280 297 0 
nomask 2.2972887e+28 0 546518372184429554009345863188480 297 455 
nomask 1.2450791e+33 108745995158551791916139151360 0 0 455 
nomask -4.8960307e-26 1382063966690708507536297820160 2630078106431874421241612861440 297 0 
nomask 9.063417e+28 0 8030870823463888620827443200 297 455 
nomask 7.7186103e+31 432066384709502181700081287168 0 0 455 
nomask -1.8367828e-31 1353407561908956061078602645504 166080748920107365359538678005760 297 0 
nomask 9.065362e+28 0 2082168623979751537249857044480 297 455 
nomask 7.352619e+28 106940974673568245368635827159040 0 0 455 
nomask -1.1854401e-29 339782330776435828622056488960 659382456103506951704412160 297 0 
nomask 1.4305732e+30 0 8399080724145799872867886694400 297 455 
nomask 7.7501787e+31 6776808624277344986257233543168 0 0 455 
nomask -3.0727394e-27 88084459337565876435509103820800 162710007971653067000473085542400 297 0 
nomask 3.6255617e+29 0 8030871872622457813058191360 297 455 
nomask 4.804479e+30 1716866196544064706946875260928 0 0 455 
nomask -1.1854594e-29 21057928944802263434577051648 664323064438085452020189023436800 297 0 
nomask 1.4404767e+30 0 520550582836565636309833482240 297 455 
nomask 7.383568e+28 27470580051727577225449036578816 0 0 455 
nomask -3.047496e-27 5482387806817893379798097461248 10450732900880153224776159068160 297 0 
nomask 5.7215165e+30 0 34017121899922311247145971220480 297 455 
nomask 1.19618744e+30 27824063784450785280 0 0 455 
nomask -1.8967657e-28 85307438748225326589658791936 165410944334182954479816540160 297 0 
nomask 5.761441e+30 0 123339983014884046326988800 297 455 
nomask 7.445465e+28 26552845776431884550795987779584 0 0 455 
nomask -4.801309e-29 5436520097508664082522160758784 2621524800136664996160095901450240 297 0 
nomask 3.586109e+32 0 33595227071440849590299708620800 297 455 
nomask 2.9904694e+29 1722913253009345545061090658877440 0 0 455 
nomask -1.8986823e-31 88450668884674405601140537294848 10451286185143202439583508725760 297 0 
nomask 5.6167153e+33 0 8469352122906549564778437672960 297 455 
nomask 5.0208047e+33 432111572886802808745454731264 0 0 455 
nomask -4.765965e-32 345521579929326816455641006080 10449903511654766828987277639680 297 0 
nomask 8.903131e+31 0 437566393999687680 297 455 
nomask 7.718613e+31 1747589202995520208896 0 0 455 
nomask -7.594489e-31 20127801184401462606692352 167167566809522500284882039603200 297 0 
nomask 3.561153e+32 0 2177025668785917526142344516075520 297 455 
nomask 4.9599572e+33 1711331525446326957126839458332672 0 0 455 
nomask -1.9362084e-28 350861374886726612064509940989952 2595219586352211609112155258880 297 0 
nomask 3.551576e+29 0 136068513383810241456846751662080 297 455 
nomask 1.9138383e+31 26921964197401798794746863288320 0 0 455 
nomask -4.6692187e-32 22204587074171231710265651232768 41242969253133312811672482611200 297 0 
nomask 3.5655232e+26 0 134380908285763398361198834483200 297 455 
nomask 1.1763996e+30 108737525114649419291000045568 0 0 455 
nomask -1.8728847e-28 77257180743360640450560 10548505691776693576379924480 297 0 
nomask 1.4356915e+27 0 504052366045048230463406080 297 455 
nomask 1.8821773e+31 430659195940914468878781775872000 0 0 455 
nomask -2.983846e-27 1426930484815168699553049131089920 650946193707461726662869165015040 297 0 
nomask 1.4303023e+24 0 34975486031649866912522897939496960 297 455 
nomask 1.9059455e+31 26553566683454426465095020183552 0 0 455 
nomask -4.835053e-26 353796953163888340283278000914432 164414310839598763571832422400 297 0 
nomask 8.850989e+25 0 34831851838346788967502629086167040 297 455 
nomask 1.1763803e+30 1705736493112151198813248290816 0 0 455 
nomask -4.701779e-29 5684097103640210797192313384730624 41517986985035142714786704261120 297 0 
nomask 8.973308e+25 0 504078299933430450917212160 297 455 
nomask 4.6460225e+30 1732289536986802631869464576 0 0 455 
nomask -1.9361468e-28 285615238882000896 41362459685165012214528081920 297 0 
nomask 2.219674e+28 0 524933312663703600423659110400 297 455 
nomask 1.9059464e+31 106516301575372921583744453688950784 0 0 455 
nomask -3.0005296e-30 91695636982954062617057762966765568 646439885691494970716133418598400 297 0 
nomask 9.003215e+28 0 8636007797561929180640625526046720 297 455 
nomask 1.1862839e+30 1694156573426860347313883185152 0 0 455 
nomask -4.7614047e-29 91320621172268444325297660478095360 2567311038571834836074369625620480 297 0 
nomask 9.002978e+28 0 134942030921595539520459993251840 297 455 
nomask 1.1763804e+30 6702484855016573314909070507900928 0 0 455 
nomask -3.047447e-27 327638639887524582068846592 10341911645628169835407976494530560 297 0 
nomask 1.4403213e+30 0 136064026946756855979107931914240 297 455 
nomask 1.1961874e+30 6750469144538899981742397091479552 0 0 455 
nomask -1.8888464e-28 5754504126140712740837878973595648 42476594742864456197383127040 297 0 
nomask 5.7615954e+30 0 35119687888160803102818441824829440 297 455 
nomask 2.9781374e+29 26371171596579940498301308108800 0 0 455 
nomask -4.801309e-29 1409282411615116318354087216152576 2542618636596447786808566087680 297 0 
nomask 3.586109e+32 0 2140977542418487158357625132810240 297 455 
