mask 0.99609375 13 108 240 415 
mask 1.1912357e+30 427717850407572405345621456715776 0 0 455 
mask -3.0727394e-27 341224210565715535920963256320 662040678220091515580218081280 297 0 
nomask 5.6820565e+30 0 8708102125082422179913103572992000 297 455 
nomask 2.978138e+29 6776628397521709507682475442176 0 0 455 
nomask -1.9125736e-28 1426930036001458167621968021422080 10450456795917816043794627297280 297 0 
nomask 2.2571013e+31 0 134942013732181541874951415398400 297 455 
nomask 7.4145177e+28 1664039845242093166337881314164736 0 0 455 
nomask -4.8407518e-29 1247072926658098385387520 10521140740614509227911046758400 297 0 
nomask 8.965272e+31 0 130687681777260404738411724800 297 455 
nomask 4.8044807e+30 27284583234826072511729419419648 0 0 455 
nomask -1.8987124e-31 1364874401577335547129797541888 662006232245947796260294492160 297 0 
nomask 1.4244614e+33 0 544265115039962190162926522859520 297 455 
nomask 5.0208044e+33 6822405993453121065671033094144 0 0 455 
nomask -1.8986825e-31 5660566339373474288927030831480832 41649333211056382252458967040 297 0 
nomask 1.4244614e+33 0 134376550769314995224774348636160 297 455 
nomask 1.2501503e+33 1705331508865538401626778238976 0 0 455 
nomask -1.8909488e-31 87715360552195797963543026860032 2603431360478055314995115993333760 297 0 
nomask 1.4244614e+33 0 2275237085878085020464240547751526400 297 455 
nomask 3.1126993e+32 27286025048871156340327484227584 0 0 455 
nomask -1.8754813e-31 21236743569897097414167232512 2654585208404459007917424640 297 0 
nomask 5.683144e+30 0 33876854133024774191462114918400 297 455 
nomask 3.1127482e+32 27365314784403529431559176192 0 0 455 
nomask -3.013096e-30 355267558608502792260195994042368 666320439428614677399496294400 297 0 
nomask 9.065359e+28 0 8363741974812577839342535311360 297 455 
nomask 3.100071e+32 107318184627190126597411700736 0 0 455 
nomask -1.8445165e-31 1415165192444542551806624076398592 650822292411366697837039997419520 297 0 
nomask 1.4306895e+30 0 544265286934102166618012301393920 297 455 
nomask 7.3216713e+28 1687663424184167677950737346723840 0 0 455 
nomask -2.9389004e-30 22923909245738515654264440741691392 2585830500666962163523943053393920 297 0 
nomask 5.7817556e+27 0 135505285044763388722784805847040 297 455 
nomask 1.245079e+33 108743179115494987563408556032 0 0 455 
nomask -4.8758362e-26 5551235830013491607640320507904 10450455721579441190950341181440 297 0 
nomask 9.063418e+28 0 32261000704153856936394096640 297 455 
nomask 1.9296525e+31 6867104332664987870637984841728 0 0 455 
nomask -7.347251e-31 5459408895474369861516439584768 41522396069725538787736923668480 297 0 
nomask 3.626048e+29 0 33454972196603810768747285708800 297 455 
nomask 1.8381547e+28 427798502231354993360896864026624 0 0 455 
nomask -1.18050974e-29 355267581049188318856750049525760 657605742262550546064364011520 297 0 
nomask 3.6011917e+29 0 542012167304946783935661583892480 297 455 
nomask 7.7503016e+31 1687893575854928452209130384392192 0 0 455 
nomask -3.0601178e-27 88818365127199071788478146543616 161587900215300765846019390832640 297 0 
nomask 9.12556e+28 0 129039722249653123444123893760 297 455 
nomask 1.1961872e+30 27102909054974128459234739748864 0 0 455 
nomask -1.1854594e-29 21147342420868044052576075776 2621243718838975496803830841999360 297 0 
nomask 1.4404767e+30 0 130139794385891114766030602240 297 455 
nomask 4.5955382e+27 27286745955893698254626516631552 0 0 455 
nomask -3.0348251e-27 1359152289744836940649017114624 41522404664432537610491212595200 297 0 
nomask 5.761285e+30 0 8504417453123371549432972574720 297 455 
nomask 2.990517e+29 435987343212799071665258496 0 0 455 
nomask -7.6187405e-28 21929192176303147974327502110720 163796791482240206634799291432960 297 0 
nomask 5.721672e+30 0 2064566798338459393071670886400 297 455 
nomask 2.9781376e+29 6656897589759455585593734438322176 0 0 455 
nomask -4.8012323e-29 21745721339066230785223755300864 10414287604507600258692994092236800 297 0 
nomask 8.965272e+31 0 8328673421580631296155142062080 297 455 
nomask 2.9904692e+29 1722820976910460180030814511169536 0 0 455 
nomask -7.5637946e-31 341218556564869967648554745856 41924380621555817465396592640 297 0 
nomask 3.561054e+32 0 8434284106843790448013187481600 297 455 
nomask 1.2501503e+33 1716866897815487413089189494784 0 0 455 
nomask -1.8986524e-31 342654760438572147108105682944 10449904585993141681831563755520 297 0 
nomask 2.241566e+31 0 7742451620612180468039680 297 455 
nomask 7.7186127e+31 107644602368254680321045508915200 0 0 455 
nomask -7.5943687e-31 20968166202695877218355118080 166094053526541542983177936568320 297 0 
nomask 8.902634e+31 0 8779919221733961152423237999656960 297 455 
nomask 1.2298679e+33 427844415873942409910494383046656 0 0 455 
nomask -4.840521e-29 349390724560741106894483836895232 2577617357834028895117361807360 297 0 
nomask 2.250744e+28 0 551015638568633548418569658695680 297 455 
nomask 1.921761e+31 6775909594313435711810385739776 0 0 455 
nomask -4.6692187e-32 344090964312274326567656620032 41923285300009580776495513600 297 0 
nomask 9.034937e+25 0 520550649982714064612601364480 297 455 
nomask 1.1763995e+30 26918365272460470872390215139328 0 0 455 
nomask -4.6624134e-29 21147335572514306687905038336 10520039543780285062517778022400 297 0 
nomask 5.7042315e+27 0 131231330568010158098570280960 297 455 
nomask 4.705521e+30 433646679523699214927080168882176 0 0 455 
nomask -2.9838953e-27 1426930395052426593166832909156352 655434693490526921862718255267840 297 0 
nomask 5.721209e+24 0 8707964059709193091188206254161920 297 455 
nomask 1.9059454e+31 26369732587620547494272500236288 0 0 455 
nomask -1.208783e-26 89183144080605280423788542951424 10381977393566320896153317539840 297 0 
nomask 5.5875654e+27 0 140476445695891912252171099727462400 297 455 
nomask 4.725329e+30 6932146084682822733451493376 0 0 455 
nomask -1.1804135e-29 353796863401146233897061778980864 10447972925595156267805127475200 297 0 
nomask 1.426058e+27 0 31371121929991732854784000 297 455 
nomask 7.528462e+31 1716461212297451909760405209088 0 0 455 
nomask -1.9203697e-28 326236139844323155969572864 10196302732445042374362283838013440 297 0 
nomask 2.2352092e+28 0 8469211384579443842176956497920 297 455 
nomask 1.9138691e+31 26816583299186039541816164666572800 0 0 455 
nomask -1.19528155e-29 91695636982954062617057762966765568 646439885691494970716133418598400 297 0 
nomask 9.002974e+28 0 34687665383550794667582770957516800 297 455 
nomask 1.1912357e+30 26923397596189810149637157289984 0 0 455 
nomask -4.7416835e-29 1426907595315931571067912538030080 41076985418129324171690305870888960 297 0 
nomask 9.064633e+28 0 2016313068588900654640005120 297 455 
nomask 2.9409994e+29 424718832312426988668538545242112 0 0 455 
nomask -7.61874e-28 329041139930726008168120320 164967528090791846933019733524480 297 0 
nomask 1.4403215e+30 0 136627315448752700472449900216320 297 455 
nomask 1.19618744e+30 6703776002299031574243206800343040 0 0 455 
nomask -4.7418375e-29 22923899192311399739008223885131776 2648232007705544070777326796800 297 0 
nomask 2.272947e+31 0 35119685687915811404193343859589120 297 455 
nomask 1.1961875e+30 6592973125900620603150085128192 0 0 455 
nomask -1.20032726e-29 5637038088463516759475802492370944 10100067780989809996943662776320 297 0 
nomask 9.0286555e+31 0 8563910169673948633430500531240960 297 455 
