mask 0.99609375 60 18 180 159 
nomask 0.00390625 2 120 7 151 
nomask -4.8013087e-29 77132500731857811560074917707776 1099027831228525813026093268992 259 0 
nomask 9.028407e+31 0 232056611593631345474326077898752 259 194 
nomask 4.8242097e+30 95458589722927092075056857088 0 0 194 
nomask -2.9884922e-30 1200243861582373110493575380992 4484759692422594855188069089280 259 0 
nomask 3.5861096e+32 0 3424151963271993001611624448 259 194 
nomask 4.8242097e+30 22893659286273470872421691358707712 0 0 194 
nomask -3.013192e-30 76811898723541279333638251479040 17518479253611660026543432164966400 259 0 
nomask 8.965522e+31 0 3596038805661152295670410903552 259 194 
nomask 4.8439397e+30 23791111778264644300754619727872 0 0 194 
nomask -4.8210303e-29 4629896413592653051985920000 1131787863131593112224268288 259 0 
nomask 8.965272e+31 0 3626059080648597186514507530240 259 194 
nomask 7.7501797e+31 23476769559507877726966710796288 0 0 194 
nomask -3.013144e-30 308535051855001139287219184336896 279414773197653111402688310935552 259 0 
nomask 3.5608552e+32 0 222883587482601934881300676608 259 194 
nomask 2.9781383e+29 23791114224450482427230840422400 0 0 194 
nomask -1.2102071e-29 18363345089373713720894554112 279437464130824368184982958505984 259 0 
nomask 3.5862082e+32 0 242525241771354318741650677797224448 259 194 
nomask 7.718612e+31 1465318116452224739899336611439050752 0 0 194 
nomask -4.7616358e-29 19363592466109623325298475925504 1121661047636628962516939046912 259 0 
nomask 5.7221367e+30 0 3641010241687906693654893297664 259 194 
nomask 1.9296838e+31 23863429115519424871427735552 0 0 194 
nomask -4.8012323e-29 1210224452688544016378772848640 4408434366885298554674311793213440 259 0 
nomask 1.4206306e+30 0 223818049362232180276186841088 259 194 
nomask 7.6869205e+31 1492092421860138565778471739457536 0 0 194 
nomask -1.8908886e-31 1190244312535956724417667530752 70816233010109119089541057085440 259 0 
nomask 3.561153e+32 0 14384158887200999889526329442304 259 194 
nomask 7.6235394e+31 92627087036373450960626224463872 0 0 194 
nomask -3.0871466e-30 1284628668402064523292347635630866432 275632481939225637210793929867264 259 0 
nomask 3.459442e+32 0 243509043707292259103862951547764736 259 194 
nomask 1.2400094e+33 5949508621046635557114796310528 0 0 194 
nomask 3.2759002e+38 77773743887464286036567781277696 4455327807770632832093840736256 259 0 
nomask 5.566163e+30 0 3566078537784605229408044711936 259 194 
nomask 1.9059158e+31 1481712296444119381595386344898560 0 0 194 
nomask -1.9294967e-31 1200224674312205305945719308288 281343707732367817481035760795648 259 0 
nomask 1.3940375e+33 0 60632267331803321056697032881733632 259 194 
nomask 5.140899e+36 23796772252294068966729306865664 0 0 194 
nomask -4.7615585e-29 4780936597716790114583899537408 17875446620412591652625973248 259 0 
nomask 5.6825226e+30 0 230142804347697477250841726418944 259 194 
nomask 7.750303e+31 91357144766138414577700218863616 0 0 194 
nomask -1.2052384e-29 4997882833883481395109985186217984 272402977696186156037020327243415552 259 0 
nomask 9.0289e+31 0 57775861454545733086040861704192 259 194 
nomask 7.4453444e+28 23472999987131324827110620528640 0 0 194 
nomask -1.20034645e-29 1234120168265618625055676807774208 4470998957029971880483607550099456 259 0 
nomask 2.2730095e+31 0 232060364099375429283284365869056 259 194 
nomask 1.9454675e+31 1492213283010028718715583814696960 0 0 194 
nomask -3.0349234e-27 5018320266462833888662263359864832 70343439273692903401864887795712 259 0 
nomask 9.090796e+31 0 57776803245538144745125119524864 259 194 
nomask 2.9904686e+29 95662649831873662154702848 0 0 194 
nomask -1.1904666e-29 76173126215631312598128289382400 4425424569552916141101897744384 259 0 
nomask 2.2728855e+31 0 227260938569143363280391538475008 259 194 
nomask 2.9904686e+29 363661676411348273542941128897069056 0 0 194 
nomask -1.1904473e-29 1228989988186926369102016712540160 70831279678649361393821067247616 259 0 
nomask 9.028904e+31 0 3566019904882353919893071462400 259 194 
nomask 3.015131e+29 1502473016943838670244991507365888 0 0 194 
nomask -1.9284122e-28 307252565543788190334233457197056 277516151873402332343582031085568 259 0 
nomask 8.965023e+31 0 233020976253409758721848599642112 259 194 
nomask 7.7503035e+31 373073399045866521795715414360064 0 0 194 
nomask -1.2102072e-29 19203909123875484147325868179456 1117659210056416948229783190241280 259 0 
nomask 3.5862082e+32 0 852387693183999630897053696 259 194 
nomask 7.4145177e+28 371755652800436358282865541120 0 0 194 
nomask -1.21517596e-29 75531887952396514374587867201536 69861198310901445468588653674496 259 0 
nomask 3.5862082e+32 0 238594341904196765505485697384972288 259 194 
nomask 1.929684e+31 94555865430762767437024328679424 0 0 194 
nomask -1.9204928e-28 4720820969198372429841276338176 1098998514777400158268606644224 259 0 
nomask 2.2571013e+31 0 231103460476408495171542190129152 259 194 
nomask 7.718736e+31 23476145782119155475530433691648 0 0 194 
nomask -7.53274e-31 1249490121401681720492783728328704 17585387090648824667501750124544 259 0 
nomask 5.627164e+27 0 15035586921716806781680218013696000 259 194 
nomask 1.8979924e+31 1481953079408537846902741748678656 0 0 194 
nomask -3.0253254e-30 4740937789984665038661212962816 70814342099011514357683169787904 259 0 
nomask 8.902633e+31 0 887781672410243116183570087936 259 194 
nomask 7.5601574e+31 1482032922914294295086585218072576 0 0 194 
nomask -1.2249018e-29 321157187139670516755180108837289984 68908120484806409302698482466816 259 0 
nomask 3.4278778e+29 0 3743526232369825408688847084060672 259 194 
nomask 3.0620927e+32 91337027333805662437261227065344 0 0 194 
nomask -1.0969514e-38 307247516616218297287313943691264 69167471218106807144937422848 259 0 
nomask 2.2207042e+28 0 3682225064002863300308194908176384 259 194 
nomask 1.1714288e+30 5909584421982573338716840919040 0 0 194 
nomask -3.0747248e-30 79964812777523423769655167592431616 4409516964792466733558777872646144 259 0 
nomask 8.712236e+31 0 57535723074262713553778546573312 259 194 
nomask 3.1483103e+35 375608234658766701514647912054784 0 0 194 
nomask -7.5866935e-28 1185234753269396025474830827520 69371496311298508399532073549824 259 0 
nomask 5.665243e+27 0 57294606257423375293985115340800 259 194 
nomask 1.9217607e+31 1471974519859705505056045567836160 0 0 194 
nomask -7.681725e-28 322475563106720989166803475469697024 1110215059520786189589749482651648 259 0 
nomask 5.721824e+30 0 14851146573762907466619166413291520 259 194 
nomask 7.4145163e+28 5909740977876213433194965368832 0 0 194 
nomask -1.9125736e-28 1228990301298713649290972961439744 1102348869354750505060938324901888 259 0 
nomask 5.721827e+30 0 14264316899555713947765693218816 259 194 
nomask 4.824209e+30 368883920122630948895029175578001408 0 0 194 
nomask -4.8557988e-26 1239250426622257701056575965233152 4379620282466133017111977827237888 259 0 
nomask 2.2884823e+31 0 243508953647154401092447952636477440 259 194 
nomask 1.8536291e+28 1461553689911339896308647816331264 0 0 194 
nomask -1.185517e-29 19909120313121779847155230374363136 4396581304271211404935330529280 259 0 
nomask 1.4403991e+30 0 59649549870025420915273704354611200 259 194 
nomask 7.4453434e+28 90710842898218694548382959009792 0 0 194 
nomask -4.7617893e-29 79636506301430101803737421409419264 271774730135600727673128976646144 259 0 
nomask 9.0286555e+31 0 14728185403667205235626225774362624 259 194 
