mask 0.99609375 80 81 261 337 
mask 2.9657582e+29 116794734467747993542283063459840 0 0 428 
mask -4.781434e-29 1399978932453479737888604160 2480953903950937555457802240 320 0 
nomask 5.7219825e+30 0 7768341485805874002397040214016 320 428 
nomask 1.20111986e+30 1818697886833798108109864960 0 0 428 
nomask -4.7617128e-29 5931709004102722805895832535040 9696559590301463926869120253952 320 0 
nomask 2.2729474e+31 0 30346108331967840634393329664 320 428 
nomask 4.8242097e+30 114424103471032882608434734694400 0 0 428 
nomask -1.20032726e-29 334441902000152950865920 629157218631786121035802021462016 320 0 
nomask 9.028903e+31 0 30603788132921878304484491264 320 428 
nomask 4.82421e+30 29202570313447059418367446220800 0 0 428 
nomask -3.0378438e-30 95298824469180272186832548003840 154637645500790176838802472960 320 0 
nomask 5.6828327e+30 0 32130471684980643564133151670272 320 428 
nomask 3.1000717e+32 29291850547758058428589670400 0 0 428 
nomask -1.883185e-31 1464382234505462632541061120000 2457514009044861101766256623616 320 0 
nomask 2.2732573e+31 0 1925528807689150456763550531584 320 428 
nomask 1.1912358e+30 28999056718658583706524471787520 0 0 428 
nomask -3.00077e-30 5672169781676231894279127040 620696362690785278874469594562560 320 0 
nomask 2.2572258e+31 0 33305869656409369933764504913444864 320 428 
nomask 1.1912358e+30 29595613253605618619074981396480 0 0 428 
nomask -7.5868163e-28 88251275848904695118561280 158087476936679507948994560 320 0 
nomask 9.064148e+28 0 31866581293556598303253833187328 320 428 
nomask 4.8044018e+30 29003723172322296175138837626880 0 0 428 
nomask -1.8967042e-28 5981034688700274194510312898560 2449074486583341282541962876944384 320 0 
nomask 3.551479e+29 0 127464263577914631640700841623552 320 428 
nomask 1.9138383e+31 7301029434624041535927767531520 0 0 428 
nomask -2.975878e-30 94508108402974029755678352998400 39060503432892912880797253369856 320 0 
nomask 1.4207083e+30 0 127464247408531794295035629928448 320 428 
nomask 4.4988247e+27 116018011717903790443826092441600 0 0 428 
nomask -1.9282582e-28 99200690967282091627078452846264320 154139331018020383873394970460160 320 0 
nomask 5.6837266e+24 0 2008186945400268330851754835968 320 428 
nomask 7.6869176e+31 29547579605526301313597440 0 0 428 
nomask -1.18043286e-29 5931709004102722805895832535040 9696820321599716125720658837504 320 0 
nomask 1.4115237e+24 0 127464279747297468986366053318656 320 428 
nomask 4.7055204e+30 115231907703699377822973401497600 0 0 428 
nomask -2.8767903e-30 1537408373335726372133959788134400 39058429709544023299233853472768 320 0 
nomask 9.033991e+25 0 7867432011472051242282648600576 320 428 
nomask 1.8584089e+31 116011761571416382810992861511680 0 0 428 
nomask -4.8206454e-29 23726057770414514306052113039360 155684644620334162852012097536 320 0 
nomask 5.5880223e+27 0 7900545391643294163480086577152 320 428 
nomask 1.9138381e+31 115244347550383212357181128048640 0 0 428 
nomask -7.649802e-28 5956371846401498500203072716800 612185575695582713298963453181952 320 0 
nomask 9.002486e+28 0 1797097580392579476750336 320 428 
nomask 4.7648654e+30 116375449525938787037908828160 0 0 428 
nomask -1.1903512e-29 1464382328952792289933965393920 156221252244008499689057196965888 320 0 
nomask 3.5764325e+29 0 1966889962663777251612057141248 320 428 
nomask 2.9286202e+29 7349576117646578747867796602880 0 0 428 
nomask -1.9125735e-28 363006776769082694942117068800 9764090007135210763521689124864 320 0 
nomask 5.682368e+30 0 31866579272383743635045681725440 320 428 
nomask 4.8044797e+30 7371318931854336825753600000 0 0 428 
nomask -4.7418372e-29 1470571651359900561736843919360 618436764706782203883680694272 320 0 
nomask 9.092036e+31 0 120864999799428096590335705088 320 428 
nomask 4.8242097e+30 454552094541379449120662151495680 0 0 428 
nomask -1.20525764e-29 1393910968224153349432279040 9832394533172295523896267898880 320 0 
nomask 8.965521e+31 0 1950364095464189481187647946752 320 428 
nomask 1.929684e+31 116788508499776978202033326653440 0 0 428 
nomask -4.86055e-29 90367842535668718211390504960 155676544138502562924030066688 320 0 
nomask 2.2730093e+31 0 7900542865177225828219897249792 320 428 
nomask 7.750303e+31 7349771812513628865965452165120 0 0 428 
nomask -1.8754814e-31 23825088440085521173184637829120 2480890248848825202222563328 320 0 
nomask 2.2732576e+31 0 122415231483752148694818881536 320 428 
nomask 1.8458922e+28 29479960113645067158620733440 0 0 428 
nomask -4.8210303e-29 361459422555473212643171368960 612119151870886897306273809694720 320 0 
nomask 2.2730093e+31 0 8225003890022684940411130982957056 320 428 
nomask 1.921761e+31 29009145204623267786987394826240 0 0 428 
nomask -1.9340526e-25 361459304496311140902041026560 9729784995557218126212890624 320 0 
nomask 5.6646356e+27 0 1983414440307027437643362205696 320 428 
nomask 1.1863031e+30 116390643740097420121383895040 0 0 428 
nomask -7.555017e-28 23726443115519516469101550632960 9858374223229019322161561600 320 0 
nomask 2.197814e+25 0 7834444954604225084094676992000 320 428 
nomask 1.1198892e+27 462491856154903693685329756160 0 0 428 
nomask -7.6494317e-28 366095558626365658135265280000 9863320426259351008766292794540032 320 0 
nomask 3.501961e+29 0 1999874998358748741591877287936 320 428 
nomask 2.8543929e+29 29088954110922758600143884129402880 0 0 428 
nomask -7.8002024e-25 24598142474834197952631419762114560 38534828712159386631932439691264 320 0 
nomask 5.5127505e+21 0 2039362504874783133467793137074176 320 428 
nomask 1.166496e+30 453207353083928170320038461440 0 0 428 
nomask -4.3604342e-38 5882092421729826647136188497920 156070143742967204825530368 320 0 
nomask 8.733707e+19 0 503499026608654488162251887869952 320 428 
nomask 7.1360983e+28 7371695245433440500606566400 0 0 428 
nomask -4.6617204e-29 6124380290254008284290568830320640 155161575570380214173743546630144 320 0 
nomask 2.2350205e+22 0 7900419068339877400470620209152 320 428 
nomask -2.8740112e-36 29204897495649817579528755609600 0 0 428 
nomask -1.941878e-25 5956275132335929329869096222720 154114430168450871548968960000000 320 0 
nomask 8.584513e+22 0 31998008058431398538302642454528 320 428 
nomask 4.665985e+30 114455172864596978578224683417600 0 0 428 
nomask -1.17200666e-32 98796639717859736359154127690792960 152015757461843265624147417366528 320 0 
nomask 2.2134562e+25 0 8089631747227423851013672475295744 320 428 
nomask 7.2597733e+28 116399710683744529840194191360 0 0 428 
nomask -4.7808178e-29 6098929016758825419201314648227840 612168824214963223189804137054208 320 0 
nomask 2.2197954e+28 0 1958611870267573354838716579840 320 428 
nomask 2.8419647e+29 7272834286374595739293266235883520 0 0 428 
nomask -7.681602e-28 1476762012687635064861669457920 2432120177225539509358231245815808 320 0 
nomask 3.5513824e+29 0 8225134279925885295855398092275712 320 428 
nomask 4.784673e+30 1805780814168010546907337069690880 0 0 428 
nomask -4.7417602e-29 6174887857000589522825117192683520 9766163730484100345085089021952 320 0 
nomask 2.2730083e+31 0 32764915062927146079422621901914112 320 428 
nomask 4.80448e+30 1775933185215733513653929902080 0 0 428 
nomask -1.20525764e-29 6048223766462220796504118331965440 2375245199754873691273227665408 320 0 
nomask 8.965521e+31 0 1988498153895688127498059614519296 320 428 
