mask 0.99609375 77 75 259 339 
mask 4.784672e+30 7348217587256786808332720537600 0 0 428 
mask -1.20032726e-29 1343646787098166343761920 629340814415107530424320 320 0 
nomask 5.6826785e+30 0 1933806647438747520010872160256 320 428 
nomask 1.2011199e+30 114424161976726386785648640 0 0 428 
nomask -2.9760703e-30 23627415468163058638541962608640 606051080615027132713026977792 320 0 
nomask 9.028903e+31 0 30087907447387208816888119296 320 428 
nomask 1.929684e+31 114069458942772503409495900160 0 0 428 
nomask -1.20525764e-29 85990500541306082814853120 9829275863457542478718562205696 320 0 
nomask 9.028903e+31 0 30217244745871431156283473920 320 428 
nomask 1.929684e+31 29203344025971612781039258173440 0 0 428 
nomask -4.8406748e-29 23528761076653406824740065116160 9794206919597343430657703936 320 0 
nomask 5.6825226e+30 0 7999760724733247165219047735296 320 428 
nomask 7.7186118e+31 118190295363675113117450240 0 0 428 
nomask -7.5327404e-31 1458192250967046758987852677120 39172761647060646663263617024 320 0 
nomask 2.273133e+31 0 29570479301385683982425784320 320 428 
nomask 2.978138e+29 7200244311357318938205450403840 0 0 428 
nomask -1.2052384e-29 22495633212103794171073003520 612268621645835320635490719236096 320 0 
nomask 2.2572255e+31 0 8225003372602434145349844208713728 320 428 
nomask 1.9138692e+31 465525929396482612038677299200 0 0 428 
nomask -1.9045927e-28 5672070907127996811082465280 629356415447166695243776 320 0 
nomask 9.002493e+28 0 129051692737971042322859008458752 320 428 
nomask 4.784672e+30 29291089066162695698298961920 0 0 428 
nomask -4.7219622e-29 5981033933121636935367078707200 154110193790147486984683495882752 320 0 
nomask 3.526817e+29 0 7900544886350080496428048711680 320 428 
nomask 1.9059156e+31 29202564268817961345221572689920 0 0 428 
nomask -2.9882037e-30 89980992176350140462541045760 618550392518205582210695692288 320 0 
nomask 3.5517708e+29 0 125876793994401127594379645550592 320 428 
nomask 7.2288267e+28 457746028199768514815068880240640 0 0 428 
nomask -4.8205683e-29 1524757012990492062405826644541440 612318552700037044049664433717248 320 0 
nomask 3.575941e+23 0 126406672754672363716199499956224 320 428 
nomask 7.655226e+31 118368784546122851942400 0 0 428 
nomask -7.377585e-31 5981127624872657069128118435840 622527681726282365563744288768 320 0 
nomask 2.2132802e+25 0 489652841243589921946669678592 320 428 
nomask 4.7055213e+30 7300446883494714736494205992960 0 0 428 
nomask -2.8891161e-30 95300377938858476985322045440000 156237890538948128378560031227904 320 0 
nomask 9.033991e+25 0 31602183587746031322128497770496 320 428 
nomask 2.9860317e+32 29399857940264519789960683847680 0 0 428 
nomask -1.920308e-28 5906851600304852882205788078080 2480954150676139541323055104 320 0 
nomask 1.3969676e+27 0 2030950803857607822128704263290880 320 428 
nomask 1.9059153e+31 454639185557424487006407984414720 0 0 428 
nomask -3.0725424e-27 23627030123058056475492525015040 2407971020031233983557622824960 320 0 
nomask 2.235026e+28 0 6743069398914608136192 320 428 
nomask 2.9657582e+29 7416830738832993031500595200 0 0 428 
nomask -1.9045619e-28 5623906458351541171813089280 9896289870626921588188432564224 320 0 
nomask 2.266158e+28 0 30216745374062611765011677184 320 428 
nomask 2.9162404e+29 29399081205425417390715935129600 0 0 428 
nomask -7.650294e-28 366101626867296145629364879360 39056360028540843054086756499456 320 0 
nomask 5.6822125e+30 0 7933659277107750751729562419200 320 428 
nomask 1.1961875e+30 117170436311497477461408481280 0 0 428 
nomask -1.1854594e-29 95301931408536681783811542876160 155149092806829783320200118009856 320 0 
nomask 9.028901e+31 0 1942086761007806084992364183552 320 428 
nomask 4.80448e+30 7151891812044557326076608512000 0 0 428 
nomask -1.2052576e-29 327068991496190301306880 618517801105924057354253369344 320 0 
nomask 9.028903e+31 0 1864354809736396168472035328 320 428 
nomask 7.7503035e+31 29399081205425417390715935129600 0 0 428 
nomask -4.8407518e-29 22591957682438127759319367680 2464785014563995861976612864 320 0 
nomask 9.028655e+31 0 7933658771814537084677524553728 320 428 
nomask 7.718612e+31 29290327584567332968008253440 0 0 428 
nomask -7.5019255e-31 5907044650646672593302123970560 620190858023751116870647808 320 0 
nomask 5.7226027e+30 0 7867560355948322673500266430464 320 428 
nomask 7.414517e+28 460828208755392404188565770076160 0 0 428 
nomask -4.8408285e-29 5857433357324237248545119272960 38912859019572997503726092088770560 320 0 
nomask 2.2571636e+31 0 33035654174315160307604671174803456 320 428 
nomask 1.9138692e+31 7251314627028301688547678617600 0 0 428 
nomask -4.8552472e-26 23231653956067641040477806919680 154052980172831266984427520 320 0 
nomask 1.4161968e+27 0 127464263577914631640700841623552 320 428 
nomask 1.18628385e+30 462504134307759154762885365760 0 0 428 
nomask -7.5550163e-28 23825479829819621409379948953600 156703236787022304283467972608 320 0 
nomask 5.4945345e+24 0 483467989146653496621691568128 320 428 
nomask 4.4602143e+27 1842734178829282390961029120 0 0 428 
nomask -7.7125396e-28 5857528560232531900592627384320 9896285828281212251772129640448 320 0 
nomask 3.477202e+29 0 7867430495592410241126535004160 320 428 
nomask 2.8419653e+29 1831034017256907751152607391907840 0 0 428 
nomask -4.8749687e-26 24699557617702554518201843266355200 608063288557498460027233056587776 320 0 
nomask 3.4687076e+20 0 8191227213471034134671795152748544 320 428 
nomask 4.6857907e+30 450124592243910865924537712640 0 0 428 
nomask -4.3787295e-38 6174986892203732353247109122621440 153627059073456072763071528960 320 0 
nomask 8.676286e+19 0 32900551607470563445137622047916032 320 428 
nomask 2.8420118e+29 465623115698700069337175162880 0 0 428 
nomask -4.641845e-29 1505791481446443329083370131947520 2457578939222817317953122336768 320 0 
nomask 2.2203208e+22 0 481390381356183849595750580224 320 428 
nomask -1.7669559e-37 462443263003794965036080824320 0 0 428 
nomask -7.7349483e-25 5832771270604098813381113282560 2441086926668545240015250128896 320 0 
nomask 2.1460702e+22 0 31734119688180207945631475433472 320 428 
nomask 1.1664962e+30 7172615303069198672413464010424320 0 0 428 
nomask -7.5007222e-31 99606357728455714316261521358848000 152019896823849626114441611313152 320 0 
nomask 5.533048e+24 0 8089499805063471110385545043247104 320 428 
nomask 1.7995295e+28 7301998086437007757554000855040 0 0 428 
nomask -1.8964578e-28 99202312668733555475238570698997760 2420907392705151089219757946418757632 320 0 
nomask 3.5166925e+26 0 511976666369040495124074054287360 320 428 
nomask 1.7608139e+28 1818307800224922903585976441896960 0 0 428 
nomask -3.0726408e-27 23528773165911602971031812177920 608046537076878969918073740460032 320 0 
nomask 8.878212e+28 0 2047839271488495923763693871955968 320 428 
nomask 1.1863034e+30 7202188415190986713747024773120 0 0 428 
nomask -4.7416835e-29 1537433132136512079739457770618880 618615196372858381634551939072 320 0 
nomask 9.02865e+31 0 2039362763584908530998436524195840 320 428 
nomask 4.7846733e+30 1805879655943022238988661046640640 0 0 428 
nomask -1.21018795e-29 6149635427624216871942518682419200 608063094524904411879250516246528 320 0 
nomask 8.965521e+31 0 8157319112175681383365618664734720 320 428 
