mask 0.99609375 67 118 247 361 
mask 1.2060522e+30 7398900291086855618195808583680 0 0 428 
mask -4.7815108e-29 5648083867939189332734115840 39176827678389373722630815744 320 0 
nomask 2.2728852e+31 0 31337258355820395938675630800896 320 428 
nomask 1.2011199e+30 465586847924111630461933977600 0 0 428 
nomask -1.1953777e-29 369190361500914280126060953600 9828501754254204554996552302592 320 0 
nomask 2.2729474e+31 0 115012294473996885764866048 320 428 
nomask 4.8044797e+30 1818308187081185180267312347873280 0 0 428 
nomask -1.20525764e-29 5696159772344091166155735040 9794973350491329773273709444857856 320 0 
nomask 8.965522e+31 0 1991628360465095618807893852160 320 428 
nomask 1.1961683e+30 29400640719732720262351306096640 0 0 428 
nomask -1.2052768e-29 366101532419966488236460605440 39178856746450505478470369280 320 0 
nomask 9.0286555e+31 0 1983414819276937687932390604800 320 428 
nomask 1.9375758e+31 1854871398560020327542292480 0 0 428 
nomask -3.013144e-30 1470571745807230219129748193280 622624824346609856318023925760 320 0 
nomask 8.965273e+31 0 1872440734781078930404147200 320 428 
nomask 4.8242097e+30 7397346821408650819706311147520 0 0 428 
nomask -3.0131919e-30 5327366726155700629667840 155664369730135772388992745472 320 0 
nomask 9.028904e+31 0 2030851459169455170361643608571904 320 428 
nomask 4.8242097e+30 7323343013689963807871822316175360 0 0 428 
nomask -7.53286e-31 5931513687024991317369794068480 156723559048459476032615874560 320 0 
nomask 2.2731338e+31 0 7900545896936507830532124442624 320 428 
nomask 7.7503025e+31 29291850547758058428589670400 0 0 428 
nomask -7.5020454e-31 1495282284007482896853646704640 9829538615928649345778252251136 320 0 
nomask 3.5862086e+32 0 7554313653719877647723397120 320 428 
nomask 3.112699e+32 116002452842605350166347623956480 0 0 428 
nomask -1.883215e-31 87498706336772575754977280 39323361004988222687311174828032 320 0 
nomask 8.966018e+31 0 1983381848894745912786919882752 320 428 
nomask 4.784596e+30 1837394596095622631324374794240 0 0 428 
nomask -2.9883481e-30 6098828820986895758735315000360960 153623079889398444728273338368 320 0 
nomask 9.065118e+28 0 129577424051544499281552063070208 320 428 
nomask 3.1000711e+32 1850065272053139833790146805760 0 0 428 
nomask -1.9046542e-28 23825482852134170445952885719040 155157436208373853683449352683520 320 0 
nomask 9.002491e+28 0 1950364853404009981765704744960 320 428 
nomask 1.9217608e+31 115219504124790131727640916131840 0 0 428 
nomask -7.377945e-31 1476737361934594485313653964800 624934940030235722170402502344704 320 0 
nomask 3.6013855e+29 0 31734641150776712343334552600576 320 428 
nomask 1.8149737e+28 29598714148332930142908102737920 0 0 428 
nomask -1.8967041e-28 96089528446128318471694995947520 9988748754462390239079956480 320 0 
nomask 5.682368e+30 0 31866069936824367246591513329664 320 428 
nomask 4.8044027e+30 1825451731260445298578937610240 0 0 428 
nomask -4.916304e-26 6055116529558302781621456076800 38641581791124156411805797602820096 320 0 
nomask 1.4402433e+30 0 476163325128738622687674368 320 428 
nomask 2.9904684e+29 29002169702644091376649340190720 0 0 428 
nomask -4.7616355e-29 5882191402531307594899867566080 156237874369565291032894819532800 320 0 
nomask 3.6258534e+29 0 31601666167495236260841723527168 320 428 
nomask 2.978089e+29 29597154634025627271272731770880 0 0 428 
nomask -7.650294e-28 22688677650965401680352378880 9763572586884415702234914881536 320 0 
nomask 2.272885e+31 0 493792045345821141287101792256 320 428 
nomask 1.1961875e+30 1862444483551334321753329500160 0 0 428 
nomask -4.7617125e-29 6149634653911692318579846870466560 2431588010497596788824783936552960 320 0 
nomask 2.2729471e+31 0 1933808036995085104403976290304 320 428 
nomask 1.1961876e+30 28890902273737687036864147740426240 0 0 428 
nomask -1.20525764e-29 1417995313987949645665402880 9727685951396936823296439745511424 320 0 
nomask 8.965521e+31 0 122928546227186165183785467904 320 428 
nomask 4.7846733e+30 117596324821701669562863740518400 0 0 428 
nomask -4.801386e-29 363012797786348353739764531200 2474202580659249662946858500096 320 0 
nomask 1.4242627e+33 0 1983414692953634271169381138432 320 428 
nomask 1.9375759e+31 1837442953128407216491363041280 0 0 428 
nomask -3.013192e-30 5956465915941837263535729541120 39435537803786904366017937408 320 0 
nomask 9.028904e+31 0 509848840265177154964875825381376 320 428 
nomask 2.990469e+29 7222525176890562438284037639372800 0 0 428 
nomask -1.2102456e-29 23429354128821044904276913029120 152413097278580000364028206480621568 320 0 
nomask 9.028903e+31 0 131597951165739715196528056814534656 320 428 
nomask 1.9296839e+31 460940058572223149679809585479680 0 0 428 
nomask -3.0007219e-30 1452002834112608829792069877760 154641672056086586159729213440 320 0 
nomask 1.4306118e+30 0 126936478752720831782525901733888 320 428 
nomask 7.7503025e+31 7300449150230626513923908567040 0 0 428 
nomask -3.0007702e-30 1482926778789032414509436764160 2481017065602645936962535424 320 0 
nomask 5.6036045e+30 0 126934409071717651537378804760576 320 428 
nomask 3.074719e+32 29294875813786146795054694400 0 0 428 
nomask -1.8830947e-31 98796645907559932786055502186414080 9659594481232808348079522872033280 320 0 
nomask 2.241566e+31 0 8191228248311535724794368701235200 320 428 
nomask 7.5918477e+31 113950536085560719087854785124106240 0 0 428 
nomask -3.0004813e-30 6149536005564811764839190846504960 153083809875781296194040725766144 320 0 
nomask 3.528902e+23 0 8225268291770841216728672621297664 320 428 
nomask 1.229887e+33 7201604352904385396026994851840 0 0 428 
nomask -1.1304504e-35 94509637694135842261584356311040 2464973759343515048895053824 320 0 
nomask 8.673441e+25 0 126406656585289526370534288261120 320 428 
nomask 1.882147e+31 469809794636627292758999040 0 0 428 
nomask -7.2844195e-31 24497120377928314495298276729815040 2457319471157599286731678416896 320 0 
nomask 2.2435043e+25 0 1880494708912104522786013184 320 428 
nomask 8.05902e+37 28606793535653675941634622095360 0 0 428 
nomask -4.7610965e-29 376448039611225578318926991851520 2398276236041285345651614763974656 320 0 
nomask 5.549336e+27 0 132683051800811066843228646370443264 320 428 
nomask 7.6236618e+31 1818606259831269363236627902627840 0 0 428 
nomask -7.744587e-28 99202281720232573340731698220892160 154143438041261069672358741016576 320 0 
nomask 2.2505606e+28 0 32764912993246142899177474804940800 320 428 
nomask 2.9533788e+29 116402744804209773587243991040 0 0 428 
nomask -4.7415294e-29 379617069397730582652334773370880 154106054428141126494389301936128 320 0 
nomask 5.6653953e+27 0 7834446975777079752302828453888 320 428 
nomask 2.9162404e+29 457721172684917238039236921262080 0 0 428 
nomask -3.0726408e-27 364554272653686663330419179520 38264715129515817958154770055168 320 0 
nomask 3.5760438e+29 0 2039328743203418755718831117697024 320 428 
nomask 1.19123576e+30 1793203149940739944973694014586880 0 0 428 
nomask -4.7615585e-29 1593676271608083721641732415747522560 154139282509871871836399335374848 320 0 
nomask 5.68252e+30 0 32900025908495755662870259416694784 320 428 
nomask 1.1862841e+30 1800643817863315848770732687360 0 0 428 
nomask -1.20028874e-29 24294308661292190644861553208197120 37472011135914946721151417581568 320 0 
nomask 5.643064e+30 0 8021679463110759247282897873272832 320 428 
