mask 0.99609375 58 99 241 372 
mask 1.9296528e+31 29201013821454305583305012019200 0 0 428 
mask -7.6501707e-28 23429340528405574239698697584640 154645714401795922576032137216 320 0 
nomask 2.2570394e+31 0 8191226696050783339610508378505216 320 428 
nomask 2.9780896e+29 460927775885895865047394570731520 0 0 428 
nomask -1.1904281e-29 24022782568209826963837870407680 154536556872946881001027347547160576 320 0 
nomask 2.2729471e+31 0 30474960075254554790971047936 320 428 
nomask 2.990469e+29 7221930191959180902389414247792640 0 0 428 
nomask -1.2052576e-29 21968381720631946185277440 156229660323083919434967278419968 320 0 
nomask 2.2572258e+31 0 480197436384458760737783808 320 428 
nomask 1.9296839e+31 29202570313447059418367446220800 0 0 428 
nomask -4.761866e-29 22592336947496283227700592640 156715458566627876104633843712 320 0 
nomask 9.028407e+31 0 31866577251210888966837530263552 320 428 
nomask 1.9375755e+31 7322771528670910976192675840 0 0 428 
nomask -3.0008663e-30 94905796640594458168989696655360 155161559400997376828078334935040 320 0 
nomask 5.7221385e+30 0 7900547412816148831688238039040 320 428 
nomask 7.4453434e+28 7271841613205593774985331500646400 0 0 428 
nomask -4.7617893e-29 22785016878694994236240035840 155174123011461994409947822030848 320 0 
nomask 2.2729474e+31 0 2064761371435685704382323806437376 320 428 
nomask 7.4761715e+28 7399680048240507054013494067200 0 0 428 
nomask -1.9046234e-28 5792586068705711631127019520 9987482560725798778602258432 320 0 
nomask 3.600997e+29 0 493784055396880031026753044480 320 428 
nomask 4.804479e+30 7371320407593862722517729280 0 0 428 
nomask -4.7419143e-29 5956369957454905352344987238400 2473877171829648081434473136128 320 0 
nomask 5.642753e+30 0 7522101704799007052039979008 320 428 
nomask 7.6869205e+31 460853064270243680964397729054720 0 0 428 
nomask -7.5016847e-31 91140061611821873357903626240 38794561551021379388644201070592 320 0 
nomask 1.4207472e+30 0 128519776635462300647222480470016 320 428 
nomask 4.745059e+30 116807198492948220369074284134400 0 0 428 
nomask -1.8753911e-31 384358307212644412227447936778240 9765646310233305283798314778624 320 0 
nomask 5.666001e+27 0 123448058707694066607903997952 320 428 
nomask 1.2400086e+33 7419298175320292421124751360 0 0 428 
nomask -4.78128e-29 5931612290037153635561856040960 612102529745330105962436187127808 320 0 
nomask 3.5515747e+29 0 1950364853404009981765704744960 320 428 
nomask 3.0873952e+32 116005559781961759763326618828800 0 0 428 
nomask -7.439695e-31 22591963585396231346375884800 620696233335722580109147901001728 320 0 
nomask 3.5766267e+29 0 127464239323840375622203024080896 320 428 
nomask 1.1763805e+30 7301029434624041535927767531520 0 0 428 
nomask -1.1854209e-29 95693387633556996783727276195840 624280883378371301633687552 320 0 
nomask 3.5763358e+29 0 7966775689038275675239227588608 320 428 
nomask 1.921761e+31 7350935403615007946546106859520 0 0 428 
nomask -1.229076e-26 370731836368252589716715601920 2431655275130200146792064588185600 320 0 
nomask 5.7213593e+30 0 7219847784823515726741504 320 428 
nomask 2.9904686e+29 115216385096175525984370174197760 0 0 428 
nomask -4.7617125e-29 5882191402531307594899867566080 156242029900954488868854225174528 320 0 
nomask 1.4404378e+30 0 2047872774449734903982012504211456 320 428 
nomask 2.978089e+29 7374842093036760180670297695846400 0 0 428 
nomask -3.047496e-27 381201584290983084819038664130560 38794565593367088725060503994368 320 0 
nomask 2.272761e+31 0 127464279747297468986366053318656 320 428 
nomask 2.9781378e+29 466752062338969197483130880 0 0 428 
nomask -1.9126043e-28 1482951523989402651450356531200 616274683260084733265679451422720 320 0 
nomask 2.2728852e+31 0 7522102691699814995500990464 320 428 
nomask 2.9781378e+29 7222328653909325884165397403402240 0 0 428 
nomask -1.20032726e-29 1399955689555946863853568000 39063632208471939267015716372480 320 0 
nomask 3.5862082e+32 0 8225001302921430965104697111740416 320 428 
nomask 1.929684e+31 464071901800516808019803405025280 0 0 428 
nomask -1.9126658e-28 94905802685223556242135570186240 39060515559930040890046162141184 320 0 
nomask 3.5858113e+32 0 128521878655231155583700000833536 320 428 
nomask 1.9375756e+31 115231943971473966261848642682880 0 0 428 
nomask -7.5021653e-31 96091118183581111709059734568960 9830577498775948804768103661568 320 0 
nomask 5.7221385e+30 0 487591276512654203822930919424 320 428 
nomask 4.6340724e+27 115197719281520676109912710840320 0 0 428 
nomask -4.8013855e-29 90753217155461399196110684160 616474084089234880009070075445248 320 0 
nomask 2.2729474e+31 0 511959914888421005014914738159616 320 428 
nomask 2.9904203e+29 1831332476863254210803258852638720 0 0 428 
nomask -4.8010012e-29 398425406155022071557440587452907520 612285308448923461361989188583424 320 0 
nomask 5.665395e+27 0 7966776699624703009343303319552 320 428 
nomask 1.9217607e+31 7349967507380678984063107727360 0 0 428 
nomask -2.9759742e-30 24023163379843005572027902853120 2474266752897385378555667415040 320 0 
nomask 3.477493e+29 0 509848807926411480273545401991168 320 428 
nomask 1.8901011e+31 117173435014214099686119178240 0 0 428 
nomask -3.0252293e-30 95300402117374869277905539563520 616407660264539064016380431958016 320 0 
nomask 3.5271083e+29 0 126934449495174744901541833998336 320 428 
nomask 1.214656e+33 1831033630400645474471271485931520 0 0 428 
nomask -1.20013474e-29 379610879697534155750960277749760 616557259394550186110919035060224 320 0 
nomask 1.3832264e+24 0 132683076636983105006170411534123008 320 428 
nomask 3.0620911e+32 113944197832559577940847301608079360 0 0 428 
nomask -2.8379265e-36 23726449160148614542247424163840 39061546358085921676203407704064 320 0 
nomask 3.4452917e+26 0 507746044365946025895425300496384 320 428 
nomask 4.665831e+30 1862444294656675006967520952320 0 0 428 
nomask -2.975589e-30 99606332969654928608656023376363520 620629938866089462881779951075328 320 0 
nomask 3.5169765e+26 0 1966890973250204585716132872192 320 428 
nomask 8.025791e+37 29000610188336788505013969223680 0 0 428 
nomask -7.618001e-28 5832772403972054702095964569600 607980048574651804542723250192384 320 0 
nomask 8.754902e+28 0 125346987996352659528053243772928 320 428 
nomask 1.9138385e+31 454639040486326133250907019673600 0 0 428 
nomask -7.74471e-28 1600166939786861684668661511948861440 153498222749823390173670561200209920 320 0 
nomask 1.4205519e+30 0 132683084915707117727150999922016256 320 428 
nomask 7.3835688e+28 1850016537231036619051541463040 0 0 428 
nomask -4.7813567e-29 381195467126335834795414650880000 9726883950008204478301939668353024 320 0 
nomask 3.6010946e+29 0 31998533563373612272422022545408 320 428 
nomask 1.9059151e+31 114745974457803540183491217394237440 0 0 428 
nomask -3.0727887e-27 23726459738249536170252702842880 605294998632360491417143095741906944 320 0 
nomask 3.5857115e+32 0 8225001820341681760165983885983744 320 428 
nomask 2.9905175e+29 1805829944913319685436997128683520 0 0 428 
nomask -1.2003081e-29 24497126567628510922199651225436160 9633703135694137321566806999040 320 0 
nomask 9.028902e+31 0 8157318594755430588304331890491392 320 428 
nomask 2.990469e+29 1818506644343733117792632113725440 0 0 428 
nomask -1.2052768e-29 6124381450822795114334576548249600 2432185889597390482141651574718464 320 0 
nomask 3.5862082e+32 0 2039362634229845832233114830635008 320 428 
