mask 0.99609375 81 98 272 348 
mask 4.5953868e+27 29197130147258793587081268428800 0 0 428 
mask -4.794821e-26 21497985423296710343393280 628323167406407221470298112 320 0 
nomask 2.2812685e+28 0 31602165397190339308255134613504 320 428 
nomask 1.8459218e+28 28905738058202429061804851200 0 0 428 
nomask -1.2037737e-26 382779982019588336962118541639680 154101898896751928658429896294400 320 0 
nomask 3.6254646e+29 0 127462234320368544759716773888000 320 428 
nomask 7.414516e+28 115216385096175525984370174197760 0 0 428 
nomask -1.9125736e-28 1349527587491586737438720 624885267686159396286872174985216 320 0 
nomask 5.682368e+30 0 31119694477877554322067161088 320 428 
nomask 7.3835683e+28 116014892689289184700555350507520 0 0 428 
nomask -1.1855361e-29 1470571934701889533915556741120 618599216474976161113854443520 320 0 
nomask 3.58601e+32 0 516198492227871448310847645941760 320 428 
nomask 1.9375755e+31 29291092017641747491827220480 0 0 428 
nomask -7.471351e-31 95696500617542504453852144599040 9923306374986851395949297664 320 0 
nomask 5.7219843e+30 0 487591244931828349632178552832 320 428 
nomask 1.8690729e+28 1805581970049200332700681397862400 0 0 428 
nomask -4.7222695e-29 6149635814480479148623854588395520 9660395447781039102951449400705024 320 0 
nomask 2.2728855e+31 0 33034602776365544743069945912360960 320 428 
nomask 7.5069987e+28 1843561970454475799534586529054720 0 0 428 
nomask -1.9046543e-28 5980933818952200098888548352000 9988495120954748769600012288 320 0 
nomask 1.4304955e+30 0 127464279747297468986366053318656 320 428 
nomask 1.20111986e+30 115228824942859360518577900748800 0 0 428 
nomask -1.180529e-29 96091124228210209782205608099840 2457839165227855849752623054848 320 0 
nomask 1.4206308e+30 0 31601666167495236260841723527168 320 428 
nomask 1.921761e+31 7301028679045404276784533340160 0 0 428 
nomask -1.1903897e-29 1470572029149219191308461015040 620746035034861604757999921922048 320 0 
nomask 5.6826785e+30 0 518301288127102577380298170826752 320 428 
nomask 2.9533308e+29 113944210211959970794650050599321600 0 0 428 
nomask -1.1953199e-29 395180270136039375704820023212113920 2398476218968217636838953009020928 320 0 
nomask 1.4357294e+27 0 128523980675000010520177521197056 320 428 
nomask 3.0874437e+32 29486034257533658239776849920 0 0 428 
nomask -1.8967042e-28 381201560112466692526455170007040 38791436817788062338842040991744 320 0 
nomask 2.2583788e+25 0 507737765641933304914836912603136 320 428 
nomask 7.65535e+31 1825305526794135654363121582080 0 0 428 
nomask -1.8134914e-31 6124380677110270560971904736296960 2448941250868761554260618509287424 320 0 
nomask 5.666001e+27 0 2022440922347844147910449976836096 320 428 
nomask 4.479481e+27 29204114716181617107138133360640 0 0 428 
nomask -1.1953007e-29 23825095995871893764616979742720 39059480719428450767472613654528 320 0 
nomask 9.033755e+25 0 2081683083317687388704988660236288 320 428 
nomask 7.718609e+31 28414946075024481401327562260480 0 0 428 
nomask -7.5550163e-28 384364617805422800591739903016960 38368168651880033306893699040411648 320 0 
nomask 3.613217e+26 0 1872441228231482902134652928 320 428 
nomask 1.1961871e+30 29002940392854095702748215377920 0 0 428 
nomask -1.8887541e-28 94508120492232225901970100060160 38793514583482661256821743812608 320 0 
nomask 3.6009975e+29 0 125874764736855040713395577815040 320 428 
nomask 7.029767e+25 116024177239583825052617093939200 0 0 428 
nomask -1.20379334e-26 378026340625765261291672892866560 38265749970017408080728318541824 320 0 
nomask 2.2968037e+28 0 509857183666721225328125060055040 320 428 
nomask 7.414515e+28 116024201418100217345200588062720 0 0 428 
nomask -1.1987251e-26 1537433325564643218080125723607040 616440904515652646704055677091840 320 0 
nomask 1.4402823e+30 0 7735102287624427985242173734912 320 428 
nomask 2.9781374e+29 1805681005252343163122673327800320 0 0 428 
nomask -1.9126044e-28 361459422555473212643171368960 154126815915704278328521118449664 320 0 
nomask 2.2729471e+31 0 31601146726071586531346797821952 320 428 
nomask 7.4453444e+28 116017975450129202004950851256320 0 0 428 
nomask -1.1954161e-29 23528378753862953698263564288000 614443558762474908391439335424 320 0 
nomask 3.58601e+32 0 127464271662606050313533447471104 320 428 
nomask 1.9375756e+31 115622999456474544943671541760 0 0 428 
nomask -7.471351e-31 23726832994096342187010393374720 154633539993429132040994816000 320 0 
nomask 5.7221385e+30 0 7834445459897438751146714857472 320 428 
nomask 1.8613359e+28 462431268192928476137238036480 0 0 428 
nomask -4.7617893e-29 1439647895578136291805285580800 9698376624697810645997284491264 320 0 
nomask 9.028407e+31 0 32493633695116298627012033222017024 320 428 
nomask 2.9904688e+29 7252092117446041346935661527040 0 0 428 
nomask -3.0346774e-27 94506567022554021103480602624000 610288027373277072432033693696 320 0 
nomask 9.063904e+28 0 31866585335902307639670136111104 320 428 
nomask 4.784672e+30 1837539856088635701611148083200 0 0 428 
nomask -1.8888157e-28 95696512706800700600143891660800 155676496767263781637901516800 320 0 
nomask 2.2196742e+28 0 31602185608918885990336649232384 320 428 
nomask 1.1813324e+30 117167366773283612192019578880 0 0 428 
nomask -1.1903127e-29 94904249215545351443646072750080 155165747271152249355368163966976 320 0 
nomask 1.4107658e+30 0 31866069936824367246591513329664 320 428 
nomask 4.685638e+30 457733600442342876427152900751360 0 0 428 
nomask -3.0850651e-27 24598145569684296166082107009925120 152019945331998138151437246398464 320 0 
nomask 2.2348467e+22 0 2039395361060708619859503301525504 320 428 
nomask 1.8980227e+31 28608356072275527849842929827840 0 0 428 
nomask -7.0356985e-37 23825479829819621409379948953600 622770917247011342738471780352 320 0 
nomask 8.765768e+22 0 8258913026158539281839881019457536 320 428 
nomask 2.8791503e+29 1850161797224049689338314752000 0 0 428 
nomask -2.864224e-30 400047998923314205191356367555788800 2448808791284558018571204302995456 320 0 
nomask 3.5762184e+23 0 7933664330039887422249941073920 320 428 
nomask -4.4908578e-38 460890444256586165298479644016640 0 0 428 
nomask -1.2288986e-26 5956275510125247959440713318400 2432053688723312343982880755548160 320 0 
nomask 5.550078e+21 0 128519784720153719320055086317568 320 428 
nomask 4.70552e+30 1818606259831269363236627902627840 0 0 428 
nomask -2.8024328e-36 24699556070277505411476499642449920 612301865896948903323165964369920 320 0 
nomask 5.6477203e+24 0 2030885220840819548110605627949056 320 428 
nomask 1.8150035e+28 1850064516474502574646912614400 0 0 428 
nomask -7.6178777e-28 6149635427624216871942518682419200 2431787734714403682481478794477568 320 0 
nomask 5.587871e+27 0 7933533459097547655772133916672 320 428 
nomask 7.1669292e+28 113941028706059007367343559850065920 0 0 428 
nomask -1.2189394e-26 96091166540613896294226722816000 2421248078755722583012931285001699328 320 0 
nomask 5.6647885e+27 0 133766033082535161918898608625680384 320 428 
nomask 2.965758e+29 460952583043714357238059541463040 0 0 428 
nomask -7.491785e-28 100011974972027765590233593906462720 9831357671497850733114567950336 320 0 
nomask 5.721825e+30 0 132683093194431130448131588309909504 320 428 
nomask 2.9781376e+29 114758688102007001038914431400017920 0 0 428 
nomask -4.8012323e-29 385936704941249664370527814287360 9728482778583161217678072080236544 320 0 
nomask 2.2571017e+31 0 32129958307075557839262680350720 320 428 
