mask 0.99609375 33 106 226 361 
mask 0.00390625 258 198 272 348 
nomask 0.00390625 262 221 272 284 
nomask 2.2729471e+31 0 29287157341888220503435168972800 273 400 
nomask 1.1961876e+30 6270769777276846728630390226944 0 0 400 
nomask -4.781434e-29 21244502481461935170305023725797376 576097460177659677906745845350400 273 0 
nomask 3.5607554e+32 0 124509935601757745037393458416844800 273 400 
nomask 4.804481e+30 386055127059120228400987336322580480 0 0 400 
nomask -1.2151375e-29 1259841964777341490099818332160 9156413829167758286257974673408000 273 0 
nomask 8.965521e+31 0 29781368105893274057913139200000 273 400 
nomask 1.9296841e+31 393175914140698982421663219449856 0 0 400 
nomask -4.741991e-29 1199513929635561243376877568 146463001117186069923836723200 273 0 
nomask 2.2728855e+31 0 29534737793958923966982651904000 273 400 
nomask 4.8242088e+30 1572123041376573900283969536 0 0 400 
nomask -4.7617893e-29 1244040971978437054835126697984 9152276440520291825116774400 273 0 
nomask 2.2728233e+31 0 435604613913752635860582400 273 400 
nomask 7.476292e+28 393154709279591486922281579446272 0 0 400 
nomask -4.7420677e-29 21071473455118761933700958854840320 144474364832068474470479433406873600 273 0 
nomask 5.721828e+30 0 520320594268774171370242658282976051200 273 400 
nomask 7.5069987e+28 1573127753784945839674285677871104 0 0 400 
nomask -1.20034645e-29 327905598331600075483100347367424 146470586418349179291461222400 273 0 
nomask 2.2730095e+31 0 478474977524485421202648177049600 273 400 
nomask 4.8440165e+30 25154623336972358356530364416 0 0 400 
nomask -2.9884442e-30 20241950530470292458053811830784 9273170867156162113542553600 273 0 
nomask 2.2730095e+31 0 112959817926981156731879424000 273 400 
nomask 4.824209e+30 1582113286646207700302561280 0 0 400 
nomask -2.9636964e-30 1136266701166571591565312 9212724576175430654807244800 273 0 
nomask 2.2730717e+31 0 1838213973904065343465403187200 273 400 
nomask 1.2011005e+30 1562185880435103784596477088628736 0 0 400 
nomask -1.1904281e-29 355118783959150005566026451240632713216 142454108584956698130857807629516800 273 0 
nomask 3.6259505e+29 0 124002898573042189877674931493273600 273 400 
nomask 7.750178e+31 397234760868142553634938290176 0 0 400 
nomask -7.6504173e-28 81641123500758742755065771065344 9090793335679076214654923440128000 273 0 
nomask 1.4304178e+30 0 1830478029250152434158587084800 273 400 
nomask 4.824209e+30 99942868802403850975690358784 0 0 400 
nomask -2.9636964e-30 309695313255322967775066980352 584035750679577178919536479436800 273 0 
nomask 5.722448e+30 0 1838184222995223264700556902400 273 400 
nomask 7.3835683e+28 25152681973955925052753969152 0 0 400 
nomask -1.1953777e-29 1259840997872804122539960827904 9292644604883137829273600 273 0 
nomask 2.2730714e+31 0 29905645680149657937072934092800 273 400 
nomask 1.9375758e+31 6162735284941418373718917720834048 0 0 400 
nomask -1.9126043e-28 20985298219724895243389032659419136 35354020096941353925775363932160000 273 0 
nomask 2.272947e+31 0 28119541515129742713841254400 273 400 
nomask 4.8044797e+30 393197077747212883571824272605184 0 0 400 
nomask -1.2003081e-29 5039366569903316136986129989632 584051345822650207635890189107200 273 0 
nomask 5.722138e+30 0 118630296407858944121692907110400 273 400 
nomask 1.1961682e+30 1573000359599926489281113490456576 0 0 400 
nomask -1.9204929e-28 326559110278570908446976500563968 2296925528465767057460717158400 273 0 
nomask 9.028158e+31 0 114890321345178267695238348800 273 400 
nomask 1.20113936e+30 25368292735154847479758848 0 0 400 
nomask -1.1953777e-29 5081609984537879915453919264768 36604376016900668171432755200 273 0 
nomask 2.2729474e+31 0 113441514065629119511317708800 273 400 
nomask 1.20113936e+30 23956760324492770558667480817991680 0 0 400 
nomask -1.2052768e-29 76765059130254374195643285504 572322226628167113919973398937600 273 0 
nomask 3.5608552e+32 0 119125464867786723640220214886400 273 400 
nomask 1.2011008e+30 100327004907504275195935686918144 0 0 400 
nomask -1.8967964e-28 4997205342154428601106228576256 36254653965402870218923547033600 273 0 
nomask 9.028158e+31 0 29781371883786460353629310156800 273 400 
nomask 4.8242094e+30 393207803941547414369176853151744 0 0 400 
nomask -1.20032726e-29 19521296495357255190898016256 9186970147058223434834745753600 273 0 
nomask 5.6823684e+30 0 108902954918289107163545600 273 400 
nomask 2.9904686e+29 99937701906282293077701820416 0 0 400 
nomask -1.1953776e-29 1249321882260026210923529109504 580058928749663875517881778176000 273 0 
nomask 5.722138e+30 0 124002875361666453276794777134694400 273 400 
nomask 1.19614876e+30 6249420097075362465603532665913344 0 0 400 
nomask -1.2101687e-29 1254602309089346683232002768896 578114997282372724718357708800 273 0 
nomask 5.643064e+30 0 29534747238691889706273079296000 273 400 
nomask 3.1000719e+32 6143870002777603614398673321984 0 0 400 
nomask -3.013096e-30 326559069023977314097755913715712 144540068242756809360461004800 273 0 
nomask 2.2413797e+31 0 7687042833819287552373138705612800 273 400 
nomask 1.9138385e+31 394552970558375512406828777472 0 0 400 
nomask -7.4088804e-31 312330410133472967258391183360 36996439514638847793374743756800 273 0 
nomask 3.6013855e+29 0 457619418768166554733799014400 273 400 
nomask 1.9839507e+34 395900780047605748441424546758656 0 0 400 
nomask -1.1854016e-29 1306215896326673647876053751824384 9029151658847909810591665173299200 273 0 
nomask 3.613502e+26 0 30748179072402395743119272941977600 273 400 
nomask 3.087394e+32 24576802736517533279479759110144 0 0 400 
nomask -7.618494e-28 19988481018220561023355072806912 36466838736000233819340800 273 0 
nomask 2.2351482e+28 0 1874285707948227554550903262412800 273 400 
nomask 7.655352e+31 395669761351161152683376640 0 0 400 
nomask -7.3468905e-31 5224861935122950817535391533367296 145006904392733964155564222054400 273 0 
nomask 9.003463e+28 0 1815064579227552127404474368000 273 400 
nomask 2.9286202e+29 393175872886105388072442632601600 0 0 400 
nomask -1.2150798e-29 5039367859109365960399273328640 2288792763356298611866594181120000 273 0 
nomask 3.5517704e+29 0 118632238244956700119804778905600 273 400 
nomask 3.0873952e+32 6119136770357412607815207094321152 0 0 400 
nomask -3.000626e-30 1359605322683869468707214252780290048 142446139345953798495338144517324800 273 0 
nomask 5.6828315e+30 0 123495822858700407049822813972070400 273 400 
nomask 1.9296839e+31 98645998019737347071397593088 0 0 400 
nomask -3.0006739e-30 1289993847542690836055334454296576 35855115013468339260174375059456000 273 0 
nomask 5.682834e+30 0 112476291871321081964920832000 273 400 
nomask 4.764866e+30 1550989383733597406129206471950336 0 0 400 
nomask -1.9205236e-28 77096380049097859250773819392 9064632520953002405928737177600 273 0 
nomask 3.5860098e+32 0 1913868236241467781526215406387200 273 400 
nomask 4.82421e+30 1551413480955747316116839272022016 0 0 400 
nomask -1.1904473e-29 84285872698123127428002894953054208 36261442839458643620882756403200 273 0 
nomask 9.0286555e+31 0 493983291434801628199291255888281600 273 400 
nomask 1.20112e+30 385160270369097711909300363853824 0 0 400 
nomask -1.2052768e-29 5224778765862264609506688447283200 564321797339121420967602867404800 273 0 
nomask 1.4243421e+33 0 7591970973083481730667565495091200 273 400 
