mask 0.99609375 25 117 241 362 
mask 1.9217611e+31 24739822841517703871454976671744 0 0 400 
mask -7.5943687e-31 19109070342945652776961572864 36614794737953499326185472000 273 0 
nomask 3.510248e+32 0 7321910228054016588776262860800 273 400 
nomask 1.9296534e+31 398177551964619226937819136 0 0 400 
nomask -1.8986524e-31 20326116347433013985116698968064 36498350743278061686247286374400 273 0 
nomask 1.4040991e+33 0 118135158171076654968894966988800 273 400 
nomask 3.087396e+32 96519199648047615794688063688409088 0 0 400 
nomask -7.6564785e-31 1317030292982309163862248979955712 9156165274019245518499655083622400 273 0 
nomask 1.4142803e+33 0 482428588078662123724148519731200 273 400 
nomask 1.2450599e+33 24741810797246531574522005422080 0 0 400 
nomask -7.5331e-31 1204670911208640274784845824 2312459516892842611908909465600 273 0 
nomask 1.424382e+33 0 7352855895616261373861612748800 273 400 
nomask 1.2501502e+33 25047242836085835237949440 0 0 400 
nomask -7.563915e-31 311015339387274971888863936512 145834035512517797399756800 273 0 
nomask 1.424382e+33 0 107488104059354392140185600 273 400 
nomask 1.937576e+31 1577798047091508734008303288320 0 0 400 
nomask -7.53298e-31 309690156431123674122493624320 36503209113915637977243136819200 273 0 
nomask 1.424382e+33 0 123495799647324670448942659613491200 273 400 
nomask 7.781871e+31 1573085344062730848675522397863936 0 0 400 
nomask -7.563915e-31 329257511363686899441731364716544 36504183810357702272015243673600 273 0 
nomask 9.029153e+31 0 118630296407858944121692907110400 273 400 
nomask 3.1253752e+32 25154623336972358356530364416 0 0 400 
nomask -1.8755414e-31 312330269126561267822578630656 590862528924295147343052800 273 0 
nomask 2.2890416e+31 0 107960347913400760454348800 273 400 
nomask 1.9376065e+31 1582153574335264681963290624 0 0 400 
nomask -7.3783063e-31 4565052968038723793977344 585745810252460748548603904000 273 0 
nomask 2.2731338e+31 0 457626738436215002683880243200 273 400 
nomask 4.8044024e+30 25082419035609877326992171335680 0 0 400 
nomask -4.7419143e-29 20985290298842925128338679984553984 36260475698802951917542991462400 273 0 
nomask 1.4503027e+30 0 119622643166889612479750471680000 273 400 
nomask 1.9375754e+31 399823446328498910245102288896 0 0 400 
nomask -3.0601669e-27 81639772412818527818091551784960 146001200544648761103166000332800 273 0 
nomask 5.7215165e+30 0 7383688698619565574426355302400 273 400 
nomask 1.2011392e+30 100602972515680231241325477888 0 0 400 
nomask -1.1904281e-29 1194357262810052969638133760 146987653790308808143996872294400 273 0 
nomask 2.2730717e+31 0 113925025363893935310635008000 273 400 
nomask 7.414517e+28 6354430870071062389447660142592 0 0 400 
nomask -4.7815108e-29 326558986514790125399314740019200 583395632799708902902988800 273 0 
nomask 2.2730095e+31 0 29658063339132361325667365683200 273 400 
nomask 1.9375756e+31 24747774664433014683723091673088 0 0 400 
nomask -4.8012323e-29 1265143341204971592871871250432 568190057730433330669368954060800 273 0 
nomask 9.028406e+31 0 1686937857042135855923200 273 400 
nomask 1.9375758e+31 24816516616174968469097868706185216 0 0 400 
nomask -7.53298e-31 81977750670840233807749306122240 36364179168998224230093049298944000 273 0 
nomask 3.586308e+32 0 29658057672292581882093109248000 273 400 
nomask 4.82421e+30 99656411488628128615296468516864 0 0 400 
nomask -7.5637946e-31 20241620493721537664289117044736 9213676428169634067670630400 273 0 
nomask 1.4142407e+33 0 463422292217107292707671244800 273 400 
nomask 7.7501807e+31 99953252954258287998743347200 0 0 400 
nomask -7.59473e-31 80966512915831346419071908315136 36251733653969863630323397427200 273 0 
nomask 1.4243819e+33 0 29286681327346747243197628416000 273 400 
nomask 7.7818715e+31 96947418286606788458155931074560 0 0 400 
nomask -1.8987124e-31 4585118125674525207035904 9312218639863485313050476544000 273 0 
nomask 5.616716e+33 0 121096459745154552089499454668800 273 400 
nomask 3.1126995e+32 1572788971062349043874826479992832 0 0 400 
nomask -3.025566e-30 81303150399561236059060590084096 576144185160587783324348239052800 273 0 
nomask 5.656963e+33 0 7414636727365051794334312038400 273 400 
nomask 1.2501503e+33 394532504412334565723178270720 0 0 400 
nomask -1.8909787e-31 1265122069305149506555006156800 146455415816022960556212224000 273 0 
nomask 1.4244614e+33 0 478474917078194440471189441740800 273 400 
nomask 1.937607e+31 98301920044441657830378773151744 0 0 400 
nomask -7.53298e-31 19819512516506505203136489062400 145037958674725314942489486950400 273 0 
nomask 3.586308e+32 0 30494643149512815712599893711257600 273 400 
nomask 3.1127484e+32 6313343873263190212569445957632 0 0 400 
nomask -3.013144e-30 20240966866254277193825444167680 2281390123328746642118960742400 273 0 
nomask 2.2731333e+31 0 480447944462096496015768656281600 273 400 
nomask 7.78187e+31 6162057389459476027326234630291456 0 0 400 
nomask -1.2003081e-29 81641102873461945580455477641216 36507085232324777382034538496000 273 0 
nomask 3.6011913e+29 0 117148652034911999788037701632000 273 400 
nomask 1.9217607e+31 24991536253689130532544184320 0 0 400 
nomask -7.409001e-31 80965197925660526537665702526976 36615716979293145201512474161971200 273 0 
nomask 1.4405155e+30 0 29534269335203823298177453260800 273 400 
nomask 1.1862839e+30 98309830612763374293426301304832 0 0 400 
nomask -1.1706106e-29 1289993600015129269960010933207040 2266279495056860351364176281600 273 0 
nomask 5.742918e+27 0 7718611271961720441086406138265600 273 400 
nomask 1.2450791e+33 1529614553700493187958748653551616 0 0 400 
nomask -4.8961096e-26 326553891572481223270572264259584 143068905634455242491322118963200 273 0 
nomask 5.6646356e+27 0 30747680027824058824195954232524800 273 400 
nomask 1.9217606e+31 99313847041234932061307928576 0 0 400 
nomask -1.8522201e-31 1279221035517398424083490769207296 9062447009744730334123838668800 273 0 
nomask 3.5767234e+29 0 1719751557705838089155379200 273 400 
nomask 4.53751e+27 6246876173815960515265265255055360 0 0 400 
nomask -7.4398147e-31 309690216862657259594984718336 36010945853848119864451294822400 273 0 
nomask 2.2508657e+28 0 472532835112770105517403013120000 273 400 
nomask 1.2400087e+33 96963342559734207257302454501376 0 0 400 
nomask -4.8010012e-29 339906716870707045411043382103375872 9029646834863623962701624822988800 273 0 
nomask 3.551575e+29 0 493967445802298775331772547098214400 273 400 
nomask 7.718488e+31 6186941732299178935811057909760 0 0 400 
nomask -7.5015644e-31 1300808409216700729438412029820928 9027410805667664744580088279859200 273 0 
nomask 5.6433745e+30 0 7383689170856213861390876672000 273 400 
nomask 1.8979927e+31 6160867937016963750598274621374464 0 0 400 
nomask -1.2052384e-29 19026568709698652519849263104 2235270547783745113032962867200 273 0 
nomask 2.2413801e+31 0 31127466491907633808688248835276800 273 400 
nomask 7.750304e+31 24578130618748851395017398288384 0 0 400 
nomask -1.2052383e-29 20985288978695930109163621205409792 2281753037192955174353633280000 273 0 
nomask 3.586207e+32 0 121976622842489388376466608724377600 273 400 
nomask 1.929684e+31 6162225708201340972146228971175936 0 0 400 
nomask -3.037892e-30 5246407394155161264082196556152832 568252256963852503340407586816000 273 0 
nomask 1.4243819e+33 0 1905946387130697039470200776294400 273 400 
