mask 0.7109375 1595 792 2121 1378 
mask 1.8979925e+31 1461709353013262205383126745612288 0 0 3024 
mask -4.8552472e-26 18606889570339536831801446105088 4399909510109175859140813127680 4032 0 
nomask 5.587264e+27 0 55820672281127671544856119869440 4032 3024 
nomask 2.9410481e+29 372308691237562360818302976 0 0 3024 
nomask -7.6499247e-28 1148364330045322973128112996352 1102421307190269645774913536 4032 0 
nomask 2.2196126e+28 0 13115560908166430997142831104 4032 3024 
nomask 7.290844e+28 1422051781858695219916423890468864 0 0 3024 
nomask -4.8405207e-29 17487414544221907996190441472 68994713876760948316710276956160 4032 0 
nomask 3.5515762e+29 0 13838173811296796826606608842752 4032 3024 
nomask 1.1714289e+30 5846838021351661907305611034361856 0 0 3024 
nomask -1.9179284e-25 287090989539740611785888104448 70702163708505544319827968 4032 0 
nomask 9.001279e+28 0 224218557513774189469441091174400 4032 3024 
nomask 2.9781374e+29 23524301617594294265746292736 0 0 3024 
nomask -1.22909575e-26 298953183255545907510679537975296 276764867452810664240373301248 4032 0 
nomask 9.063419e+28 0 3293170663285805556411924480 4032 3024 
nomask 1.13439625e+27 1460262783711741119526076416 0 0 3024 
nomask -3.0347265e-27 17411254541875939645587456000 68513927289509418645288376074240 4032 0 
nomask 9.063904e+28 0 231497816817756000097677709588561920 4032 3024 
nomask 2.9533784e+29 91995398550424436979901327736832 0 0 3024 
nomask -7.6184945e-28 4612801063601323084627857899520 1111639382471545077104640 4032 0 
nomask 1.44036e+30 0 56987780204384408876215777099776 4032 3024 
nomask 4.7846724e+30 374679575736997697739030528 0 0 3024 
nomask -7.618617e-28 74739519171258063156480363724800 4398647922819727509117506420736 4032 0 
nomask 1.4304566e+30 0 819750502712982478836989952 4032 3024 
nomask 4.7846727e+30 92857086321090189498437861376 0 0 3024 
nomask -1.1953584e-29 67718681321155183918448640 17362911248816636387831958208512 4032 0 
nomask 2.2572258e+31 0 3430410916622403048932697440256 4032 3024 
nomask 7.4143964e+28 5787790597628503922370592899072 0 0 3024 
nomask -1.1903897e-29 19211935926485747643220999513571328 17133072982629864256313172688896 4032 0 
nomask 5.642909e+30 0 14468853919412612343594405328846848 4032 3024 
nomask 7.750303e+31 23567383363206757050482688 0 0 3024 
nomask -7.7770033e-28 75360998996460136990010939277312 1099633196700627166074387824640 4032 0 
nomask 2.256977e+31 0 12697251896536267411685376 4032 3024 
nomask 4.8044024e+30 371409304702701827584249823232 0 0 3024 
nomask -2.9760701e-30 17004047602393992891727872 1103739715540626563248483460972544 4032 0 
nomask 5.6826785e+30 0 868555879537854559196666658816 4032 3024 
nomask 1.9296528e+31 22994567886805557269138654625792 0 0 3024 
nomask -4.7617125e-29 1148344843200031411537138679808 279653062932851821903872 4032 0 
nomask 5.6823684e+30 0 3459659481368683313834552721408 4032 3024 
nomask 4.824209e+30 363019656702543801064301550108672 0 0 3024 
nomask -4.7815108e-29 4823029601342652303042005780398080 66338032356243417623142290675466240 4032 0 
nomask 3.576142e+29 0 812596393327904943526379520 4032 3024 
nomask 1.1912357e+30 5825715271165855407070745985024 0 0 3024 
nomask -1.8967349e-28 67422325298354191192817664 69917772714713406173734672269312 4032 0 
nomask 3.6009975e+29 0 3335842444134518577797529600 4032 3024 
nomask 4.764865e+30 1481518717197253589098786518466560 0 0 3024 
nomask -4.8351316e-26 71771529457104430347036131328 71220698668976094314496 4032 0 
nomask 2.2659147e+28 0 3474224856942316130331084718080 4032 3024 
nomask 2.9410477e+29 1482258902940348454010880 0 0 3024 
nomask -1.9503029e-25 18684879792814515789120090931200 17360158694730567260508379938816 4032 0 
nomask 2.2503795e+28 0 853962054657641504881250402304 4032 3024 
nomask 7.321792e+28 1415171425939285720067555054925643776 0 0 3024 
nomask -1.9124812e-28 1083480524722621014161227776 17306090078461913034771484001697792 4032 0 
nomask 3.5515762e+29 0 225143387125820927854549137358848 4032 3024 
nomask 2.9286203e+29 5846993392497998779447144272101376 0 0 3024 
nomask -4.7949e-26 18528589938412600255328399917056 1102645855370653646022770688 4032 0 
nomask 3.625368e+29 0 14071924917014479157277977739264 4032 3024 
nomask 2.9780888e+29 5928890911105366402007040 0 0 3024 
nomask -4.8961885e-26 1172679004069232895667860406272 70090821590763789149150380032 4032 0 
nomask 3.6252712e+29 0 194921745138721241432064 4032 3024 
nomask 4.595538e+27 23147492318399256853050933903360 0 0 3024 
nomask -3.047447e-27 18373230692439264945301100691456 4367703119173856192212932386743123968 4032 0 
nomask 3.625562e+29 0 14468849349673014200296124939501568 4032 3024 
nomask 1.8458917e+28 91660241433837365861390578096275456 0 0 3024 
nomask -3.060167e-27 1200745766918379320536398450130944 1099949151352530042557055369216 4032 0 
nomask 5.761285e+30 0 908061009713096528859385986809856 4032 3024 
nomask 1.19618744e+30 92266939855571504599255744512 0 0 3024 
nomask -1.9046543e-28 301444110229330501542500766842880 4295164966493018945892839313113088 4032 0 
nomask 1.4503025e+30 0 3459603029019155469378256896000 4032 3024 
nomask 2.965758e+29 23460678945743466327437180141568 0 0 3024 
nomask -1.1953585e-29 68015023725070903475699712 70152668183189517295680100541399040 4032 0 
nomask 5.682678e+30 0 833974611247690461543923712 4032 3024 
nomask 2.9657584e+29 366540787294580352974886513105960960 0 0 3024 
nomask -7.6502945e-28 77485401513676227900290902983180288 17305623965022902418346884288479232 4032 0 
nomask 9.028157e+31 0 58114054791048849439856801548861440 4032 3024 
nomask 4.804403e+30 5727671398604346403615137947713536 0 0 3024 
nomask -7.745203e-28 300196152426240884642945439891456 1100005938399782360399455715328 4032 0 
nomask 8.964774e+31 0 3587322356167737957516746585800704 4032 3024 
nomask 1.1961877e+30 1451961032177849650048124181282816 0 0 3024 
nomask -1.2052768e-29 19291797914300126095515291815510016 17423066272695185184152890462175232 4032 0 
nomask 2.2730714e+31 0 56285886052654903507606881435648 4032 3024 
nomask 1.9296528e+31 5845899701487509816725371088797696 0 0 3024 
nomask -7.61874e-28 68312523734234842345242624 1099863022471432224532825374720 4032 0 
nomask 9.028157e+31 0 55819733342444615539037571121152 4032 3024 
nomask 4.8242097e+30 361509872013386885375132691307954176 0 0 3024 
nomask -1.9126043e-28 1249948983645597849030091353517719552 68262258306229597663048636185968640 4032 0 
nomask 3.6009975e+29 0 57634882864162578726091047737229312 4032 3024 
nomask 2.9657582e+29 5827550902241411666861761757184 0 0 3024 
nomask -1.9046235e-28 1190782896808833937347131606040576 4325113668897370679833026965274624 4032 0 
nomask 3.625756e+29 0 223279104735013392529835799085056 4032 3024 
nomask 2.9533786e+29 1445919071150046173990430777620299776 0 0 3024 
nomask -4.835132e-26 75049071427578124288952987811840 17184421675609267346715773761486848 4032 0 
nomask 5.6647873e+27 0 14648065397232998072256434282692608 4032 3024 
nomask 2.953427e+29 362990334206789048233669051809792 0 0 3024 
nomask -4.8758362e-26 19371341848238473774249269019017216 69664312096745797318833340416 4032 0 
nomask 5.7034724e+27 0 14408955600655989247054373946654720 4032 3024 
nomask 2.9533784e+29 22842869192656151330338042281984 0 0 3024 
nomask -1.1953008e-29 1185810943963727393096429991886848 17015162990670584012323782918144 4032 0 
nomask 1.4206693e+30 0 3527426322280913932625855398281216 4032 3024 
