mask 0.98828125 308 510 424 694 
mask 0.00390625 11 151 325 867 
mask 0.00390625 79 26 679 898 
nomask 5.588022e+27 0 107660304047915562576595239567360 1080 1440 
nomask 4.7451363e+30 1585448832674223384460001280 0 0 1440 
nomask -1.9203698e-28 80409683685600236957931814256640 8378596302546564483690402938880 1080 0 
nomask 5.642905e+30 0 101663849415938774129568645120 1080 1440 
nomask 7.687045e+31 1523627072339301955028249896550400 0 0 1440 
nomask -3.0253736e-30 76249162100904455401384181760 130530681100892293316217384468480 1080 0 
nomask 2.241504e+31 0 411864170845839366982509527040 1080 1440 
nomask 7.6552307e+31 6221853875558609705192363812454400 0 0 1440 
nomask -3.0501695e-30 81074239086691386410200800952320 33387701776150032234357719040 1080 0 
nomask 3.5356012e+32 0 108546425517491242505644309217280 1080 1440 
nomask 1.2450798e+33 24878843895104474090601185280 0 0 1440 
nomask -4.765965e-32 20102746056332404814555916533760 2094703477298523779235462512640 1080 0 
nomask 8.649599e+31 0 98437698350652318170480640 1080 1440 
nomask 1.2247976e+33 25198848787923150537259745280 0 0 1440 
nomask -1.9371704e-31 18980688032402126381053378560 8294685798816582029477707807457280 1080 0 
nomask 3.4850933e+32 0 427062185258064042561517450690560 1080 1440 
nomask 3.1483103e+35 391571071462021115169043938017280 0 0 1440 
nomask -4.8038813e-32 1235571793154574510379153489920 33666860415383478856581120 1080 0 
nomask 8.5087675e+28 0 108102507956528750672692201390080 1080 1440 
nomask 1.2298681e+33 1575208520459622616242585600 0 0 1440 
nomask -7.476325e-34 4983988915288993981634634055680 32624816035288764535134926929920 1080 0 
nomask 5.395803e+27 0 25307580722788901907018547200 1080 1440 
nomask 1.8742248e+31 1570945846101200050106778255360 0 0 1440 
nomask -3.0621583e-30 295308114431057052932505600 2102194458635870791436108562432000 1080 0 
nomask 3.452831e+29 0 1595323484304423045090508800 1080 1440 
nomask 1.18930315e+33 6221182123837682640345146578698240 0 0 1440 
nomask -7.7760173e-28 5188754565647961689751622967623680 515020315436478717229200121528320 1080 0 
nomask 2.1732508e+28 0 27673359424308975923741334070886400 1080 1440 
nomask 1.8980239e+31 6272847005088311578460160 0 0 1440 
nomask -7.470389e-31 80075444975148985782925881507840 130045100792200337839242608640 1080 0 
nomask 1.3971186e+27 0 6245399356170844232944189440 1080 1440 
nomask 7.259895e+28 1544446649337799245488455680 0 0 1440 
nomask -7.649555e-28 1171032379587834460954951680 2073782429094386130327664978821120 1080 0 
nomask 1.4163106e+27 0 6299691029341963052604456960 1080 1440 
nomask 2.9987086e+32 99208812068524136703278469611520 0 0 1440 
nomask -1.21377236e-26 295302997621304419669770240 132967402698067769976422400 1080 0 
nomask 5.5699436e+24 0 26692680318150649628097584824320 1080 1440 
nomask 1.1763997e+30 1545102889990747681246816795361280 0 0 1440 
nomask -7.554647e-28 5167446522721762081769921791918080 514992244178947265539763444121600 1080 0 
nomask 1.4020043e+24 0 404907770839086164359344291840 1080 1440 
nomask 7.1979967e+28 387534222917836412934024069120 0 0 1440 
nomask -3.0217109e-27 4643328271939344109173473280 32850253122026632917489580769280 1080 0 
nomask 3.56486e+26 0 99922929827415042763605934080 1080 1440 
nomask 1.14173735e+30 394150648663926595054589077094400 0 0 1440 
nomask -3.0344309e-27 1181211834840814556754739200 2117460634356521537372160 1080 0 
nomask 3.5164076e+26 0 102100716277138807956669726720 1080 1440 
nomask 1.1763998e+30 25090138001240673358970880 0 0 1440 
nomask -7.6813554e-28 19935954386117025551734328524800 33069597222633643568803715481600 1080 0 
nomask 8.878691e+28 0 26469864711494751843193957908480 1080 1440 
nomask 4.745059e+30 386233656412636154771283829063680 0 0 1440 
nomask -3.0252775e-30 19602043360676020701409774141440 8240097865643637494552691159859200 1080 0 
nomask 5.6036045e+30 0 26358445007803266119236205936640 1080 1440 
nomask 3.0367393e+32 391529168581955997603562153574400 0 0 1440 
nomask -7.6253035e-31 1171011445415614562130984960 8323211279014098370560 1080 0 
nomask 8.839251e+31 0 411870864800328834704599941120 1080 1440 
nomask 1.2450798e+33 25090145297072069699174400 0 0 1440 
nomask -1.1914725e-32 76900687082062380745202073600 8266743085611951326302033674240 1080 0 
nomask 3.4531224e+29 0 390350637653475420819947520 1080 1440 
nomask 1.2197268e+33 98540304046686825357965619363840 0 0 1440 
nomask -1.9216729e-31 79742532305206124404295954595840 32958619274037060501010979361914880 1080 0 
nomask 3.4851923e+32 0 27673357683455795678675322493992960 1080 1440 
nomask 1.9434184e+34 1555756258633904893337913041879040 0 0 1440 
nomask -1.9061153e-31 5146055571662853302519419266662400 2045764267584931915404340667351040 1080 0 
nomask 5.3951986e+27 0 6946860688942493958669500657172480 1080 1440 
nomask 1.229868e+33 393812052445604676737433600 0 0 1440 
nomask -4.765589e-32 4983986683970830825727270584320 2099956777231453169815388160 1080 0 
nomask 3.444723e+26 0 6272706025306296297927475200 1080 1440 
nomask 1.8663325e+31 391508237542546644817688584519680 0 0 1440 
nomask -3.0497845e-30 1240794990214784895815988019200 525590449536955462101617847828480 1080 0 
nomask 3.4279757e+29 0 102966062633943441351943127040 1080 1440 
nomask 1.8425335e+31 24718290745347040535211754263674880 0 0 1440 
nomask -7.7761405e-28 5188838779420556044819932999843840 32504952935265196298394040931450880 1080 0 
nomask 2.188725e+28 0 1722481956633939829956722483527680 1080 1440 
nomask 1.8980238e+31 94768659432252636771787550238965760 0 0 1440 
nomask -1.8830646e-31 20840245211737104455735261842636800 2067559385590486301591816110080 1080 0 
nomask 3.5412484e+26 0 110237069554328299149898430514462720 1080 1440 
nomask 7.2598947e+28 24714986448118612045175193600 0 0 1440 
nomask -7.617878e-28 4921400440812470780089262407680 8237865221439973197392843794022400 1080 0 
nomask 5.626557e+27 0 103399589158726607853437583360 1080 1440 
nomask 4.6461005e+30 6178400874539807673743895869521920 0 0 1440 
nomask -1.9258486e-25 4806215431716144078252933120 129078497609438673099796305904926720 1080 0 
nomask 2.2429707e+25 0 107212918381008051276198193397760 1080 1440 
nomask 2.928668e+29 384583142849720078684678455484743680 0 0 1440 
nomask -1.2036949e-26 83701930424005774491440405104558080 8240324176557069353134196156006400 1080 0 
nomask 8.879893e+22 0 110689879393335482780037673113354240 1080 1440 
nomask 2.775638e+26 97903274186456367178932415365120 0 0 1440 
nomask -4.7942695e-26 1339209829424024147544570447569879040 509069367257450361369631564800983040 1080 0 
nomask 2.258142e+25 0 26469869811650553342410788700160 1080 1440 
nomask 4.4021844e+27 97490688800241066398677389205831680 0 0 1440 
nomask -1.9258172e-25 5025606505388965184674946088960 518571764727502417209442707701760 1080 0 
nomask 2.2278592e+25 0 28014279406862268426118494997708800 1080 1440 
nomask 7.2908427e+28 384561709465364901431943920772710400 0 0 1440 
nomask -4.8755998e-26 20925477383441902887662066545459200 131436006357112551629706661724160 1080 0 
nomask 2.234965e+28 0 444592092825947749169745549254983680 1080 1440 
nomask 1.18133224e+30 96835675382642057861161467280097280 0 0 1440 
nomask -1.20023104e-29 334807784366737586788138037186396160 512791840576181107002450482351308800 1080 0 
nomask 1.4107658e+30 0 111148016243074216312172341006172160 1080 1440 
