mask 0.97265625 1810 1062 3298 3851 
mask 0.14453125 606 1958 2743 4608 
mask 0.02734375 2790 14 3451 1006 
nomask 2.2255962e+31 0 5466397015815127891827030314975232 3456 4608 
nomask 7.718489e+31 19713305809563626866181910036480 0 0 4608 
nomask -3.0377956e-30 1016425962166879599764985977241600 417664624577806114964522485678080 3456 0 
nomask 3.5356005e+32 0 5443578956840383713586887341899776 3456 4608 
nomask 3.0873958e+32 78548774521519314650432867741466624 0 0 4608 
nomask -1.9063859e-31 3953963107168847637733416370176 6683530880803360097441524186349568 3456 0 
nomask 3.561153e+32 0 5534758579350171389035643343470592 3456 4608 
nomask 7.7184894e+31 5012380765554034430941764928929792 0 0 4608 
nomask -3.013192e-30 4151069717896559652056437717204992 417664798663124139471123643367424 3456 0 
nomask 1.4243819e+33 0 5512031044740799954228102368854016 3456 4608 
nomask 3.1127488e+32 1253094538568566015835686890897408 0 0 4608 
nomask -1.8986825e-31 263473766948362318814764215079796736 26000372012613219614572956560130048 3456 0 
nomask 9.0294e+31 0 340234848023542303584979695697920 3456 4608 
nomask 4.784673e+30 4977884715275570300882761839280128 0 0 4608 
nomask -1.2102072e-29 16398923652396898033341712734093312 26186490107819580112002665391587328 3456 0 
nomask 1.4243421e+33 0 23042403932930808259228725772063604736 3456 4608 
nomask 1.9296841e+31 5012648160602520073081143139762176 0 0 4608 
nomask -4.801309e-29 4151069456768582615296535980670976 423391552806187814749457281449984 3456 0 
nomask 9.092037e+31 0 5534849103715544132468245341929472 3456 4608 
nomask 1.9296839e+31 315404504216755723947067274428416 0 0 4608 
nomask -1.2003273e-29 1024999185344961982478848993787904 26638837293333448862786006286336 3456 0 
nomask 9.028903e+31 0 5512031741082072052254506999611392 3456 4608 
nomask 4.8044804e+30 77781521379498515233013187477504 0 0 4608 
nomask -3.013192e-30 1020687766598102298931252514783232 6592078292514909995642152927887360 3456 0 
nomask 9.029152e+31 0 5489214030277963923027566341914624 3456 4608 
nomask 1.9296839e+31 78559478679554005512324851743850496 0 0 4608 
nomask -1.9284122e-28 17211980754637535318987105916495593472 413176957154674834272235730723930112 3456 0 
nomask 3.5860094e+32 0 88921254066849532997468766295031808 3456 4608 
nomask 1.9375759e+31 19913149498464643938604958298931200 0 0 4608 
nomask -1.20032726e-29 16604280960610054902304964761092096 105470433890769107119388501540339712 3456 0 
nomask 1.4243421e+33 0 22048126964328288209018027998445568 3456 4608 
nomask 1.9296843e+31 5061630754621432196616928886784 0 0 4608 
nomask -7.5328603e-31 255180248783295056657187122184192 26637439170623064544145458593792 3456 0 
nomask 9.0294e+31 0 1355234703265165145273281881833472 3456 4608 
nomask 7.718612e+31 315412827671023770668935126450176 0 0 4608 
nomask -3.0254217e-30 255180281424292186252174839250944 1670703586408592807067789784252416 3456 0 
nomask 1.4207082e+30 0 21956854728429311496057456106143744 3456 4608 
nomask 1.2450795e+33 78018304525800126527490775295459328 0 0 4608 
nomask -3.013096e-30 66690948906232414924418430290362368 413119734614298906854408793605799936 3456 0 
nomask 1.3838166e+33 0 22139044066178494928512238204485632 3456 4608 
nomask 7.6552326e+31 314229424925426602911374148781473792 0 0 4608 
nomask -4.7464052e-32 4134023805811554039190880249708544 26550152944490230205768269169688576 3456 0 
nomask 1.4109212e+30 0 21176238579790303421299660161024 3456 4608 
nomask 2.048019e+37 317493332187067025591033244155904 0 0 4608 
nomask -7.5941284e-31 255180216142297927062199405117440 6704274484726862372363959271424 3456 0 
nomask 5.564145e+30 0 5489302465619520372380954448101376 3456 4608 
nomask 1.2450797e+33 1257018952393052137310946066432 0 0 4608 
nomask -3.0501214e-30 1033522402515441825671529464070144 6703924274028492759474911576064 3456 0 
nomask 8.902629e+31 0 340234826262877550521654550986752 3456 4608 
nomask 1.2450797e+33 309839834385105240846074017480704000 0 0 4608 
nomask -4.746631e-32 16604283049633871196384178653364224 418984019988478938886802231739285504 3456 0 
nomask 1.4143598e+33 0 1383690167093496920778714308935680 3456 4608 
nomask 3.0747195e+32 4978018412799813121952450944696320 0 0 4608 
nomask -1.2052768e-29 988474392541699593199285174272 420528197495320730173615607119872 3456 0 
nomask 1.4243421e+33 0 344507445744482522160518009978880 3456 4608 
nomask 3.1127488e+32 5028206373560726929194652532736 0 0 4608 
nomask -7.59473e-31 257315182162051911221303448698880 26815702536280159303730932482048 3456 0 
nomask 9.029152e+31 0 1306845987028257381809538465792 3456 4608 
nomask 4.8044804e+30 318391729476649124060033187840 0 0 4608 
nomask -3.025566e-30 63528719819495551463272445116416 26364026493188604532021704769142784 3456 0 
nomask 5.6975274e+33 0 22048128357010832405070837259960320 3456 4608 
nomask 7.750304e+31 20050055763289292713966602245111808 0 0 4608 
nomask -1.20032726e-29 4151137872298566246390790952583168 416028948175981279057153831093665792 3456 0 
nomask 9.028903e+31 0 344507576308471040540468878245888 3456 4608 
nomask 7.750303e+31 4977617842483038732263187101515776 0 0 4608 
nomask -1.20032726e-29 258380600628860456417882366017536 417676027166136720146898314330112 3456 0 
nomask 1.4243422e+33 0 1378007761185199988557025592213504 3456 4608 
nomask 7.7503045e+31 78849028870123354508805997068288 0 0 4608 
nomask -1.8909787e-31 15881913726741049606699543953408 1693387425603140090718440178843648 3456 0 
nomask 1.4244218e+33 0 1312416632202444901392970678272 3456 4608 
nomask 3.1253756e+32 19910463013836889752735892836974592 0 0 4608 
nomask -1.2151568e-29 16536095223246216156763520998834176 6637895459195143838987642870956032 3456 0 
nomask 1.4243421e+33 0 5557577682836823714315393262682112 3456 4608 
nomask 3.1127488e+32 312004531000120756785410323274268672 0 0 4608 
nomask -7.563915e-31 256245634609106472258778322436096 26464066514369220766886258540544 3456 0 
nomask 1.4142804e+33 0 89648546315809772479732551574880256 3456 4608 
nomask 7.7186137e+31 1261651963504037674575494847135744 0 0 4608 
nomask -1.8986825e-31 16672464608950077353767194631077888 417653657202770571048649551249408 3456 0 
nomask 3.5611535e+32 0 1323514996239490655484842606592 3456 4608 
nomask 5.000522e+33 79371252183199744717291348033536 0 0 4608 
nomask -1.2199908e-29 15184550425921701104842702848 105123671517900253163223187980288 3456 0 
nomask 2.1779966e+31 0 341655188372639499880500138344448 3456 4608 
nomask 1.24000926e+33 78559495391744535864958562882027520 0 0 4608 
nomask -1.1635106e-35 267846177356818478372609296334585856 104748857210970248237853925517033472 3456 0 
nomask 1.3030441e+33 0 88918412994459373049737872804937728 3456 4608 
nomask 7.465089e+31 79388005174976509344737132544000 0 0 4608 
nomask -1.9679547e-31 4151070501280490762336142926807040 104728824865254532214245507888840704 3456 0 
nomask 2.1465537e+31 0 21442937287003847534273240236032 3456 4608 
nomask -1.1589728e-35 19636654662235224790171032729157632 0 0 4608 
nomask -1.2347624e-29 3970544478702891816532844740608 417687081583831276316071827603456 3456 0 
nomask 5.2865335e+30 0 5534669447667342841655850606526464 3456 4608 
nomask 1.2298684e+33 19638802178718375103602913984905216 0 0 4608 
nomask -1.8547764e-37 66689850079705044238751922955223040 26641630818671123367151458582528 3456 0 
nomask 5.526234e+30 0 22047773222962062411604475573698560 3456 4608 
nomask 1.2349385e+33 309874127800073524450449273019957248 0 0 4608 
nomask -1.1962496e-32 1067003976347933638321003957271396352 102561209187626381348220989960355840 3456 0 
nomask 8.776614e+31 0 1416830545366377008131862008587878400 3456 4608 
