mask 0.99609375 340 348 797 961 
mask 2.9533786e+29 102743037808743478130995363840 0 0 1393 
mask -3.0347265e-27 328141690474943776714472082636800 7863361318909351173543690240 1130 0 
nomask 1.4205141e+30 0 102851422082693612732294180634624 1130 1393 
nomask 2.9657584e+29 1627651208597069773448612077895680 0 0 1393 
nomask -1.9125735e-28 337928395876275984277443581050880 505054379528833723203303384285184 1130 0 
nomask 5.682212e+30 0 414854615593249562924708813340672 1130 1393 
nomask 2.978138e+29 6375961331736238674849281186201600 0 0 1393 
nomask -1.200308e-29 1281867763845106479681524203520 127132543097724569601222983548928 1130 0 
nomask 2.2572255e+31 0 411412240274259045795296270352384 1130 1393 
nomask 4.804403e+30 409710461257666392500239576596480 0 0 1393 
nomask -1.20032726e-29 1346118179907920028550415746334720 505054326902781638103977122856960 1130 0 
nomask 1.4142009e+33 0 25821470758484665214415296004096 1130 1393 
nomask 7.75018e+31 1611188250615090042732051169280 0 0 1393 
nomask -3.0378917e-30 335130651387491024856171560304640 1972815016129841844840426373120 1130 0 
nomask 1.4243025e+33 0 25821048105503856760451258908672 1130 1393 
nomask 1.937576e+31 103116080057010516591045823692800 0 0 1393 
nomask -3.0008661e-30 83435687630675216633716906393600 8025469574910313808510923428593664 1130 0 
nomask 9.028904e+31 0 6665049079769828314727315792723968 1130 1393 
nomask 7.781746e+31 409721389947075708747978920427520 0 0 1393 
nomask -3.00077e-30 333737179452513695557016124129280 506715647083196681292160696320 1130 0 
nomask 5.6430644e+30 0 413136848627139835816209534681088 1130 1393 
nomask 1.9296529e+31 6532356613678239245900814745600 0 0 1393 
nomask -7.501925e-31 21033774267875207068884863549440 8052717614598515942008740118528 1130 0 
nomask 8.852417e+25 0 1586949804219289862762122969088 1130 1393 
nomask 7.5919695e+31 410993621400401303071107317760 0 0 1393 
nomask -2.9633114e-30 1287331941791198177216849510400 127974480992008031172416442990592 1130 0 
nomask 8.817528e+28 0 25498550724633985111059389743104 1130 1393 
nomask 1.7685513e+28 1627518868998753834511143461191680 0 0 1393 
nomask -1.8905876e-31 5384298202122675095370575338536960 2006691991216839344772111346434048 1130 0 
nomask 3.4463733e+20 0 6665050342795078357111146067001344 1130 1393 
nomask 1.2197458e+33 1622331224782264130106787102720 0 0 1393 
nomask -1.8010507e-34 335130630042394522285375194398720 31565040258077469517446821969920 1130 0 
nomask 8.491622e+25 0 395066599597435056759135797248 1130 1393 
nomask 4.8382627e+33 1643888938457028502764619038720 0 0 1393 
nomask -7.407557e-31 321832985447799544304212377600 508462705792125181068624783212544 1130 0 
nomask 1.3927084e+24 0 1600395657741774761912296275968 1130 1393 
nomask 4.912435e+36 1632960082289145828690928599040 0 0 1393 
nomask -1.1704759e-29 79096146757763984664108728320 8022272145803404000557531136 1130 0 
nomask 1.4020791e+24 0 411412213961233003245633139638272 1130 1393 
nomask 7.6552273e+31 1616635089672478995727353496207360 0 0 1393 
nomask -1.9663954e-25 5362004017249213991115055777710080 1965196770156155206809585283235840 1130 0 
nomask 9.001271e+28 0 1645595808784430232861661038903296 1130 1393 
nomask 7.4143945e+28 1600345108350350504512517570560 0 0 1393 
nomask -1.17554084e-29 1281867680465823266514350899200 7944726488873700635489370898432 1130 0 
nomask 9.064633e+28 0 25605909515451715395986648989696 1130 1393 
nomask 7.352377e+28 412464362918235071505776026583040 0 0 1393 
nomask -3.047545e-27 1303681952195034554564440227840 2040124559028747712805765906432 1130 0 
nomask 9.027413e+31 0 103284185843758916404389252956160 1130 1393 
nomask 2.9904686e+29 1626914487573195714398781440 0 0 1393 
nomask -1.1953969e-29 332338285863024713275583747850240 7968818993595507245309755392 1130 0 
nomask 9.028159e+31 0 101561458872240168684389834686464 1130 1393 
nomask 2.9904688e+29 6376836992975160139199396110663680 0 0 1393 
nomask -1.1904473e-29 21358135795122286813989924608409600 125418196825000373948930697723904 1130 0 
nomask 3.5862082e+32 0 101559755103803913593702120947712 1130 1393 
nomask 1.2060525e+30 102422086934422432288801124515840 0 0 1393 
nomask -7.53298e-31 83434305535676675174652213985280 7945574261681509032448363593728 1130 0 
nomask 5.656963e+33 0 416578934502843884899327639814144 1130 1393 
nomask 3.1253758e+32 406912759459074438220560287662080 0 0 1393 
nomask -3.0503138e-30 5406766221462053136191698837176320 7998828537263374231917037617152 1130 0 
nomask 5.6973683e+33 0 6267072086401712829078920232960 1130 1393 
nomask 7.7818715e+31 25516332748696713836594462720 0 0 1393 
nomask -7.564035e-31 20422456040315705103664409477120 31565882274910831106667004821504 1130 0 
nomask 1.424382e+33 0 430074176160885499980152903806484480 1130 1393 
nomask 7.781871e+31 1627825726106074792279699724697600 0 0 1393 
nomask -3.0129995e-30 1329309855596391639527304934195200 1972815221700357802259669581824 1130 0 
nomask 2.2255343e+31 0 102423677531345925408441292029952 1130 1393 
nomask 7.7184894e+31 6421426728808258512241402650296320 0 0 1393 
nomask -2.988348e-30 336529544976980007137603936583680 2006637891635295862664714598219776 1130 0 
nomask 8.6451675e+22 0 431839905668848753253017627966570496 1130 1393 
nomask 7.1670487e+28 101733632864376765108213377925120 0 0 1393 
nomask -4.721115e-29 329546112444426924832163228549120 501605268075176313360129378484224 1130 0 
nomask 2.2131034e+25 0 1631853988811864926589624378195968 1130 1393 
nomask 2.935326e+32 1627694069550846935607714816983040 0 0 1393 
nomask -3.3260478e-36 348881295064806219834591993512591360 31445751838547237342822169908871168 1130 0 
nomask 2.007909e+34 0 26770130036843002347496336273702912 1130 1393 
nomask 4.6461083e+30 404092986830698825737438652006400 0 0 1393 
nomask 7.5229104e+31 20858919239531741337079680860160 125408079466487013603456938147840 1130 0 
nomask 7.936312e+34 0 107520234810022765066192353117601792 1130 1393 
nomask 1.9898683e+37 409743332706280351526643071713280 0 0 1393 
nomask -2.2004573e-28 347448718742275408815927846764544000 31779757839712930087301340463104 1130 0 
nomask 2.1681685e+19 0 1645623174331514484511316981579776 1130 1393 
nomask -3.0254157e-30 6445438046651239552424072970240 0 0 1393 
nomask -1.2136935e-26 82386544119929108136138081566720 123666762342069204546455670358016 1130 0 
nomask 2.1757588e+22 0 25605490151599162260730503233536 1130 1393 
nomask 1.8821775e+31 25508055604539893783838706955714560 0 0 1393 
nomask -1.8520096e-31 351734972585988059811793975986094080 125779544980970166516415287749771264 1130 0 
nomask 1.400977e+30 0 26880067122674024882440290107916288 1130 1393 
nomask 2.9657102e+29 103127040764064586694979716382720 0 0 1393 
nomask -1.1903703e-29 1351670124888624702968373339750400 31660422346179107791329347554508800 1130 0 
nomask 9.0027355e+28 0 103285896190451682132492749373440 1130 1393 
nomask 4.7647103e+30 406868831250472147521639253278720 0 0 1393 
nomask -1.920585e-28 83085969569577096706057903800320 125408092623000034878288503504896 1130 0 
nomask 1.4241833e+33 0 6692639445348587508705047290576896 1130 1393 
nomask 3.0028484e+29 101733654209473267679009743831040 0 0 1393 
nomask -7.4712305e-31 21715543555306036886464523004805120 7999673020942927310168138973184 1130 0 
nomask 3.5861096e+32 0 6637458714191069120749584294871040 1130 1393 
nomask 3.0027998e+29 405275234008835279196712807505592320 0 0 1393 
nomask -1.1904666e-29 350308144754086549139440724093173760 124896639810180538523700356892852224 1130 0 
nomask 3.5862086e+32 0 107520268490696099529761160431665152 1130 1393 
