mask 0.99609375 433 273 967 955 
mask 1.8900693e+31 32524445422462442303390887182336 0 0 1401 
mask -4.8206457e-29 26988192282575867207323486072602624 502811095526824847251441975296 1416 0 
nomask 8.817042e+28 0 1662011405383207527198621620502528 1416 1401 
nomask 1.1863035e+30 129089356805933925843075072 0 0 1401 
nomask -7.470629e-31 27659994923458454222721558452895744 127376540395049240733004333056 1416 0 
nomask 3.551866e+29 0 98487033686909186945222443008 1416 1401 
nomask 1.9059154e+31 1997589390907143002281621655126016 0 0 1401 
nomask -1.2051807e-29 6425221202601064902366276354048 8072427876290364480892833311490048 1416 0 
nomask 1.4206695e+30 0 6411247643439798275547215167488 1416 1401 
nomask 7.623538e+31 2053518593427027019066357913223168 0 0 1401 
nomask -1.2052191e-29 110191286160199762060833565163126784 31845733819482253376651850581803008 1416 0 
nomask 2.225534e+31 0 1675858820492644347774209460535296 1416 1401 
nomask 7.718613e+31 128351759445031485951292905357312 0 0 1401 
nomask -3.0377956e-30 1686789942034036068969709830144000 2004069329712111528924723441303552 1416 0 
nomask 1.4306115e+30 0 393941570399971141942109011968 1416 1401 
nomask 2.9657584e+29 8130038112829781757319295533056 0 0 1401 
nomask -1.9204313e-28 1613152760974921918728005222400 2009376578271105734013097539287384064 1416 0 
nomask 5.6825226e+30 0 27033999004137019580272906554310656 1416 1401 
nomask 4.7451363e+30 2053627937140633703431322562723840 0 0 1401 
nomask -1.9204313e-28 6507279975196993719649135755264 509586070883275912748986269696 1416 0 
nomask 5.682367e+30 0 418978069514754937696900029087744 1416 1401 
nomask 1.921792e+31 2053738350753590746743106827190272 0 0 1401 
nomask -1.2002888e-29 1693801634416548462846738469748736 8016496653655435888062746119372800 1416 0 
nomask 3.5052907e+23 0 1668948292080527398229320761606144 1416 1401 
nomask 4.685714e+30 32304477459464112708986861518848 0 0 1401 
nomask -1.1704567e-29 99541498715676951259411120128 8015409294998390066768590047019008 1416 0 
nomask 3.5409658e+26 0 103873939738951880349964755271680 1416 1401 
nomask 1.0908939e+27 511298524648251506345262142892015616 0 0 1401 
nomask -5.1452374e-29 27323882190905529787130966345515008 504540609478435260837493519417344 1416 0 
nomask 5.2013136e+27 0 6731076972192776869252524197019648 1416 1401 
nomask 1.8821482e+31 518465754695317634186037166080 0 0 1401 
nomask 3.1987667e+35 105429446712170519564582412877824 516307704453971818989666435072 1416 0 
nomask 2.0166185e+31 0 99757299569925034917004050432 1416 1401 
nomask 1.1367871e+30 129221360263261358439440704339968 0 0 1401 
nomask -1.9991929e-28 419958203629597995345120388448256 32064245485806411614103955751043072 1416 0 
nomask 8.549943e+25 0 6492440870896808321140672954368 1416 1401 
nomask -2.9547911e-33 32404033065126619454103911053393920 0 0 1401 
nomask -1.1934595e-26 6561845259994733741413100421120 8045405916724099455171220733952 1416 0 
nomask 5.586972e+21 0 1696643228155968119386463551881216 1416 1401 
nomask 1.8900999e+31 506436643512537405275380119502848 0 0 1401 
nomask -7.7681436e-25 27324325557196318534693014787325952 125599978722107350121758616123867136 1416 0 
nomask 1.4064103e+27 0 1602838788503934726651890368512 1416 1401 
nomask 1.17639975e+30 8184819467144762238265190252544 0 0 1401 
nomask -4.7413756e-29 6221551001909825912218583040 8152952053855233955022103379968 1416 0 
nomask 1.42602e+27 0 25861361396870725298962128961536 1416 1401 
nomask 4.66583e+30 127824631162062876586315535723003904 0 0 1401 
nomask -7.6813554e-28 1633667558606262556539620425728 128729895309803036474432947224576 1416 0 
nomask 2.2196135e+28 0 418971294694461817315004975677440 1416 1401 
nomask 2.9533793e+29 2039715179968436030778413470973952 0 0 1401 
nomask -1.1952815e-29 1707824591221833107022067902971904 2031765006783521810123636003045376 1416 0 
nomask 5.627009e+27 0 25752974196233962939200690978816 1416 1401 
nomask 4.725329e+30 504231122178606181963757424174170112 0 0 1401 
nomask -1.1952815e-29 419951356273755698085474852667392 8017584012312481709356902191726592 1416 0 
nomask 3.576432e+29 0 25969335095292331385414542688256 1416 1401 
nomask 4.6856375e+30 8239386005730803461919959154688 0 0 1401 
nomask -1.2052191e-29 6561950996141468434204257681408 129090196950210626393928105984 1416 0 
nomask 8.965519e+31 0 104310922263893587482568644624384 1416 1401 
nomask 7.7186127e+31 8102327238200777373165199093137408 0 0 1401 
nomask -7.5636747e-31 6831188807193855671933943039393792 2031928237609959179324919946149888 1416 0 
nomask 1.4306505e+30 0 6758717392136171387336605229383680 1416 1401 
nomask 2.9534273e+29 8102546353587730885473856238125056 0 0 1401 
nomask -1.9204621e-28 1679805532084957828236581372166144 32066860566439556081515446367420416 1416 0 
nomask 5.7219813e+30 0 108137750695003996500002445050511360 1416 1401 
nomask 4.745136e+30 32191967031012752174251845152145408 0 0 1401 
nomask -1.21385124e-26 26137833376808588426450263080960 2004070388277782328984394543398912 1416 0 
nomask 3.551188e+29 0 101867776110249982985641132032 1416 1401 
nomask 1.1863034e+30 2060060899232206388807514193920 0 0 1401 
nomask -7.618494e-28 105427761620693704223341519306752 8099389457917181248210955403264 1416 0 
nomask 5.5282274e+18 0 6731074855061435269133181992828928 1416 1401 
nomask 6.878766e+25 8102986296200598484406081912045568 0 0 1401 
nomask -2.9835503e-27 1770212395235665357971751926434365440 505979729931314210280380686500102144 1416 0 
nomask 1.4114127e+24 0 27145441410548703302255587627106304 1416 1401 
nomask 4.324738e+27 32188450913787732531423862528671744 0 0 1401 
nomask -8.674875e-28 109295556153045488337562447525183488 126501910547730466563447076637638656 1416 0 
nomask 5.0561116e+36 0 1744356339719580696963529892796825600 1416 1401 
nomask 1.1516432e+30 31510052557390052680672227807461376 0 0 1401 
nomask 7.9364994e+31 6381510227597799434068426752 32698469441107841740317917184 1416 0 
nomask 1.2603311e+33 0 105172998298086828577595357921280 1416 1401 
nomask 2.8048307e+29 32746148628469635314667975868416 0 0 1401 
nomask -3.6220988e-27 6831187951274375384776487347421184 129583456506381779589480233041920 1416 0 
nomask 5.2783826e+27 0 104309281487103847390078436376576 1416 1401 
nomask -3.0377441e-30 127845775796903890524100950214311936 0 0 1401 
nomask -3.0551553e-24 1700786579315301883053276735209472 124071466856161088512858164033100972032 1416 0 
nomask 3.468437e+20 0 1682769031335060057301196828835840 1416 1401 
nomask 4.6857134e+30 2016981020484258734030663240103493632 0 0 1401 
nomask -1.8885693e-28 7080738270326089047634209876083736576 126505365706079957958213553876893696 1416 0 
nomask 1.4066755e+27 0 1730148836983596771609885805834665984 1416 1401 
nomask 7.259774e+28 2074023503683824378767090909184 0 0 1401 
nomask -1.9044694e-28 106300806177457544571564953960448 8014541271148334017838286328823808 1416 0 
nomask 5.6652424e+27 0 1616361861572851699881892380672 1416 1401 
nomask 4.6461005e+30 8157760863341575125783089699094528 0 0 1401 
nomask -3.0978348e-27 26356947092044365799253002420224 31843992690666921438504821855354880 1416 0 
nomask 2.2041388e+28 0 437864982122971406187796613749014528 1416 1401 
nomask 2.9410483e+29 2002564980945813252219492357076156416 0 0 1401 
nomask -3.0005778e-30 109742537847718968852703732228423680 126505379255720544198977343983714304 1416 0 
nomask 8.87942e+28 0 108137764244644582740766235157331968 1416 1401 
nomask 1.17638055e+30 31739699177629018174664206826078208 0 0 1401 
nomask -1.2051806e-29 108846807840564695129432614590480384 31403470163337208286351816430452736 1416 0 
nomask 3.551673e+29 0 107249774999184708045017794561966080 1416 1401 
