mask 0.99609375 523 761 938 1416 
nomask 0.02734375 1169 1358 1209 1432 
nomask -4.8402128e-29 449610641308977962891921578283835064320 677531154836180885412249600 1440 0 
nomask 5.471964e+27 0 9148395846275811788889987408199680 1440 1920 
nomask 1.8980239e+31 8214096727350975660566186557440 0 0 1920 
nomask -7.624943e-31 111604300825029169094070691084369920 174581361302825332277992488960 1440 0 
nomask 3.5519612e+29 0 567048795488942532289571082731520 1440 1920 
nomask 7.6553535e+31 8157294592137745049649382686720 0 0 1920 
nomask -7.5633136e-31 6099334908214766846607360 693267120357269805501705878797025280 1440 0 
nomask 2.2415658e+31 0 2136093533820108522966220800 1440 1920 
nomask 3.0494158e+32 516342456868958059718606528981237760 0 0 1920 
nomask -4.8206454e-29 27559269129435255032540619205509120 10911039866062398706755792682352640 1440 0 
nomask 3.5269138e+29 0 2277628575197321434364017586995200 1440 1920 
nomask 3.0747686e+32 2018939922414945794512650240 0 0 1920 
nomask -3.0253736e-30 425279660404816860282288435363840 2663535116683793076477493248000 1440 0 
nomask 5.549639e+27 0 134969265800799210167032872960 1440 1920 
nomask 1.1714288e+30 8291450458350920955466874880 0 0 1920 
nomask -4.8204916e-29 406648703709265628796184166400 173302426174561937391139014353879040 1440 0 
nomask 3.5269138e+29 0 36745692172580340043387492274012160 1440 1920 
nomask 2.9987094e+32 128434205674845205223069315194819706880 0 0 1920 
nomask -1.19528155e-29 395430663445504202102538240 11223682200436370760007680 1440 0 
nomask 2.2352698e+28 0 600071738417563057857176822517596160 1440 1920 
nomask 1.9138383e+31 518599563976724455607315076218880 0 0 1920 
nomask -3.0006739e-30 111148023206486937292436387313745920 688570994818240715428876051053281280 1440 0 
nomask 9.00346e+28 0 587921567381783728973688651110154240 1440 1920 
nomask 1.9059152e+31 507833529491808258150282087628800 0 0 1920 
nomask -1.19532e-29 24981177392320818565286461440 688475401088407098364048340680704000 1440 0 
nomask 5.643064e+30 0 527232099332140498629427200 1440 1920 
nomask 4.725252e+30 516256556209632047181331278751334400 0 0 1920 
nomask -4.8405974e-29 27559267388582074787474607628615680 43516066145339503097652958986240 1440 0 
nomask 5.603294e+30 0 149409536592683571474392282038272000 1440 1920 
nomask 1.9217613e+31 525149508043078874525859840 0 0 1920 
nomask -3.0253736e-30 112057117627449073704473979990835200 174003661130020731030083815342080 1440 0 
nomask 1.4108042e+30 0 135551825784563164981179187200 1440 1920 
nomask 4.7648663e+30 130009046304994149705360572216770560 0 0 1920 
nomask -3.0006257e-30 6889929132175644503626398616780800 174576656426098968588796806404505600 1440 0 
nomask 2.241442e+31 0 2296679601975333314261709320355840 1440 1920 
nomask 7.5918477e+31 32815005571543054696109370108385689600 0 0 1920 
nomask -4.8010012e-29 1602043690816550665086566400 177312213882849640662958080 1440 0 
nomask 3.5515762e+29 0 37959642481329418755284415094456320 1440 1920 
nomask 7.6870443e+31 515076240344894089974822029230080 0 0 1920 
nomask -3.0006739e-30 112058949004994691513918158882734080 10758322940541006875868205846364160 1440 0 
nomask 5.510953e+27 0 33742891988614902279768637440 1440 1920 
nomask 7.528589e+31 130513231767843430662366969200640 0 0 1920 
nomask -4.8402128e-29 25198784039851451816733573120 10986204103541446506915644351447040 1440 0 
nomask 8.879181e+28 0 36897789354369564630774957735936000 1440 1920 
nomask 4.7977765e+33 8296475395885873957337608853913600 0 0 1920 
nomask -1.9359927e-28 6617572431119552527815797637120 703022547033487621723772682240 1440 0 
nomask 1.3679908e+27 0 9300509856312445411915564780093440 1440 1920 
nomask 1.17640005e+30 132127441735886451612057600 0 0 1920 
nomask -1.8984418e-31 1743845054041964688151039778488320 173985073895544156106522707886080 1440 0 
nomask 5.511253e+27 0 567039583474197068815259821670400 1440 1920 
nomask 1.8901009e+31 2017241258653206631337659056783360 0 0 1920 
nomask -3.0252291e-30 26247480918030047658648671354880 43133920726451635102592066702876344320 1440 0 
nomask 3.5023495e+29 0 8823286537112983447992375705600 1440 1920 
nomask 1.2045346e+33 32630922621835092930753661501440 0 0 1920 
nomask -4.80077e-29 1701089591131822101590085552046080 43761321934755987707658240 1440 0 
nomask 2.219795e+28 0 571802303900925450350807513825280 1440 1920 
nomask 7.655353e+31 132680340669510396719010938880 0 0 1920 
nomask -3.0129515e-30 1729639909697812480129823775129600 44392236644262480110307728424960 1440 0 
nomask 1.397081e+27 0 2081835341489483486142136320 1440 1920 
nomask 4.705522e+30 520166802753330686778754990080 0 0 1920 
nomask -4.8007704e-29 26024211397507816443447103979520 172114096582350918730756472533155840 1440 0 
nomask 8.941078e+28 0 2361346064206483452425425458655395840 1440 1920 
nomask 1.8663323e+31 32118619733603614017788716363913625600 0 0 1920 
nomask -1.1953007e-29 425286623817537840546334742937600 2727909970031297459876945712906240 1440 0 
nomask 3.551673e+29 0 146980373276345342962718039290675200 1440 1920 
nomask 7.6869205e+31 32518955315477732694530457600 0 0 1920 
nomask -1.20026956e-29 428851782327355970421418497146880 10875516696087091422952465367040 1440 0 
nomask 5.588174e+27 0 35441701219902091202387100303360 1440 1920 
nomask 1.8980234e+31 2074118631364820958701150766366720 0 0 1920 
nomask -7.5014435e-31 406655397663755096518274580480 11061667767767496458429487246213120 1440 0 
nomask 5.603759e+30 0 542197917434867956504854528000 1440 1920 
nomask 4.6659087e+30 8182381619305792576004870834749440 0 0 1920 
nomask -1.9360234e-28 440934072855362396860939254607380480 10804157582848426158485730754560 1440 0 
nomask 5.433278e+27 0 148803441149449449291801670818201600 1440 1920 
nomask 3.062043e+32 2031391566122181119779510387998720 0 0 1920 
nomask -1.9062055e-31 26469420997940021411329679032320 2746464612936210989784760320 1440 0 
nomask 5.356662e+27 0 583053603385901435264900075932876800 1440 1920 
nomask 4.6461026e+30 516848832644717852529273077760 0 0 1920 
nomask -7.7791343e-31 6889927826535759319826889934110720 11061665446629922798341471810355200 1440 0 
nomask 2.1464916e+31 0 143542502324289273470513263411200 1440 1920 
nomask 4.7368522e+33 8238759149548029038789788528803840 0 0 1920 
nomask -1.20017326e-29 404914597610132962790206341120 172843219280401746558429230530560 1440 0 
nomask 8.731521e+25 0 35292552263643048105387428413440 1440 1920 
nomask 1.2298874e+33 511483010577544508410301597614080 0 0 1920 
nomask -4.80077e-29 448228609778050714423176846114816000 43341116384907681055903895991091200 1440 0 
nomask 1.3873712e+27 0 9148394105422631543823975831306240 1440 1920 
nomask 3.0240624e+32 2067340928916988751804230533120 0 0 1920 
nomask -1.200154e-29 1708248958638903700879321249873920 2746252469564949597907925650636800 1440 0 
nomask 5.588326e+27 0 141766832080439306138704832102400 1440 1920 
nomask 7.401699e+31 130005439257204681928584584893562880 0 0 1920 
nomask -1.2001155e-29 430627561374529703069852652011520 172138013583909912277667523613163520 1440 0 
nomask 8.671072e+25 0 149411885583908115483463903126487040 1440 1920 
nomask 4.7055222e+30 2045764267584931915404340667351040 0 0 1920 
nomask -1.2001733e-29 6889815106292338451802640330260480 43942300439023487121704878080 1440 0 
nomask 1.3873709e+27 0 36441458349663138647116298940579840 1440 1920 
nomask 1.8821779e+31 129114219916697301854353863758315520 0 0 1920 
nomask -3.0004813e-30 444592064972296865248689364024688640 43341121027182828376079926862807040 1440 0 
nomask 3.5271076e+29 0 36745696814855487363563523145728000 1440 1920 
