mask 0.99609375 187 162 870 1054 
nomask 0.0625 3 868 57 1045 
nomask -7.6501707e-28 325362964164911152969104790388736 2165594442211571492815996249440256 1088 0 
nomask 3.5760445e+29 0 434859950076611326015260590080 1088 1514 
nomask 7.4143954e+28 398358811299812661496865882112 0 0 1514 
nomask -1.8888156e-28 324021326095596688647486894505984 34537483122503741677218174074880 1088 0 
nomask 1.4205528e+30 0 7154148496342607569944909497499648 1088 1514 
nomask 7.414396e+28 1538693996658929956507632545550041088 0 0 1514 
nomask -1.920462e-28 1312206417229606846887955013828608 136040089607823237465927726829790035968 1088 0 
nomask 2.2571015e+31 0 456498137265388295349689779224576 1088 1514 
nomask 4.764866e+30 397186647044315385978983016300544 0 0 1514 
nomask -4.8211076e-29 81005336661833905524045716127744 2180588143178184656637003128897536 1088 0 
nomask 3.5860098e+32 0 113189222571310372323965752311808 1088 1514 
nomask 7.750304e+31 391767441211910033133436279980032 0 0 1514 
nomask -3.013144e-30 5020988916412434209714428968960 2202692709354379455027101040640 1088 0 
nomask 1.4207085e+30 0 1732118098688930668238843412480 1088 1514 
nomask 2.9781378e+29 97933917055879730362366663065600 0 0 1514 
nomask -1.20028874e-29 5184258681745990288396774772047872 136690052097602377448386370914484224 1088 0 
nomask 1.430573e+30 0 1885050554291176828193466316375457792 1088 1514 
nomask 1.9059152e+31 24619796242226928945904013115838693376 0 0 1514 
nomask -7.744464e-28 5270205067482203929405929088352256 2180882137314784914751140518690816 1088 0 
nomask 1.3969297e+27 0 450897320173942016206801190518784 1088 1514 
nomask 4.7648657e+30 6247470454548052125638394380288 0 0 1514 
nomask -1.2051806e-29 20167477932675272339279816163328 550687532521046048235004624896 1088 0 
nomask 3.4442502e+26 0 111787195134420761054315953520640 1088 1514 
nomask 4.4795577e+27 6306239752615338459394998272 0 0 1514 
nomask -7.5858307e-28 308560858048338548482807693312 2202463026435160503375431204864 1088 0 
nomask 3.516692e+26 0 6928356659588256314049182040064 1088 1514 
nomask 1.9190787e+34 98239874328281077652447834222362624 0 0 1514 
nomask -1.19852785e-26 5462635193643793430918138522587103232 2156694759696916242081194845421961216 1088 0 
nomask 2.2256453e+19 0 473189475686493876004285889172733952 1088 1514 
nomask 1.8822077e+31 6289891812674056915207480934400 0 0 1514 
nomask -4.4462038e-35 5041952653487314385011457654784 2180293691463161674385723112816640 1088 0 
nomask 1.3880252e+21 0 107803384558854193842793480192 1088 1514 
nomask 7.136099e+28 99587113787528932091228061696 0 0 1514 
nomask -1.840961e-28 309871011335288350654903353344 139079731844990413382689312735232 1088 0 
nomask 3.552421e+23 0 6652025985007353304902008832 1088 1514 
nomask 4.9539725e+36 6247304113911059525255387152384 0 0 1514 
nomask -4.8751262e-26 1244724497928492193740058787840 8775859431675517187301310464 1088 0 
nomask 8.669888e+25 0 1811028133113994362354880319848448 1088 1514 
nomask 1.1763999e+30 390222723847154234737818647809490944 0 0 1514 
nomask -7.501083e-31 20994968586605607408205591820107776 134094042458744528075245262790287425536 1088 0 
nomask 3.5411525e+26 0 450890027517829850271090584059904 1088 1514 
nomask 7.2908427e+28 397091533596531385414033833197568 0 0 1514 
nomask -1.8886308e-28 4800872228532258692011130880 139090756625112923061969464852480 1088 0 
nomask 1.4163485e+27 0 434852604915162568198579027968 1088 1514 
nomask 1.784025e+28 399795895819306032419334850084864 0 0 1514 
nomask -4.8756784e-26 77469032299991040158225924096 2202635735478503158654361927680 1088 0 
nomask 8.939867e+28 0 27830114498394821526048571654144 1088 1514 
nomask 2.9657584e+29 25063126610146415479311302656 0 0 1514 
nomask -7.6183707e-28 5227190771136230211509411920216064 2140618221356690698470745702383222784 1088 0 
nomask 3.57614e+29 0 111789068346088787990743579885568 1088 1514 
nomask 2.9657584e+29 1538736760059647030683848660897234944 0 0 1514 
nomask -4.8208765e-29 80333212591754399371042672869376 8784207108739742037213948822945792 1088 0 
nomask 2.2413178e+31 0 28063937072406855605930604625920 1088 1514 
nomask 1.1862842e+30 6289230303577136535305946398720 0 0 1514 
nomask -4.801309e-29 1239483965060923193835644780544 2202635512051538937884272754688 1088 0 
nomask 3.586109e+32 0 112724301444834083793128883486720 1088 1514 
nomask 7.7503035e+31 1567027674886304429604398549696512 0 0 1514 
nomask -1.21018795e-29 321332829815278664035474721472512 137234875739846663328620070567936 1088 0 
nomask 8.941082e+28 0 111320486592230706362765700759552 1088 1514 
nomask 2.96571e+29 24437714396049296702303880783352299520 0 0 1514 
nomask -1.2002695e-29 80333238281428066181912635375616 135756811752888045263257204795899904 1088 0 
nomask 3.601191e+29 0 7601376513447861639370476192677232640 1088 1514 
nomask 4.7252513e+30 6312053934490983317371955592560640 0 0 1514 
nomask -4.8955574e-26 80669932282440022805815234658304 137227540185757367005052342894592 1088 0 
nomask 8.730098e+25 0 1796033745779747112328159500959744 1088 1514 
nomask 1.1813516e+30 6205874377188593635266853339136 0 0 1514 
nomask -4.8404436e-29 1301451774452688878081635281534976 2173636926365325188010510123008 1088 0 
nomask 5.419271e+24 0 29095925686310872902166379319263232 1088 1514 
nomask 4.4215293e+27 391809613380201469857566730223616 0 0 1514 
nomask -4.895242e-26 321327589121850634618002370199552 548954088271610985185901495189504 1088 0 
nomask 8.791018e+25 0 1803530596263053694238662940688384 1088 1514 
nomask 4.736849e+33 24732369063701308611715510191521792 0 0 1514 
nomask -1.1934003e-26 83977154282671109831013345179729920 8604279951669847726539010511732736 1088 0 
nomask 1.3820208e+18 0 7303969738667790001457893841305600 1088 1514 
nomask 1.1615439e+30 24555912162046541043296182850289664 0 0 1514 
nomask -2.7787855e-36 5119690379262261448525187408461824 550744841537368675762877497344 1088 0 
nomask 5.458142e+18 0 28616123594751869866797018166329344 1088 1514 
nomask 2.84206e+29 393169577499347074548408254464 0 0 1514 
nomask -7.4269516e-28 83635020770708681606953580795789312 34541150899548389839002037911552 1088 0 
nomask 5.550368e+21 0 1732090282031885182362741374976 1088 1514 
nomask 1.9732489e+37 99283467544683572431933010870272 0 0 1514 
nomask -3.107005e-24 4999946504711949426128140107776 34170635122553734503263254444244992 1088 0 
nomask 2.1370705e+25 0 449023078954463950470603916443648 1088 1514 
nomask 7.2289486e+28 24731690363074770401979796746665984 0 0 1514 
nomask -3.000337e-30 338667003791800398650245533608706048 137664730744278607493151773639573504 1088 0 
nomask 8.792196e+25 0 29215414054993672282494667057004544 1088 1514 
nomask 1.7995296e+28 6248130036919447494724681728000 0 0 1514 
nomask -1.8964885e-28 5162624112791616047533502157029376 135349566842268957525285523161088 1088 0 
nomask 3.540871e+26 0 27596302648877070043130818985984 1088 1514 
nomask 1.1516215e+30 389063037885657519230743323082752 0 0 1514 
nomask -4.875678e-26 77469062405077368452214161408 541427838374644377463984316481536 1088 0 
nomask 8.939867e+28 0 1818494783421401151213970424594432 1088 1514 
nomask 1.19123576e+30 24730340853689444426807622338871296 0 0 1514 
nomask -1.912512e-28 5227272649264141071114156420104192 35014312012465140370727606681600 1088 0 
nomask 2.2571005e+31 0 28975981569519040281244035799056384 1088 1514 
nomask 1.1912359e+30 6122023924581964625980982034432 0 0 1514 
nomask -4.8407518e-29 82944093010402450170264957290020864 134423442414001014077895624097792 1088 0 
nomask 8.96552e+31 0 28495703596400404143246343307001856 1088 1514 
