mask 0.99609375 221 182 801 929 
nomask 0.0625 688 1 1018 211 
nomask -7.5022857e-31 309926742154441277458106978140160 461909126784576364819879271858176 1045 0 
nomask 1.4243424e+33 0 94460931735136570822250559700992 1045 1274 
nomask 1.9375759e+31 385161322489033410757085102080 0 0 1274 
nomask -1.883275e-31 78127245881655433270673968988160 7288025283128275645884613282234368 1045 0 
nomask 3.5862094e+32 0 94460943767726369174106564198400 1045 1274 
nomask 7.7818705e+31 5937912041773254605666698102046720 0 0 1274 
nomask -7.53298e-31 283275326780566367287377920 7365570108250975772304021127168 1045 0 
nomask 1.4244218e+33 0 364379227182633120147099877376 1045 1274 
nomask 7.7818715e+31 23842424247444135640764115845120 0 0 1274 
nomask -1.9441892e-28 307339467211826731078684801761280 28868538305699129930602162159616 1045 0 
nomask 2.2571632e+31 0 95640709115980272775707523809280 1045 1274 
nomask 7.718612e+31 5979310651678179967990556168028160 0 0 1274 
nomask -1.883185e-31 77805112178492548757681885675520 115826231517071495983027796559527936 1045 0 
nomask 5.6435287e+30 0 362851370292065833306153811968 1045 1274 
nomask 2.9533793e+29 378800257345445343246943885721600 0 0 1274 
nomask -1.2101687e-29 5020600482501962931287450001080320 115025071269910219176756379765440512 1045 0 
nomask 5.6826773e+30 0 6396403876466354649834740822963126272 1045 1274 
nomask 7.655229e+31 6122311979492686708599727063040 0 0 1274 
nomask -1.904531e-28 4650453329720118185002270720 7493090706084695048716288 1045 0 
nomask 5.665243e+27 0 5830165399714241531183634579456 1045 1274 
nomask 4.784672e+30 94070976599305432630719613501440 0 0 1274 
nomask -1.1903705e-29 78126002293665834378303394283520 7189065414197894509509705159671808 1045 0 
nomask 8.817284e+28 0 5854714139013466508405810135040 1045 1274 
nomask 1.8901009e+31 378861094459476196997517080002560 0 0 1274 
nomask -3.0129034e-30 74092712953933889862400737280 29459970175762619532863221006336 1045 0 
nomask 1.4009011e+30 0 1469838656702475979632504995840 1045 1274 
nomask 7.528465e+31 93681897791133573966103114783129600 0 0 1274 
nomask -4.8204143e-29 1306386371538326363075423641838551040 1814814283606972979213655048647081984 1045 0 
nomask 3.5051973e+23 0 95247977417551866547576732909568 1045 1274 
nomask 1.2248165e+33 24430653468619668256194560 0 0 1274 
nomask -1.0323807e-38 1200603395412771528779686215680 117348995315447996029314531328 1045 0 
nomask 3.421493e+26 0 5549602046850210146302296064 1045 1274 
nomask 1.8742244e+31 23678818403717262312344817500160 0 0 1274 
nomask -7.3152335e-31 284509007374123177282109440 7365184313340566115920876929024 1045 0 
nomask 2.2283927e+25 0 364385384484443995510914678784 1045 1274 
nomask -7.2439194e-37 6081094069831472229775604449280 0 0 1274 
nomask -1.20017326e-29 74407272552369447986517770240 473564965541507058924257280 1045 0 
nomask 2.1733724e+28 0 377843582549468703066730184835072 1045 1274 
nomask 3.0747193e+32 23589954882736180597132969985966080 0 0 1274 
nomask -3.0499771e-30 313802709825642549050433433763840 28753892873033515298258351260958720 1045 0 
nomask 5.6036e+30 0 86337976635246981888868352 1045 1274 
nomask 1.9217302e+31 1520075351464981825214711070720 0 0 1274 
nomask -7.532499e-31 4571807406096367083197562880 117045104081689741338643821232128 1045 0 
nomask 2.2415042e+31 0 94460913686251873294466552954880 1045 1274 
nomask 3.0746694e+32 24165209353839667192616976384000 0 0 1274 
nomask -1.20527675e-29 298882586498720995928105287680 29537322948343529734110445568 1045 0 
nomask 1.4243023e+33 0 23615608952215341201062780469248 1045 1274 
nomask 1.9296841e+31 6096484362756958035336232960 0 0 1274 
nomask -1.8987124e-31 311220330277018804660025583206400 7363638877588340299415299293184 1045 0 
nomask 9.0294e+31 0 377837638450108317249863963115520 1045 1274 
nomask 1.9296839e+31 94346842631054782251459581921198080 0 0 1274 
nomask -3.013192e-30 296365916942760960670354636800 1847685600104682734852015436857344 1045 0 
nomask 1.4142408e+33 0 5928352836542517470162333990912 1045 1274 
nomask 7.7501807e+31 381458574719402213652424766259200 0 0 1274 
nomask -7.745203e-28 1255190389188963458860528728801280 1835068322702849365460547490807808 1045 0 
nomask 2.2570394e+31 0 95246419197172979982224150495232 1045 1274 
nomask 1.929684e+31 6041143188806485987523486023680 0 0 1274 
nomask -7.53274e-31 19532121133693014391066323845120 466436387192132525847589421056 1045 0 
nomask 3.5765296e+29 0 90712830822440483373554073600 1045 1274 
nomask 4.5761954e+27 95351970926051783747996525527040 0 0 1274 
nomask -1.9283814e-28 1244841368376472866923307996282880 1822402144856075494126277267292160 1045 0 
nomask 1.4305342e+30 0 98333536629868245601120867019915264 1045 1274 
nomask 4.7648657e+30 24085419287704601776882245833850880 0 0 1274 
nomask -4.8755206e-26 5061916344456850221280872366080000 115015608456249921729935050859872256 1045 0 
nomask 1.4161589e+27 0 1536535245551975637691109107302400 1045 1274 
nomask 1.1863032e+30 374738021196221537469909820160081920 0 0 1274 
nomask -7.5865703e-28 313797636776224661505366168698880 7290200775363817661450226413600768 1045 0 
nomask 8.670363e+25 0 380985652723512323225184592986112 1045 1274 
nomask 4.4602146e+27 94722883188995880566980167598080 0 0 1274 
nomask -7.8076945e-28 78448126127082769693736980971520 7339879006908885068224634592165888 1045 0 
nomask 3.5019608e+29 0 5928353964597811065648834412544 1045 1274 
nomask 1.1893229e+33 1484640348024686052858827007590400 0 0 1274 
nomask -1.9201231e-28 1295809430024916401010708312049582080 28556763243149272001781214333632512 1045 0 
nomask 3.434268e+23 0 1536535341812694024505957143281664 1045 1274 
nomask 1.8821778e+31 23473228416116038110561841912311971840 0 0 1274 
nomask 4.972239e+36 5041298208295073740840019574128640 28961310848498941365693573652021248 1045 0 
nomask 3.3888942e+23 0 6396502841725885260632747221100527616 1045 1274 
nomask 4.58668e+30 1505379289876880711415678485135360 0 0 1274 
nomask -1.9042537e-28 80990651404689751562194057313648640 1835018844693598542628656997466112 1045 0 
nomask 3.505197e+23 0 94855245719123460319445942009856 1045 1274 
nomask -4.6170798e-35 1515444693669775162311940211998720 0 0 1274 
nomask -1.2136935e-26 19612352298514041344085385543680 460049718169143662225574042722631680 1045 0 
nomask 1.3582056e+27 0 376260406579340355964794442874880 1045 1274 
nomask 1.8901012e+31 5897163413857559597755193748357120 0 0 1274 
nomask -3.0622066e-30 325282206759592108910190410114007040 115034558726314423648178805881700352 1045 0 
nomask 8.817519e+28 0 98738872803022939752268337080434688 1045 1274 
nomask 4.7450592e+30 95019599888121569762639169286307840 0 0 1274 
nomask -3.0005295e-30 1306406989042824398807220750846525440 453653053276733844371164480244023296 1045 0 
nomask 3.5517704e+29 0 24583781521712562171972909277380608 1045 1274 
nomask 1.21972646e+33 94344245229752823828385142207938560 0 0 1274 
nomask -1.9283813e-28 312504028914155235908330570383360 456895594805507955432737657464029184 1045 0 
nomask 1.4141213e+33 0 24684712040069758181916809967435776 1045 1274 
nomask 1.9296844e+31 23753598744724450234547597329039360 0 0 1274 
nomask -7.5947294e-31 80328309019380427689061980160655360 1835117800712100188292437984149504 1045 0 
nomask 3.5864063e+32 0 24281364228314062078270371094593536 1045 1274 
nomask 1.9296841e+31 371170154147039694724373309030400 0 0 1274 
nomask -3.0502658e-30 79997140353380728747070916720066560 113912443392868432331584930054144 1045 0 
nomask 1.4142407e+33 0 24079883613958734750662007904534528 1045 1274 
