mask 0.99609375 163 123 288 286 
mask 7.686796e+31 2661642036319920773619380587069440 0 0 554 
mask -3.0473974e-27 8599368404276696569890352398336 811384423684837687833399394304 462 0 
nomask 1.4204753e+30 0 665420403080003646981839588950016 462 554 
nomask 2.9657585e+29 679351953522717326573568 0 0 554 
nomask -1.1903896e-29 2021150339264144684347293696 3236734447984690948210688 462 0 
nomask 3.576335e+29 0 8927466884823234117632 462 554 
nomask 2.953379e+29 10467969536181444188371326861312 0 0 554 
nomask -1.2150991e-29 29380741895373390348288 202845962848262386267067514880 462 0 
nomask 2.24138e+31 0 38944870072711948872441659392 462 554 
nomask 4.7648666e+30 42156716519410115336525221724160 0 0 554 
nomask -3.013192e-30 2123102913917815063590148767744 202840812222169101380903501824 462 0 
nomask 1.4243817e+33 0 10269102469031306476674739077120 462 554 
nomask 3.1000723e+32 169164800379932958977282801664 0 0 554 
nomask -1.8909488e-31 34255058793231247159593629908992 50552915688584633531971227615232 462 0 
nomask 1.4244612e+33 0 631134502775725301210055442432 462 554 
nomask 3.1000723e+32 2694739993282075609754763264 0 0 554 
nomask -1.21517596e-29 2021152203538217633618853888 49861707553295622705773434372096 462 0 
nomask 9.029151e+31 0 657201168040129990517709284048896 462 554 
nomask 1.24507955e+33 667705095277955425118982242304 0 0 554 
nomask -7.5946095e-31 503114340606104003288236032 3242043941819659583488 462 0 
nomask 3.5610537e+32 0 41076399411361099867565162758144 462 554 
nomask 3.1000723e+32 2786137984544538624 0 0 554 
nomask -1.8909187e-31 28823154412511821824 3261226386844549120 462 0 
nomask 5.4725734e+27 0 28187162 462 554 
nomask 1.9758381e+34 2736160796974252032 0 0 554 
nomask -1.17687776e-32 2021219983217012717849149440 3201412035730269927524299440128 462 0 
nomask 5.564611e+30 0 633813237124082115419006042112 462 554 
nomask 1.8504561e+31 660763242580182283473768362803200 0 0 554 
nomask -8.02125e-37 2210482765494921749755689474981888 3160312982720766984441854689280 462 0 
nomask 3.2804886e+29 0 10226407539492582565688777900032 462 554 
nomask 7.90323e+34 10881459224235120525312 0 0 554 
nomask -7.3007542e-37 126867371146041043697270784 807736126768560401801019392 462 0 
nomask 8.16157e+34 0 28328439 462 0 
nomask 3.2767302e+38 2781594 0 -1139030 554 
nomask -3.0144159e-33 0 52539408 0 0 
nomask 2.1582622e+28 0 6 462 554 
nomask 3.1969732e+38 10773486464450123377718329344 0 0 554 
nomask -1.8753609e-31 528559019252160520960887226368 12929360428105412597600223232 462 0 
nomask 8.818013e+28 0 164988779306648738280838791168000 462 554 
nomask 4.980239e+33 2635495937007267899823341174784 0 0 554 
nomask -1.21014935e-29 34255060974964562245369718636544 3159640621625668970095619080192 462 0 
nomask 2.2413168e+31 0 34408756125374611456 462 554 
nomask 1.2011007e+30 11007370085743460352 0 0 554 
nomask -3.00077e-30 0 12967892349878272 0 0 
nomask 2.2572258e+31 0 0 0 0 
nomask 4.7845183e+30 43441 0 0 0 
nomask -7.6502935e-28 0 0 2 -7965535147757928448 
nomask 2.256915e+31 0 562925298522326564864 462 554 
nomask 1.1961876e+30 2712879113687004457853779968 0 0 554 
nomask -4.8012317e-29 2140975809593329934170010419200 12807666534301889508027628781568 462 0 
nomask 5.682212e+30 0 598090267623651765873803264 462 554 
nomask 4.784673e+30 660870898028881876009090535129088 0 0 554 
nomask -3.00077e-30 1948380064316660631207936 3169634063240235427342241702608896 462 0 
nomask 3.5609543e+32 0 142605320875889655808 462 554 
nomask 4.7647895e+30 42717890514385895424 0 0 0 
nomask -4.8210306e-29 0 0 0 -1859015013826560 
nomask 9.028655e+31 0 116714 0 554 
nomask 1.9296839e+31 707110 0 0 0 
nomask -7.563795e-31 31716197780971628921880576 0 462 0 
nomask 5.722448e+30 0 2346548900280273423302656 462 554 
nomask 1.1912551e+30 10609270585199632019645811130368 0 0 554 
nomask -1.9046542e-28 8084608814152870534475415552 797873634227241534067904153124864 462 0 
nomask 2.2888547e+31 0 2650665313265476687626352742891520 462 554 
nomask 4.7846727e+30 41707795183350398698342303785811968 0 0 554 
nomask -1.9125428e-28 435876790272000 12842699100186651020872384512 462 0 
nomask 1.4206305e+30 0 37459394502889551429632 462 554 
nomask 1.9217611e+31 173070551365674074112 0 0 0 
nomask -3.0727394e-27 481878268114882265088 214 462 -463954 
nomask 3.5406817e+26 0 552179519633489920 462 554 
nomask 4.7054442e+30 2717074387840657117937664 0 0 554 
nomask -7.5012033e-31 137585469913264151164337698897920 3168946570096211160408540619735040 462 0 
nomask 1.4108822e+30 0 159784981174547659135255576576 462 554 
nomask 1.156593e+30 42001770796789248677131478731063296 0 0 554 
nomask -7.871578e-31 2219633897527183611727083158372352 199511439666896656435135117262848 462 0 
nomask 5.247384e+30 0 43286446312478848624614233107070976 462 554 
nomask 1.2247979e+33 2594336249695925242498372408329633792 0 0 554 
nomask -7.4762074e-34 535217396613137923861672624128 205945603116272392528199680 462 0 
nomask 5.287617e+30 0 41415967926295912210248629223424 462 554 
nomask 1.9515319e+34 169559205803318805522284544 0 0 554 
nomask -1.9370199e-31 8878247950388473538188794793033728 792150580303880244265816996970496 462 0 
nomask 3.4281695e+29 0 145386898213084103442432 462 554 
nomask 1.2437066e+36 2624464742107130487108784386736128 0 0 554 
nomask -3.0129515e-30 32895329077083948024909004800 3125914120520130109240336063660032 462 0 
nomask 3.5021553e+29 0 10311797398570030387660700254208 462 554 
nomask 3.0873954e+32 41423006168200580615900620879036416 0 0 554 
nomask -3.0253736e-30 2310241019317281557240380057876168704 198692438427361958964755668116963328 462 0 
nomask 8.965516e+31 0 689774155860577402408987090556551168 462 554 
nomask 2.9780898e+29 10613193341700156245053343268864 0 0 554 
nomask -1.2101879e-29 2183066371595160018603973244092416 781435247865607229452713891725312 462 0 
nomask 5.682523e+30 0 38944910950696816212808040448 462 554 
nomask 7.6867967e+31 41408069009601245192997086888460288 0 0 554 
nomask -3.0854099e-27 32756786880977060729821593600 198134402285079418897509415649280 462 0 
nomask 3.5349057e+32 0 42935288343358315218271888276979712 462 554 
nomask 2.9657591e+29 2607167541492333957808343318790144 0 0 554 
nomask -1.8831849e-31 35805816856111700496666202755563520 3181660447490128939934835277824 462 0 
nomask 2.2414418e+31 0 42585544875475170269566150058704896 462 554 
nomask 1.1912166e+30 653434300356441076973225396699922432 0 0 554 
nomask -3.0254697e-30 144392351420522696710271767198826496 789173643904948215398270769064574976 462 0 
nomask 8.965768e+31 0 689774070133229681896403053792198656 462 554 
