mask 0.99609375 274 249 888 1073 
nomask 0.02734375 1 661 81 865 
nomask -1.1953969e-29 92423920540243832650576101900288 2310772123705088729485003456512 1257 0 
nomask 1.4242232e+33 0 118560041270567178191405649494016 1257 1599 
nomask 2.9905173e+29 460271899415209760329536897024 0 0 1599 
nomask -7.4402957e-31 1577811903965933804267270767971926016 145913815939079483211577231933440 1257 0 
nomask 9.092288e+31 0 1912704085105202764468595529351168 1257 1599 
nomask 3.0027997e+29 7059812015535645286641569239683563520 0 0 1599 
nomask -1.20034645e-29 23203244703419319301206838345728 577488704370929772900966394887143424 1257 0 
nomask 8.965522e+31 0 7745579898174015662714906115833856 1257 1599 
nomask 1.9454676e+31 1810630547483952873733220179378176 0 0 1599 
nomask -4.8211076e-29 372795777693872759508148363984896 579727441894388454005491932069888 1257 0 
nomask 9.028655e+31 0 7379193766324025319375148941312 1257 1599 
nomask 1.9375759e+31 1828740316148470571281724473344 0 0 1599 
nomask -4.8210306e-29 23203615704336129747708939337728 2326175586365299624708518445056 1257 0 
nomask 8.965272e+31 0 7317456267010081710766930526208 1257 1599 
nomask 4.804403e+30 452633133002434722062734278524928 0 0 1599 
nomask -3.025566e-30 1497383539281872654530042713341952 36343434889285188790592905553117184 1257 0 
nomask 8.965521e+31 0 495701463329103477953314315913134080 1257 1599 
nomask 1.9296529e+31 114290030415744863007255831949344768 0 0 1599 
nomask -3.0005295e-30 6088926786744676477819035014135808 9244786540338728580976434216960 1257 0 
nomask 5.5883263e+27 0 474232462996982482031671964073984 1257 1599 
nomask 7.718611e+31 28954711482022708205819265024 0 0 1599 
nomask -4.8010782e-29 359534994351075849036122554368 9267848920386057163738447872 1257 0 
nomask 2.1677092e+25 0 6965315932959418781062397952 1257 1599 
nomask 4.646101e+30 115803959516303813657380257792 0 0 1599 
nomask -3.0126626e-30 1438092860287868469438723391488 36971379892024631667172181016576 1257 0 
nomask 8.755872e+28 0 119051026554372369155070470651904 1257 1599 
nomask 7.708515e+34 1810483904177570709407013732876288 0 0 1599 
nomask -4.804283e-35 24156147641479031469347819149590528 2287548326096311440219024245391360 1257 0 
nomask 1.3510958e+21 0 7682487798385888226827401311551488 1257 1599 
nomask 1.2146754e+33 29069147619127625154855664877568 0 0 1599 
nomask 1.2138859e+33 23106361524003439301648185294848 145906053445281203609125024432128 1257 0 
nomask 5.243787e+27 0 433451911504426431858868224 1257 1599 
nomask 4.5866827e+30 461216637308421918148263936 0 0 1599 
nomask -1.20500735e-29 5254827101153606114476032 2356861930632373869044985495552 1257 0 
nomask 5.494979e+24 0 1813928512070283571076756668416 1257 1599 
nomask -1.1495682e-35 114702169433831007073098654547968 0 0 1599 
nomask -1.8965193e-28 23300113042798526882905407356928 36728801960828394090540696600576 1257 0 
nomask 5.53261e+24 0 493682284167197132349868119555047424 1257 1599 
nomask 7.6236603e+31 1798376523730041212013137186783232 0 0 1599 
nomask -3.0724929e-27 6039329057267705754297713226153984 35837677428760591621290279586234368 1257 0 
nomask 2.2410673e+31 0 117570308209158516661623799676928 1257 1599 
nomask 4.8044027e+30 7314198486708920007118578253824 0 0 1599 
nomask -1.19038954e-29 5254918385177403240480768 2326115649794751137992113389568 1257 0 
nomask 3.6011917e+29 0 112889122177659528458809638912 1257 1599 
nomask 1.9216988e+31 463215791690100653323708268544 0 0 1599 
nomask -1.20034645e-29 356489633325437298923626561536 595161006990829352386560 1257 0 
nomask 9.0286555e+31 0 1829393681081669384711058751488 1257 1599 
nomask 1.2011199e+30 7267095468308832098318832107520 0 0 1599 
nomask -7.4402957e-31 1497407283340548523106177176829952 36478450209237867748612959633408 1257 0 
nomask 9.028904e+31 0 474224791115952275731972116971520 1257 1599 
nomask 4.8242097e+30 7092940698756860487641251165765632 0 0 1599 
nomask -1.2003465e-29 92422412792517914995991563468800 583732828285788680002329429147648 1257 0 
nomask 3.5862086e+32 0 7409880818503350136389368807424 1257 1599 
nomask 4.82421e+30 458796710729751390530022848593920 0 0 1599 
nomask -4.7815108e-29 89880763189766503197334044672 590596937927297444968660992 1257 0 
nomask 2.2730093e+31 0 1852530023211010925367455121408 1257 1599 
nomask 1.9375758e+31 116808554005430505723396096 0 0 1599 
nomask -4.8210303e-29 23300491463733673538337550368768 9241872773515371439345845141504 1257 0 
nomask 5.682523e+30 0 7317335449985983973763783327744 1257 1599 
nomask 1.1961876e+30 28483319363439923226606097661952 0 0 1599 
nomask -1.2151374e-29 5989533397317612990325734550536192 2303073555326918840597445542412288 1257 0 
nomask 2.2572255e+31 0 123420609703246994363308036992270336 1257 1599 
nomask 4.764866e+30 1823127710398705429672920078090240 0 0 1599 
nomask -3.0597727e-27 5849247942550851289276508798976 575768690874289954491869253599232 1257 0 
nomask 3.5165025e+26 0 30133417605226944833001200025600 1257 1599 
nomask 4.7648654e+30 114708331017057394968605547823104 0 0 1599 
nomask -3.0599208e-27 365589798876094237909129887744 36480390832687437649226011508736 1257 0 
nomask 3.386767e+23 0 7378950716451328700013348913152 1257 1599 
nomask 1.7763185e+28 7217512679780783165099042930688 0 0 1599 
nomask -7.9021103e-28 92812961005633270303395252535296 36846203819901704337385682418794496 1257 0 
nomask 3.46824e+26 0 7348144263072407291351487479808 1257 1599 
nomask 3.1969724e+38 28769343950834472178482569545777152 0 0 1599 
nomask -4.8688247e-35 24156538183756132155688078805041152 36095027355450699256954064090431488 1257 0 
nomask 8.189867e+25 0 30855641493125296230215749107449856 1257 1599 
nomask 2.9987602e+32 113480863288466367044370768391569408 0 0 1599 
nomask 3.0219395e+32 23687993017320181459065986088960 579743087699009110947399494270976 1257 0 
nomask 1.3012751e+27 0 124430083299857033337508113860788224 1257 1599 
nomask 1.1367866e+30 460331491437472438298936868864 0 0 1599 
nomask -7.9334173e-28 97419710328177039176737973405220864 145902202402638088242149707481088 1257 0 
nomask 8.64447e+22 0 113372515633511515383083827200 1257 1599 
nomask -1.1867121e-32 7241350563104509435912101751160832 0 0 1599 
nomask -1.2187816e-26 1438093416789243685108476542976 143346750782796731839041990945669120 1257 0 
nomask 3.4812148e+23 0 1912703239386034080309573498961920 1257 1599 
nomask 1.8900694e+31 450811369150766358524074522029588480 0 0 1599 
nomask -7.680986e-28 391272472628523713780008943074934784 144380109421802797027816256361725952 1257 0 
nomask 2.241191e+31 0 30728961460482144245779823396388864 1257 1599 
nomask 4.7648663e+30 114711346512509230277774624686080 0 0 1599 
nomask -1.2002503e-29 6039231421698430582712648312291328 144348360640942297307181222960562176 1257 0 
nomask 3.5764325e+29 0 29640014093173797602132760723456 1257 1599 
nomask 1.9058533e+31 7142150545291302222102840358207488 0 0 1599 
nomask -4.8211843e-29 23106367460018108268792218910720 571871616944993349718353219944448 1257 0 
nomask 3.5860098e+32 0 30981828592310129447678834248777728 1257 1599 
nomask 4.8242097e+30 447611998188925367845823501196853248 0 0 1599 
nomask -3.0008663e-30 391266175324257934619720865206501376 575892588732502183788596705624064 1257 0 
nomask 9.028903e+31 0 1990882446247406618144350826353655808 1257 1599 
nomask 4.8242097e+30 446469745227587460544054784163840 0 0 1599 
nomask -1.20032726e-29 96226237443273425810326428038725632 2255814284912751643498374802440192 1257 0 
nomask 3.5862086e+32 0 7555677766624807077376089214943232 1257 1599 
