mask 0.99609375 93 98 251 319 
nomask 0.02734375 317 2 343 24 
nomask 0.02734375 41 1 77 13 
nomask 0.01171875 89 4 118 23 
nomask 0.01171875 34 4 69 18 
nomask 0.01171875 101 8 128 25 
mask 0.00390625 256 164 282 226 
nomask 0.00390625 176 2 208 23 
nomask -1.20525764e-29 404427422419560226799747072000 47497249751463839202219307611193344 355 0 
nomask 3.5862082e+32 0 156649946557703221755955464110080 355 526 
nomask 4.82421e+30 129582932182031186572772156375040 0 0 526 
nomask -1.9126351e-28 1624575550113601291549293936640 48463928309184892424723365888 355 0 
nomask 3.5859104e+32 0 9709707749456430562032094281728 355 526 
nomask 4.8242097e+30 516510357027058170708581416960 0 0 526 
nomask -1.20527675e-29 424646488906897565918180629544960 47999166469015514802557613506560 355 0 
nomask 9.028159e+31 0 601779665598966632632958320640 355 526 
nomask 1.8613361e+28 32170828547261866299425585889280 0 0 526 
nomask -4.8013858e-29 99822689390015021743194767360 190699440114582777520603738931200 355 0 
nomask 2.2729474e+31 0 40433194149428788415458112652181504 355 526 
nomask 1.20605235e+30 128220985055063460270363072486440960 0 0 526 
nomask -7.6498014e-28 105282624446988120410300948152320 194304520673072672709541888 355 0 
nomask 5.5877195e+27 0 157301172569380891484687110766592 355 526 
nomask 4.7648654e+30 131123907513223245505495040 0 0 526 
nomask -1.8887541e-28 6553129335751253826918594641920 192558947784981726676140425216 355 0 
nomask 8.526412e+22 0 9244452701586892987157184512 355 526 
nomask 2.8667717e+29 511231347734096693795859778764800 0 0 526 
nomask -4.740836e-29 6265845087430708843155292160 762859283297754208368430340374528 355 0 
nomask 2.1979916e+25 0 39324634891681175671325440606208 355 526 
nomask 1.1639695e+33 32610303966968581971910978437120 0 0 526 
nomask 9.402329e+37 1698530914746180484124684614369280 760320890512715959019109351424 355 0 
nomask 8.070632e+25 0 626590009345478208614028713918464 355 526 
nomask 2.9986616e+32 8300434210604993961000960 0 0 526 
nomask 1.8647894e+31 428162238618468045898894142341120 757445591376012117846549438922752 355 0 
nomask 1.26033105e+33 0 575304069968868613489164288 355 526 
nomask 1.9898678e+37 129948887740200209456688005120 0 0 526 
nomask -3.1360166e-30 1490634534271845610291200 12243336911057032675483977777152 355 0 
nomask 5.456874e+18 0 2427385330954210317498868301824 355 526 
nomask -1.8909449e-31 518331996958540973286936763432960 0 0 526 
nomask -7.5857075e-28 103245868751011571417911132160 778275054502433251131392 355 0 
nomask 2.1905745e+22 0 9522029700266097935625748480 355 526 
nomask 1.8900693e+31 2038790265594633291366043484160 0 0 526 
nomask -1.9044079e-28 421137713186148987829518703001600 186797568638728895817122207236096 355 0 
nomask 2.2506206e+28 0 570345881318566981898600448 355 526 
nomask 2.9533786e+29 511203827293391804021840826859520 0 0 526 
nomask -1.1903511e-29 6265845906004977114016645120 12121745533968510436952204898205696 355 0 
nomask 2.2661581e+28 0 39000330935276125238352144236544 355 526 
nomask 2.9409508e+29 8262874853554838313818138869760 0 0 526 
nomask -7.6504173e-28 6399428631556964842775511040 783686008407284776960 355 0 
nomask 2.272823e+31 0 617000974778017038466468020224 355 526 
nomask 2.9904688e+29 2101046525235381015674880 0 0 526 
nomask -1.9047157e-28 6399641870153849402157957120 48440243316983547866573176832 355 0 
nomask 9.028405e+31 0 2198917751412379451654144 355 526 
nomask 2.978138e+29 2003122002443908944646160053698560 0 0 526 
nomask -4.8211073e-29 100251864604572361267106283520 12040027941735089098045072592601088 355 0 
nomask 3.5861092e+32 0 9790463307102364533369088245760 355 526 
nomask 1.1961684e+30 32498220427375762428520102237306880 0 0 526 
nomask -7.618863e-28 1645095072177460135261592616960 48467678513808333502857347072 355 0 
nomask 8.964527e+31 0 152983470176746562447711666176 355 526 
nomask 4.8242097e+30 33653513588393902080 0 0 526 
nomask -4.801309e-29 25919180101417582416468377600 193765980009423701417954115584 355 0 
nomask 3.5860098e+32 0 556987653215022431076352 355 526 
nomask 1.8613664e+28 516254595134085476620571770880 0 0 526 
nomask -4.8013858e-29 386599094848455464326266880 3050702356540335799163739170668544 355 0 
nomask 2.2730093e+31 0 40765937644408073107206932237647872 355 526 
nomask 4.8044024e+30 8070064419663925872975822276526080 0 0 526 
nomask -3.0472495e-27 428141745814668303416096404275200 2988926112967262271112415184683008 355 0 
nomask 5.587568e+27 0 636988084589835575907442852102144 355 526 
nomask 4.764943e+30 31599070871990939878999477505228800 0 0 526 
nomask -3.0220065e-27 104533459880625051658553917440 189402254096539815661911142301696 355 0 
nomask 5.402505e+21 0 34660704431316706263040 355 526 
nomask 4.4215284e+27 2051554890081848133629813719040 0 0 526 
nomask -7.585338e-28 409557093380512260387315384320 193278689773149005567556856053760 355 0 
nomask 8.791492e+25 0 611904073129746376590257815552 355 526 
nomask 7.2433656e+31 32495573315044101451893998606090240 0 0 526 
nomask 9.33561e+37 110052545016780321872061652375961600 752522492432202020375426876047360 355 0 
nomask 8.070632e+25 0 40599902921258422927653847032659968 355 526 
nomask 7.4652103e+31 125503296794622168423084102432849920 0 0 526 
nomask 1.8648204e+31 6662458796075301270576577904640 765467820763932189327037038592 355 0 
nomask 7.9405763e+31 0 42423765449815068482285427385941622784 355 526 
nomask 4.933212e+36 129141053166329061804678840320 0 0 526 
nomask -1.24945706e-29 102390962882417776154661355520 762634812369419803252529247027200 355 0 
nomask 8.7307715e+19 0 36576270847661780301250560 355 526 
nomask -1.890975e-31 32609448982516858422645038776320 0 0 526 
nomask -3.0215137e-27 391615420286202836554874880 2967680861648133446970048247758848 355 0 
nomask 3.4458304e+20 0 39487431458741513145774822653952 355 526 
nomask 1.8821463e+31 126420962402931306986800027921285120 0 0 526 
nomask -3.0470527e-27 442003267353611475567160199678525440 47162550243522637711216913625907200 355 0 
nomask 8.878201e+28 0 649588068934042932588944538801799168 355 526 
nomask 2.9409997e+29 129610506268819321745960735866880 0 0 526 
nomask -1.2002118e-29 443796244772923177068574392555929600 47148194278428933660518377978855424 355 0 
nomask 2.2507443e+28 0 606847147789492732157545676800 355 526 
nomask 1.8821467e+31 505542835088137705726723680632832000 0 0 526 
nomask -3.110752e-27 102392678614084071880057159680 2989008143419826402160435697549312 355 0 
nomask 8.901144e+31 0 40932620980438462927604830800183296 355 526 
nomask 1.19618775e+30 8013372955564851883286816882688000 0 0 526 
nomask -2.988396e-30 110500768771512281014134063602073600 12083418017182727959608110874624 355 0 
nomask 3.5608544e+32 0 652255205796923127249693602345910272 355 526 
nomask 1.19123606e+30 7957118385167728424435258553794560 0 0 526 
nomask -1.2151568e-29 6794125804828051752465523560939520 188115222526476570606885813616640 355 0 
nomask 8.902138e+31 0 623985423246258088346575075016704 355 526 
