mask 0.99609375 447 351 851 865 
nomask 0.14453125 1211 333 1314 840 
nomask 0.00390625 1260 323 1313 577 
mask 0.00390625 1292 3 1317 241 
nomask 0.00390625 1158 282 1300 800 
nomask -2.9885402e-30 1581874857141452713131918300807168 34246758241307274399616349461544960 1317 0 
nomask 3.5858125e+32 0 111736789213212619717228485410816 1317 1507 
nomask 4.843939e+30 7397005384789230663252926917559451648 0 0 1507 
nomask -7.53322e-31 392220767219174209886461957767168 34258928207391138164007114605854720 1317 0 
nomask 5.6163984e+33 0 450663562523024388618801555439616 1317 1507 
nomask 1.2109851e+30 1897056428561305900400966325239808 0 0 1507 
nomask -7.5021653e-31 393844641242562167055556823482368 137536828376788439032703907528704 1317 0 
nomask 1.4243424e+33 0 7270198822345438204522918192349184 1317 1507 
nomask 3.1253752e+32 1897056627580718954459294211244032 0 0 1507 
nomask -7.563915e-31 1568857295862706338992386593521664 34150999464387291722058848796672 1317 0 
nomask 3.611562e+32 0 1787759022329236827725453680705536 1317 1507 
nomask 4.8242094e+30 472211966625317511734360397167198208 0 0 1507 
nomask -1.19541614e-29 24412301160219147340343383425024 2146544156299569647351501651265454080 1317 0 
nomask 3.6115616e+32 0 1883946428916210486367364809897279488 1317 1507 
nomask 1.9454675e+31 118920448815153927588780398918762496 0 0 1507 
nomask -3.013144e-30 98055166927366920714324503691264 34382374568077515985176689115136 1317 0 
nomask 8.965521e+31 0 7180768245603943668523998774296576 1317 1507 
nomask 7.7501797e+31 7536260153341504539726206510039040 0 0 1507 
nomask -7.502045e-31 102487202530469537504705536346554368 136596724685921109272680940437504 1317 0 
nomask 1.392635e+24 0 1810117008111712366583839713132544 1317 1507 
nomask 7.5285865e+31 30046697782535151570695510556672 0 0 1507 
nomask -7.4080383e-31 1562335927245457482733381950111744 546372153135452210692065415135232 1317 0 
nomask 1.3971573e+27 0 7240233924566344003202991588900864 1317 1507 
nomask 1.13678574e+30 7503435744621142518515838247803813888 0 0 1507 
nomask -5.208684e-35 411611937341160998274100951372529664 135132883976816148316147339644370944 1317 0 
nomask 3.2006909e+32 0 116319501018082489595110801018978304 1317 1507 
nomask 1.2146771e+33 30251299068189710440746442555392 0 0 1507 
nomask 7.964085e+34 6275326489433689461872357195907072 136593024050650473303905679704064 1317 0 
nomask 5.081493e+33 0 28841542501058799974550828186861568 1317 1507 
nomask 4.9955195e+36 29728481836756743051373057583087616 0 0 1507 
nomask -3.2404253e-30 409948962968787375535617961837461504 2161885950765510978043794788108468224 1317 0 
nomask 8.550654e+25 0 1810087744626649183692293805178880 1317 1507 
nomask -7.357003e-34 1909895170897423203132892457730048 0 0 1507 
nomask -1.1902741e-29 1581874857141452713131918300807168 136604026323974325626456743346176 1317 0 
nomask 8.73152e+25 0 7270200644196648363769084474556416 1317 1507 
nomask 1.2298874e+33 469017058630746275990341055630278656 0 0 1507 
nomask -4.800847e-29 101654129557599511398707445897363456 2131141031034489515796266790198181888 1317 0 
nomask 2.2413156e+31 0 27701450473750593968148066598912 1317 1507 
nomask 1.9296529e+31 30045102517552390134411049304064 0 0 1507 
nomask -1.883215e-31 101654110451735858209107968840957952 2155522120642905752107939560161280 1317 0 
nomask 8.96577e+31 0 1795192630729489091895426656763904 1317 1507 
nomask 4.8043256e+30 118907367667172710443005107633127424 0 0 1507 
nomask -1.1954161e-29 392220717464320946371879986266112 2170798343040091031212215867801600 1317 0 
nomask 3.58601e+32 0 112203140423375648628464708222976 1317 1507 
nomask 1.9454985e+31 30049098454205116149275635482624 0 0 1507 
nomask -3.0008661e-30 6327499428565810852527673203228672 538939114063703121286519402266624 1317 0 
nomask 1.4242629e+33 0 28841542501058799974550828186861568 1317 1507 
nomask 4.8439394e+30 1862450390094507426877029437751164928 0 0 1507 
nomask -1.8987725e-31 390590400187435364064419811164160 8564497943967279077869411387834368 1317 0 
nomask 8.921588e+34 0 111736739396968591925341126131712 1317 1507 
nomask 4.843941e+30 119365226554340137626623123914752 0 0 1507 
nomask -7.5021658e-31 96835607060954940977652801994752 34014512292738594016831026248024064 1317 0 
nomask 3.586308e+32 0 1795191833669584647225228908298240 1317 1507 
nomask 3.1253754e+32 119381210300951041686081468628992 0 0 1507 
nomask -7.563915e-31 392220642832041051100007029014528 137529498272310063940706756460544 1317 0 
nomask 9.028904e+31 0 446939755582309206931363420176384 1317 1507 
nomask 4.8242097e+30 117744437331854518361610491265024 0 0 1507 
nomask -3.0008182e-30 6249243005158824577419617482309632 34016381512080217403397631792644096 1317 0 
nomask 3.6115616e+32 0 1861081933882137684049075164497838080 1317 1507 
nomask 7.7818705e+31 7484904387919383112565190436061184 0 0 1507 
nomask -1.2052383e-29 1568857395372412866021550536523776 542670322274959574911508058996736 1317 0 
nomask 3.560855e+32 0 112203140423375648628464708222976 1317 1507 
nomask 7.750304e+31 7431300499207403042532374058369024 0 0 1507 
nomask -3.013144e-30 390590300677728837035255868162048 8596506346776031040516147642368 1317 0 
nomask 3.4815873e+23 0 7210500857353742565957724396322816 1317 1507 
nomask 4.6658296e+30 477537628201092889991892550287360 0 0 1507 
nomask -1.8443059e-31 25205654224231957277499995430322176 136600368388341427765013504851968 1317 0 
nomask 5.588629e+27 0 1802625214338435641489431099080704 1317 1507 
nomask 2.8419644e+29 1884115589266291865746834672582656 0 0 1507 
nomask -1.3115749e-35 1626439987049084360846166460012167168 2126199880878195224873169005314048 1317 0 
nomask 1.2752058e+33 0 28960944807521426809042797766639616 1317 1507 
nomask 1.2096066e+33 7483473836378350541304345837699072 0 0 1507 
nomask 7.964212e+34 24412686760331939578353662558208 2192794082887512191677113565184 1317 0 
nomask 1.2703732e+33 0 116321315581887808204292418097381376 1317 1507 
nomask 1.9981753e+37 30253693520503017080003821043712 0 0 1507 
nomask -8.101062e-31 406616365383488820078033967138209792 137525826103464586710152843886592 1317 0 
nomask 3.396083e+26 0 27585311017406086867325244407808 1317 1507 
nomask -1.8392802e-34 30046704001891809510018256994304 0 0 1507 
nomask -4.7610195e-29 392214373720529848262678619881472 2155697929284686119362985793159168 1317 0 
nomask 8.731519e+25 0 448805302755087116267415052222464 1317 1507 
nomask 1.2248168e+33 29520613224520649073995930067271680 0 0 1507 
nomask -1.920308e-28 101654129557599511398707445897363456 536665771686642210735309138438389760 1317 0 
nomask 5.642903e+30 0 115841899079636822894127587828695040 1317 1507 
nomask 1.9138383e+31 121014774082012068320015284174848 0 0 1507 
nomask -7.5635543e-31 6327500224643463068760984747245568 34252376830439405514793163788648448 1317 0 
nomask 2.241442e+31 0 448805359687937433743857748541440 1317 1507 
nomask 1.9059156e+31 7483676836179665680798789562007552 0 0 1507 
nomask -1.1953777e-29 390596793686079725688203149049856 8563795620325762688472309596946432 1317 0 
nomask 8.965024e+31 0 7240350067580991655146092079611904 1317 1507 
nomask 1.9296839e+31 7536054765307232751531828153679872 0 0 1507 
nomask -1.20034645e-29 101654091345872205019508491784552448 546416105295897302505826973384704 1317 0 
nomask 9.028655e+31 0 28960941163819006490550465202225152 1317 1507 
nomask 1.9296529e+31 7450430882052280901995426019593420800 0 0 1507 
nomask -7.5948497e-31 25725741307356649094731440196681728 136065613497178957257406508716523520 1317 0 
nomask 2.2466227e+34 0 456238541091812316840510502207488 1317 1507 
