mask 0.99609375 152 212 420 560 
mask 7.352498e+28 13728770221772458489282560000 0 0 800 
mask -4.815016e-26 174234469247501556032118718464000 1146793794363855994880000 600 0 
nomask 9.001522e+28 0 236270346565298800303519301632000 600 800 
nomask 7.383568e+28 3554389369941707980800 0 0 800 
nomask -1.2240274e-26 692231927814214275236364288000 18367633101441926171522079129600 600 0 
nomask 3.6254643e+29 0 3499889223889867159633920000 600 800 
nomask 2.965758e+29 13501917295038179729506251571200 0 0 800 
nomask -1.1903897e-29 154694382854279371161600 289019454076208743779926016000 600 0 
nomask 2.2730712e+31 0 54684810757278469927731200 600 800 
nomask 7.383448e+28 3456678331924396239738597330124800 0 0 800 
nomask -1.2189195e-26 714753061215029755132885598208000 1152257059142447547753071588147200 600 0 
nomask 3.551188e+29 0 919107518218261994567788134400 600 800 
nomask 1.19123576e+30 13820509108231228988640460800 0 0 800 
nomask -1.9204313e-28 44487100675538321432075304960000 286044663534509177804733127065600 600 0 
nomask 9.002248e+28 0 3373818968728966843596800 600 800 
nomask 1.13923195e+27 218158456054156569490332057600 0 0 800 
nomask -7.6183707e-28 42360645611613586334102323200 1160148564215145962616801093222400 600 0 
nomask 1.4304565e+30 0 3827737439623591254755770577715200 600 800 
nomask 1.8304479e+28 216781635348680665460637696000 0 0 800 
nomask -4.7945847e-26 10544821150644625876608614400 72930002534704533313945600 600 0 
nomask 3.588755e+26 0 3843643760202588776659049617817600 600 800 
nomask 2.9657574e+29 54754813670873456965864705228800 0 0 800 
nomask -4.8352893e-26 11075529506154486209405622681600 290976579835453032368177152000 600 0 
nomask 1.4113019e+24 0 227850139272159424427117772800 600 800 
nomask 1.17639944e+30 13686518850983388743590320537600 0 0 800 
nomask -2.9633114e-30 164060074381448579540582400 4608655403847021039374806967910400 600 0 
nomask 3.5270112e+29 0 228813339703316983406657536000 600 800 
nomask 2.7393247e+26 219013383837482324320529154048000 0 0 800 
nomask -1.8674467e-31 2870803079717693441066827933286400 73016119857533683353613290700800 600 0 
nomask 1.4003181e+18 0 59068538670407646596354906521600 600 800 
nomask 3.0493635e+32 13958829639416256921600 0 0 800 
nomask -1.1162345e-35 11075525964379624057171712409600 293534823879219771080704000 600 0 
nomask 8.706041e+22 0 226882983859072462119711539200 600 800 
nomask 4.6461e+30 55754473314854193070080000 0 0 800 
nomask -2.9384192e-30 653417859213403911251558400 292850149222741046171428454400 600 0 
nomask 8.8526515e+25 0 53744019603759879002521600 600 800 
nomask 4.5272582e+30 869901976763111237458082974924800 0 0 800 
nomask -3.0090893e-27 172335371337302959285547827200 4676186121930625410662400 600 0 
nomask 5.607872e+24 0 240227810570525524455514020249600 600 800 
nomask 4.7451348e+30 13783367976233969149419926323200 0 0 800 
nomask -7.800959e-25 179428105238002474063844553523200 18126835856587216666359549132800 600 0 
nomask 8.939375e+28 0 12776809779482643660800 600 800 
nomask 1.838185e+28 880515754327879816367308800 0 0 800 
nomask -7.5865703e-28 40308733477320437583052800 292865349339857782841960038400 600 0 
nomask 5.7037775e+27 0 14059995807842570613450342400 600 800 
nomask 1.17638025e+30 875004299544219629912064000 0 0 800 
nomask -4.8352893e-26 40308001192021027140403200 18735413567317606400 600 0 
nomask 3.600512e+29 0 14180654116154297419615436800 600 800 
nomask 7.383568e+28 221963193855307992268800 0 0 800 
nomask -3.0600685e-27 44858468520224486905609401139200 4592757356854101505089942323200 600 0 
nomask 3.6255614e+29 0 226883057646048756957918003200 600 800 
nomask 7.414395e+28 214562625207348223325227922227200 0 0 800 
nomask -4.7616355e-29 161940554296018457749094400 1160148685107727924079718563840000 600 0 
nomask 2.2571636e+31 0 14180414308481339195444428800 600 800 
nomask 2.9657585e+29 3491173170519178729172552908800 0 0 800 
nomask -1.208842e-26 10590153793621466178335539200 4705582918138323586252800 600 0 
nomask 5.681901e+30 0 227850035970392611653628723200 600 800 
nomask 1.1961875e+30 3534084096865075200 0 0 800 
nomask -7.650294e-28 695121794740801613592526848000 4635281248772069791472025600 600 0 
nomask 9.063663e+28 0 13436477778900843652710400 600 800 
nomask 1.1440487e+27 864099495506706901808245741977600 0 0 800 
nomask -1.9284121e-28 178688265303757438783221399552000 18310841151428725813856072158412800 600 0 
nomask 5.6822125e+30 0 62002420295739409408990589747200000 600 800 
nomask 4.5953874e+27 3480725317187514751578512818176000 0 0 800 
nomask -4.7945058e-26 2757322200477299768479973376000 1163906673519298344696099635200 600 0 
nomask 3.5646706e+26 0 934551486534257846404094361600 600 800 
nomask 1.1863031e+30 13911539639717569041216307200 0 0 800 
nomask -4.814937e-26 2792048063379500668688321740800 292872905126230374274301952000 600 0 
nomask 2.1220782e+25 0 863668025911947115993497600 600 800 
nomask 2.8667723e+29 54912247467200112170002022400 0 0 800 
nomask -7.775524e-28 2757277219936550435109312921600 4576717034403786074134079445401600 600 0 
nomask 2.2129849e+25 0 240223942007902757642154960486400 600 800 
nomask 7.9591993e+37 860737697662561066394414361870336000 0 0 800 
nomask 3.6468236e+35 186004324648187548215632242881331200 72237197890284728302493152942489600 600 0 
nomask 8.017469e+28 0 3875212923700513434149821874176000 600 800 
nomask 2.9987119e+32 3409141797093583521571223371776000 0 0 800 
nomask 4.6222055e+30 2792002905750008227705965772800 292956313924234059382888857600 600 0 
nomask 5.041404e+33 0 956934239013315852226025173811200 600 800 
nomask 1.2385156e+36 13912246611184193959781990400 0 0 800 
nomask -1.2862708e-29 44301398335965955503691923456000 72497656908219204449175863296000 600 0 
nomask 8.673127e+19 0 871209227827505271721164800 600 800 
nomask -3.0501158e-30 54158511116129550341720936703590400 0 0 800 
nomask -3.0216121e-27 2768838281441587757039222784000 18057314899945702700370090577100800 600 0 
nomask 5.4764357e+21 0 62002412558614163875363871627673600 600 800 
nomask 1.8900692e+31 215190412950580309625683414981017600 0 0 800 
nomask -7.6176317e-28 186761932346542332643430429727129600 72237174678908991701612998583910400 600 0 
nomask 2.2350857e+28 0 15310707006189786401484801310720000 600 800 
nomask 1.18133224e+30 13783002465068195038880386252800 0 0 800 
nomask -1.1952622e-29 11577917633298072430407114031104000 17928557530172154851340504478515200 600 0 
nomask 2.250744e+28 0 14829034502986070384620811059200 600 800 
nomask 4.6856372e+30 53784181259625387947471595896832000 0 0 800 
nomask -1.2138906e-26 170887648726305345223262208000 286114630116319374468219247001600 600 0 
nomask 3.575947e+29 0 1008200898502728689798849932086476800 600 800 
nomask 2.9781378e+29 213675197553870740770087041289420800 0 0 800 
nomask -7.6818484e-28 750078113756836995083154157574553600 18185565488015668096849639846707200 600 0 
nomask 3.6008996e+29 0 996063824872565000238670193413324800 600 800 
nomask 2.9657582e+29 211001525181926885073459609600 0 0 800 
nomask -4.781357e-29 702868700833735397848071851212800 1114047873775265613086720000 600 0 
nomask 2.2571636e+31 0 56841217518242840100592418816000 600 800 
