mask 0.99609375 915 1269 1715 2359 
mask 2.9904204e+29 878619714159202249752868552704 0 0 3264 
mask -1.8888771e-28 178476812617553690075673806241792 1167036136903624263248904192 2448 0 
nomask 1.4403603e+30 0 3872032452640051596965904673406976 2448 3264 
nomask 7.4453434e+28 14152626509817430135744292192256 0 0 3264 
nomask -7.6504173e-28 11761366420294723826619071625953280 74176817199117533541768399566143488 2448 0 
nomask 2.2727612e+31 0 3872094601098586345822517968502784 2448 3264 
nomask 4.8242094e+30 13910056151445863420738829620871168 0 0 3264 
nomask -1.20032726e-29 43022901340500349629738516480 18678573213065385635589670129631232 2448 0 
nomask 3.5862082e+32 0 60249878616207399355238049644544 2448 3264 
nomask 1.2011201e+30 881524278898950641384010251501568 0 0 3264 
nomask -4.7814337e-29 46850005819636703735815253746778112 18418958385612894745230398749409280 2448 0 
nomask 5.682368e+30 0 240995753496604776309589687664640 2448 3264 
nomask 1.9296838e+31 55087822563755773296385506410496 0 0 3264 
nomask -3.0007702e-30 180749739891800548649737497083904 73454376018882919878140249505792 2448 0 
nomask 1.4404767e+30 0 925667220550988215514422050816 2448 3264 
nomask 2.965758e+29 3549770129328029848757794536161280 0 0 3264 
nomask -1.9046543e-28 726017691464572339582156186583040 74189002242924219539814231645880320 2448 0 
nomask 5.721982e+30 0 4080490094097340921386987107911729152 2448 3264 
nomask 1.191255e+30 55652382028053013125953766876512256 0 0 3264 
nomask -1.9046543e-28 11809469327200619441637762030108672 298815530517977725452511346688 2448 0 
nomask 3.6257563e+29 0 15682072460527375041993361802133504 2448 3264 
nomask 4.804479e+30 13911194060127130608137296857268224 0 0 3264 
nomask -7.587063e-28 47044713980775665486972487601225728 18548769745273015412559660680478720 2448 0 
nomask 2.266037e+28 0 15617170726631189930478357077557248 2448 3264 
nomask 1.19125495e+30 881500325847223706928857210683392 0 0 3264 
nomask -4.7418372e-29 2800677445534815514064641327104 297889954455628139311193307217920 2448 0 
nomask 1.4305343e+30 0 15875263410091313876619306008051712 2448 3264 
nomask 7.3526193e+28 221021510699732149719632151217963008 0 0 3264 
nomask -1.9124505e-28 761988683973892717185196153286688768 294727735824890689696975054077689856 2448 0 
nomask 5.665243e+27 0 250905172798274551041050277134204928 2448 3264 
nomask 1.9138379e+31 890527690741099951918172602368 0 0 3264 
nomask -4.8010012e-29 2928266862449850777760206843543552 18673506633969600395469576738963456 2448 0 
nomask 5.549336e+27 0 14999838550773085772976796729344 2448 3264 
nomask 1.18135166e+30 13911575829229558351113635669999616 0 0 3264 
nomask -1.18538235e-29 2928266862449850777760206843543552 4733660161491012953358737722048512 2448 0 
nomask 2.2352703e+28 0 3734237075727801938123333566464 2448 3264 
nomask 4.6856375e+30 893574883505403484785154543583232 0 0 3264 
nomask -7.681602e-28 11906447557568485407464479506038784 74977575856837570023218158239744 2448 0 
nomask 8.940352e+28 0 1020138559799604133162827820233129984 2448 3264 
nomask 1.9217608e+31 13912336407984007420454093614743552 0 0 3264 
nomask -3.085361e-27 188178867760904287614338829127778304 290573835450708831896832692138803200 2448 0 
nomask 5.6820553e+30 0 239989540358423128154898243256320 2448 3264 
nomask 2.9781378e+29 3477037936277333582693866269573120 0 0 3264 
nomask -4.7814337e-29 697221651960955300951892164608 294671009079500496073948214058811392 2448 0 
nomask 2.2730093e+31 0 980129343817310539086321382588416 2448 3264 
nomask 2.9780896e+29 887561280279564928754763322884096 0 0 3264 
nomask -7.6187405e-28 45188171945463453799266423668736 4701335564426927506389275070431232 2448 0 
nomask 2.272823e+31 0 243019940505572738635241411837952 2448 3264 
nomask 2.9781378e+29 14247327477778617968662639804416 0 0 3264 
nomask -1.9126043e-28 47237900984405729099448805566185472 294654751831934580817488101309939712 2448 0 
nomask 9.091541e+31 0 3888194011309492716297581079035904 2448 3264 
nomask 1.20113936e+30 219475919968278635488230577715281920 0 0 3264 
nomask -1.20525764e-29 713907620401515562379222685057024 1159424502274004172765194323230720 2448 0 
nomask 3.5862082e+32 0 3855803813094731701090582171484160 2448 3264 
nomask 4.8044807e+30 877855286940068817509906091746525184 0 0 3264 
nomask -1.9125428e-28 183016621101349923285555512082432 4780801385739060970184729690112 2448 0 
nomask 2.2729471e+31 0 3904419198162671792791980620120064 2448 3264 
nomask 1.9296839e+31 887585140848466662690784498679808 0 0 3264 
nomask -3.0131441e-30 729048076197917749975977377660928 4701082038175444483275789088849920 2448 0 
nomask 3.6259505e+29 0 15062724945183913771829764816896 2448 3264 
nomask 2.965758e+29 219433327558029487605164932809621504 0 0 3264 
nomask -1.9125428e-28 179992132148111045986390716186624 18678068133529357200437511286947840 2448 0 
nomask 2.273009e+31 0 1011863399816256255184251361563770880 2448 3264 
nomask 1.1863034e+30 55102666057200456617049842515968 0 0 3264 
nomask -1.9125737e-28 46462850517469282525236622107082752 1163601566143206619788487950336 2448 0 
nomask 5.721982e+30 0 15875017775707581297805072508387328 2448 3264 
nomask 1.9296838e+31 14152630844949861410078598365184 0 0 3264 
nomask -1.9126043e-28 11761366420294723826619071625953280 18546232509791247570349987744186368 2448 0 
nomask 8.940597e+28 0 15552774072271033254115511195664384 2448 3264 
nomask 1.1912357e+30 13910433481372681538796838912524288 0 0 3264 
nomask -2.9882998e-30 2940341605073680956654767906488320 74195078981092061650238642721914880 2448 0 
nomask 1.4207083e+30 0 3920391845247836651710300739862528 2448 3264 
nomask 1.1714481e+30 221033585257390329497488448550862848 0 0 3264 
nomask -2.9384675e-30 755794388544039988479120106617569280 73681941848090422868543016001339392 2448 0 
nomask 1.3738187e+24 0 15552520546019550231002025214083072 2448 3264 
nomask 3.0620418e+32 3429121474747042214245015750705152 0 0 3264 
nomask -1.936116e-28 2964490720390040512367362572288000 73681910280619421091346006073671680 2448 0 
nomask 8.2044215e+31 0 252965802602857561130267325499441152 2448 3264 
nomask 1.8584113e+31 881595398191529840596414453776384 0 0 3264 
nomask -3.1664703e-30 188954610739235835675810417875091456 295877559006873243174854373408768 2448 0 
nomask 2.2056215e+22 0 3888257146251496270691600934371328 2448 3264 
nomask 4.8916653e+36 3501852927935136876155889097113600 0 0 3264 
nomask -1.8806499e-28 181504445986849385025322012901376 290541478792932010269897516279398400 2448 0 
nomask 1.3831154e+24 0 3904355569978933835629257484664832 2448 3264 
nomask 3.0620416e+32 219488136579556323263473419722686464 0 0 3264 
nomask -1.23404585e-26 189724387465548047847047130293207040 18548767772306077801484847559999488 2448 0 
nomask 1.4105703e+30 0 3888130629746621960519209583640576 2448 3264 
nomask 4.7845956e+30 13910818209925515698385397405974528 0 0 3264 
nomask -7.5015644e-31 47431857445141461031102240518045696 1170441264559901929721348583352958976 2448 0 
nomask 5.643219e+30 0 243016040813110116745181103390720 2448 3264 
nomask 4.7251748e+30 55641745763292351821636234372972544 0 0 3264 
nomask -7.6820945e-28 180752710902560115326848660930560 1175460530922039787461885938368512 2448 0 
nomask 9.028157e+31 0 251935440349359553419863286425321472 2448 3264 
nomask 4.80448e+30 13911197019577537024749516537987072 0 0 3264 
nomask -1.9204929e-28 189727370591557715792164568457805824 297889954455628139311193307217920 2448 0 
nomask 3.6113624e+32 0 62467688531188203740207615588696064 2448 3264 
nomask 1.1961877e+30 3486984894727683548943027399120912384 0 0 3264 
nomask -1.2052768e-29 47818240330752807505891535490121728 4649183892609021452525083868434268160 2448 0 
nomask 3.5608552e+32 0 3968690815743157367288544991641600 2448 3264 
