mask 0.2890625 1336 1535 1520 1824 
mask 0.14453125 1337 1415 1513 1711 
mask 0.00390625 1212 1359 2966 4016 
mask 0.00390625 498 1634 611 1858 
nomask 0.00390625 882 1795 1006 2005 
nomask -3.037507e-30 56520749247345102742508204457984 5786261995932197915432790786048 3024 0 
nomask 2.1889659e+28 0 287086526903414299971161161728 3024 4032 
nomask 3.0366895e+32 274085126856700722063833510707200 0 0 4032 
nomask -1.9061755e-31 196661531132983202807808 1471652954054168750997977947963392 3024 0 
nomask 1.391075e+30 0 1121448669451228233169108992 3024 4032 
nomask 3.011337e+32 69201840637108001965160177313251328 0 0 4032 
nomask -3.0724436e-27 13896443346336715453859245326336 92883415875415429205326823424 3024 0 
nomask 8.692519e+28 0 19371346722627378460434101434318848 3024 4032 
nomask 1.8980239e+31 4283383827938317540079720988672 0 0 4032 
nomask -3.0252293e-30 235323719794655281886455647424217088 360455423489372324955899075493888 3024 0 
nomask 3.505289e+23 0 283440255515729126551600496640 3024 4032 
nomask 1.7917923e+28 273051730897502918796820611072 0 0 4032 
nomask -7.6807396e-28 3293115098233891029421916160 23225744158466229514196131019489280 3024 0 
nomask 5.5491844e+27 0 19371346722627378460434101434318848 3024 4032 
nomask 1.7608443e+28 17596889056459695358691455795200 0 0 4032 
nomask -1.8885385e-28 207604503030207998198808576 23739663219490207825920 3024 0 
nomask 5.5326086e+24 0 18606886000230475782349664550912 3024 4032 
nomask 1.8900696e+31 69660769879161787315893829632 0 0 4032 
nomask -3.0598222e-27 896845040843413617559998377754624 91975853393351544914547912474624 3024 0 
nomask 8.762294e+22 0 4743243775854909572385719967547392 3024 4032 
nomask 1.1565925e+30 1081424877378463162668143219834880 0 0 4032 
nomask -4.7411445e-29 3430414932995096729565951688704 91001302044146268651005347960455168 3024 0 
nomask 3.540965e+26 0 4573884494763176693907729678336 3024 4032 
nomask 2.8420125e+29 1096340164696333027507963013627904 0 0 4032 
nomask -1.1985673e-26 58114047479465492410579552925908992 1452039936348244257665098903977984 3024 0 
nomask 8.851464e+25 0 4632301891820040452621652197376 3024 4032 
nomask 4.7055216e+30 281389497404566089498624 0 0 4032 
nomask -7.800833e-25 3459602359623706522606047854592 5786568430293271326710707519488 3024 0 
nomask 5.645056e+24 0 270870058546600463308947456 3024 4032 
nomask 1.1247435e+27 17360164049894158834686052270080 0 0 4032 
nomask -1.2138118e-26 846664584387994188746701406208 92604659082346892223134237196288 3024 0 
nomask 5.66509e+27 0 296452659828605212552469491482624 3024 4032 
nomask 1.1102178e+27 4325699509513852650672572879339520 0 0 4032 
nomask -3.021908e-27 221407282273868920762959818391552 5788708115657193631478452322304 3024 0 
nomask 1.4259062e+27 0 4632302189329128873409300660224 3024 4032 
nomask 1.1813514e+30 1096487538798373148877505570013184 0 0 4032 
nomask -7.5548935e-28 56053743281069223954963102695424 1441704556299123559944342321758208 3024 0 
nomask 1.3969294e+27 0 1044231220246421427978240 3024 4032 
nomask 4.685715e+30 1099547290951345663640894177280 0 0 4032 
nomask -4.7611736e-29 3132584709657078936895488 23151167150659430422084747001856 3024 0 
nomask 2.2507439e+28 0 71164624862464543268592943104 3024 4032 
nomask 1.8584094e+31 278585623073945884648965931008 0 0 4032 
nomask -4.780741e-29 861244351963779360845727793152 1482185985158781698310144 3024 0 
nomask 1.3873337e+27 0 301439178718680838566439846674432 3024 4032 
nomask 1.8980237e+31 17366127917080641943887138521088 0 0 4032 
nomask -4.8404436e-29 56053736140851101856059539587072 365417399069689589672021839577088 3024 0 
nomask 2.219794e+28 0 283444941283871753957063786496 3024 4032 
nomask 1.8979926e+31 68249119390937016051832860740419584 0 0 4032 
nomask -7.594008e-31 204045071175212710427099136 5847777559813040169432059083751424 3024 0 
nomask 2.2098746e+31 0 289518663701254238997344944128 3024 4032 
nomask 1.8821475e+31 69915973379746637250036768964608 0 0 4032 
nomask -7.800833e-25 53828661038566842484698120192 372861742251981114703872 3024 0 
nomask 3.5013782e+29 0 71773969961345382120714928128 3024 4032 
nomask 1.1813518e+30 70781489618916414062592 0 0 4032 
nomask -1.9362083e-28 56985938028108907359096495144960 5825717056220385931796636762112 3024 0 
nomask 1.4114496e+24 0 4632302189329128873409300660224 3024 4032 
nomask 1.7272771e+25 4355178899661475067879364545740800 0 0 4032 
nomask -4.9159097e-26 3445037207181890021700252205056 5808001937052187815426446170521600 3024 0 
nomask 2.2349662e+28 0 77803596746985237359966141458415616 3024 4032 
nomask 4.421529e+27 69697916944715724367924747390943232 0 0 4032 
nomask -1.9501451e-25 908031763379668411750391495000064 367942751415113529884222001512448 3024 0 
nomask 5.548577e+27 0 294378920924240436416458260480 3024 4032 
nomask 2.9286689e+29 276786594913424394888325103616 0 0 4032 
nomask -7.586447e-28 879509420400786908443947565056 1456543656299594275799993155584 3024 0 
nomask 8.8517e+25 0 4409784882684250780524871680 3024 4032 
nomask 4.479557e+27 4355180727557314325198676701478912 0 0 4032 
nomask -3.0471513e-27 915504315814042286680941162135552 5783198360516858024911274454986784768 3024 0 
nomask 1.4162724e+27 0 19530451650865240219548969294888960 3024 4032 
nomask 2.8791022e+29 4356118895096813144335640634064896 0 0 4032 
nomask -4.8348952e-26 14588409274675076570525263535800320 91652744623701958509118323362365440 3024 0 
nomask 1.4064872e+27 0 1215720194282881823228130282700800 3024 4032 
nomask 2.9286683e+29 271079877595203265703595411190579200 0 0 4032 
nomask -4.8756784e-26 3517923661245010366909516873728 1471927138430057348894801308680192 3024 0 
nomask 8.850989e+25 0 75358557041862379164992356220928 3024 4032 
nomask 1.119908e+27 4399451643622096266949828804608 0 0 4032 
nomask -1.21888016e-26 904288232700869421799096543346688 23225753907244038886565795850092544 3024 0 
nomask 5.626253e+27 0 291946560994584181799538130944 3024 4032 
nomask 1.7917925e+28 1091956312965563002315023346135203840 0 0 4032 
nomask -4.8552472e-26 227011696599649326960872068743168 22642116397561652490095697523566968832 3024 0 
nomask 3.5645754e+26 0 74426344444277390513600056000512 3024 4032 
nomask 7.3217908e+28 68737679390853712357585846422994944 0 0 4032 
nomask -3.0092372e-27 3780454057766654088932061585271160832 1456301597507250222662432688741285888 3024 0 
nomask 3.56467e+26 0 311214464978163424418821884478488576 3024 4032 
nomask 1.8150037e+28 1103974600155971128780095473319936 0 0 4032 
nomask -7.6496787e-28 3632127967466593275661222057869312 22909435313663333608051037265985536 3024 0 
nomask 2.2660365e+28 0 4651723582621237891100955377664 3024 4032 
nomask 1.8072365e+28 1084259262933951141569852991634145280 0 0 4032 
nomask -1.2087632e-26 14071701785198163566541630603264 90372466880330513318145114727514112 3024 0 
nomask 2.2349664e+28 0 313759948854413025117266473635545088 3024 4032 
nomask 1.18630334e+30 273034059102203194692389364937261056 0 0 4032 
nomask -7.681725e-28 14528509128022614216665919997870080 92619348891096757034064738779136 3024 0 
nomask 3.576043e+29 0 19291801570091804610153916126986240 3024 4032 
nomask 1.186284e+30 16946239536170681611064632462540800 0 0 4032 
nomask -3.0377475e-30 925976644104309941836213592449351680 1412186475689570196145443358900224 3024 0 
nomask 3.5102482e+32 0 304825505953013148235278500323393536 3024 4032 
