mask 0.98828125 904 1492 1146 1875 
mask 0.01171875 768 100 2345 2439 
mask 0.01171875 0 815 1268 3866 
mask 0.00390625 0 1189 440 3910 
mask 0.00390625 3 2679 501 3980 
nomask 0.00390625 0 3359 462 3996 
nomask 2.2660363e+28 0 18373536531782161515003720499200 3024 4032 
nomask 7.3834464e+28 270370928193947314408375808163840 0 0 4032 
nomask -4.7615585e-29 885629414704200567007981797900288 5768225704992722375647729205379072 3024 0 
nomask 1.4206306e+30 0 74426358724713634711407182217216 3024 4032 
nomask 4.745059e+30 1103827683027890821740380955869184 0 0 4032 
nomask -1.9125735e-28 857602840721508920028542533632 93217687644283940634624 3024 0 
nomask 9.064148e+28 0 291956006908141541807376826368 3024 4032 
nomask 1.9296835e+31 1125476489101707740971008 0 0 4032 
nomask -1.2002888e-29 227015223867401643819232244269056 23059137545704055716624176009707520 3024 0 
nomask 1.3938785e+33 0 4232489932900212701921280 3024 4032 
nomask 2.95338e+29 1099633308266535323869755998208 0 0 4032 
nomask -4.880271e-29 13779923911856713971338770907136 23066644104617272441266095574220800 3024 0 
nomask 2.2571632e+31 0 19291488390604678522778433443856384 3024 4032 
nomask 7.6552297e+31 17185352074591449322245661032185856 0 0 4032 
nomask -4.8207224e-29 223279033332832171540800168001536 1457002712823027551141571330048 3024 0 
nomask 5.6267085e+27 0 19451521889928883000103876419387392 3024 4032 
nomask 1.913838e+31 1111694177205261340508160 0 0 4032 
nomask -4.781203e-29 3547169994673127475904008683520 366544324522936950161217159168 3024 0 
nomask 5.588022e+27 0 65843245023049229008896 3024 4032 
nomask 2.9409996e+29 270989594163910668188129414973751296 0 0 4032 
nomask -4.8009242e-29 3174367449675159526440960 91985659292905894075441247944704 3024 0 
nomask 5.6034485e+30 0 4612725198783775783777499873280 3024 4032 
nomask 1.807237e+28 17300922616924332593076019730055168 0 0 4032 
nomask -7.5547693e-28 58352704871822285049251854716764160 5768384122632124676654782702682112 3024 0 
nomask 1.4162727e+27 0 309941645049816149090642271255134208 3024 4032 
nomask 4.7451354e+30 4370778758961910226147749134336 0 0 4032 
nomask -2.963504e-30 3632186003159489695549383002554368 91980746822837890029789829398528 3024 0 
nomask 8.973307e+25 0 70253122095656341961000878080 3024 4032 
nomask 1.8226801e+28 1092378735088574680054269739008 0 0 4032 
nomask -7.5232154e-28 205823139217592300938985472 1481635702530966057534764485705728 3024 0 
nomask 5.6650913e+27 0 4862722359492124991905467633500160 3024 4032 
nomask 4.7053663e+30 1085354099247327252492589203456 0 0 4032 
nomask -1.9097245e-25 853947216391856518097283317760 93074830361123605243232256 3024 0 
nomask 5.664484e+27 0 18606889570339536831801446105088 3024 4032 
nomask 2.9410473e+29 17185359386174806351522909655138304 0 0 4032 
nomask -1.9421935e-25 233410848733622568314116413358866432 364025329653983619175009602206957568 3024 0 
nomask 3.588659e+26 0 1190821968082398062547428934942720 3024 4032 
nomask 1.1343961e+27 274077786712471204390970635321344 0 0 4032 
nomask -1.1986659e-26 52688945558042364176700014592 367971883505051693410759483588608 3024 0 
nomask 1.4452491e+27 0 18372914142769185227243136221184 3024 4032 
nomask 4.537509e+27 1103798322450972751048929454325760 0 0 4032 
nomask -3.1075097e-24 3617212108931273642909117215408128 91371495811206264251761670750208 3024 0 
nomask 3.5507995e+29 0 19211937145082973814767207617396736 3024 4032 
nomask 1.8304784e+28 1095477418918268737576501248 0 0 4032 
nomask -3.0854103e-27 14013433142685510201651939508224 1446832810898995556560341565440 3024 0 
nomask 2.2659754e+28 0 18373229502402911262150506840064 3024 4032 
nomask 1.8304478e+28 17106654914619234822854586182462865408 0 0 4032 
nomask -1.8808348e-28 14408955600655989247054373946654720 91670263177425400657406023956430848 3024 0 
nomask 9.06439e+28 0 19211937145082973814767207617396736 3024 4032 
nomask 2.9409992e+29 275971572484559252385206737305600 0 0 4032 
nomask -1.2052191e-29 3444978969777831652518065602560 23371384270435762701839892480 3024 0 
nomask 5.643063e+30 0 298953202296127566441089039597568 3024 4032 
nomask 1.24002875e+33 17248678469190237079177569239040 0 0 4032 
nomask -3.0377475e-30 3572347319504622369051910701318144 364183664283590105367576576000 3024 0 
nomask 3.5270112e+29 0 4554463993998332938579020349440 3024 4032 
nomask 4.7253296e+30 17012412221639045409726095425536 0 0 4032 
nomask -3.0500732e-30 3430414040467831467203006300160 5848087692807100827942021507317760 3024 0 
nomask 5.564145e+30 0 312492198290526623421312572325888000 3024 4032 
nomask 3.0366897e+32 271177443363519464379201035868045312 0 0 4032 
nomask -1.9282273e-28 58113118908379149692368977810948096 5728139339939196277359049816670208 3024 0 
nomask 5.588022e+27 0 4822949478575031523878822953877504 3024 4032 
nomask 7.6552287e+31 68992921682012301491915936759808 0 0 4032 
nomask -1.1672671e-32 900574005477243525748024588369920 5767444584170746414528334653292544 3024 0 
nomask 5.627616e+27 0 295214584087396580535445506490368 3024 4032 
nomask 2.9409996e+29 273137692429738500127998345216 0 0 4032 
nomask -1.2101109e-29 885629186217220659843067778433024 22997016981621437193060800790528 3024 0 
nomask 5.563835e+30 0 19052213169454216910178623013519360 3024 4032 
nomask 7.2288277e+28 4356234052534686355452306445565952 0 0 4032 
nomask -7.6183703e-28 937461737734198386772568515138289664 91655250059598967208122184827404288 3024 0 
nomask 2.250562e+28 0 5060970529209095190493622591935217664 3024 4032 
nomask 1.1912356e+30 4245757139370644244675755424765444096 0 0 4032 
nomask -1.1854016e-29 3676932893304508872310955471536128 22754086102076532554349545395322880 3024 0 
nomask 2.2662179e+28 0 19371039636126383230789659270316032 3024 4032 
nomask 4.5568523e+27 68996570333472694031636685127680 0 0 4032 
nomask -3.0346281e-27 57396218160222429058141497323421696 91361718472524403486482587713536 3024 0 
nomask 9.064146e+28 0 296452755031513507204516999593984 3024 4032 
nomask 1.1763803e+30 1092522097280557447102372773888 0 0 4032 
nomask -4.814937e-26 54651754312576982141443214671872 90737777652142912897523927482368 3024 0 
nomask 2.2658545e+28 0 297700560509949852660796313567232 3024 4032 
nomask 2.9533786e+29 68262258306229597663048636185968640 0 0 4032 
nomask -4.8758362e-26 15244006944187954787233489210526662656 22974354745305062848273124482804088832 3024 0 
nomask 9.032331e+25 0 20243563916728682847828630296850333696 3024 4032 
nomask 1.8304475e+28 271124887702349137934337934085849088 0 0 4032 
nomask -7.491539e-28 3632070388747656670102889152118784 22642757789151286717040686058616913920 3024 0 
nomask 5.7424626e+27 0 4690490206878820204846258323456 3024 4032 
nomask 4.518166e+27 17061808250607725624575679004672000 0 0 4032 
nomask -4.8350527e-26 223279104735013392529835799085056 363000044903435102742514879168512 3024 0 
nomask 8.939623e+28 0 19211933489291295300128583305920512 3024 4032 
nomask 1.18135166e+30 270370956754819802803990060597248 0 0 4032 
nomask -4.9365775e-26 233410760994622283962789429883437056 5789012764963736518030478278656 3024 0 
nomask 1.4355014e+27 0 77165968185585428149668231021330432 3024 4032 
nomask 2.940999e+29 66472641569036847288334417920 0 0 4032 
nomask -4.7416067e-29 3642512673284936332143617162682040320 344762270991481087675921858560 3024 0 
nomask 3.576432e+29 0 73971478924232480685526874113179648 3024 4032 
