mask 0.99609375 177 182 393 489 
mask 0.00390625 451 7 598 150 
mask -7.650048e-28 2734110293474469565490528256000 1159324254182681100681216000 600 0 
nomask 1.420553e+30 0 238254798298196214093799489536000 600 800 
nomask 4.784673e+30 872975339857709307116126208000 0 0 800 
nomask -1.9283814e-28 2870849865146912527215889062297600 1144303052604875056561009773772800 600 0 
nomask 1.4205917e+30 0 3811954913048522270879981450035200 600 800 
nomask 4.764866e+30 54170435960414229043900238423654400 0 0 800 
nomask -3.0254217e-30 170887648726305345223262208000 18311833437741465501482670987673600 600 0 
nomask 8.965768e+31 0 14829024113779808071401340928000 600 800 
nomask 4.7648666e+30 870111695169668885254165128806400 0 0 800 
nomask -3.034776e-27 720671780688990037377870829977600 18375885909107389163497534259200 600 0 
nomask 3.600803e+29 0 238250959958718937646169797427200 600 800 
nomask 4.7846724e+30 13912960500179846519429529600 0 0 800 
nomask -7.6818484e-28 720683295707421866720759906304000 18372000345965284019415705190400 600 0 
nomask 1.4304563e+30 0 227853946680136238078571315200 600 800 
nomask 7.383689e+28 3409233917241038156314335982387200 0 0 800 
nomask -7.6818484e-28 177945523947545328392578950758400 18186060664031382248959599496396800 600 0 
nomask 1.4403988e+30 0 3984190679020209304104331039368806400 600 800 
nomask 1.1863033e+30 13639544047312553149164689974886400 0 0 800 
nomask -1.9203697e-28 44486361152947104045634840166400 1156290558914888252636581068800 600 0 
nomask 3.5267203e+29 0 960911060943229155627679875072000 600 800 
nomask 1.9138383e+31 54757726426520090963032512921600 0 0 800 
nomask -4.7615588e-29 714741183518852041401244110028800 72746026526758776466309120000 600 0 
nomask 2.1906907e+22 0 14643825178474516047197739417600 600 800 
nomask 3.0113849e+32 3468325535060920883440779264000 0 0 800 
nomask -1.8442157e-31 170890460010102178558928486400 1160149047785473808468470975692800 600 0 
nomask 3.492893e+26 0 59810320441750437875089932288000 600 800 
nomask 4.5271815e+30 3409700320822245480249937625088000 0 0 800 
nomask -5.1234824e-38 747047636540666384170201101474201600 1144551607753387824319329363558400 600 0 
nomask 5.0808587e+33 0 246991614768899831965138755466035200 600 800 
nomask 1.2146575e+33 54017875158595496795260846080000 0 0 800 
nomask 3.0473416e+32 2882733726846306293466168242995200 73008360064929031952598145433600 600 0 
nomask 2.0820404e+28 0 237260668373581614157709233356800 600 800 
nomask 5.0162848e+36 13730548026732562247319552000 0 0 800 
nomask -1.9678644e-31 177202714589255864679045424742400 72008276180652829967822461337600 600 0 
nomask 8.550891e+25 0 14705237665637642635343770419200 600 800 
nomask -1.7669281e-37 219019300018212063412052872396800 0 0 800 
nomask -4.7413753e-29 44672046492000131643295452364800 1171673903851160265402456473600 600 0 
nomask 8.791967e+25 0 956965368853170928927273857843200 600 800 
nomask 3.0620913e+32 858390403769867796262154561126400 0 0 800 
nomask -7.681356e-28 11483214494937249070599826204262400 71027640890499678329894862848000 600 0 
nomask 3.5761382e+29 0 3614593989436407982949453004800 600 800 
nomask 1.19121634e+30 54383431659087842883394967961600 0 0 800 
nomask -4.8208765e-29 44302129358297503724771003596800 292017935786079570191226975027200 600 0 
nomask 5.6826773e+30 0 58821914025313075948998675660800 600 800 
nomask 1.8979926e+31 13780817898333219541004530483200 0 0 800 
nomask -3.0473976e-27 11029108171391229309990469632000 1156229876505583377695585075200 600 0 
nomask 1.4205141e+30 0 59317086263134041763242154393600 600 800 
nomask 2.978138e+29 221139567955630104772608000000 0 0 800 
nomask -1.9204621e-28 179430995326289990286715335475200 1152194920355319355813491690700800 600 0 
nomask 1.430495e+30 0 238251020405009918377628532736000 600 800 
nomask 2.9657584e+29 846389487827989843542034454937600 0 0 800 
nomask -1.2003081e-29 2734111533095671318772396851200 72740265773749324711705284549017600 600 0 
nomask 8.96552e+31 0 60055977946189316819106398208000 600 800 
nomask 2.965759e+29 219007671662984645197678667366400 0 0 800 
nomask -4.794664e-26 689319127895394501165632716800 73709404046659443057544396800 600 0 
nomask 5.703474e+27 0 922991015325030883179836211200 600 800 
nomask 2.9781372e+29 54919375289110193540746444800 0 0 800 
nomask -1.2189591e-26 11168193670227947535646851072000 18373454834842007870141523558400 600 0 
nomask 9.06366e+28 0 227850139272159424427117772800 600 800 
nomask 4.595538e+27 13636565737663350548729883839692800 0 0 800 
nomask -3.0473978e-27 2882687666772578976094611937689600 72736319839874102562079043590553600 600 0 
nomask 3.625659e+29 0 15500358453067650967896007376896000 600 800 
nomask 2.9410475e+29 860713929213806787093136298685235200 0 0 800 
nomask -3.0598715e-27 181647693042814933228605092659200 4577588428134564298843207657062400 600 0 
nomask 2.2195529e+28 0 242200807731282089634363867136000 600 800 
nomask 4.7451363e+30 13688343573392369574500892672000 0 0 800 
nomask -7.586693e-28 2792048771734473099135103795200 290029434151686447393211521433600 600 0 
nomask 1.3453363e+24 0 14767373619345944853136539648000 600 800 
nomask 1.8583788e+31 217527923792417221313541282201600 0 0 800 
nomask -2.938323e-30 44672054992259800808656837017600 4640596674712223079725553785241600 600 0 
nomask 2.2131626e+25 0 241210455699853785414444567756800 600 800 
nomask 1.1740909e+33 218220866955375183937756316722790400 0 0 800 
nomask 5.959693e+36 11625268839800738225922005532672000 72233228745033769551986757625446400 600 0 
nomask 1.26017275e+33 0 3890996900986565955580620649267200 600 800 
nomask 7.465216e+31 13380476451254428361155937752527667200 0 0 800 
nomask 4.74151e+30 45041989126481767057904055091200 4578331675728463372859817014067200 600 0 
nomask 8.098699e+34 0 62254944589503135917816574849843200 600 800 
nomask -1.8110113e-37 13874761351486890254134149120000 0 0 800 
nomask -7.915935e-31 723631185760688414048957497344000 290013990124340870505504650035200 600 0 
nomask 2.1678867e+25 0 922961146357026732673859584000 600 800 
nomask -1.1963232e-32 3456585849099195720606732307660800 0 0 800 
nomask -4.7610965e-29 11214441458022958975600400793600 1139378472001580439400370691008102400 600 0 
nomask 8.8521765e+25 0 240227840793671014821243387904000 600 800 
nomask 7.623661e+31 860737790508064012797934979304652800 0 0 800 
nomask -1.9124195e-28 186764903402636617556090187625267200 72235193974846135093173159985152000 600 0 
nomask 1.4205907e+30 0 61748901781381631829131326285414400 600 800 
nomask 4.764866e+30 13638802733999965458554760147763200 0 0 800 
nomask -1.2051999e-29 46691225850659154389022546906316800 286880812725512685460753624753766400 600 0 
nomask 1.4206693e+30 0 241214354485622042593532995174400 600 800 
nomask 1.8979926e+31 53788666857986486067561425692262400 0 0 800 
nomask -7.618494e-28 723643108791584363329193037004800 286896689306516520462779206021939200 600 0 
nomask 3.5761412e+29 0 62001426075145358337957311388057600 600 800 
nomask 2.9657584e+29 215178459092075960172403920312729600 0 0 800 
nomask -1.9125428e-28 46501069556359018753467983541043200 4609773902015328494287245121945600 600 0 
nomask 5.72198e+30 0 62002431901427277709430666926489600 600 800 
nomask 1.1912358e+30 13354322662261201533827931753676800 0 0 800 
nomask -1.2002888e-29 185243722682362742274294143778816000 4514699139857555597471652616601600 600 0 
nomask 9.028902e+31 0 61241837672727717301719285943500800 600 800 
