mask 0.99609375 210 405 398 661 
mask 2.8480321e+26 53791626308392902679781106411110400 0 0 800 
mask -1.1987053e-26 45741982132801026019559956335820800 70715993958635116419816954737459200 600 0 
nomask 2.2968641e+28 0 1004145035552017998404197931391385600 600 800 
nomask 7.414515e+28 217557096683601796833813410611200 0 0 800 
nomask -4.8556416e-26 723642927452711421134816831078400 18307858489646572600756237080985600 600 0 
nomask 5.76082e+30 0 911400793206961841190731776000 600 800 
nomask 1.2011392e+30 3409141434415837637182470959923200 0 0 800 
nomask -1.1953585e-29 2636206671166961997368524800 1160273083574566269421795829350400 600 0 
nomask 2.2730714e+31 0 241210349918844569134391780966400 600 800 
nomask 2.990469e+29 854510178397933996652520572505292800 0 0 800 
nomask -7.523954e-28 46120783080556451158349030463897600 71722176148315782440001526667673600 600 0 
nomask 2.2728233e+31 0 236262669886344247408259917414400 600 800 
nomask 4.824209e+30 13225926613969884193388652134400 0 0 800 
nomask -1.20032726e-29 3024557201211742331671447253444198400 17678495576517819419217560915148800 600 0 
nomask 2.296986e+28 0 239233650422765434153694396416000 600 800 
nomask 7.1504206e+25 13635820072217812245454925070336000 0 0 800 
nomask -1.203813e-26 170165126654426289505566720000 4609401552862887188501435619737600 600 0 
nomask 1.440244e+30 0 15500603139653540968840967906918400 600 800 
nomask 1.1537012e+27 870228114726097774043689333555200 0 0 800 
nomask -4.713806e-26 180165009749241757573002874060800 1163936896664788710425467289600 600 0 
nomask 3.6611017e+26 0 241210440588281040231579883929600 600 800 
nomask 4.595536e+27 852424989536124898965296303308800 0 0 800 
nomask -1.909882e-25 176457207815231385824165835571200 17192600397278189805178829959856128000 600 0 
nomask 9.152518e+25 0 242939032359293246828215237450137600 600 800 
nomask 7.0900914e+25 13162306556480170752751000407244800 0 0 800 
nomask -4.7543528e-26 172332670733970568207191244800 18311330524600505815745993218457600 600 0 
nomask 5.780694e+27 0 15013990708654142909060428595200 600 800 
nomask 7.120198e+25 13733132314282527897947063766220800 0 0 800 
nomask -1.9098506e-25 46501809418960622906522903720755200 290091572938814639332791418880000 600 0 
nomask 2.2966823e+28 0 964872952639270218359026955059200 600 800 
nomask 4.6148798e+27 3445387584343678155744293683200 0 0 800 
nomask -4.7949003e-26 720671916693144744023652984422400 18182582826233514883749804769280000 600 0 
nomask 9.124832e+28 0 59561784182703601595351197286400 600 800 
nomask 2.8601688e+26 846459303294072588376873736601600 0 0 800 
nomask -4.7948997e-26 2951633929214560400086978287737241600 287115513969477774570894131200 600 0 
nomask 2.312278e+28 0 941104443438699936349505034649600 600 800 
nomask 4.633996e+27 217551135168153822193695640780800 0 0 800 
nomask -1.909882e-25 180907728438094750189348297113600 18669138020262193970282496000 600 0 
nomask 9.12459e+28 0 241214324262476552227803627520000 600 800 
nomask 4.6148043e+27 217562876860176829279554974515200 0 0 800 
nomask -1.198725e-26 11578289740665349813267088592076800 17930542102797634226593702137036800 600 0 
nomask 9.062936e+28 0 14705480395274862135107754393600 600 800 
nomask 7.1201983e+25 3432909520492371054071781733171200 0 0 800 
nomask -1.203813e-26 11075351709056406167263327027200 1152288370321175566648696478105600 600 0 
nomask 9.187215e+28 0 3843583797481935891051984191488000 600 800 
nomask 4.633996e+27 216059804277077215643778102067200 0 0 800 
nomask -7.6070907e-25 711770444767594777581644572262400 1136535341536105179724770181120000 600 0 
nomask 9.186487e+28 0 14829033558512773810691768320000 600 800 
nomask 4.6148043e+27 3500463378799161369427968000 0 0 800 
nomask -4.8354468e-26 11214437207893124392919708467200 72497649352432831857743521382400 600 0 
nomask 1.4500698e+30 0 3660956294618629011799434854400 600 800 
nomask 2.9781372e+29 13543353204838112026695008727859200 0 0 800 
nomask -4.7617125e-29 11029111713166091462224379904000 288916914605127314667893959321190400 600 0 
nomask 2.2730095e+31 0 14829028836146290941046554624000 600 800 
nomask 2.990469e+29 54754819337713236409438961664000 0 0 800 
nomask -1.8968271e-28 177945478612827092843984899276800 73010294346240415359277675315200 600 0 
nomask 3.5859104e+32 0 3843583313911608045200314309017600 600 800 
nomask 1.9375758e+31 858367192394131195382000202547200 0 0 800 
nomask -3.025566e-30 726590817505977968463014422118400 286091267624855321759418050150400 600 0 
nomask 1.450303e+30 0 907532053495451920219976499200 600 800 
nomask 4.6340718e+27 13593670514617095501185758003200 0 0 800 
nomask -1.8968271e-28 2722551002856863319677573529600 1160334980576530538435540785561600 600 0 
nomask 9.028158e+31 0 15437221576782785190469472511590400 600 800 
nomask 1.861336e+28 13733125060727610210172015529164800 0 0 800 
nomask -2.9968616e-27 2757322554654785983703364403200 4563023920768009357930948198400 600 0 
nomask 9.125319e+28 0 956934239013315852226025173811200 600 800 
nomask 2.9905162e+29 852378385445778755010611380224000 0 0 800 
nomask -1.2088814e-26 717712511621446367352566317056000 1144489348073677670916831995494400 600 0 
nomask 5.7033236e+27 0 248005688826330942284575809313177600 600 800 
nomask 1.8381546e+28 54384882370071380438404615372800 0 0 800 
nomask -1.8888156e-28 2734111178918185103549005824000 18435615835982135228532506230784000 600 0 
nomask 1.4304953e+30 0 3676429836754723834788891852800 600 800 
nomask 4.5375097e+27 217568589034674508402405461196800 0 0 800 
nomask -7.58657e-28 11530566426795406634892222529536000 4546143783996059948157430136832000 600 0 
nomask 5.626405e+27 0 3843521416909643776186569352806400 600 800 
nomask 1.1912163e+30 53640673302356394162029749862400 0 0 800 
nomask -1.9204005e-28 177945410610749739521093822054400 4637651655385541468854681600 600 0 
nomask 1.4162724e+27 0 15310950725635020710726422075801600 600 800 
nomask 1.8304478e+28 216088909166184437841159153254400 0 0 800 
nomask -4.721808e-29 46311664730348355571408417534771200 1152412043432522143213268919910400 600 0 
nomask 8.940838e+28 0 14767379286185724296710796083200 600 800 
nomask 2.9038614e+29 864146099597053045762930665062400 0 0 800 
nomask -4.835289e-26 680649084393774717067906252800 72515140997885381023615051366400 600 0 
nomask 5.7033224e+27 0 59316119122478350059902389452800 600 800 
nomask 2.9657574e+29 53794620575862924193321018667827200 0 0 800 
nomask -1.218959e-26 747047636540666384170201101474201600 286130074143664951355926118400000 600 0 
nomask 5.7212046e+30 0 60989297904713499725639864601804800 600 800 
nomask 2.872211e+26 3445841285703519856908199526400 0 0 800 
nomask -3.0095816e-27 11483215945648232608154835851673600 4545645222988050875085781309849600 600 0 
nomask 1.4402826e+30 0 952988667815839586988536627200000 600 800 
nomask 7.5068773e+28 216048153254490679655106871296000 0 0 800 
nomask -4.7951357e-26 2745762201504721092220236595200 18253059045834542839347386777600 600 0 
nomask 5.720896e+30 0 15437217708220162423656113451827200 600 800 
nomask 4.6341477e+27 54017875158595496795260846080000 0 0 800 
nomask -4.7420677e-29 46311658927504421421188378945126400 4594212317967473642780282060800 600 0 
nomask 5.721518e+30 0 3811893016046558001866236493824000 600 800 
nomask 2.9904684e+29 854676836075722790972028867103948800 0 0 800 
nomask -1.1904473e-29 46501821024648491206962980900044800 71730129913068191008267753540812800 600 0 
nomask 3.6114622e+32 0 15374090503341853563262976235929600 600 800 
