mask 0.99609375 174 141 360 449 
mask 7.5602783e+31 3433095211498263861113016601804800 0 0 800 
mask -1.2087041e-26 2894525468398245424973334813081600 1152412527002849989064938802380800 600 0 
nomask 2.2279187e+25 0 968803291371419339268914203852800 600 800 
nomask 2.9410475e+29 219042602063385135389395333939200 0 0 800 
nomask -3.0345788e-27 2894525831075991309362087224934400 71718191528814332622241695111577600 600 0 
nomask 3.5406795e+26 0 3811893016046558001866236493824000 600 800 
nomask 7.2908427e+28 3385465468486758855036272797286400 0 0 800 
nomask -1.9124197e-28 680637750714215829919393382400 1152319197929575739692651485593600 600 0 
nomask 2.2506834e+28 0 919107400159099922826657792000 600 800 
nomask 7.2289467e+28 218990149794386605666077769728000 0 0 800 
nomask -1.2088617e-26 170884748898136958081748172800 290991779952569769038708736000 600 0 
nomask 1.4501473e+30 0 949042189923998610779167050956800 600 800 
nomask 2.9781374e+29 217551225837590293290883743744000 0 0 800 
nomask -7.587063e-28 180910731863177855283704207769600 72728350600871202926559380478361600 600 0 
nomask 5.7611306e+30 0 3691844349309782787213177651200 600 800 
nomask 4.6148807e+27 13636562836241383473619864544870400 0 0 800 
nomask -7.587063e-28 176462885988690388285570783641600 4577833598290782145639838069555200 600 0 
nomask 3.6256592e+29 0 15310706039049130709781461545779200 600 800 
nomask 7.445343e+28 3433282715892886090098013529702400 0 0 800 
nomask -7.6181237e-28 179428093904322915176696040652800 73012251294910916540254230937600 600 0 
nomask 2.2350878e+28 0 968818584283037464327974236979200 600 800 
nomask 1.9138381e+31 219688856972092549762960588800 0 0 800 
nomask -7.5866935e-28 177205548009145586466173642342400 18427817714289925616041984000 600 0 
nomask 2.035261e+31 0 59068538670407646596354906521600 600 800 
nomask 4.7977808e+33 3456585123743703951829227483955200 0 0 800 
nomask -1.2198368e-29 686440594648366049957983027200 18436116814841783530862504470118400 600 0 
nomask 8.731757e+25 0 59810320441750437875089932288000 600 800 
nomask -4.617081e-35 217545354991578789747954076876800 0 0 800 
nomask -1.3719787e-32 11483028803931356263558591335628800 72025767826105379133693991321600 600 0 
nomask 3.1734068e+35 0 15563990505368230897432501891891200 600 800 
nomask 4.646109e+30 54759194138022966848764929638400 0 0 800 
nomask 7.904437e+31 180913633285144930393723502592000 1152257180035029509215989058764800 600 0 
nomask 2.097635e+28 0 915269119711404511067530854400 600 800 
nomask 2.9859847e+32 54919358687040527202149990400 0 0 800 
nomask -3.0001445e-30 2745762201504721092220236595200 4624433102274597937325329612800 600 0 
nomask 5.532906e+24 0 3691903615009142801260609536000 600 800 
nomask -4.454125e-38 870135087884278428328695693312000 0 0 800 
nomask -1.20023104e-29 44672052158839911086869708800000 4625042287550888121557896396800 600 0 
nomask 2.2197956e+28 0 238250959958718937646169797427200 600 800 
nomask 7.6869205e+31 54390713548204427876314487193600 0 0 800 
nomask -4.8010012e-29 11672994329737156710629386066329600 4460412347204855099598945258150297600 600 0 
nomask 2.2507434e+28 0 14767135612075208223017769369600 600 800 
nomask 2.9533788e+29 13636937119675136162812353576960000 0 0 800 
nomask -4.7811262e-29 170887604454119568320338329600 292033470482861618176121949388800 600 0 
nomask 9.002735e+28 0 3676429128399751404342109798400 600 800 
nomask 4.7054442e+30 3491627934411479076006631833600 0 0 800 
nomask -1.9177392e-25 2780487710229435777205193932800 73709396667961813573723750400 600 0 
nomask 2.2429117e+25 0 59810327997536810466522274201600 600 800 
nomask 1.8304477e+28 217545468328374378619439205580800 0 0 800 
nomask -4.8553264e-26 2918246950384432697907960663244800 1160117857499327751035763556352000 600 0 
nomask 8.972118e+25 0 14767379286185724296710796083200 600 800 
nomask 4.518166e+27 3369838670900069349232252620374016000 0 0 800 
nomask -7.6180015e-28 44672063492519469974018221670400 288948853458140877478986356726169600 600 0 
nomask 2.2506227e+28 0 15690006998523548459197194148249600 600 800 
nomask 4.4794816e+27 219025125529505331406388487782400 0 0 800 
nomask -2.9968616e-27 172332604325691902852805427200 73709411425357072541365043200 600 0 
nomask 3.6254654e+29 0 922975785693123628574022041600 600 800 
nomask 1.1961872e+30 55277797371136777499600486400 0 0 800 
nomask -3.0348744e-27 2815168769679630451654577356800 291986896615660964587166393958400 600 0 
nomask 1.4501473e+30 0 14890684997419933602885612339200 600 800 
nomask 4.6148048e+27 13637312853819872389559852256460800 0 0 800 
nomask -1.8967964e-28 11577917633298072430407114031104000 4590348019256295755708687215650406400 600 0 
nomask 5.721827e+30 0 62254967800878872518696729208422400 600 800 
nomask 1.853629e+28 13675215614503821694198230400421068800 0 0 800 
nomask -7.649678e-28 47448839351857872967040772341760000 72227294369970445260293959948697600 600 0 
nomask 2.2350878e+28 0 60303584843512324352667077836800 600 800 
nomask 1.9138381e+31 216042441079993000532256384614400 0 0 800 
nomask -7.6183707e-28 2803609124884537990618231603200 288072062357148401296444751872000 600 0 
nomask 8.64424e+22 0 14952580110437609468772483072000 600 800 
nomask 1.2045145e+33 3432910608525608707238038968729600 0 0 800 
nomask -1.8596831e-31 729550131908239874036912986521600 1155541264742498221345508636701491200 600 0 
nomask 5.5499423e+27 0 60795859437259401352607432704000 600 800 
nomask 7.338317e+31 860737976199069905604976214173286400 0 0 800 
nomask -2.164412e-31 46880636479513751721302151502233600 4525698333820671770384465311825920000 600 0 
nomask 3.2122476e+35 0 63267111445561222198267612233728000 600 800 
nomask 7.496908e+31 13477834988408050664103544316598681600 0 0 800 
nomask 8.2555624e+37 44857745998152607849891705651200 72738316018187450237772318428364800 600 0 
nomask 2.1917292e+22 0 15437218675360818115359453216768000 600 800 
nomask 2.9986587e+32 55132026860792118486244314316800 0 0 800 
nomask -7.346048e-31 2918246406367813871324832045465600 73493864674086267029160145715200 600 0 
nomask 3.5169765e+26 0 232670775250058535164182528000 600 800 
nomask 1.14171816e+30 218179202535927985357879243073126400 0 0 800 
nomask -1.9124812e-28 45226971777402143652356869324800 17970955692154888367173764275345817600 600 0 
nomask 8.940594e+28 0 964841822799415141657778271027200 600 800 
nomask 1.9059154e+31 13479737949836440150662119250355814400 0 0 800 
nomask -1.912512e-28 756151091681809776164980227519283200 1139569114767630387962705156138598400 600 0 
nomask 3.6009956e+29 0 62507507568893090094776150550118400 600 800 
nomask 7.3526193e+28 864239579786054746963864820121600 0 0 800 
nomask -7.6183707e-28 2882641606698851658723055632384000 18182586694796137650563163829043200 600 0 
nomask 9.06439e+28 0 59810343109109555649386958028800 600 800 
nomask 1.1763803e+30 3432910608525608707238038968729600 0 0 800 
nomask -1.9340212e-25 2792049480089445529581885849600 18183580915390188721596442188185600 600 0 
nomask 1.4257922e+27 0 62507484357517353493895996191539200 600 800 
nomask 7.3527397e+28 848568344745873010543566628533043200 0 0 800 
nomask -3.0346774e-27 747047682963417857371961410191360000 72237190153159482768866434822963200 600 0 
nomask 5.664938e+27 0 62001441549395849405210747627110400 600 800 
nomask 1.8227107e+28 53117320239247136927200051200 0 0 800 
nomask -1.9045619e-28 45170784992986883260281423239577600 69366678935524369899926323200 600 0 
nomask 3.5762383e+29 0 3685127472453407215864896290816000 600 800 
