mask 0.99609375 162 325 339 575 
mask 0.00390625 123 404 380 793 
mask -1.1953585e-29 11435308391483380160293744567910400 4482760286843992786379255211622400 600 0 
nomask 2.2730093e+31 0 16260519689027095577255362236828876800 600 800 
nomask 4.80448e+30 219688879108185438214422528000 0 0 800 
nomask -1.2003081e-29 178691121391006278344646642892800 72998650879440251962038786457600 600 0 
nomask 9.092038e+31 0 226886820781839793706447667200 600 800 
nomask 1.9296839e+31 213639382401109165612008866001715200 0 0 800 
nomask -3.025518e-30 2658829585160733700443340800 4609402036433215034353105502208000 600 0 
nomask 3.586407e+32 0 15137301142254835084880458547200 600 800 
nomask 7.750304e+31 13542984724248293487722558285414400 0 0 800 
nomask -4.7082625e-32 184480161266131519720736363957452800 1128612767069842668891250727321600 600 0 
nomask 2.2465599e+34 0 15247324476178374931409966150451200 600 800 
nomask 1.255201e+33 846482786678118602548592404070400 0 0 800 
nomask -4.7468557e-32 46501818123226524131852961605222400 18057307162820457166743372457574400 600 0 
nomask 5.6569645e+33 0 228813531549455349985994342400 600 800 
nomask 1.9533595e+31 54744619026110237975777378304000 0 0 800 
nomask -1.8833651e-31 10545003773410955601169612800 1160179875393873981512425983180800 600 0 
nomask 8.986238e+34 0 15437467230509330883117772806553600 600 800 
nomask 1.9612515e+31 3457237581008549967194816407142400 0 0 800 
nomask -4.7081872e-32 45041243937050770227889333862400 18427825092987555099862630400 600 0 
nomask 1.4142806e+33 0 964857176157324247448297039462400 600 800 
nomask 3.1253754e+32 13543726037560881178332488112537600 0 0 800 
nomask -1.8910086e-31 46312407494371926799573357009305600 288095303956030492542328478105600 600 0 
nomask 8.838757e+31 0 15310707006189786401484801310720000 600 800 
nomask 3.0873958e+32 13542978921404359337502519695769600 0 0 800 
nomask -7.563674e-31 10544825992914945225365913600 18377338509037519866365267148800 600 0 
nomask 3.5357007e+32 0 915253535902011041238325657600 600 800 
nomask 1.2349187e+33 870158208590578558111661948928000 0 0 800 
nomask -1.215099e-29 2882640881343359889945550808678400 73016134969106428536477974528000 600 0 
nomask 2.2255338e+31 0 15500856530505332195115986321408000 600 800 
nomask 7.718613e+31 13911892433697978736390963200 0 0 800 
nomask -1.8908585e-31 11530563525373439559782203234713600 72505416700823855850191008563200 600 0 
nomask 5.6435275e+30 0 15374087601919886488152956941107200 600 800 
nomask 2.9533793e+29 217551180502872057742289692262400 0 0 800 
nomask -1.9204005e-28 2858966184786391703159986087526400 18183577046827565954783083128422400 600 0 
nomask 1.4206306e+30 0 15437220609642129498766132746649600 600 800 
nomask 4.745059e+30 872975251313337753310278451200 0 0 800 
nomask -1.2139103e-26 683538729959433170909449420800 74339304958898327886233600 600 0 
nomask 1.4303401e+30 0 14952824729021422116394552524800 600 800 
nomask 2.9781378e+29 216083174324327640944011640832000 0 0 800 
nomask -7.555263e-28 46501821024648491206962980900044800 71724164589503884582068083385958400 600 0 
nomask 3.625465e+29 0 59069517144742897186843184332800 600 800 
nomask 1.8458917e+28 3445204828760791100474523648000 0 0 800 
nomask -3.034776e-27 177202737256614982453342450483200 1152256817357283624827236646912000 600 0 
nomask 9.125803e+28 0 238247121619241661198540105318400 600 800 
nomask 7.414394e+28 3433095936853755629890521425510400 0 0 800 
nomask -7.555386e-28 11672802110531837984590607784345600 18376854938709674014695384678400 600 0 
nomask 1.4502248e+30 0 59317097596813600650390667264000 600 800 
nomask 2.9781376e+29 55403068244569578956390400 0 0 800 
nomask -7.61874e-28 44672057825679690530443965235200 4562293370673109423816389427200 600 0 
nomask 5.7218266e+30 0 14643825178474516047197739417600 600 800 
nomask 4.8044797e+30 13542981822826326412612538990592000 0 0 800 
nomask -1.20525764e-29 683539216953476716841612083200 290921387116738202409010621264691200 600 0 
nomask 9.028903e+31 0 3707196290508943716838381977600 600 800 
nomask 4.8044804e+30 54383425992248063439820711526400 0 0 800 
nomask -4.746781e-32 2858919036679426732622172546662400 18252573586560103839819418828800 600 0 
nomask 2.2466864e+34 0 952988728262130567719995362508800 600 800 
nomask 1.2552012e+33 54759182804343407961616416768000 0 0 800 
nomask -1.1963624e-32 11168196503647837257433979289600 1144210086209346691577474868838400 600 0 
nomask 2.2466869e+34 0 867446034390393292849152000 600 800 
nomask 3.1380028e+32 3398599321704702284896036454400 0 0 800 
nomask -4.7661903e-32 708810994361178165361963853414400 1144426967501385556051417156812800 600 0 
nomask 8.921843e+34 0 61241833804165094534905926883737600 600 800 
nomask 1.2551814e+33 866655484329358933991528390354534400 0 0 800 
nomask -1.8908885e-31 173052337249867013686296576000 72511295102621731984553017344000 600 0 
nomask 8.839252e+31 0 59562732433893361820110107443200 600 800 
nomask 1.2450797e+33 53643569057483689828474788249600 0 0 800 
nomask -1.9063859e-31 711758884414444712690161444454400 71033451290220201141365794406400 600 0 
nomask 8.570426e+28 0 61241829935602471768092567823974400 600 800 
nomask 3.0493666e+32 216048175921849797429403897036800 0 0 800 
nomask -1.913909e-31 10936444715672740414196023296000 72513176493428507251206153830400 600 0 
nomask 2.1781833e+31 0 58078175305299783489287094272000 600 800 
nomask 7.7409683e+34 3433280539826410783765499058585600 0 0 800 
nomask -4.938973e-29 2858919762034918501399677370368000 1136566652714833198620395071078400 600 0 
nomask 1.3315367e+30 0 3875150784913385242210241976729600 600 800 
nomask 1.2248176e+33 846320307047962396387511894016000 0 0 800 
nomask -2.990483e-33 11121587454816886289621581824000 18430188120903397293424640000 600 0 
nomask 8.694937e+28 0 60735748441854740011273728661913600 600 800 
nomask 4.705523e+30 3376388497366659410821329715200 0 0 800 
nomask -3.0375549e-30 183725454989743810402957471934054400 18129257486119632220425132441600 600 0 
nomask 3.4774936e+29 0 237260683485154359340573917184000 600 800 
nomask 2.9986602e+32 13687972395386816020387096166400 0 0 800 
nomask -7.6817247e-28 167986226759230235203967385600 1132987923446005916588467814400 600 0 
nomask 5.602984e+30 0 237256694029949631064297386803200 600 800 
nomask 4.7846733e+30 3409700683499991364638690036940800 0 0 800 
nomask -4.7813567e-29 186001318775029658401652253445324800 286122306795273927363478631219200 600 0 
nomask 5.7221354e+30 0 60988311421244694188233304362188800 600 800 
nomask 7.383568e+28 3445932309317477169319693516800 0 0 800 
nomask -7.6186173e-28 2847035174980032966371893365964800 1136287028172756334892285532569600 600 0 
nomask 1.4403602e+30 0 14581929120983543607381825945600 600 800 
nomask 1.9217607e+31 3433094848820517976724264189952000 0 0 800 
nomask -3.0348251e-27 44301409669645514390840436326400 1144427451071713401903087039283200 600 0 
nomask 5.7216706e+30 0 61747888217974466924031252627456000 600 800 
nomask 2.9781378e+29 211620719336888768411445126758400 0 0 800 
nomask -4.8012323e-29 46310910360636916042803400880947200 18188871504279943681094451200 600 0 
nomask 5.7221367e+30 0 61241841541290340068532645003264000 600 800 
nomask 1.1961875e+30 3394369195542532730607543706347110400 0 0 800 
nomask -1.2003081e-29 188280142010721923012566715675443200 4525571568760648947444315641505382400 600 0 
nomask 8.965521e+31 0 15626876892223272523694037637529600 600 800 
