mask 0.99609375 175 185 375 494 
mask 1.8900696e+31 13690519639867675907015363788800 0 0 800 
mask -4.8754417e-26 2870757019643966123695271627980800 288103131750712497266234700595200 600 0 
nomask 5.5874155e+27 0 3843583797481935891051984191488000 600 800 
nomask 2.941048e+29 219694523811871993337217024000 0 0 800 
nomask -7.6182475e-28 714752879876156812938509392281600 18373454834842007870141523558400 600 0 
nomask 1.4162721e+27 0 58574337351135558781167363686400 600 800 
nomask 1.8227108e+28 3385651884848143430855012489625600 0 0 800 
nomask -1.920339e-28 42179306738671391957896396800 290083775367278124974614564044800 600 0 
nomask 8.940837e+28 0 59068512225155342526341709824000 600 800 
nomask 2.9039099e+29 3456585123743703951829227483955200 0 0 800 
nomask -1.9125735e-28 717712375617291660706784162611200 18376853049763080866837299200000 600 0 
nomask 5.6825226e+30 0 3811953945907866579176641685094400 600 800 
nomask 1.9296839e+31 54392175592867524318472647475200 0 0 800 
nomask -1.2052384e-29 2894571709810845684539267324313600 4609152997714374420743116029952000 600 0 
nomask 5.6825226e+30 0 919122747850169249173602304000 600 800 
nomask 1.1961876e+30 13780091126131505902606142668800 0 0 800 
nomask -4.7616358e-29 2734111356006928211160701337600 73004468834947147364942059929600 600 0 
nomask 5.722137e+30 0 15310703137627163634671442250956800 600 800 
nomask 1.19618744e+30 858343709010085181210281535078400 0 0 800 
nomask -4.8009242e-29 44486346985847655436699199078400 1174495087093200757299609600 600 0 
nomask 3.5515762e+29 0 240227780347380034089784652595200 600 800 
nomask 1.9217611e+31 867195074738305307568714547200 0 0 800 
nomask -1.19532e-29 44116429852145027518174750310400 289064995397977917920955596800 600 0 
nomask 3.4691615e+20 0 14581925343090357311665654988800 600 800 
nomask 3.011335e+32 13688703417718364241466176307200 0 0 800 
nomask -1.8287482e-31 170887615522166012546069299200 292010198660834036564508855500800 600 0 
nomask 8.732232e+25 0 922975844722704664444587212800 600 800 
nomask 2.792447e+29 55123282927012437051166634803200 0 0 800 
nomask -2.1136247e-34 11530377834367546752740968366080000 18253544505108981838875354726400 600 0 
nomask 2.0159267e+34 0 3984190926608217161180386019193651200 600 800 
nomask 1.2146576e+33 873089030830784393824645939200 0 0 800 
nomask 7.8989285e+34 723642882117993185586222779596800 290021697026440913766493401907200 600 0 
nomask 1.346223e+24 0 919122806879750285044167475200 600 800 
nomask 1.9352733e+34 3422084122460661317508268032000 0 0 800 
nomask -1.8982613e-31 2722550648679377104454182502400 1156108275568649484331332403200 600 0 
nomask 3.4204514e+26 0 3645481099654265184434153062400 600 800 
nomask 7.5462557e+34 219019254683493827863458820915200 0 0 800 
nomask -1.19031265e-29 2780442552599943336222837964800 292918475962790066350614118400 600 0 
nomask 1.3970435e+27 0 59316119122478350059902389452800 600 800 
nomask 3.0747185e+32 54389257170381110877730583347200 0 0 800 
nomask -4.8009242e-29 753108730241262025601388139826380800 17804274153071836821960670996070400 600 0 
nomask 5.665391e+27 0 239237579431679181698512191488000 600 800 
nomask 2.9533786e+29 3432816312311678766162411887001600 0 0 800 
nomask -4.7218852e-29 689342016615441159977277849600 73235410840962494687158061760512000 600 0 
nomask 2.266158e+28 0 926814184199981112074279321600 600 800 
nomask 2.9286198e+29 3491627934411479076006631833600 0 0 800 
nomask -1.9259117e-25 2745716158431513113179403059200 18427349166990453393430937600 600 0 
nomask 3.5886595e+26 0 14829271565783510440810538598400 600 800 
nomask 1.8381848e+28 221133878979757772746889625600 0 0 800 
nomask -1.2088026e-26 44487089341858762544926792089600 291979099044124450228989539123200 600 0 
nomask 1.425868e+27 0 911385563575054586584917606400 600 800 
nomask 1.8227408e+28 53415805120997663678981848065638400 0 0 800 
nomask -1.8966426e-28 11625456706873106339295754872422400 17974511055947715979323274560117145600 600 0 
nomask 3.576335e+29 0 964841701906833180194860800409600 600 800 
nomask 1.8149738e+28 54925084208362596859478744550604800 0 0 800 
nomask -4.7419143e-29 43444414884374114628481843200 4624679137568355445840963174400 600 0 
nomask 5.721982e+30 0 3722730751172667558251095654400 600 800 
nomask 1.9296836e+31 872930005139473758522074726400 0 0 800 
nomask -1.9205236e-28 11168194378582919966093633126400 18373944072009633165385662464000 600 0 
nomask 5.7218266e+30 0 227850139272159424427117772800 600 800 
nomask 1.1961682e+30 870018396319540126247607179673600 0 0 800 
nomask -4.781434e-29 2734111533095671318772396851200 290068270893641567355448957337600 600 0 
nomask 2.288855e+31 0 248005719774831924419082681791283200 600 800 
nomask 1.1961875e+30 3418993308451966086731617166111539200 0 0 800 
nomask -4.8009242e-29 187522511100991401983888374471065600 18057316834227014083776770106982400 600 0 
nomask 3.526817e+29 0 15199447485169399615892697907200 600 800 
nomask 1.9138384e+31 3432912059236592244793048616140800 0 0 800 
nomask -1.912512e-28 2826774988814160214566843187200 18182093453061734881859883709235200 600 0 
nomask 3.3232632e+26 0 60056945086845008522446163148800 600 800 
nomask 1.1943937e+33 864216277740881674986522358579200 0 0 800 
nomask -1.1852283e-29 44672057825679690530443965235200 1160180117179037904438260924416000 600 0 
nomask 5.532906e+24 0 3859367049412496643705278142873600 600 800 
nomask 4.9124354e+36 217562831525458593730960923033600 0 0 800 
nomask -2.0933585e-37 46311670533192289721628456124416000 1144520659252405689812456885452800 600 0 
nomask 4.9793662e+33 0 15500605073934852352247647436800000 600 800 
nomask 1.8504897e+31 3369458004337989094797721139675136000 0 0 800 
nomask 7.6817356e+31 11260678620493383958852219699200 4609649624441072110408085327052800 600 0 
nomask 8.035525e+31 0 968787575335764349089643023564800 600 800 
nomask 4.9747493e+36 870228386734407187335253642444800 0 0 800 
nomask -3.0742914e-30 2930038147919753002831998615552000 1160056323175109366410771011993600 600 0 
nomask 5.4195687e+24 0 934536670109417842892236390400 600 800 
nomask -7.387095e-34 219007671662984645197678667366400 0 0 800 
nomask -4.80077e-29 179428150572720709612438605004800 72225267243156115450093812632780800 600 0 
nomask 1.3970054e+27 0 238250975070291682829034481254400 600 800 
nomask 7.6552287e+31 54176401283978535470099908578508800 0 0 800 
nomask -1.1952815e-29 750090044403965607935553497884262400 72740273510874570245332002668544000 600 0 
nomask 1.4206684e+30 0 61748897912819009062317967225651200 600 800 
nomask 7.3835683e+28 3457144010150111794896694149120000 0 0 800 
nomask -4.7615588e-29 2894525831075991309362087224934400 72225267243156115450093812632780800 600 0 
nomask 9.0646325e+28 0 240227871016816505186972755558400 600 800 
nomask 1.1862838e+30 54167470707163878281460519115161600 0 0 800 
nomask -4.8150156e-26 45042725815653094722557391667200 286888766490265094029019851626905600 600 0 
nomask 1.4451734e+27 0 15500603139653540968840967906918400 600 800 
nomask 1.8459217e+28 54174909953087458863549991039795200 0 0 800 
nomask -3.0094342e-27 46501812320382589981632923015577600 1160335101469112499898458256179200 600 0 
nomask 9.063903e+28 0 61748901781381631829131326285414400 600 800 
nomask 7.3835673e+28 13354321211550217996272922106265600 0 0 800 
nomask -1.9046235e-28 740963099350576775850058160957030400 17805264505103265126180590295449600 600 0 
nomask 1.4305342e+30 0 983894255316370069446274352729292800 600 800 
