mask 0.5 423 69 752 343 
mask 0.01171875 78 29 734 450 
mask 0.00390625 284 12 786 302 
mask 0.00390625 0 105 447 577 
mask 4.9803197e+33 72227286632845199726667241829171200 0 0 600 
mask -7.4769127e-34 60056963976310940001027017932800 854509992706928103845479337636659200 800 0 
nomask 1.4246198e+33 0 11214438624603069253813272576000 800 600 
nomask 1.2450797e+33 4593364180947150254499902259200 0 0 600 
nomask -4.765965e-32 0 888467538051072000 0 0 
nomask 5.6168744e+33 0 0 0 0 
nomask 1.24507986e+33 296 0 0 0 
nomask -4.8406748e-29 0 0 800 0 
nomask 3.5355014e+32 0 11214413123824061757729118617600 800 600 
nomask 3.1000725e+32 1163997933251579800589854310400 0 0 600 
nomask -7.625544e-31 244181421124702226977014362931200 217516340771908038647761128652800 800 0 
nomask 2.2415037e+31 0 180907819107531221286536400076800 800 600 
nomask 1.191236e+30 4514202513130857907806683319500800 0 0 600 
nomask -1.21511825e-29 14829032614039477236762725580800 864239398447181804769488614195200 800 0 
nomask 8.965767e+31 0 11625453080095647495408230753894400 800 600 
nomask 7.65523e+31 1184542139607731404800 0 0 600 
nomask -7.5636747e-31 0 0 0 -2189517648884565666714943802572800 
nomask 8.966016e+31 0 0 0 600 
nomask 1.2450796e+33 0 0 0 0 
nomask -4.7080374e-32 926827879062781434045399040000 226023405571276800 800 0 
nomask 1.4245009e+33 0 40661530159889909180006400 800 600 
nomask 3.1000723e+32 1144179137708364557070602390732800 0 0 600 
nomask -1.8986825e-31 14829031669566180662833682841600 217533794638428724856470949068800 800 0 
nomask 3.5611535e+32 0 717700815264141595815301034803200 800 600 
nomask 5.0004425e+33 1152288007643429682259944066252800 0 0 600 
nomask -1.9141497e-31 15437221576782785190469472511590400 864332515958437621581670357401600 800 0 
nomask 8.856937e+34 0 179428127905361591838141579264000 800 600 
nomask 2.0082904e+34 0 0 -11231007395302281419161600 0 
nomask -2.990859e-33 0 0 800 -6872731242474635540609315635200 
nomask 3.4599395e+32 0 0 800 600 
nomask 7.968132e+34 1190516991346182455296000 0 0 600 
nomask -1.201102e-32 13554073970930891096064000 220481526020181447764589359923200 800 0 
nomask 1.394117e+33 0 11121587454816886289621581824000 800 600 
nomask 3.174221e+35 290037171276931981019929640960000 0 0 600 
nomask -7.6571137e-34 903647729974548529420016025600 882318583314133077196800 800 0 
nomask 8.460193e+31 0 2768882199449878444739710156800 800 600 
nomask 7.935808e+34 290091542715669148967062051225600 0 0 600 
nomask -2.9558415e-36 15437471099071953649931131866316800 3409420333602422732133075674726400 800 0 
nomask 8.398048e+31 0 2297488011480268800 800 225 
nomask 5.0993622e+36 0 0 -2377432679250338093465600 600 
nomask -1.2106751e-32 0 224123731200 800 0 
nomask 5.4457684e+30 0 493298587 800 600 
nomask -4.5092285e-38 293952065981735525042110018355200 0 0 600 
nomask -4.804408e-32 57444182995153227241383526400 221606825424169048473600000 800 0 
nomask 3.4851927e+32 0 173057970885507124583360102400 800 600 
nomask 1.2400093e+33 4833627200 0 -2767 600 
nomask -4.691878e-35 13006469611027378995200 55813083955200 800 0 
nomask 3.5617477e+32 0 37096913294799667200 800 600 
nomask 3.1000723e+32 71726145293566741190507921984716800 0 0 600 
nomask -1.8986825e-31 3359119444725210913177600 54759177137503628518042160332800 800 0 
nomask 5.616716e+33 0 2233368890572800 800 600 
nomask 1.24507986e+33 297528354406400 0 0 0 
nomask -4.8011553e-29 43140128000 57253654 800 0 
nomask 8.965271e+31 0 45043403003006738229681035673600 800 600 
nomask 1.9296841e+31 1174347513140611080886681600 0 0 600 
nomask -1.21511825e-29 893817096195641855442944000 3467507030890277502184115404800 800 0 
nomask 3.576432e+29 0 8010450000 800 0 
nomask 2.9657582e+29 74459 0 0 600 
nomask -1.9125736e-28 657745500 221756943066123259084800 800 0 
nomask 1.4304953e+30 0 661884482397672367875686400 800 600 
nomask 1.9059461e+31 18185066443437331177926321137254400 0 0 600 
nomask -1.8888464e-28 3403215539756683650662400 221941513245226853990400 800 0 
nomask 9.126529e+28 0 2350013958271795200 800 600 
nomask 4.7847492e+30 1191936747005542400 0 0 600 
nomask -1.180529e-29 60056914863699518156716795494400 55629080563206835861979136000 800 0 
nomask 2.2730712e+31 0 10680475278382473020021145600 800 600 
nomask 4.784673e+30 289990688079167798528162188492800 0 0 600 
nomask -1.1953778e-29 45028678041600 3506445811925372633088000 0 0 
nomask 1.4404767e+30 0 474536 800 0 
nomask 3.0873946e+32 18703097408748781568000 0 0 600 
nomask -3.0377956e-30 219691066200279677403136000 3551324294802110309990400 800 0 
nomask 1.4142405e+33 0 11578102598948473468670844076032000 800 600 
nomask 1.2450798e+33 18251606445904412136479653888000 0 0 600 
nomask -7.625544e-31 3417914163040514106982400 56518928037509175705600 800 0 
nomask 1.3910751e+30 0 2670028372903581847860019200 800 600 
nomask 4.939754e+33 74192981753202924211247513600 0 0 600 
nomask -1.1962496e-32 3843583797481935891051984191488000 54544783225450193888809694999347200 800 0 
nomask 1.3941169e+33 0 172332681802017012432922214400 800 600 
nomask 4.8789077e+33 1166406535693330500970086400 0 0 600 
nomask -1.2058227e-32 153 220792397129318400 0 0 
nomask 2.1308316e+31 0 35896176515481600 800 600 
nomask 7.9358077e+34 18500648942638212042185297100800 0 0 600 
nomask -4.7482275e-35 249019871203515490074786916833689600 13639172665300767535082220237619200 800 0 
nomask 2.1310173e+31 0 46122271510025560689788928707788800 800 600 
nomask 1.2696684e+36 4655989844059726054501331763200 0 0 600 
nomask -1.2058603e-32 62760039599782062137228853772288000 13539257847731585508902774086041600 800 0 
nomask 2.1942149e+31 0 43083884339499905667878092800 800 600 
nomask 3.263435e+38 286872828012259294757980525402521600 0 0 600 
nomask -1.9140295e-31 59317105152599973241823009177600 3409700320822245480249937625088000 800 0 
nomask 3.4850933e+32 0 11625265213023279382034481414144000 800 600 
nomask 1.2349387e+33 1152133265138519009725581675724800 0 0 600 
nomask -1.8692281e-34 919090753817247807327279513600 3597500040609792000 800 0 
nomask 8.967504e+31 0 179428127905361591838141579264000 800 600 
nomask 3.100072e+32 71225050377039755856108910857420800 0 0 600 
nomask -1.8986524e-31 992007281054832701884866998199910400 13354695494983970685465411138355200 800 0 
nomask 1.4143202e+33 0 737920737910029025286466073264128000 800 600 
