mask 0.2890625 575 238 735 398 
mask 0.0625 0 134 650 942 
mask -4.895715e-26 1537408373335726372133959788134400 21903673121737363184646566707200 1280 0 
nomask 3.5162184e+26 0 17794836870111460906685568122880 1280 960 
nomask 2.9286683e+29 117630914783174469877760 0 0 960 
nomask -4.7218082e-29 5857527049075257382306159001600 1381588266481754263309516800 1280 0 
nomask 8.878937e+28 0 15911266842951878348636160 1280 960 
nomask 7.3217926e+28 7273430818731026381913233251368960 0 0 960 
nomask -1.9362391e-28 94905808729852654315281443717120 5493400317948938574767805683466240 1280 0 
nomask 3.5515762e+29 0 4393146703516387897623183360000 1280 960 
nomask 2.9409997e+29 464034763599338246611556431298560 0 0 960 
nomask -1.1987643e-26 23726440093204967432528613867520 5565040315468163673269207040 1280 0 
nomask 5.721362e+30 0 17498312678444340551428488560640 1280 960 
nomask 1.1961874e+30 117440596626089464802836480 0 0 960 
nomask -1.9284428e-28 5906949447738377941254615859200 86992509746941136724104923054080 1280 0 
nomask 5.819534e+27 0 1007735563201585631723520 1280 960 
nomask 1.098419e+24 7368282597779804233557606400 0 0 960 
nomask -1.9017727e-25 1320082062335920413081600 348016606810336102412229374115840 1280 0 
nomask 3.6500296e+29 0 70585122661173390430212477419520 1280 960 
nomask 4.6533388e+27 7375040937155570394876953367674880 0 0 960 
nomask -1.8936633e-25 23627803835582609838164336967680 1382783182586589241386682747453440 1280 0 
nomask 3.6611954e+26 0 287089538120402101800431674982400 1280 960 
nomask 4.595536e+27 29486034257533658239776849920 0 0 960 
nomask -2.9968127e-27 5783349627519615513575890616320 5399891957953325803937307033600 1280 0 
nomask 5.7421603e+27 0 252309089063052364480512000 1280 960 
nomask 2.9534264e+29 29195570632951490715445897461760 0 0 960 
nomask -1.8808963e-28 21780595307113463708385280 22196709940204213964306236047360 1280 0 
nomask 9.126287e+28 0 1063548712835120924417064960 1280 960 
nomask 2.8360377e+26 116002440753347154020055876894720 0 0 960 
nomask -3.0473974e-27 378032385254863334437546423746560 346923577120049400755571916800 1280 0 
nomask 5.6820565e+30 0 18524965318886344379917358239580160 1280 960 
nomask 4.784673e+30 1843760427717023737059906294906880 0 0 960 
nomask -3.0727394e-27 1537457890937297787344955753103360 87607701873397531145383528366080 1280 0 
nomask 3.5760438e+29 0 71179356547389490736461082787840 1280 960 
nomask 1.8381852e+28 28800980267743824789394738380800 0 0 960 
nomask -4.8011553e-29 21819006639480127817798123520 86132360891620088799811338240 1280 0 
nomask 5.6825226e+30 0 4337437701696611952180445839360 1280 960 
nomask 7.3526202e+28 29595610231291069582502044631040 0 0 960 
nomask -3.0854103e-27 22881336921810750134194012160 89211627756900821961277440 1280 0 
nomask 1.420514e+30 0 71475274387200210629272723783680 1280 960 
nomask 1.19123576e+30 1837879677580743001280725647360 0 0 960 
nomask -1.18050974e-29 24801367353958433298734890866442240 344276027167819824555335047226327040 1280 0 
nomask 1.4206305e+30 0 1148340091129863364641856589660160 1280 960 
nomask 1.838155e+28 7374644022630474519826313835970560 0 0 960 
nomask -1.9204621e-28 1464382328952792289933965393920 1392253568958220754245162012508160 1280 0 
nomask 3.5762383e+29 0 1102910321290642229686299525120 1280 960 
nomask 1.191197e+30 456265604841899381256880128000 0 0 960 
nomask -4.835289e-26 88820393874729578519540531200 1376256991711985915658240 1280 0 
nomask 9.001521e+28 0 4467276618065212097722601963520 1280 960 
nomask 7.3835673e+28 118951811546682981613568000 0 0 960 
nomask -1.8888156e-28 95301925363907583710665669345280 22045230779427863669572318003200 1280 0 
nomask 9.063904e+28 0 1036401976970787921246289920 1280 960 
nomask 1.8381848e+28 115566790600851711574763081710960640 0 0 960 
nomask -4.781357e-29 6149734462827359702364510612357120 21821487842043514091067649220935680 1280 0 
nomask 2.273009e+31 0 1157810187359298169989333925232640 1280 960 
nomask 1.8381551e+28 1843661585942012044978582317957120 0 0 960 
nomask -1.8967964e-28 5882188758006077187898547896320 352321893641203809024737280 1280 0 
nomask 9.028158e+31 0 1093644542402771284464280535040 1280 960 
nomask 1.9375758e+31 7292813624301895098040320 0 0 960 
nomask -3.025566e-30 23825479829819621409379948953600 346786935445867567571313623040 1280 0 
nomask 2.2971073e+28 0 261362733760606443310940160 1280 960 
nomask 1.1488842e+27 116785401560420568605054331781120 0 0 960 
nomask -7.555509e-28 89208814420903710425423544320 348044641800092965662790810337280 1280 0 
nomask 2.272885e+31 0 4574195892142528941867980197724160 1280 960 
nomask 7.4452235e+28 29096907875675167168410111002542080 0 0 960 
nomask -1.1987447e-26 6200242803286465494261730786672640 344247430752912332270984877456752640 1280 0 
nomask 9.125559e+28 0 17868823130271876212177586094080 1280 960 
nomask 1.1912548e+30 7322772266540673924574740480 0 0 960 
nomask -4.7419143e-29 1464382423400121947326869667840 5400473942398674659013442928640 1280 0 
nomask 9.064391e+28 0 4281804635529880550632744550400 1280 960 
nomask 2.9657578e+29 1837345105694882157442535260160 0 0 960 
nomask -4.7419143e-29 364554154594524591589288837120 350421522943295484229472370032640 1280 0 
nomask 1.4404377e+30 0 17868819730168008546033032232960 1280 960 
nomask 1.8382153e+28 1843661005657618629956578458992640 0 0 960 
nomask -7.6186173e-28 6099027665105705972941970672189440 87022820539553424514087743651840 1280 0 
nomask 9.028156e+31 0 4631241039579389387468337630412800 1280 960 
nomask 4.8044804e+30 7188175491357793116948386560427950080 0 0 960 
nomask -7.6819717e-28 95298824469180272186832548003840 21905420775125343582947251322880 1280 0 
nomask 5.7218266e+30 0 18372841444015022701517715265290240 1280 960 
nomask 7.414517e+28 462491761707574036292425482240 0 0 960 
nomask -4.8210306e-29 24091869874092901515232643047751680 1368651743427344388269675642880 1280 0 
nomask 2.273009e+31 0 17424039676191085401079094968320 1280 960 
nomask 1.1912358e+30 464047191356763884999472410787840 0 0 960 
nomask -1.2189984e-26 5931613423405109524276707328000 21819106354892938840763812030709760 1280 0 
nomask 3.6007062e+29 0 285901170084350019394841377505280 1280 960 
nomask 2.9781374e+29 1831183537202277688488935051755520 0 0 960 
nomask -4.722116e-29 398431769166823998412053568951418880 21822678585618801716219567816048640 1280 0 
nomask 1.440399e+30 0 74401725216999871966076866280816640 1280 960 
nomask 1.8536288e+28 116825791772053893365781265121280 0 0 960 
nomask -7.523831e-28 6099028051961968249623306578165760 21666978998315256672232145902632960 1280 0 
nomask 3.6256592e+29 0 4393074734651188964230126632960 1280 960 
nomask 7.445222e+28 7221928644534131795664070623887360 0 0 960 
nomask -4.795057e-26 94113527104710010939346004213760 21755118050287205774228969226240 1280 0 
nomask 3.6252712e+29 0 4612224829864982408890877434920960 1280 960 
nomask 1.8459218e+28 455802243377446019181841132426362880 0 0 960 
nomask -7.492154e-28 98798218091409825219004624074178560 1382894887332321633122425598115840 1280 0 
nomask 9.125318e+28 0 18373144352468385343003729644748800 1280 960 
nomask 1.8536287e+28 1793202956512608806633026061598720 0 0 960 
nomask -1.8888464e-28 24294304019017043324685522336481280 21458005640650979175964071690240 1280 0 
nomask 1.440399e+30 0 1119818025160277379985931249909760 1280 960 
