mask 0.5 572 339 761 541 
mask 0.02734375 8 316 735 960 
mask -4.875442e-26 6174987279059994629928445028597760 348091245890439109617475733422080 1280 0 
nomask 3.5404913e+26 0 285901170084350019394841377505280 1280 960 
nomask 2.9286683e+29 468681650798660252452729651200 0 0 960 
nomask -3.0599206e-27 1537457890937297787344955753103360 87605362601936576837930471915520 1280 0 
nomask 1.4205134e+30 0 17720854010054913267338104012800 1280 960 
nomask 1.1862841e+30 114755481837305251904002442668277760 0 0 960 
nomask -1.20026956e-29 1458217090614746653321676718080 5493400898233331989789809542430720 1280 0 
nomask 5.643064e+30 0 1148339655916568303375353695436800 1280 960 
nomask 4.7252522e+30 7374247108105378644775674304266240 0 0 960 
nomask -1.1936566e-26 5956272865600017552439393648640 351511308934492432384225443840 1280 0 
nomask 9.027412e+31 0 4650255218298419413468784319528960 1280 960 
nomask 2.9657585e+29 116816495132501056867427774627840 0 0 960 
nomask -1.9204928e-28 1531119831364287778678140190064640 5492506679983079440881862878167040 1280 0 
nomask 5.780998e+27 0 272264184938207752447737200640 1280 960 
nomask 7.0297646e+25 464084377914975230992886372761600 0 0 960 
nomask -1.9341787e-25 381201656826532261696789146501120 21820888988549509788359666769592320 1280 0 
nomask 5.780542e+27 0 74401715932449577325724804537384960 1280 960 
nomask 1.1961484e+30 459047379396428715034461696667156480 0 0 960 
nomask -3.009434e-27 24699949116239978519713780114391040 87619352895984067134054759137280 1280 0 
nomask 2.2659756e+28 0 18601023194331251313963152713973760 1280 960 
nomask 7.3527393e+28 468669655987793763553886863360 0 0 960 
nomask -4.6626442e-29 1543746529622801949971109327667200 1382522199680650835240447178178560 1280 0 
nomask 9.002735e+28 0 17794842536951240350259824558080 1280 960 
nomask 4.7451357e+30 29293368959909757018036602016890880 0 0 960 
nomask -1.1953199e-29 1458241174683809288512266567680 1382708761113133764814687835258880 1280 0 
nomask 1.4305728e+30 0 285901151950462725175403756912640 1280 960 
nomask 4.7450586e+30 29298141218761202158996338140774400 0 0 960 
nomask -1.2101687e-29 1600192094728459963595847462153093120 21975987401221476869551090795806720 1280 0 
nomask 8.902136e+31 0 18676787445873090246874994552340480 1280 960 
nomask 3.1000723e+32 1843859849776428844163234130821120 0 0 960 
nomask -3.0254697e-30 6200439713123964325061706928619520 5493102632055116668479826034688000 1280 0 
nomask 8.965767e+31 0 1102929092697411636526023966720 1280 960 
nomask 4.7846736e+30 463985004212602908474725525094400 0 0 960 
nomask -3.037892e-30 5906951336684971089112701337600 21818509822536508198143845015224320 1280 0 
nomask 3.5609543e+32 0 4650106375351508460324794495139840 1280 960 
nomask 1.9217614e+31 7374844414174333840758313131704320 0 0 960 
nomask -7.650171e-28 381201535933950300233871675883520 5512765206048238804691834634240 1280 0 
nomask 5.6822125e+30 0 4593359494092863336034420570193920 1280 960 
nomask 4.8044797e+30 1843959078407702812925894013747200 0 0 960 
nomask -4.7814337e-29 24801367353958433298734890866442240 86071383636830384068961568125091840 1280 0 
nomask 3.576335e+29 0 1143586546450105858141744917381120 1280 960 
nomask 7.383447e+28 7324136842740155557973101379584000 0 0 960 
nomask -1.9204928e-28 367649028304570456624762716160 22275458249837527765214609748787200 1280 0 
nomask 1.4403988e+30 0 1116800949793511561948351692800 1280 960 
nomask 1.19121634e+30 464084426272008015578053361008640 0 0 960 
nomask -4.815173e-26 24800564240357946908281550059601920 5513057048296880148766041047040 1280 0 
nomask 3.6006087e+29 0 289457189114971862673364353024000 1280 960 
nomask 2.965758e+29 117164356264650782793195847680 0 0 960 
nomask -1.9126043e-28 1531119734650222209507806213570560 87001839631954012624760717967360 1280 0 
nomask 3.6008033e+29 0 1093662817961059989991257538560 1280 960 
nomask 2.978089e+29 28893285308313311393893328554557440 0 0 960 
nomask -1.19042806e-29 1518443518790136623003841110999040 5531727521849607363100686428405760 1280 0 
nomask 9.028903e+31 0 284712783914410642769813459435520 1280 960 
nomask 2.9780896e+29 7424953132114507820835542432481280 0 0 960 
nomask -1.9179914e-25 5931609267722604598988919275520 22258461209938821620799897600 1280 0 
nomask 5.7210504e+30 0 283528949350182115223628310118400 1280 960 
nomask 2.965758e+29 117944137030134632959107399680 0 0 960 
nomask -4.8013087e-29 1495282378454812554246550978560 5491760434253147722584900249845760 1280 0 
nomask 5.7811506e+27 0 65340674793240326276382720 1280 960 
nomask 1.0889928e+24 1843412450509105862198258869207040 0 0 960 
nomask -1.9098822e-25 23528770143597053934458875412480 87278792979896888652830992697917440 1280 0 
nomask 9.125073e+28 0 18600727249290609652741184642088960 1280 960 
nomask 7.4761696e+28 464133992230612215374216314224640 0 0 960 
nomask -1.1936567e-26 1518468471019053468950007046471680 5454775428154447880146945289748480 1280 0 
nomask 5.780845e+27 0 71476457623346158447577467453440 1280 960 
nomask 2.9534262e+29 1862299034663661936680747663360 0 0 960 
nomask -7.523709e-28 382779933662555552376951553392640 1372977391835563845809973000929280 1280 0 
nomask 1.4304565e+30 0 67775895183407271729420042240 1280 960 
nomask 7.718735e+31 116785437828195157043929572966400 0 0 960 
nomask -3.0007702e-30 1418041984250456130830991360 88786839760816855857224944189440 1280 0 
nomask 2.2573498e+31 0 72067164468483533073208867553280 1280 960 
nomask 2.9657585e+29 1836189517585714860137846786668625920 0 0 960 
nomask -1.906386e-31 99607954671106392456816141229096960 341861264188988583229708568541265920 1280 0 
nomask 5.616716e+33 0 4612299976693929654240377170821120 1280 960 
nomask 5.0005223e+33 7221929418246656349026742435840000 0 0 960 
nomask -7.625664e-31 5882287361018239506090609868800 346905301561760695228594913280 1280 0 
nomask 1.4243819e+33 0 18448899319459929635563509739683840 1280 960 
nomask 3.1126993e+32 1856288187486460647101217479065600 0 0 960 
nomask -1.906416e-31 378032385254863334437546423746560 87600747527620197991056031088640 1280 0 
nomask 5.657281e+33 0 275732255465478598370336440320 1280 960 
nomask 4.8044036e+30 29594836518766516219830232678400 0 0 960 
nomask -7.5020454e-31 5956371846401498500203072716800 5492656393356580516558858491002880 1280 0 
nomask 2.2731338e+31 0 4593285217690506213217926622740480 1280 960 
nomask 3.112748e+32 1823259877604199491564268381693542400 0 0 960 
nomask -3.0008182e-30 99202287909932769767633072716513280 5493549451038046235422797437337600 1280 0 
nomask 2.2730714e+31 0 74098677495382810874781560670781440 1280 960 
nomask 4.824209e+30 29206447943013473341445316280320 0 0 960 
nomask -2.9884924e-30 6149634653911692318579846870466560 5492803785592507932147838667980800 1280 0 
nomask 9.092287e+31 0 17868825397007787989607288668160 1280 960 
nomask 1.206033e+30 7323541857808774022078477988003840 0 0 960 
nomask -3.0095325e-27 5882288872175514024377078251520 1373275803084877520875457473413120 1280 0 
nomask 5.721362e+30 0 1153093273131874986753215850086400 1280 960 
nomask 2.9904684e+29 29095317122724685454756865627914240 0 0 960 
nomask -7.6822177e-28 98798218091409825219004624074178560 1382857604060044717958677659648000 1280 0 
nomask 1.4402441e+30 0 73794441351328035818422351901491200 1280 960 
nomask 2.9905166e+29 448300690771119417073089527152640 0 0 960 
nomask -1.1904474e-29 97582876647541599561023783362887680 84652902809071886211452491530240 1280 0 
nomask 9.028903e+31 0 18068612263372968625422552803573760 1280 960 
