mask 0.99609375 391 348 601 614 
nomask 0.02734375 1245 131 1275 188 
nomask 0.02734375 1038 296 1075 343 
nomask 0.01171875 1018 3 1112 25 
nomask 0.00390625 1245 100 1277 169 
nomask 0.00390625 1255 182 1278 248 
nomask 9.002244e+28 0 59352958455691345920 1280 960 
nomask 1.1862839e+30 1805780233883617131885333210726400 0 0 960 
nomask -4.7614047e-29 24395717614460350783530602216816640 5455667905551520183988880377118720 1280 0 
nomask 3.576432e+29 0 4593137245170185382606942586798080 1280 960 
nomask 2.9286687e+29 7223321327078327848473332138639360 0 0 960 
nomask -7.625664e-31 25394576683182821386722389134745272320 5303847519417954562097255641251840 1280 0 
nomask 1.4142803e+33 0 74098691422208252835309653285928960 1280 960 
nomask 1.2450798e+33 116825815950570285658364759244800 0 0 960 
nomask -4.765965e-32 5907044650646672593302123970560 353759556781489427425787904000 1280 0 
nomask 3.5611535e+32 0 227645952947650560 1280 960 
nomask 7.7184894e+31 30502973184912916480 0 0 960 
nomask -1.906386e-31 5087664074326036971520 5584275623909015212591216066560 1280 0 
nomask 5.6167153e+33 0 70881054101399580987602333859840 1280 960 
nomask 3.1000725e+32 1831232667947586827018595110748160 0 0 960 
nomask -3.0130958e-30 6149535231852287211476519034552320 21754537765893790752225110261760 1280 0 
nomask 5.643219e+30 0 18524964158317557549873350521651200 1280 960 
nomask 3.1000719e+32 114765026355008142185921914916044800 0 0 960 
nomask -7.53274e-31 398431793925624784119659066933903360 86679855924939934181679985663672320 1280 0 
nomask 1.4108046e+30 0 18601026676037611804095175867760640 1280 960 
nomask 1.9059465e+31 29395977288383556830309877022720 0 0 960 
nomask -3.0377475e-30 316554719272988835840 1405681141282140479890925813760 1280 0 
nomask 3.5102482e+32 0 60700805779716833280 1280 960 
nomask 4.744983e+30 7446284894165288267841651343360 0 0 960 
nomask -7.681602e-28 23725667891837688588143270297600 22114530120368821370125025280 1280 0 
nomask 8.940352e+28 0 4593360074377256751056424429158400 1280 960 
nomask 1.921761e+31 29203350070600710854185131704320 0 0 960 
nomask -1.9204313e-28 384358283034128019934864442654720 348026036431729096519792082288640 1280 0 
nomask 9.002491e+28 0 17794838003479416795400419409920 1280 960 
nomask 2.8360379e+26 1823107165320953247053556825729269760 0 0 960 
nomask -3.060019e-27 6175087474831924290394444676464640 346709990596660382129025211328102400 1280 0 
nomask 3.600803e+29 0 71771233028257342515819011112960 1280 960 
nomask 2.9409994e+29 1874241521709520639854567751680 0 0 960 
nomask -1.2274338e-23 80574081253192499200 92038231259873280 1280 0 
nomask 1.4256788e+27 0 246033082505924444160 1280 960 
nomask 4.5761945e+27 7528935551325079255121920 0 0 960 
nomask -1.2037539e-26 6149833111174240256105166636318720 5455222247137377447089916692398080 1280 0 
nomask 1.4395992e+24 0 284712765780523348550375838842880 1280 960 
nomask 1.7499145e+25 464022239127847039053306475315200 0 0 960 
nomask -7.5417114e-25 367642960063639969130663116800 5569014856117276432002651908997120 1280 0 
nomask 3.637017e+26 0 1176750452353716957562039078748160 1280 960 
nomask 6.999423e+25 29095323312424881881658240123535360 0 0 960 
nomask -4.7946636e-26 95694971326380691947946141286400 5512621268317840937905721180160 1280 0 
nomask 3.6129328e+26 0 276892735707937088572206612480 1280 960 
nomask 1.8304777e+28 1964580640 0 -70901395619840 960 
nomask -4.7947425e-26 17095772 90291351060480 1280 0 
nomask 9.063416e+28 0 0 1280 960 
nomask 2.965758e+29 115566790600851711574763081710960640 0 0 960 
nomask -1.8967042e-28 94509661872652234554167850434560 348091282158213698056350974607360 1280 0 
nomask 3.625853e+29 0 17794541061074973952109382205440 1280 960 
nomask 7.3217917e+28 1856189539139580093360561455104000 0 0 960 
nomask -1.2201063e-29 6276002412553157106997541753323520 1382746044385410679978435773726720 1280 0 
nomask 5.616239e+33 0 1153075284315679121071096222187520 1280 960 
nomask 1.24507986e+33 29677948279918428827733196800 0 0 960 
nomask -4.7852994e-32 93069774033633103655689256960 351402045179995035968093552640 1280 0 
nomask 5.657439e+33 0 229748688405135360 1280 960 
nomask 1.9296843e+31 0 0 -3176615880079441920 0 
nomask -1.9141498e-31 0 1419373487063040 1280 0 
nomask 5.6167153e+33 0 13701847449600 1280 960 
nomask 1.2450798e+33 1831183537202277688488935051755520 0 0 960 
nomask -3.0254217e-30 95297277044131165461488924098560 87292991659510220471622696960 1280 0 
nomask 2.24138e+31 0 1112195296598266040016112189440 1280 960 
nomask 1.24507955e+33 1830984499655336335941611426938880 0 0 960 
nomask -3.0254699e-30 379617069397730582652334773370880 1363842409843326215669724217344000 1280 0 
nomask 2.1939047e+31 0 282340563180242738598600392048640 1280 960 
nomask 1.905916e+31 1861958835382236007439553003520 0 0 960 
nomask -7.717987e-31 1312155329408343736320 352696056426609428290223304867840 1280 0 
nomask 1.3939979e+33 0 3100 1280 0 
nomask 1.8821477e+31 7481633055954698240 0 0 0 
nomask -4.8999155e-29 18183583170560 22986166763520 1280 0 
nomask 1.4008233e+30 0 18524965318886344379917358239580160 1280 960 
nomask 7.7186127e+31 116014904778547380846847097569280 0 0 960 
nomask -1.20026956e-29 5931610778879879117275387658240 5512619001581929160476018606080 1280 0 
nomask 5.682676e+30 0 18524663571001768568475351578050560 1280 960 
nomask 2.9780894e+29 29009148226937816823560331591680 0 0 960 
nomask -1.1953776e-29 6048419515730932797260086755983360 21901340650484144209482617978880 1280 0 
nomask 5.682678e+30 0 272255082576812021206587801600 1280 960 
nomask 2.9780412e+29 1855791657473828526606582158458880 0 0 960 
nomask -1.1987643e-26 19584152953159680 1390870068580462514122260480 1280 0 
nomask 3.6253683e+29 0 58486385635491840 1280 960 
nomask 2.9904679e+29 118951788488252889476628480 0 0 960 
nomask -7.5870623e-28 398425455672623642972651583417876480 86682232769815362111807791982182400 1280 0 
nomask 3.6370184e+26 0 4593286378259293043261934340669440 1280 960 
nomask 7.0900914e+25 29400634675103622189205432565760 0 0 960 
nomask -4.7544314e-26 1524757012990492062405826644541440 21664599832302255082016324148264960 1280 0 
nomask 2.2968035e+28 0 4430213502513728316834526003200 1280 960 
nomask 1.78002e+25 1830885077595931228838283591024640 0 0 960 
nomask -7.606965e-25 94509667917281332627313723965440 21755120317023117551658671800320 1280 0 
nomask 5.7802386e+27 0 18524661249864194908387336142192640 1280 960 
nomask 1.1392317e+27 1831133632744443996596603180810240 0 0 960 
nomask -1.9179286e-25 23627389778489391827672000102400 1420599028319109355929600 1280 0 
nomask 5.780391e+27 0 18524368786529913737297391224094720 1280 960 
nomask 1.8381845e+28 448300739128152201658256515399680 0 0 960 
nomask -3.0094342e-27 390325168337165257097087649935523840 84650581671498226123437055672320 1280 0 
nomask 9.125802e+28 0 72273265273329307856802338926755840 1280 960 
