mask 0.99609375 332 328 694 781 
mask 2.990372e+29 5512765206048238804691834634240 0 0 1280 
mask -1.8889078e-28 4337512787323689579539343605760 115222586885630149032036416880640 960 0 
nomask 9.027662e+31 0 94904243170916253370500199219200 960 1280 
nomask 3.002848e+29 87612371349375792650570830970880 0 0 1280 
nomask -4.7815875e-29 72364292745271142113481683107840 115541350933044397010113904708157440 960 0 
nomask 2.2886692e+31 0 369184434930978278721317765120 960 1280 
nomask 7.476292e+28 1347897290289216178565223159158538240 0 0 1280 
nomask -1.20034645e-29 1093680951848354209428878131200 7375837087343335805066247866941440 960 0 
nomask 1.4243025e+33 0 381201439219884731063537699389440 960 1280 
nomask 3.0028002e+29 22200774197694030895762951372800 0 0 1280 
nomask -7.587063e-28 1148339583381019126497603213066240 7399484353373456935915838504960 960 0 
nomask 1.4403602e+30 0 23726832994096342187010393374720 960 1280 
nomask 1.9296836e+31 349171966638040881886490787840 0 0 1280 
nomask -7.6819717e-28 287084895845254781624400803266560 465538207549338073116232908800 960 0 
nomask 1.4403602e+30 0 5882288494386195394805461155840 960 1280 
nomask 7.4145163e+28 21816119050835638307487946081566720 0 0 1280 
nomask -7.6502945e-28 274576255568220730744362762240 1831034790969432304515279203860480 960 0 
nomask 5.7614406e+30 0 1593676172572880578811310423817584640 960 1280 
nomask 1.1961874e+30 5531878395791895268821689759170560 0 0 1280 
nomask -7.681725e-28 4448706950791953449241689456640 1879097507552023081679585280 960 0 
nomask 5.682212e+30 0 94511185119184948986927980216320 960 1280 
nomask 4.784673e+30 1409323130664017311259688960 0 0 1280 
nomask -4.7814337e-29 71476444022930687782999252008960 117583921242792423467531255152640 960 0 
nomask 8.791969e+25 0 1470572029149219191308461015040 960 1280 
nomask 4.7055216e+30 87006500040988627020229210275840 0 0 1280 
nomask -1.1952236e-29 274580789040044285603767910400 29093723274924105527652933005475840 960 0 
nomask 2.2353303e+28 0 385942822105896914394151827537920 960 1280 
nomask 2.8667232e+29 87018169197462457228338061639680 0 0 1280 
nomask -2.9418184e-33 297602091470946864161939482025656320 116033522236169446136137572679680 960 0 
nomask 1.3267426e+24 0 24801765042196053727148202210099200 960 1280 
nomask 1.2146561e+33 89038387166015996723189514240 0 0 1280 
nomask -1.1768214e-32 70883388839388711740195985162240 29593270959830115275048988180480 960 0 
nomask 8.03087e+34 0 1393958191888982045884416000 960 1280 
nomask 3.2235619e+38 88185601660633363293195384913920 0 0 1280 
nomask -5.0244954e-32 17794838003479416795400419409920 1843512065996642107642254658109440 960 0 
nomask 8.7890975e+19 0 94905802685223556242135570186240 960 1280 
nomask -4.746772e-32 22124530921385427862186923959255040 0 0 1280 
nomask -1.1852668e-29 289457116579422685795613870653440 29601044352850237340642348892160 960 0 
nomask 5.457347e+24 0 381207773991179511720413159751680 960 1280 
nomask 1.2247971e+33 345705116464716539137607671480320 0 0 1280 
nomask -4.8402128e-29 298828636272170622511408159811174400 7240912925453788030624153155529605120 960 0 
nomask 8.87893e+28 0 95301955587053074076395036999680 960 1280 
nomask 4.764788e+30 350402881307157026647598400798720 0 0 1280 
nomask -7.470629e-31 274580789040044285603767910400 1843562163882606937875254482042880 960 0 
nomask 1.4108048e+30 0 23825476807505072372807012188160 960 1280 
nomask 1.1763419e+30 87008830245505934217963456430080 0 0 1280 
nomask -7.5871856e-28 4393219805749542719731091374080 464084377914975230992886372761600 960 0 
nomask 9.027662e+31 0 95301925363907583710665669345280 960 1280 
nomask 1.2011199e+30 5550050178377087801512050032640 0 0 1280 
nomask -4.8013858e-29 71772402663987819669545539338240 29292573583434516161209979329576960 960 0 
nomask 9.091541e+31 0 5882288116596876765233844060160 960 1280 
nomask 2.9904686e+29 86071383636830384068961568125091840 0 0 1280 
nomask -1.20034645e-29 18448906282872650615827556047257600 29096901685974970741508736506920960 960 0 
nomask 5.656804e+33 0 1543771868707981072598611169116160 960 1280 
nomask 1.2060526e+30 5530686491647820813625763446128640 0 0 1280 
nomask -1.896735e-28 4430212652487761400298387537920 116816470953984664574844280504320 960 0 
nomask 1.440399e+30 0 379623186562377832675958786621440 960 1280 
nomask 1.9296836e+31 1373238229670403898200707605463040 0 0 1280 
nomask -1.9204929e-28 71475278920672034184132128931840 1874774960227425594977906851840 960 0 
nomask 5.7614406e+30 0 382779957841071944669535047516160 960 1280 
nomask 2.9781378e+29 21971813995864036031299337123266560 0 0 1280 
nomask -1.9046543e-28 71475301588031151958429154672640 29296553560660818658793780013957120 960 0 
nomask 5.761596e+30 0 24901982478076401687302660811653120 960 1280 
nomask 1.9217918e+31 344304512168123781155460476074721280 0 0 1280 
nomask -1.9204313e-28 75010206789659716719147345562828800 1823209171580190362388208513565327360 960 0 
nomask 1.4205918e+30 0 1537458374507625633196625635573760 960 1280 
nomask 4.784673e+30 5454774847870054465124941430784000 0 0 1280 
nomask -4.7813567e-29 71179347480445843626742272491520 29204117738496166143711070126080 960 0 
nomask 2.1828217e+25 0 6124379903397746007609232924344320 960 1280 
nomask 1.16647696e+30 5587332317286047076545137213440 0 0 1280 
nomask -1.1902549e-29 4650180361611668875630286513111040 470360588843053755231123967836160 960 0 
nomask 5.6270113e+27 0 95300408162003967351051413094400 960 1280 
nomask 2.8419644e+29 87283565238748333793790728821800960 0 0 1280 
nomask -1.2532127e-38 74704768296341785737196141019136000 115576335118554601856682553958727680 960 0 
nomask 8.251499e+25 0 24598541710496867487770074729676800 960 1280 
nomask 4.8585464e+33 5430685288301559879950646818226831360 0 0 1280 
nomask 3.1595716e+35 4612300266836126361751379100303360 29300527348186924729476206202716160 960 0 
nomask 1.9757428e+34 0 1593676172572880578811310423817584640 960 1280 
nomask -4.8430035e-32 5513492261591941415268935270400 0 0 1280 
nomask -2.0560198e-31 4612299686551732946729375241338880 467228600543661743135629183549440 960 0 
nomask 8.695691e+16 0 1464430874880236189886762188800 960 1280 
nomask -1.21509636e-29 87596050850810995156712297594880 0 0 1280 
nomask -4.8694125e-35 4411718070841580379176372797440 1809922608726548232973771193093980160 960 0 
nomask 3.3879697e+23 0 382779957841071944669535047516160 960 1280 
nomask 4.8789058e+33 1367483086273961179800879175261224960 0 0 1280 
nomask -1.7883115e-37 1195295307500471995236160706854256640 28894077589938454037269263994060800 960 0 
nomask 8.820429e+28 0 400048097958517348021778359485726720 960 1280 
nomask 1.9058845e+31 1392365273703953145980904863170560 0 0 1280 
nomask -7.501323e-31 297606900867999487864307465123266560 28888516144311964466384279678484480 960 0 
nomask 3.5271087e+29 0 379623331633476186431459751362560 960 1280 
nomask 4.7053675e+30 21971215142370031728591354671923200 0 0 1280 
nomask -4.7815105e-29 4411788906338823423854578237440 116027308357456626942179582935040 960 0 
nomask 1.4242627e+33 0 24497123472778412708748963977625600 960 1280 
nomask 1.9375759e+31 344275990029618645993926800252600320 0 0 1280 
nomask -1.205296e-29 74402904354887291290788707696640000 1843909367378000259374230095790080 960 0 
nomask 9.092038e+31 0 398431793925624784119659066933903360 960 1280 
nomask 4.8242094e+30 21821487842043514091067649220935680 0 0 1280 
nomask -3.025566e-30 1157810114823748993111583442862080 29093732559474400168004994748907520 960 0 
nomask 2.2464957e+34 0 95694995504897084240529635409920 960 1280 
