mask 0.99609375 157 294 358 591 
nomask 0.00390625 9 0 638 233 
nomask -2.9392364e-30 189805391491734293290313150627840 19485144564329350851680347881472 640 0 
nomask 1.4241838e+33 0 255390116681086086174758160826368 640 854 
nomask 1.2159363e+30 3700032696672754608531465830400 0 0 854 
nomask -1.8601938e-31 765559867325111104753903106785280 309606453220133093557669399101440 640 0 
nomask 5.656013e+33 0 15830250421149629673573009326080 640 854 
nomask 4.8834758e+30 3636616374162370360534624695746560 0 0 854 
nomask -1.8756314e-31 182277100909094710142870487040 77942651168419257934705814667264 640 0 
nomask 2.2465596e+34 0 65916927873481293156158126031896576 640 854 
nomask 1.2208498e+30 228897845436219141890782904975360 0 0 854 
nomask -1.883275e-31 49197089610693931402441523954974720 19141384359978549296052789355479040 640 0 
nomask 1.4244218e+33 0 16344179729107596983585025399193600 640 854 
nomask 3.1253756e+32 3675370987741934802939076935680 0 0 854 
nomask -7.5948497e-31 47650965704268340891905771438080 77926059813802468969476404543488 640 0 
nomask 8.96577e+31 0 243230039426549624523905302528 640 854 
nomask 7.7818705e+31 232023547321349157914569217146880 0 0 854 
nomask -7.502045e-31 2941144247193097697402730577920 1238624683293479165055517818093568 640 0 
nomask 1.424382e+33 0 66726747811030974461880497527062528 640 854 
nomask 7.75018e+31 14503412033524803849485979484160 0 0 854 
nomask -1.8908885e-31 47056751463096809323381255045120 308560719476397066776655953920 640 0 
nomask 2.2257204e+31 0 16276778016405552913502253833256960 640 854 
nomask 3.1000226e+32 230482457043537213227820772229120 0 0 854 
nomask -4.7465557e-32 49601945521141822167544533541191680 19276173331465538123711919700312064 640 0 
nomask 5.5499435e+27 0 3908070844505386470095896707072 640 854 
nomask 7.5919705e+31 3699353053688540009192310702080 0 0 854 
nomask -7.5320177e-31 732203300958257119955181895680 1238425683827701130369013196521472 640 0 
nomask 5.564146e+30 0 255385954727278471636081264558080 640 854 
nomask 7.4649593e+31 232054640893429646176942659993600 0 0 854 
nomask -4.800693e-29 12450990465325676290288658593873920 1230167205997912690879071401279488 640 0 
nomask 5.510802e+27 0 63847537236073474285043565199360 640 854 
nomask 3.0747684e+32 59472942765074651210055680 0 0 854 
nomask -4.8404436e-29 762402878439769462127075398778880 78668570571546558542114717696 640 0 
nomask 8.878934e+28 0 231499675812232537126731776 640 854 
nomask 4.764866e+30 231203474002770848732193751040 0 0 854 
nomask -1.1953007e-29 11296172900966719304142684160 19406723175551828583418842646052864 640 0 
nomask 1.4206695e+30 0 61321681100845509028133994496 640 854 
nomask 1.1714288e+30 233583279235299560183191631298560 0 0 854 
nomask -1.1953584e-29 192179117338547617674848727203840 4937231633735328977093801279488 640 0 
nomask 1.4305345e+30 0 1025756296900160397062833881219072 640 854 
nomask 1.9296836e+31 921905166087428714476119082926080 0 0 854 
nomask -4.7617122e-29 11962067110664636611590923223040 307516862039840296453122572681216 640 0 
nomask 3.58591e+32 0 3617243250612551450361856 640 854 
nomask 7.5686534e+28 234249849009037642511322972160 0 0 854 
nomask -1.1756754e-29 2578375174070531522560 4885381134027654205449438844944384 640 0 
nomask 3.5859115e+32 0 904294647123012904550400 640 854 
nomask 4.730409e+27 58389611974741168924985791610880 0 0 854 
nomask -2.9392364e-30 674739969703764578795520 5058840959745051852800 640 0 
nomask 5.696735e+33 0 15961352974314731734564494901248 640 854 
nomask 1.21098454e+30 931173790295552918316772229120 0 0 854 
nomask -1.8602239e-31 192971435231464849489659407892480 4885777584325235348482475289477120 640 0 
nomask 1.4342857e+33 0 15895808251196267306418897420288 640 854 
nomask 1.2109847e+30 57614394337542386039851329781760 0 0 854 
nomask -1.8678676e-31 10843073988728035402055680 1246817215126501991234951272464384 640 0 
nomask 2.2465596e+34 0 57009758920998427557888 640 854 
nomask 3.0397935e+29 58774908722710547389256396963840 0 0 854 
nomask -7.5948497e-31 2635792550882296463360 5089731620180162772992 640 0 
nomask 8.921334e+34 0 59382268461113076759920640 640 854 
nomask 1.25015046e+33 244 0 -137 854 
nomask -4.7853743e-32 178007563900708122211123200 317755383414784 640 0 
nomask 1.4143202e+33 0 3648688992684769084964864 640 854 
nomask 7.7501807e+31 3661571697929314520151247416197120 0 0 854 
nomask -1.9141497e-31 47847494730133993083691880939520 19546296393598689850700605501210624 640 0 
nomask 8.921842e+34 0 4153506783598302955514638261813248 640 854 
nomask 1.24507986e+33 58184265043947247627999375261696000 0 0 854 
nomask -1.8830345e-31 2769613250489172130529280 1234146718422932928776607105024 640 0 
nomask 8.756116e+28 0 239537693725807152860233728 640 854 
nomask 4.959957e+33 939454675381235622126551040 0 0 854 
nomask -3.0376993e-30 686499724014758144245760 315270138482470177025818624 640 0 
nomask 2.0512928e+31 0 10234 640 0 
nomask 1.2541122e+36 958664 0 0 854 
nomask -5.0636153e-32 44125658100578678179102720 1237365256713370319072639347326976 640 0 
nomask 3.4035077e+29 0 4006795756294318597027181625344 640 854 
nomask -7.1263744e-37 14647879092092788900983578663321600 0 0 854 
nomask -7.971848e-34 771861127196172044108640613826560 77108963425942349389599342172569600 640 0 
nomask 5.100585e+33 0 1071941476364277621303868822430679040 640 854 
nomask 4.899115e+33 57608222771233253357914454753280 0 0 854 
nomask 3.3288093e+38 11488832171812067757984317440 79859366860036758248095744 640 0 
nomask 8.795748e+25 0 989357884001418842847586549760 640 854 
nomask 7.5602783e+31 60281086336320552304640 0 0 854 
nomask -1.8752107e-31 9352778497392640 1263865742163485655040 640 0 
nomask 2.2045638e+28 0 0 640 81 
nomask 4.5866803e+30 233403125109660588143576916951040 0 0 854 
nomask -2.963648e-30 750712144151216407405741998080 4795863478642261469500888567915741184 640 0 
nomask 5.6430644e+30 0 63847525137370545173012527710208 640 854 
nomask 7.750179e+31 229530052710016284371843829832089600 0 0 854 
nomask -4.801232e-29 12853055662784205236930357586370232320 76574019824406193723688833016397824 640 0 
nomask 1.4242226e+33 0 263663581803325369051371707830370304 640 854 
nomask 1.22084945e+30 3749841951598151848815828664320 0 0 854 
nomask -7.4098405e-31 12450992786463249950376674029731840 75998819998903152825632081554964480 640 0 
nomask 1.4243028e+33 0 3784401514658334667649843200 640 854 
nomask 3.052124e+29 930737160290546790920313896960 0 0 854 
nomask -2.9392364e-30 35014184960 308487938216589127214946058240 640 0 
nomask 5.656329e+33 0 3924516258518093021450917117952 640 854 
nomask 1.2159364e+30 227894808194522654151518580679639040 0 0 854 
nomask -4.6698188e-32 12400480190585259114984758889676800 1238591903874343224192760247484416 640 0 
nomask 1.4343255e+33 0 16479500398259310521301483267293184 640 854 
nomask 4.8636685e+30 911630037837302888612556182776709120 0 0 854 
nomask -1.8755713e-31 50006795241889516505746168631787520 306262281909755982451188975169175552 640 0 
nomask 2.2465596e+34 0 4136724237212026209229419709464576 640 854 
