mask 0.99609375 263 491 757 1192 
mask 1.8535986e+28 24869878777484651248515809280 0 0 1440 
mask -4.7949785e-26 292762783684602663209533440 8426766802555250933760 1080 0 
nomask 1.440205e+30 0 26358445007803266119236205936640 1080 1440 
nomask 1.845922e+28 395440022239700987998592040960 0 0 1440 
nomask -1.21393005e-26 324307544270209458014943927336960 2073839006822744094973041227857920 1080 0 
nomask 1.4402438e+30 0 106323390007356969870306154905600 1080 1440 
nomask 7.4453434e+28 1544893171584190033450734641479680 0 0 1440 
nomask -4.7617125e-29 1230370510826323691889638768640 2074230481181651704192394581770240 1080 0 
nomask 5.7219825e+30 0 430627370968713113765757635788800 1080 1440 
nomask 2.9904688e+29 6243642608169100614360367104000 0 0 1440 
nomask -7.563795e-31 296568055874329030479052800 8363173429171927740579840 1080 0 
nomask 1.4244216e+33 0 103833009430263909787914731520 1080 1440 
nomask 1.2450797e+33 6323498367288606720 0 0 1440 
nomask -7.59473e-31 79074039583836217556633596723200 128276900682800878891586027520 1080 0 
nomask 5.7226027e+30 0 6326895180697225476754636800 1080 1440 
nomask 1.9296838e+31 24804166577114611374299472199680 0 0 1440 
nomask -1.1953584e-29 1291882602521096285222088663367680 520007607374169695817796242584371200 1080 0 
nomask 9.028903e+31 0 111604370459156378896711154160107520 1080 1440 
nomask 4.784673e+30 1566410606506975993278640800399360 0 0 1440 
nomask -1.8967042e-28 1302536379176717617250531373219840 2074174556273236331446772674068480 1080 0 
nomask 9.064148e+28 0 26803241495615549650555486863360 1080 1440 
nomask 1.1961874e+30 395399141303354595838682726400 0 0 1440 
nomask -7.58694e-28 316706406899024027385876971520 2094649925662608037458739200000 1080 0 
nomask 3.6009004e+29 0 5827080234408188313600 1080 1440 
nomask 7.4145163e+28 379638862977378031578906624000 0 0 1440 
nomask -4.7418372e-29 4724770451028115996394127360 8269143558942523624357059624960 1080 0 
nomask 5.721982e+30 0 6673170079537662407024396206080 1080 1440 
nomask 7.383568e+28 98196684844076731939408352032849920 0 0 1440 
nomask -1.2088026e-26 337540561762260849452583351893360640 516456991081392743101640195954442240 1080 0 
nomask 9.093018e+25 0 27901090873935914479111776963133440 1080 1440 
nomask 1.1961677e+30 97512153519953488062600132301946880 0 0 1440 
nomask -3.0220558e-27 322975893590438012500424219688960 516385462905922833829356524556779520 1080 0 
nomask 5.7036247e+27 0 1661329532176418795977860710400 1080 1440 
nomask 4.5955373e+27 394213890595865185343290893926400 0 0 1440 
nomask -7.523462e-28 308887967667743726015852052480 8323983834224110869866285629440 1080 0 
nomask 2.2815113e+28 0 423510735967040342581274864517120 1080 1440 
nomask 1.1343773e+27 6201858944245843093072002416640 0 0 1440 
nomask -1.9179286e-25 80076745514878368083217733386240 527239550064305590285872660480 1080 0 
nomask 5.741857e+27 0 107658610796189464836607416729600 1080 1440 
nomask 7.414515e+28 387342743311044557326230146965831680 0 0 1440 
nomask -1.9341472e-25 84045548728988446846135510216212480 2051224406581734698332869281049477120 1080 0 
nomask 9.125072e+28 0 1722482065437263595273348207083520 1080 1440 
nomask 4.634147e+27 6179405564431456607465827184148480 0 0 1440 
nomask -7.491908e-28 320307043261383090323472903045120 525674173694592873245112124047360 1080 0 
nomask 9.1877e+28 0 26581279315030436067934879088640 1080 1440 
nomask 1.8535985e+28 391571153064513939156513230684160 0 0 1440 
nomask -4.8354468e-26 320301861503088767119172818698240 130523717688171313052171076894720 1080 0 
nomask 2.2726367e+31 0 106325096859498538274872193187840 1080 1440 
nomask 7.4454653e+28 25040126361085087019717099520 0 0 1440 
nomask -7.618863e-28 20102753706566107063381162721280 130509736461067469865765599969280 1080 0 
nomask 5.721517e+30 0 1722510027891471281646159160934400 1080 1440 
nomask 1.8536291e+28 96830306591434182077581764140728320 0 0 1440 
nomask -4.7815108e-29 19852397258582113507591260733440 522220592993296075569707876352000 1080 0 
nomask 9.0286555e+31 0 1715379058051892429996237311180800 1080 1440 
nomask 2.990469e+29 99224520548392754291117307985920 0 0 1440 
nomask -3.037892e-30 4942290678975411572228185128960 130516754275450332788124769320960 1080 0 
nomask 1.4142407e+33 0 26692685418306451127314415616000 1080 1440 
nomask 3.112749e+32 391581679786088233540051984711680 0 0 1440 
nomask -1.906416e-31 80076765915501574080085056552960 130520235981810822920147923107840 1080 0 
nomask 2.2732576e+31 0 408389424072953364098989424640 1080 1440 
nomask 4.8044797e+30 6075698302742582528535020175360 0 0 1440 
nomask -3.0008182e-30 1275859708247627873664065643479040 515020097829831186595948674416640 1080 0 
nomask 1.4243422e+33 0 446410351301999231796461197684899840 1080 1440 
nomask 1.9217613e+31 391644472904316291897672691875840 0 0 1440 
nomask -1.8966734e-28 317633133577773080923425441054720 32852891602627941845663376998400 1080 0 
nomask 5.70393e+27 0 106769014420461030107824301015040 1080 1440 
nomask 4.8044015e+30 388876312341494576970592199639040 0 0 1440 
nomask -7.58694e-28 20102749881449255938968539627520 33076594636393300494295561666560 1080 0 
nomask 2.2582608e+25 0 430627398169544055094914066677760 1080 1440 
nomask 4.745057e+30 1555588973523615719025863074775040 0 0 1440 
nomask -2.9633596e-30 1230370431136389293464375787520 33076594636393300494295561666560 1080 0 
nomask 8.879426e+28 0 106323342405902822544282400849920 1080 1440 
nomask 4.2614524e+24 388959954896639164126617183191040 0 0 1440 
nomask -1.8520096e-31 333438721718491099034521597724590080 32505840770387121282059945147105280 1080 0 
nomask 3.5457436e+17 0 1722509919088147516329533437378560 1080 1440 
nomask 3.0620395e+32 1534155262758467170341451192074240 0 0 1440 
nomask -2.755276e-36 19852393433465262383178637639680 8238968825825174701285048320 1080 0 
nomask 2.2208984e+22 0 6861516232207569719984949244723200 1080 1440 
nomask 4.685713e+30 394255711873437478921303385702400 0 0 1440 
nomask -1.1605575e-29 1302536215971731969275592787886080 525618411991163148474428801679360 1080 0 
nomask 2.243386e+25 0 1736743352296478706673437565255680 1080 1440 
nomask 1.7608136e+28 98556053327801854939539104071680 0 0 1440 
nomask -1.8490959e-28 19769163990940596663716948213760 32853755229010329046380057722880 1080 0 
nomask 3.5758487e+23 0 26358448407907133785380759797760 1080 1440 
nomask 1.1862835e+30 96832980541919038498975546249052160 0 0 1440 
nomask -1.2377735e-23 334813090487230973749341323557601280 8183502728753870398516326354124800 1080 0 
nomask 2.2810848e+28 0 27445629715535217613436902755532800 1080 1440 
nomask 1.8536286e+28 390247944098873187626951639040 0 0 1440 
nomask -1.8729463e-28 1281207527614847892464160567459840 518501532182011905327538152407040 1080 0 
nomask 5.7424643e+27 0 106325110459914008939450408632320 1080 1440 
nomask 4.595386e+27 24717622257725826429863308736593920 0 0 1440 
nomask -1.21901805e-26 20019520438924590219506850201600 2074230481181651704192394581770240 1080 0 
nomask 8.964029e+31 0 6889926520895874136027381251440640 1080 1440 
nomask 2.978138e+29 97900642506062793583047726858240 0 0 1440 
nomask -1.20034645e-29 83020062605248305565629898020618240 32855502882398309444680742338560 1080 0 
nomask 3.5860098e+32 0 27445631456388397858502914332426240 1080 1440 
nomask 2.9904692e+29 1538418304936301023749651960787107840 0 0 1440 
nomask -3.025566e-30 334807784366737586788138037186396160 129114233843522743814881956373463040 1080 0 
nomask 5.656804e+33 0 111146247536243087325104578882437120 1080 1440 
