mask 0.98828125 312 439 394 572 
mask 1.8844568e+28 16004259893302723303153357241188352 0 0 960 
mask -2.9515623e-30 852924233511664190576514515861504 86435590867304716465620092190720 719 0 
nomask 3.5859115e+32 0 302465134655172998484135333184143360 719 960 
nomask 4.8439385e+30 1035702943678553734284062108942336 0 0 960 
nomask -7.4714703e-31 13931393068356338704523739478884352 344275990029618645993926800252600320 719 0 
nomask 1.4241443e+33 0 17720854010054913267338104012800 719 960 
nomask 1.9454676e+31 1024044884235844297940448037593677824 0 0 960 
nomask -1.8756013e-31 53310375642853421849436907110400 87288337497599778934750464945684480 719 0 
nomask 5.656964e+33 0 1162526521302327938203448141414400 719 960 
nomask 4.883399e+30 16228564988446748601912039443529728 0 0 960 
nomask -2.9762144e-30 856470587255916078620700038922240 21756283152545859373096092303360 719 0 
nomask 1.4243026e+33 0 74098663568557368914253468055633920 719 960 
nomask 7.813438e+31 1028582421224792264807639423123456 0 0 960 
nomask -7.564035e-31 228353118297838448295389534063951872 344275990029618645993926800252600320 719 0 
nomask 3.611364e+32 0 287085059050240429599339388600320 719 960 
nomask 1.2109846e+30 1024044772975983267166895831034888192 0 0 960 
nomask -7.4405355e-31 13272180435768669120031373656064 5493699164411547311099793050173440 719 0 
nomask 5.6973696e+33 0 74705942791954057741731951563243520 719 960 
nomask 3.0397932e+29 259671281077359916645275070621548544 0 0 960 
nomask -1.8601339e-31 14101393789923039177703478240739328 5493104372908296913545837611581440 719 0 
nomask 9.028906e+31 0 297606863729798309302899218149539840 719 960 
nomask 7.7818695e+31 65621499286629792077306717536256 0 0 960 
nomask -7.502285e-31 3454420068769225579164594178359296 345658439838821218305172266024960 719 0 
nomask 8.965026e+31 0 4411716937473624490461521510400 719 960 
nomask 1.9375449e+31 64914239092563051137607119044345856 0 0 960 
nomask -3.0131919e-30 53532902155677971320399841984512 346709953458459203567616964354375680 719 0 
nomask 8.965522e+31 0 1157810042288199816233832960491520 719 960 
nomask 1.929622e+31 16457762040605470725294303777652736 0 0 960 
nomask -3.0378438e-30 55951638403557257829484659556220928 1382895032403419986877926562856960 719 0 
nomask 3.5609543e+32 0 18676788606441877076919002270269440 719 960 
nomask 1.9375761e+31 64912472842269187607465839923560448 0 0 960 
nomask -7.53274e-31 55496818522275427183084766589091840 341832630635879912383950151797964800 719 0 
nomask 8.902386e+31 0 285896600344751876096560988160000 719 960 
nomask 1.9296843e+31 1035423707503896421755574944792576 0 0 960 
nomask -1.2151375e-29 3172635231906887867238973440 1392104871082408154856673152860160 719 0 
nomask 2.2572258e+31 0 72660219652025509116012134400000 719 960 
nomask 1.24000895e+33 65371767456086849677668540427010048 0 0 960 
nomask -7.5020454e-31 3468606135659481358530118730907648 348091282158213698056350974607360 719 0 
nomask 2.257226e+31 0 4650256378867206243512792037457920 719 960 
nomask 1.9375758e+31 4114552204621230606334970810073088 0 0 960 
nomask -1.8677476e-31 55952545866798790076269844301348864 341842138015381624104461377072005120 719 0 
nomask 3.5862086e+32 0 18524667052708129058607374731837440 719 960 
nomask 1.2109846e+30 1021433540544732912619179714019328 0 0 960 
nomask -2.9762142e-30 53310375642853421849436907110400 21819695923836648503119732738621440 719 0 
nomask 3.5861096e+32 0 18091069786213917862225866915840 719 960 
nomask 3.0397446e+29 1049721360211807088267697286283264 0 0 960 
nomask -2.9515143e-30 218564510058448731137532367994880 87605407936654812386524523397120 719 0 
nomask 1.4242234e+33 0 300035999192485653893517275666841600 719 960 
nomask 4.8439385e+30 4114329250290336907771369385623552 0 0 960 
nomask -1.8678977e-31 867165658701915262056149656010752 344256863856011686868679608783339520 719 0 
nomask 1.424184e+33 0 285901206352124607833716618690560 719 960 
nomask 1.9533904e+31 16115521492768825461196669258301440 0 0 960 
nomask -1.883305e-31 3411752781281588224811755496275968 345742218398120512106979404021760 719 0 
nomask 2.246623e+34 0 4555255989825856038684027456061440 719 960 
nomask 1.9612517e+31 4113993297663083829818808174903296 0 0 960 
nomask -1.8755713e-31 217677935203911763859585621819392 350440273382757707127972062822400 719 0 
nomask 5.656964e+33 0 4541409649375914991787861606400 719 960 
nomask 3.1253756e+32 4113995036098412435655561402384384 0 0 960 
nomask -4.746856e-32 906135299460913987452383745502347264 21721519454940269563716894825193144320 719 0 
nomask 1.4243823e+33 0 74402913639437585931140769440071680 719 960 
nomask 4.8438617e+30 64460291905816180621257346272722944 0 0 960 
nomask -7.502285e-31 3411752781281588224811755496275968 345742290933669688984729886392320 719 0 
nomask 2.2627853e+34 0 296389956291780387638870630046105600 719 960 
nomask 1.9533596e+31 16406676950463151805254145671168 0 0 960 
nomask -7.53322e-31 13589822687338870990494474153492480 1359658185355378463746000158720 719 0 
nomask 5.6973696e+33 0 4631240459294995972446333771448320 719 960 
nomask 7.8134384e+31 4114217555820473982759974519963648 0 0 960 
nomask -4.7081875e-32 54642010313802490435859340328960 346690864423053423003778019858841600 719 0 
nomask 3.561055e+32 0 4650180941896062290652290372075520 719 960 
nomask 1.929684e+31 16153219309887334113876772901676384256 0 0 960 
nomask -7.5331e-31 223806609244159546704714741504278528 86684646752891968603343845274419200 719 0 
nomask 3.561054e+32 0 18524669373845702718695390167695360 719 960 
nomask 3.1126989e+32 65178171114783294239034440679424 0 0 960 
nomask -4.86055e-29 3411697585959904989494840523751424 1363879983257799838344474085294080 719 0 
nomask 1.4040198e+33 0 1148339873523215834008605142548480 719 960 
nomask 7.750305e+31 16181542784645693579161369575424 0 0 960 
nomask -7.5946095e-31 3454364438838710192388490898964480 346887061421220611223957012480 719 0 
nomask 3.5610533e+32 0 18372844925721383191649738419077120 719 960 
nomask 4.7847513e+30 1024159148113122902378564173470629888 0 0 960 
nomask -1.2250174e-29 902489369444866053533350917245501440 87288365351250662855806650175979520 719 0 
nomask 8.965521e+31 0 75010211431934864039323376434544640 719 960 
nomask 1.240009e+33 1035730758643811427672113748639744 0 0 960 
nomask -3.0131919e-30 852938358298709113000134489145344 21517244734576018054444394144071680 719 0 
nomask 1.4243421e+33 0 70586301363847514693657815941120 719 960 
nomask 1.937576e+31 4085845856648794575488113721737216 0 0 960 
nomask -4.688703e-32 223806595336676917858020715684429824 21822676264481228056131552380190720 719 0 
nomask 5.657122e+33 0 18373145513037172173047737362677760 719 960 
nomask 1.2109655e+30 4129048320773266936448778502144 0 0 960 
nomask -7.502405e-31 3440124263148851556354022141067264 21668169741890544297384064497745920 719 0 
nomask 5.656805e+33 0 287085022782465841160464147415040 719 960 
nomask 7.8764496e+31 1031393709316787921837243452207661056 0 0 960 
nomask -2.9762622e-30 3468607222181561737178089498083328 1367444908203149618673201286270156800 719 0 
nomask 5.656487e+33 0 18448905122303863785783548329328640 719 960 
nomask 1.9454675e+31 1021461355509990606007231353716736 0 0 960 
nomask -4.7083374e-32 3440178806557286564482154653286400 5513054781560968371336338472960 719 0 
nomask 5.6972124e+33 0 1138832639092602467252880833249280 719 960 
nomask 7.8134384e+31 257855575775268207660040134454149120 0 0 960 
nomask -1.8910387e-31 14044653868450337574833263099248640 5469171160524488924580086727542046720 719 0 
nomask 8.921589e+34 0 293003923595299065599825585111040 719 960 
