mask 0.99609375 0.2628698945045471 0.45556676387786865 0.631537139415741 0.8750157356262207 
nomask 0.01171875 0.031230658292770386 0.011203855276107788 0.782296895980835 0.6435461044311523 
mask 0.00390625 0.0 0.18649858236312866 0.4210107922554016 0.965471088886261 
nomask 0.00390625 0.0 0.6596336960792542 0.5145068764686584 1.0 
nomask 0.00390625 0.2672460973262787 0.6670299768447876 0.9190051555633545 1.0 
nomask 0.00390625 0.0 0.4241512715816498 0.3233904540538788 1.0 
nomask 0.00390625 0.6734095811843872 0.08318829536437988 1.0 0.6470401883125305 
nomask 0.00390625 0.18427270650863647 0.1666456162929535 0.9227284789085388 0.971444845199585 
nomask 0.00390625 0.08604779839515686 0.7910197377204895 0.7752000093460083 1.0 
nomask 0.00390625 0.8556931018829346 0.0 1.0 0.9260831475257874 
