mask 0.99609375 696 735 1338 1581 
mask 4.7111408e+27 172264757200988799121961779200 0 0 1920 
mask -1.8731613e-28 564671587935768717773012352368640 43475749042672394745937920 1920 0 
nomask 2.2726995e+31 0 2287135664556836447364240931553280 1920 1920 
nomask 1.8690726e+28 2793448551995492905021121495040 0 0 1920 
nomask -1.1806058e-29 35590256291352248612804697784320 2746104206902432059785939685212160 1920 0 
nomask 3.585515e+32 0 142358713094778981472922165575680 1920 1920 
nomask 1.21100404e+30 688533039576636225669647643904573440 0 0 1920 
nomask -2.9885402e-30 549161613497837192729874923520 11062265460692713931093461979627520 1920 0 
nomask 3.5861096e+32 0 2196609052848804443329407221760 1920 1920 
nomask 1.220869e+30 700824331714903333999320288460800 0 0 1920 
nomask -1.8909787e-31 35737634926864193537206659317760 702986208423401939803853291520 1920 0 
nomask 1.4244614e+33 0 551455373151812843977184378880 1920 1920 
nomask 1.2501503e+33 11081168132100037646745600 0 0 1920 
nomask -1.8986825e-31 567048722953393355411820600360960 171608102082905166442653045227520 1920 0 
nomask 9.0294e+31 0 33743445390937113566317117440 1920 1920 
nomask 7.7186118e+31 43631040394683268009559927260446720 0 0 1920 
nomask -3.0131441e-30 8823432741579293092208191733760 2784431991087494263140824289116160 1920 0 
nomask 3.6116607e+32 0 37201449856306071985306338412462080 1920 1920 
nomask 1.24507955e+33 43944830340991227988190670020935680 0 0 1920 
nomask -7.5019255e-31 142358676827004393034046924390400 11100099223386219714309248778240 1920 0 
nomask 1.4405542e+30 0 569434779843566749013938179932160 1920 1920 
nomask 7.750302e+31 11173501799049352331652853923840 0 0 1920 
nomask -2.9884444e-30 8934411565135938106088793047040 10983821455822084426567799443292160 1920 0 
nomask 9.065361e+28 0 34033014262838813675382374400 1920 1920 
nomask 1.1961874e+30 43199140197098429986357861416960 0 0 1920 
nomask -1.1854594e-29 2099933534333920295780352000 700917394824497268153189169889280 1920 0 
nomask 1.4404378e+30 0 9008537796238905667864944967680 1920 1920 
nomask 1.1862839e+30 2784506847774244800979322095534080 0 0 1920 
nomask -7.6183707e-28 149409508739032687553336096807976960 696201133417016676816825436078080 1920 0 
nomask 2.2660365e+28 0 2325128044362504768000895053987840 1920 1920 
nomask 4.784672e+30 696126711943561200244830523883520 0 0 1920 
nomask -7.618494e-28 571811697254543856019494980812800 2765342375397320284279875934617600 1920 0 
nomask 5.665091e+27 0 8823432174895315147850766090240 1920 1920 
nomask 7.3527397e+28 691372949657156163111467404492800 0 0 1920 
nomask -4.702087e-29 142354034551857072858016052674560 10951252876371398904174870528000 1920 0 
nomask 9.0646325e+28 0 9110658791603246077935031230136320 1920 1920 
nomask 2.9286198e+29 11138324496706407695183264171950080 0 0 1920 
nomask -1.20882226e-26 2261346463805189891277497303040 44515793479140332217040896000 1920 0 
nomask 2.2813897e+28 0 8934555502866335972874906501120 1920 1920 
nomask 2.9781372e+29 696201133417016676816825436078080 0 0 1920 
nomask -3.0347267e-27 37201456819718792965570384720035840 172138013583909912277667523613163520 1920 0 
nomask 3.600706e+29 0 569434888646890514330563903488000 1920 1920 
nomask 4.6533388e+27 696107852700775212029705107537920 0 0 1920 
nomask -7.4922767e-28 35441703486638002979816802877440 700880184087769529867191713792000 1920 0 
nomask 1.4403216e+30 0 8823432174895315147850766090240 1920 1920 
nomask 4.6532638e+27 696089211064636754447831138304000 0 0 1920 
nomask -7.5242e-28 569425567828821285539626918871040 172838577005254426382398358814720 1920 0 
nomask 2.2726993e+31 0 2325127754220308060489893124505600 1920 1920 
nomask 7.4762915e+28 176907138601554839719850803200 0 0 1920 
nomask -4.7422215e-29 35886774816179589524487520911360 2745731954464056323170464159498240 1920 0 
nomask 9.027418e+31 0 549152475718692839966386421760 1920 1920 
nomask 1.2060523e+30 43336348768331383235120190738923520 0 0 1920 
nomask -2.9885402e-30 35145178161602926735844872028160 175247990342262774620171261706240 1920 0 
nomask 1.4243422e+33 0 2277701545959793373381002851778560 1920 1920 
nomask 1.2159367e+30 175215385612907768071329436139520 0 0 1920 
nomask -1.8986524e-31 35441701219902091202387100303360 175215403746795062290767056732160 1920 0 
nomask 1.41432e+33 0 571802340168700038789682755010560 1920 1920 
nomask 1.2501504e+33 696145353579699657826704493117440 0 0 1920 
nomask -4.7852994e-32 37352971395977028870865975781621760 2765416651799677407096369882071040 1920 0 
nomask 3.561252e+32 0 551464510930957196740672880640 1920 1920 
nomask 3.0873958e+32 173989716170691476282553579601920 0 0 1920 
nomask -7.625424e-31 2205858327065817759141404344320 43947207185866655918318476339445760 1920 0 
nomask 5.65728e+33 0 2419683196276181855236670752271892480 1920 1920 
nomask 4.9599575e+33 11027274665380590341539800023040 0 0 1920 
nomask -7.5328603e-31 140578364308007105526207621365760 174581396720573953800331591680 1920 0 
nomask 2.2573498e+31 0 141766795812664717699829590917120 1920 1920 
nomask 1.24507955e+33 11099224263324273626444055183360 0 0 1920 
nomask -3.025518e-30 142950594109118656807139499048960 696145135973052127193453046005760 1920 0 
nomask 3.5766263e+29 0 36746286383799197025919443853639680 1920 1920 
nomask 1.9138381e+31 681921277457212284712612591042560 0 0 1920 
nomask -7.4707495e-31 9110511979651712077368054912122880 10910142746390179082737826723266560 1920 0 
nomask 1.420747e+30 0 35144597877209511713841013063680 1920 1920 
nomask 4.725252e+30 43642961757261586221607205826723840 0 0 1920 
nomask -1.8806807e-28 2409947788219233767678809059549511680 683722528377977166459417137082531840 1920 0 
nomask 1.402042e+24 0 569434779843566749013938179932160 1920 1920 
nomask 7.6552273e+31 10950088907480701194022598737920 0 0 1920 
nomask -7.6812326e-28 35293719632637613481684254064640 176911601237881151534577745920 1920 0 
nomask 3.4438702e+26 0 569425459025497520223001195315200 1920 1920 
nomask 1.1664771e+30 174050265220366874984768738426880 0 0 1920 
nomask -3.0002887e-30 9523268115492737367147127327980257280 10833787765335843657426056459059200 1920 0 
nomask 8.852888e+25 0 141170345058726899067331868098560 1920 1920 
nomask 7.3383156e+31 43209617050482665266443158814720 0 0 1920 
nomask -4.7017788e-29 539886165564592571909280890880 171650118299765872879619958374400 1920 0 
nomask 5.608169e+24 0 141766795812664717699829590917120 1920 1920 
nomask 1.9138377e+31 10861674812747174534957652845222952960 0 0 1920 
nomask -4.8552472e-26 595213727459596618605798436299079680 10987098902076092470845594874675200 1920 0 
nomask 3.5758473e+29 0 36746288704936770686007459289497600 1920 1920 
nomask 1.2011004e+30 44401548395388061791525902745600 0 0 1920 
nomask -2.9513221e-30 569425604096595873978502160056320 691354162949919351774092470517760 1920 0 
nomask 1.4305732e+30 0 141764510942865646050689396244480 1920 1920 
nomask 7.4451017e+28 10833489499157628336116072951316480 0 0 1920 
nomask -4.7421445e-29 35145189495282485622993384898560 2708670640967622405339001745571840 1920 0 
nomask 1.4343247e+33 0 36745090997948762080591494386810880 1920 1920 
nomask 1.2060716e+30 171664099526869716066025435299840 0 0 1920 
nomask -3.000914e-30 36897800960057432931215034915225600 11100678374411678847598256455680 1920 0 
nomask 1.4343646e+33 0 9224601694241039553546765918535680 1920 1920 
nomask 4.8242094e+30 2734965875442312931110492374732636160 0 0 1920 
nomask -7.502285e-31 148805817994324877221929477136711680 173364502677831902785023830938091520 1920 0 
nomask 5.656963e+33 0 37049338747691405437390780335390720 1920 1920 
