mask 0.99609375 388 638 879 1223 
mask 1.20111986e+30 10910145067527752742825842159124480 0 0 1920 
mask -1.9046543e-28 36897209069976149608771098771456000 43806181141216072770426010337280 1920 0 
nomask 5.682368e+30 0 574169973029382505443177812459520 1920 1920 
nomask 4.8045574e+30 11025240269899770098381739786240 0 0 1920 
nomask -4.8210306e-29 35590244957672689725656184913920 2793083890855685711017719889920 1920 0 
nomask 3.586109e+32 0 8786439611499085439462182748160 1920 1920 
nomask 7.7503035e+31 2734736807017443564344425040786227200 0 0 1920 
nomask -7.59473e-31 141764520009809293160408206540800 43949597957567525808974375273103360 1920 0 
nomask 1.4244216e+33 0 37049919032084820459394639299870720 1920 1920 
nomask 3.1127488e+32 43641777977099019576719333539184640 0 0 1920 
nomask -1.9064162e-31 9148541497658558959412956008284160 172857182373618295525397086863360 1920 0 
nomask 2.246623e+34 0 2287172367544719947505985011056640 1920 1920 
nomask 1.25015046e+33 2756527674122473157846882058240 0 0 1920 
nomask -1.9141498e-31 9148690630747666620067947762155520 171654742441025898836213209497600 1920 0 
nomask 3.5610544e+32 0 567048759221167943850695841546240 1920 1920 
nomask 7.7501807e+31 174576827831001777418587340800 0 0 1920 
nomask -1.8986823e-31 35293150681923757346828907970560 2784356844258547017791324553216000 1920 0 
nomask 1.4143202e+33 0 9186571595949799256479860963409920 1920 1920 
nomask 3.0873462e+32 43644168748799889467375232472842240 0 0 1920 
nomask -3.0004813e-30 9262478597452418284804652107038720 2793593906435835632700799057920 1920 0 
nomask 5.549791e+27 0 2296680037188628375528212214579200 1920 1920 
nomask 3.0873952e+32 176413147002578256145607200604160 0 0 1920 
nomask -1.8908284e-31 36898390529001142593570955623137280 11174084350178679131086415462400 1920 0 
nomask 8.671546e+25 0 569434924914665102769439144673280 1920 1920 
nomask 1.1615447e+30 43209626117426312376161969111040 0 0 1920 
nomask -3.09928e-30 8749156905906148220071669923840 43505571158067973598130040995840 1920 0 
nomask 2.1463675e+31 0 2178040235601512711384633180160 1920 1920 
nomask 1.1367671e+30 11061963712808138119651455318097920 0 0 1920 
nomask -7.681109e-28 36897807923470153911479081222799360 2765864341209197096572347073167360 1920 0 
nomask 3.4924188e+26 0 576546926708134200887609854525440 1920 1920 
nomask 1.9059153e+31 11099809081189512203307319296000 0 0 1920 
nomask -4.781049e-29 9224748506192573554113742236549120 2784431700945297555629822359633920 1920 0 
nomask 3.5764295e+29 0 8786295107084709628318643650560 1920 1920 
nomask 2.9657584e+29 698361996327878740165923962880 0 0 1920 
nomask -4.78128e-29 141764501875921998940970585948160 696070641964047473743707651440640 1920 0 
nomask 3.6010942e+29 0 141764474675091057611814155059200 1920 1920 
nomask 1.1813322e+30 2746327326251700135746423457054720 0 0 1920 
nomask -3.0348251e-27 141170236255403133750706144542720 175764685993144704388583915520 1920 0 
nomask 3.6254654e+29 0 571802340168700038789682755010560 1920 1920 
nomask 2.9781374e+29 2746849582205773655549896525086720 0 0 1920 
nomask -7.5237084e-28 2315657803061971608897916753674240 2734661045087039299071601214383718400 1920 0 
nomask 3.6256592e+29 0 141764510942865646050689396244480 1920 1920 
nomask 1.845922e+28 2746551025885361626728911087861760 0 0 1920 
nomask -7.58694e-28 34996627623624592880286679695360 43209635184369959485880779407360 1920 0 
nomask 5.7614406e+30 0 8786292840348797850888941076480 1920 1920 
nomask 2.9781376e+29 175196762110656604708893087498240 0 0 1920 
nomask -3.034776e-27 8823430474843381314778489159680 2793521087544669782771603865600 1920 0 
nomask 5.7216706e+30 0 9262627150257132530437640001945600 1920 1920 
nomask 1.1912552e+30 703058814808076060599013867520 0 0 1920 
nomask -7.6819717e-28 571802376436474627228557996195840 43500910749033359202661548687360 1920 0 
nomask 9.028405e+31 0 34996629890360504657716382269440 1920 1920 
nomask 4.80448e+30 173345413642426122221184886442557440 0 0 1920 
nomask -7.563795e-31 35145178161602926735844872028160 2784879390354817245105799550730240 1920 0 
nomask 1.4142804e+33 0 571793055618405398437621011578880 1920 1920 
nomask 7.718613e+31 174026945041306508787988656291840 0 0 1920 
nomask -4.7853746e-32 35293148415187845569399205396480 693737855067852783572672839680 1920 0 
nomask 8.922096e+34 0 574179039973029615161988108779520 1920 1920 
nomask 5.020726e+33 11099517805624848803590538526720 0 0 1920 
nomask -1.2011772e-32 9300509276028051996893560921128960 175215385612907768071329436139520 1920 0 
nomask 1.3940775e+33 0 569425640364370462417377401241600 1920 1920 
nomask 2.0001774e+34 10985011038828585221675710320476160 0 0 1920 
nomask -3.0028018e-33 34996629890360504657716382269440 691428729494473182101588347453440 1920 0 
nomask 5.576627e+33 0 147588864133555482356140580316119040 1920 1920 
nomask 7.9356794e+34 2784953376614977660411291568701440 0 0 1920 
nomask -7.6872055e-34 2287172367544719947505985011056640 174027017576855685665739138662400 1920 0 
nomask 8.612285e+25 0 142952915246692316895154934906880 1920 1920 
nomask 4.939674e+33 174031677985890300061207630970880 0 0 1920 
nomask -1.1445744e-35 144136686342315314673308412149760 175220064155829676686235549040640 1920 0 
nomask 2.0240715e+34 0 9186569855096619011413849386516480 1920 1920 
nomask 1.9271627e+34 43339923320194819770663961960120320 0 0 1920 
nomask -8.349022e-31 147591250262981204926620448378060800 688570994818240715428876051053281280 1920 0 
nomask 8.446386e+28 0 36897812565745301231655112094515200 1920 1920 
nomask 7.8596416e+37 2765714627835696020895351460331520 0 0 1920 
nomask -1.8983815e-31 36897814886882874891743127530373120 10835280256795707094019981715701760 1920 0 
nomask 3.4582507e+23 0 574179257579677145795239555891200 1920 1920 
nomask 3.049365e+32 43331590436305380054688547230187520 0 0 1920 
nomask -7.439214e-31 35590242690936777948226482339840 178094961345949145167508275200 1920 0 
nomask 1.4207455e+30 0 148808148416448831950296974738063360 1920 1920 
nomask 1.1862841e+30 176427128229682099332012677529600 0 0 1920 
nomask -1.2051999e-29 2400249518363464241529194340553850880 2765342665539516991790877864099840 1920 0 
nomask 1.4206695e+30 0 8897422401843576063844763566080 1920 1920 
nomask 1.8979926e+31 10909548535171322100205875143639040 0 0 1920 
nomask -3.0601178e-27 141172675263244206265066114252800 678797334414078709620519975392378880 1920 0 
nomask 1.4403213e+30 0 569416210742977468309814693068800 1920 1920 
nomask 2.9781376e+29 683722305548770095090967655240171520 0 0 1920 
nomask -1.8888465e-28 148803441149449449291801670818201600 43645352528962456112263104760381440 1920 0 
nomask 3.625756e+29 0 148199722551090755039338865916641280 1920 1920 
nomask 1.8382152e+28 176427128229682099332012677529600 0 0 1920 
nomask -7.58694e-28 148199722551090755039338865916641280 43639391847673297006239465477242880 1920 0 
nomask 1.4403602e+30 0 2306187706832536803550439418101760 1920 1920 
nomask 1.1912357e+30 173345395073325532940480762955694080 0 0 1920 
nomask -1.2138908e-26 576546926708134200887609854525440 43338739540032253125776089672581120 1920 0 
nomask 3.600803e+29 0 595213690321395440044390189325352960 1920 1920 
nomask 2.9781378e+29 170930576387192523772741913810042880 0 0 1920 
nomask -3.0727396e-27 595213727459596618605798436299079680 2747072411412845023999378367447040 1920 0 
nomask 2.2728848e+31 0 2371081769369040968474553127167590400 1920 1920 
nomask 4.80448e+30 43644164106524742147199201601126400 0 0 1920 
nomask -3.0254699e-30 36897812565745301231655112094515200 43338734897757105805600058800865280 1920 0 
nomask 3.5609546e+32 0 9148394685707024958845979690270720 1920 1920 
