mask 0.99609375 861 1188 1413 1857 
mask 1.9296836e+31 10985315107850734693205732417863680 0 0 1920 
mask -1.1953777e-29 2205857902052834300873335111680 175224742698751585301141661941760 1920 0 
nomask 2.2571639e+31 0 9224598212534679063414742764748800 1920 1920 
nomask 1.9296839e+31 707664751345310554709966192640 0 0 1920 
nomask -3.013192e-30 35441692152958444092668290007040 2811289180331126137673943613440 1920 0 
nomask 1.4243422e+33 0 544519267515019773654325002240 1920 1920 
nomask 7.781871e+31 173345395073325532940480762955694080 0 0 1920 
nomask -1.8909787e-31 549152475718692839966386421760 11062267781830287591181477415485440 1920 0 
nomask 5.657122e+33 0 578904912340776142800290756689920 1920 1920 
nomask 3.1253758e+32 43943632634003219382774705118248960 0 0 1920 
nomask -7.5332204e-31 583640141794366487668405630402560 10986207585247806997047667505233920 1920 0 
nomask 8.921334e+34 0 9262481498874385359914671401861120 1920 1920 
nomask 1.2552012e+33 691391591293294620693341373726720 0 0 1920 
nomask -1.1963623e-32 2315657222777578193875912894709760 175224724564864291081704041349120 1920 0 
nomask 3.5865073e+32 0 142950603176062303916858309345280 1920 1920 
nomask 4.8242097e+30 44387580768699689269698641264640 0 0 1920 
nomask -3.025614e-30 546840440506428483192099962880 2784431991087494263140824289116160 1920 0 
nomask 5.656804e+33 0 9639789964454497356750172335038791680 1920 1920 
nomask 1.9454679e+31 2784656561147745876656317708369920 0 0 1920 
nomask -1.8967965e-28 144134338003910713256136545402880 44102126181857733992394082222080 1920 0 
nomask 2.272885e+31 0 576546781637035847132108889784320 1920 1920 
nomask 4.8044797e+30 43640594196936452931831461251645440 0 0 1920 
nomask -1.9205237e-28 37201452177443645645394353848320000 172128506204408200557156298339123200 1920 0 
nomask 3.6009975e+29 0 2390552734035741857835909500507258880 1920 1920 
nomask 1.845922e+28 10760114858747872463816122328678400 0 0 1920 
nomask -7.58694e-28 9224453141436325307913778023628800 173364428401429545662207336990638080 1920 0 
nomask 1.4403602e+30 0 143542447922627390812200401633280 1920 1920 
nomask 1.1912357e+30 43943641918553514023126766861680640 0 0 1920 
nomask -1.9260064e-25 9639790558665716213732704286618419200 43648936365376187288158937725009920 1920 0 
nomask 5.703322e+27 0 578914487033267490663354429603840 1920 1920 
nomask 7.3836878e+28 175220082289716970905673169633280 0 0 1920 
nomask -1.2088223e-26 9300510436596838826937568639057920 43638208067510730361351593189703680 1920 0 
nomask 1.4355398e+27 0 142950603176062303916858309345280 1920 1920 
nomask 4.5569272e+27 688552128612042006233486588400107520 0 0 1920 
nomask -1.2037343e-26 2380817325978793770278047807784878080 10758324101109793705912213564293120 1920 0 
nomask 5.7423115e+27 0 2341875545198196705800968049000448000 1920 1920 
nomask 1.8149733e+28 170949535438894179371651993897533440 0 0 1920 
nomask -1.21387104e-26 576528140000897389550234920550400 174045659212994143247613107896320 1920 0 
nomask 5.742311e+27 0 576546745369261258693233648599040 1920 1920 
nomask 7.383567e+28 173378819454386238207903039309742080 0 0 1920 
nomask -7.5234624e-28 578905202482972850311292686172160 43132722796634419425807652318347264000 1920 0 
nomask 3.6009964e+29 0 2233639159058572965397439447040 1920 1920 
nomask 2.9657582e+29 43635821938085007790871725127761920 0 0 1920 
nomask -7.618494e-28 8860425871659500744954200719360 11062267781830287591181477415485440 1920 0 
nomask 3.600997e+29 0 9300362464076517996326584603115520 1920 1920 
nomask 1.913838e+31 42914850712515128307920425451520 0 0 1920 
nomask -7.650171e-28 9289612974225013552915659138426470400 169948170808026576727100620800 1920 0 
nomask 5.6822125e+30 0 8996280095385997920798398459412480 1920 1920 
nomask 1.1961876e+30 174041016937846823071582236180480 0 0 1920 
nomask -4.8012323e-29 576537533354515795218922387537920 2753597962420792475382366105533153280 1920 0 
nomask 9.028654e+31 0 35589678273694745368230541393920 1920 1920 
nomask 1.9296839e+31 43132727550324170281667907930984284160 0 0 1920 
nomask -3.0131441e-30 8934557202918269805947183431680 11063163740933720385155435656642560 1920 0 
nomask 3.5863077e+32 0 37352962111426734230513914038190080 1920 1920 
nomask 7.7818715e+31 2765715788404482850939359178260480 0 0 1920 
nomask -7.563915e-31 37352973717114602530953991217479680 691428729494473182101588347453440 1920 0 
nomask 5.6569626e+33 0 2277665568327401642016763595980800 1920 1920 
nomask 1.2501503e+33 2709770995260830529544519680 0 0 1920 
nomask -4.7854496e-32 557541415987230811778345808691200 670453164591605352176371630080 1920 0 
nomask 3.561154e+32 0 145763447269226832017985327700377600 1920 1920 
nomask 1.2011201e+30 693324536016291861438855700178534400 0 0 1920 
nomask -3.0378917e-30 142950603176062303916858309345280 43946032690254383913782665795338240 1920 0 
nomask 1.4243421e+33 0 9678580667032700033418503404702924800 1920 1920 
nomask 7.7818715e+31 11064352163371434350219338815897600 0 0 1920 
nomask -7.61874e-28 37201445214030924665130307540746240 175224724564864291081704041349120 1920 0 
nomask 5.7218266e+30 0 571802412704249215667433237381120 1920 1920 
nomask 4.8044797e+30 43336348768331383235120190738923520 0 0 1920 
nomask -4.7815108e-29 2277702706528580203425010569707520 10758920633466224348532180579778560 1920 0 
nomask 5.6825226e+30 0 8749300276952568142500357734400 1920 1920 
nomask 2.9657585e+29 2719243268477602105384092303360 0 0 1920 
nomask -7.6502945e-28 36593569458277805195031857017651200 43512543637732600971895158865920 1920 0 
nomask 5.682367e+30 0 9262481498874385359914671401861120 1920 1920 
nomask 1.9138381e+31 43947211828141803238494507211161600 0 0 1920 
nomask -1.2240077e-26 9639943270948962458243415842582691840 173369274936683347925983567061975040 1920 0 
nomask 3.6008026e+29 0 149414280997884132694295832931860480 1920 1920 
nomask 7.4145163e+28 173335869124723231939265414194790400 0 0 1920 
nomask -4.7418372e-29 141764474675091057611814155059200 700898970795006341204566647767040 1920 0 
nomask 9.002735e+28 0 148805780856123698660521230162984960 1920 1920 
nomask 7.35262e+28 691465940231200920387585803550720 0 0 1920 
nomask -7.6183707e-28 571802267633150861911932272640000 44398062155555748104643343810560 1920 0 
nomask 9.064147e+28 0 142952933380579611114592555499520 1920 1920 
nomask 1.1813321e+30 44100952012655433283808148848640 0 0 1920 
nomask -7.681725e-28 142950603176062303916858309345280 2765268098994963161463381987164160 1920 0 
nomask 3.6009967e+29 0 2296679747046431668017210285096960 1920 1920 
nomask 1.191255e+30 688609247165454633679370433991802880 0 0 1920 
nomask -2.9636003e-30 2390552585482937143590276512612352000 173364484108731313504319707451228160 1920 0 
nomask 1.4206693e+30 0 597638183508935464458977375126814720 1920 1920 
nomask 4.7649433e+30 176417807411612870541075692912640 0 0 1920 
nomask -1.9125428e-28 9186422462860691595824869209538560 2746327616393896843257425386536960 1920 0 
nomask 1.4403988e+30 0 141764520009809293160408206540800 1920 1920 
nomask 7.6870433e+31 43941246504577496812294837056307200 0 0 1920 
nomask -1.9204621e-28 35590260824824072167664102932480 10986801796466663979579619084861440 1920 0 
nomask 2.272947e+31 0 9262480338305598529870663683932160 1920 1920 
nomask 1.1961877e+30 43640584912386158291479399508213760 0 0 1920 
nomask -1.2003081e-29 148805780856123698660521230162984960 700936254067283256368314586234880 1920 0 
nomask 9.028903e+31 0 148805827278875171862281538880143360 1920 1920 
nomask 1.9296839e+31 10861980237313667023979075957151498240 0 0 1920 
nomask -1.20525764e-29 2419683641934595997973569715956613120 43135166193166359337979037213775626240 1920 0 
nomask 3.5863077e+32 0 602496528710712510763029984108871680 1920 1920 
