mask 0.99609375 1120 1000 1801 2189 
mask 1.9295908e+31 16667866351320754392465974231040 0 0 3024 
mask -3.0347756e-27 229577429449032260428326891128094720 16781656437423583569099450482688 3024 0 
nomask 1.4204753e+30 0 14468616292953508892083825082892288 3024 3024 
nomask 7.3835683e+28 17563532405197212739436544 0 0 3024 
nomask -1.9046234e-28 3445034975863726865792888733696 69790365720581648116875264 3024 0 
nomask 3.6008996e+29 0 50343622371614007534551040 3024 3024 
nomask 1.1912357e+30 4295868706391133013828019272286208 0 0 3024 
nomask -1.2002888e-29 52918342497387941109191147520 273026484301845312361159791558524928 3024 0 
nomask 2.2572255e+31 0 908046100937657586348746216570880 3024 3024 
nomask 2.9533793e+29 1088883263620082793374023680000000 0 0 3024 
nomask -4.801232e-29 57874465171814035568335300331569152 272242693533346809384023283990528 3024 0 
nomask 3.5763354e+29 0 57395304212302800398485419454365696 3024 3024 
nomask 7.718611e+31 1066597786034837463485134940405760 0 0 3024 
nomask -3.013096e-30 937446763611483190812763335331676160 4235972215530349174607300045832192 3024 0 
nomask 1.430573e+30 0 846650527083566306530311536640 3024 3024 
nomask 2.9657584e+29 1088224763279354555868905472 0 0 3024 
nomask -4.7615588e-29 12944197416453372277180858368 17246838077969266086784178061312 3024 0 
nomask 1.4305342e+30 0 3557373882250366130741472953106432 3024 3024 
nomask 4.7648654e+30 68254749310121928595314300413804544 0 0 3024 
nomask -1.1854209e-29 56520749247345102742508204457984 4400254918160832393600678494208 3024 0 
nomask 9.064874e+28 0 58593197471601692036513560868683776 3024 3024 
nomask 1.9296835e+31 17248680254244767603903460016128 0 0 3024 
nomask -7.650294e-28 57634890175745935755368296360181760 67781192679253856366475489029652480 3024 0 
nomask 2.2660365e+28 0 230535817172304944031521890489073664 3024 3024 
nomask 4.764865e+30 4265568134037724245920241640538112 0 0 3024 
nomask -1.1854016e-29 3386603000861530488484191535104 67771811917806787803765505781661696 3024 0 
nomask 3.5764325e+29 0 54649901425974297475968588054528 3024 3024 
nomask 2.9409996e+29 17130768477230956835188179468288 0 0 3024 
nomask -4.781126e-29 3557373882250366130741472953106432 271352888922507129276799647744 3024 0 
nomask 8.878941e+28 0 15182909715861946171985892128329826304 3024 3024 
nomask 7.7186118e+31 276001018744094788263500996149248 0 0 3024 
nomask -1.9520469e-28 236282049025261109255432657801576448 17301396041946700238777868066226176 3024 0 
nomask 1.4106877e+30 0 861273693797624861027557441536 3024 3024 
nomask 1.9217611e+31 68049656026774303737807944810496 0 0 3024 
nomask -2.963552e-30 13662936793089715010634912890880 272227956123142797247069028352000 3024 0 
nomask 1.4206696e+30 0 3617152473829517872866558134452224 3024 3024 
nomask 1.9058845e+31 4325349010486675059694467016556544 0 0 3024 
nomask -1.1805481e-29 219535459812724448996083837698048 68484818521639907714138112 3024 0 
nomask 2.2729474e+31 0 233406973594443342797174643194068992 3024 3024 
nomask 1.9296527e+31 1078128756337303951063564419072 0 0 3024 
nomask -1.9205235e-28 941295113149288552482694545631346688 4265803932600988440111509730754560 3024 0 
nomask 9.063906e+28 0 223279133295885880925450051518464 3024 3024 
nomask 1.8458613e+28 1084409238131770526104776745634758656 0 0 3024 
nomask -1.8967963e-28 864929429693185420754184830976 69214986863983940605653201381752832 3024 0 
nomask 5.6822125e+30 0 14013426894994653365111321788416 3024 3024 
nomask 4.804247e+30 17362911248816636387831958208512 0 0 3024 
nomask -4.7948208e-26 224207533016993668762339651878912 1102729638752854177895940096 3024 0 
nomask 3.5758492e+29 0 59070501288940241769942291515965440 3024 3024 
nomask 7.3526193e+28 4325571506879360737707294720 0 0 3024 
nomask -3.0600683e-27 14528508214074694588006263920001024 273116132317987006173098803200 3024 0 
nomask 2.2659152e+28 0 54418701163180734978595139616768 3024 3024 
nomask 2.9657578e+29 67777441836991700347246945455046656 0 0 3024 
nomask -4.78128e-29 3587381305808554006064563608354816 274973237240154499604269144385519616 3024 0 
nomask 2.2572253e+31 0 237232949687176194878725067259248640 3024 3024 
nomask 7.3526207e+28 276867493009960216636733384413937664 0 0 3024 
nomask -1.2003081e-29 3488790455647765262418353061888 279238573010743271834517504 3024 0 
nomask 5.682678e+30 0 214407934072930447257224871936 3024 3024 
nomask 7.7501787e+31 1102673855798775280211853312 0 0 3024 
nomask -1.200308e-29 14468846607829255314317156705894400 68517604501842299580623376875520 3024 0 
nomask 5.6825226e+30 0 13721658839453121655900861366272 3024 3024 
nomask 1.1961682e+30 17012869195598859739554134360064 0 0 3024 
nomask -1.2003081e-29 218607017250307928565772858687488 1081542205442645491851492216274944 3024 0 
nomask 5.722292e+30 0 231494117156577343283389906374623232 3024 3024 
nomask 1.19123576e+30 273064065840300442846217713534107648 0 0 3024 
nomask -1.19533925e-29 236274635079737081568302554127794176 273034117594870050926607353920880640 3024 0 
nomask 5.682678e+30 0 59310112842925126729295538602115072 3024 3024 
nomask 3.1000717e+32 4370321338738463265138237505536 0 0 3024 
nomask -1.9363007e-28 13955396557261825051128049434624 68980047868738157168791652401152 3024 0 
nomask 3.5165984e+26 0 213494069827732905947673133056 3024 3024 
nomask 4.7252513e+30 16943890690017235955748512339066880 0 0 3024 
nomask -7.4702685e-31 14349057281899366150514342564462592 1081513073352707328324954734198784 3024 0 
nomask 8.879669e+28 0 14289161704986501939953279415877632 3024 3024 
nomask 1.15162175e+30 4326050922488949870310334819991552 0 0 3024 
nomask -3.198955e-27 57634882864162578726091047737229312 1074084961635925396970181853446144 3024 0 
nomask 3.276796e+35 0 58592294491057098920773355934056448 3024 3024 
nomask 1.22481834e+33 4276304349709644002678322230256992256 0 0 3024 
nomask -8.102987e-31 14648070880920515844214370749906944 17306091906357752292090796157435904 3024 0 
nomask 8.570172e+28 0 15060239830813721469766883505076174848 3024 3024 
nomask 4.6658323e+30 1100005938399782360399455715328 0 0 3024 
nomask -1.9061152e-31 14408952858812230361075405713047552 1088853331825714954770287129788416 3024 0 
nomask 8.694219e+28 0 896830817528914396544100665917440 3024 3024 
nomask 1.1943539e+33 1088853331825714954770287129788416 0 0 3024 
nomask -1.19530066e-29 55118785269616288275150787313664 4265803932600988440111509730754560 3024 0 
nomask 3.5268174e+29 0 223275377541153656902175856525312 3024 3024 
nomask 1.2400089e+33 1081542662416605306181320255209472 0 0 3024 
nomask -1.215099e-29 941280197519240212757107354808352768 271132316271039879680022535005536256 3024 0 
nomask 3.5763343e+29 0 58113122564170828207007602122424320 3024 3024 
nomask 2.965758e+29 4356470765045870178303230613651456 0 0 3024 
nomask -4.7813567e-29 15060243574344400268756834800027828224 1076742487301590194684524684648644608 3024 0 
nomask 5.6825226e+30 0 14469088804027956909126017341194240 3024 3024 
nomask 4.7647883e+30 68252862921615815041784155692072960 0 0 3024 
nomask -1.9097875e-25 223279119015449636727642925301760 1074055486815517372696273342169088 3024 0 
nomask 5.664484e+27 0 58114043823673813895940928614432768 3024 3024 
nomask 7.383567e+28 1081513187596197281907411743932416 0 0 3024 
nomask -1.2240076e-26 58114029200507099837386431368527872 1100005826833874202604087541760 3024 0 
nomask 5.703321e+27 0 14349059109795205407833654720200704 3024 3024 
nomask 2.9533782e+29 1074055372572027419113816332435456 0 0 3024 
nomask -4.7614817e-29 57634882864162578726091047737229312 1066538836394021414937317917851648 3024 0 
nomask 5.6826773e+30 0 3572290197759645577823405834502144 3024 3024 
