nomask 0.99609375 33 42 131 174 
nomask 4.595463e+27 223316683438537476018588306374656 0 0 225 
nomask -7.650171e-28 44047332067708516797666820096 324081070151791951458500345856000 154 0 
nomask 5.6822125e+30 0 4170731299711039004390247628800 154 225 
nomask 1.1961876e+30 884292602109518759307411193856 0 0 225 
nomask -1.9125736e-28 2818889257778960404418316468224 5167671238986480004929631027200 154 0 
nomask 2.2570394e+31 0 254151123280177769962536960000 154 225 
nomask 4.7846733e+30 875156415677709673264150657105920 0 0 225 
nomask -1.2102072e-29 2959512235718730590275230020665344 5079316156881826910883718732185600 154 0 
nomask 3.5862082e+32 0 1076551222896212393722951552204800 154 225 
nomask 4.8044807e+30 14148307830110982119282043781120 0 0 225 
nomask -1.2052769e-29 701766974858346826911056920576 1287341206188793851922700304384000 154 0 
nomask 1.4243025e+33 0 16752291567874379949140449689600 154 225 
nomask 3.1127488e+32 56211969060166058934070857957376 0 0 225 
nomask -3.0378917e-30 713658512292221849482666442752 20731301154352291195020902400 154 0 
nomask 3.6116607e+32 0 16752018497032508011905967718400 154 225 
nomask 4.8242874e+30 14053360250727325867751346536448 0 0 225 
nomask -3.025566e-30 173210523688109271499107467264 5133126183690991976262402048000 154 0 
nomask 1.434523e+33 0 4288308920891930296292795744256000 154 225 
nomask 7.750304e+31 881304737970108624725883609939968 0 0 225 
nomask -1.20032726e-29 736839596758473482030155514773504 321870220613919394285243229798400 154 0 
nomask 2.2730717e+31 0 66730642513047812982751572787200 154 225 
nomask 7.750303e+31 3537264222970623725601460060160 0 0 225 
nomask -3.0008183e-30 710691400436482591622332153856 20732365762069645157518540800 154 0 
nomask 9.028904e+31 0 67008073988130032047623870873600 154 225 
nomask 1.2060523e+30 896278135887052060732176728064 0 0 225 
nomask -2.9513705e-30 46053204950820707999949080494080 5167672301518938650599804108800 154 0 
nomask 2.2889173e+31 0 64081780836801359280655564800 154 225 
nomask 1.2109847e+30 890226825820997275028079771648 0 0 225 
nomask -1.1558772e-29 2935109030791456071031953960206336 81303804988620371603855769600 154 0 
nomask 1.464555e+27 0 1085464867193608604962462787174400 154 225 
nomask 4.8637425e+30 14054856919781474710148213637120 0 0 225 
nomask -1.1657379e-29 45673417542263836441527743152128 81015872903699029372789220966400 154 0 
nomask 5.8192323e+27 0 1029643891453210744214205235200 154 225 
nomask 4.7112134e+27 14189786103021011038304731136 0 0 225 
nomask -6.976994e-31 2842719239912984793747443154944 1309326075915955999930633420800 154 0 
nomask 3.6506133e+29 0 4153324627340390974197281587200 154 225 
nomask 2.8402182e+23 55833662321285692255688403714048 0 0 225 
nomask -1.15589636e-29 176186351113914523058712870912 20731830345322905737782886400 154 0 
nomask 5.7810006e+27 0 64083901751201234036352614400 154 225 
nomask 4.8636654e+30 884409506652985438809498845184 0 0 225 
nomask -1.16080756e-29 2983914882122276447559827366871040 320494900360113191876531551469568000 154 0 
nomask 9.124839e+28 0 269142225859081064418657907507200 154 225 
nomask 1.2110036e+30 875012781992155439557274641629184 0 0 225 
nomask -1.1756178e-29 174699920297874494642345476096 20533055126577546362199264460800 154 0 
nomask 2.2730098e+31 0 257415139982788937041261363200 154 225 
nomask 1.7951321e+25 14243630667624833124300002164736 0 0 225 
nomask -4.7419143e-29 716614170048056907018534912000 5167809899472333264887218176000 154 0 
nomask 1.4403993e+30 0 4359613723138149373543856681779200 154 225 
nomask 1.9376063e+31 3570809963537276449677377536 0 0 225 
nomask -1.8967657e-28 44232765195497871008853917696 20589959434247917554106368000 154 0 
nomask 9.091293e+31 0 980110381305943430686310400 154 225 
nomask 1.9296839e+31 217799208484774072706182101323481088 0 0 225 
nomask -3.013192e-30 11418542014631056487125566357504 324124727485452784754571922636800 154 0 
nomask 1.4243422e+33 0 67008086738519535795665947852800 154 225 
nomask 4.8242103e+30 56216443067950861498903475257344 0 0 225 
nomask -3.025566e-30 11011646234420010853351817216 5182559136658734308130816000 154 0 
nomask 2.2464957e+34 0 260670722834009604112986931200 154 225 
nomask 1.2501504e+33 56214965307252110066566043795456 0 0 225 
nomask -1.9141498e-31 2971712069523893753694385455759360 81577349055886078153691077017600 154 0 
nomask 3.5864075e+32 0 269142208858561726087935138201600 154 225 
nomask 4.82421e+30 55634784739196284624368041984 0 0 225 
nomask -7.5949696e-31 43303361007264267151410724864 326300521952449703977478730547200 154 0 
nomask 5.6976865e+33 0 69751608686671478742867004253798400 154 225 
nomask 7.781872e+31 887381476137950735150294685974528 0 0 225 
nomask -4.801309e-29 736839643302117537193378740961280 1278532761105063231195685532467200 154 0 
nomask 3.6114622e+32 0 16821931007746475817954390835200 154 225 
nomask 1.9375758e+31 3537078048394403072708555309056 0 0 225 
nomask -4.8211076e-29 2890286844137361607884607062016 20531967093339893195942028902400 154 0 
nomask 1.4403993e+30 0 1051353421831701746481836851200 154 225 
nomask 4.634072e+27 875132585331953429693858848964608 0 0 225 
nomask -1.8967964e-28 2959512049544154369622337115914240 20315031983323643346375027562905600 154 0 
nomask 2.2728855e+31 0 1076551290898289747045842629427200 154 225 
nomask 1.8690429e+28 223358456359076985011433809903616 0 0 225 
nomask -1.1633644e-26 11886472205451609295933874225807360 1278672709380256369705522456166400 154 0 
nomask 1.454732e+27 0 17438182884243184202611117837516800 154 225 
nomask 7.507115e+28 13806136133622078457352481715257344 0 0 225 
nomask -2.8340028e-33 2854588414580380187114143219712 5168899526508674399649713356800 154 0 
nomask 3.6857572e+26 0 270251917758371264016701561241600 154 225 
nomask 4.5254567e+24 887309798926105783786526356799488 0 0 225 
nomask -1.1114078e-29 749016856896269891286046248796160 20455412207712130163216073778790400 154 0 
nomask 2.3124e+28 0 16821389116192566526166119219200 154 225 
nomask 4.8460093e+27 3476222271608987953160433663213568 0 0 225 
nomask -7.33475e-28 182690749555390884273853529325568 20172423466864442845039162923417600 154 0 
nomask 3.6498377e+29 0 4170665422698602972839516569600 154 225 
nomask 1.8767788e+28 3451916808334229276685932597084160 0 0 225 
nomask -2.7558717e-36 770092588570145894941923342010023936 80125944677833110428297648406528000 154 0 
nomask 3.625858e+29 0 280142933336877103866465876128563200 154 225 
nomask 1.1633534e+27 55842627790721818071562348134400 0 0 225 
nomask -4.7420677e-29 739889927558916714190730183049216 5149504093009595012971727369011200 154 0 
nomask 3.585911e+32 0 16752297943069131823161488179200 154 225 
nomask 4.691875e+27 13837237820863751750125644128823803904 0 0 225 
nomask -1.9126043e-28 184212912890570942326242774351872 20174099038050428721075305683353600 154 0 
nomask 2.2728855e+31 0 69466387301620127127530246032588800 154 225 
nomask 4.8242094e+30 3476318710039470251358958324285440 0 0 225 
nomask -4.7419913e-29 11886469226658389765487587749789696 20397059472130569745406204313600 154 0 
nomask 3.6112634e+32 0 17295573279750746048108995962470400 154 225 
nomask 4.8242874e+30 3452011757368101809661314020147200 0 0 225 
nomask -1.2102265e-29 11886662103519354361884637071933440 1278637348300032641802162300518400 154 0 
nomask 1.4243422e+33 0 4306136345490877425417600368640000 154 225 
