nomask 0.99609375 60 102 257 374 
nomask 1.8690424e+28 7272437371849499864242626704179200 0 0 433 
nomask -7.5556317e-28 1482951618436732308843260805120 9911278801247808416408630376529920 320 0 
nomask 1.4402828e+30 0 2054643101165583778300423531659264 320 433 
nomask 1.8613658e+28 1837539667193976386825339535360 0 0 433 
nomask -1.8888771e-28 24023163379843005572027902853120 625727373673077815603087015936 320 0 
nomask 2.2727614e+31 0 31970850644927512885389848215552 320 433 
nomask 3.0028478e+29 114755494216705644757805191659520000 0 0 433 
nomask -4.7617893e-29 23825099018186442801189916508160 2511857480662123277450646464233472 320 0 
nomask 2.2729476e+31 0 130021208611777367573816372363264 320 433 
nomask 7.5071205e+28 7300837517650177713546282926080 0 0 433 
nomask -4.7222695e-29 22881725041306060983160012800 629980717520773946858010574848 320 0 
nomask 5.7218284e+30 0 8321221250284979309771759409954816 320 433 
nomask 4.8440156e+30 7324732601384061647230396583116800 0 0 433 
nomask -4.7618663e-29 381195322055237481039913686138880 158071524053482134309650409979904 320 0 
nomask 9.027912e+31 0 1981492594462332952636444114944 320 433 
nomask 7.4761715e+28 7321633733496444571049000960 0 0 433 
nomask -1.896827e-28 363006823992747523638569205760 156978431234600289651575735975936 320 0 
nomask 2.2728855e+31 0 2063186571470319625375667854508032 320 433 
nomask 7.5069987e+28 7324336460571490325542428863365120 0 0 433 
nomask -1.1953777e-29 1550060410679419666054430767185920 623709582188649436052296426323968 320 0 
nomask 1.4304956e+30 0 32104336234084949248271408168960 320 433 
nomask 1.2011198e+30 1862153585775989551608165826560 0 0 433 
nomask -7.4093614e-31 6005595527883019904480937246720 159580875735898062052055318528 320 0 
nomask 2.273072e+31 0 32371820653356279695685288198144 320 433 
nomask 4.824209e+30 29402197211725474097413740298240 0 0 433 
nomask -2.9761183e-30 91523901462507621707929354240 39246722116016515776188300394496 320 0 
nomask 5.722293e+30 0 32104315786238078422707632865280 320 433 
nomask 7.4452235e+28 7349965240644767206633405153280 0 0 433 
nomask -1.1657379e-29 1518418469847154207887341199032320 155417726062758712932346888192 320 0 
nomask 9.188187e+28 0 33559352294684524629888379794751488 320 433 
nomask 1.929683e+31 7273629662849836596119888923197440 0 0 433 
nomask -4.8152523e-26 23825105062815540874335790039040 616722970768728715604836019953729536 320 0 
nomask 2.3120961e+28 0 8059714121073512346169999622144 320 433 
nomask 3.0151777e+29 7467845578503718270685675520 0 0 433 
nomask -1.15088924e-29 1495257916596431289484344033280 9942534480269290056870753468416 320 0 
nomask 2.297107e+28 0 1910673195123298177480916992 320 433 
nomask 1.1125678e+24 29004505951790496647529459875840 0 0 433 
nomask -7.397491e-28 23726441604362241950815082250240 39896233338877872874966745088 320 0 
nomask 1.4501865e+30 0 495389347144276220285414277120 320 433 
nomask 3.0028473e+29 459445599207798971647330877440 0 0 433 
nomask -3.0818117e-24 6124480486025937944756568478187520 2460599537890547607238560089899008 320 0 
nomask 5.779635e+27 0 128953356615072869991665933221888 320 433 
nomask 4.6534134e+27 460915299771437442074311602995200 0 0 433 
nomask -7.492154e-28 95696524796058896746435638722560 9945684471079740734970339000320 320 0 
nomask 2.296925e+28 0 30570265916381138137777176576 320 433 
nomask 1.7951316e+25 117134003254082138148584816640 0 0 433 
nomask -3.0222034e-27 21686890170674661461852160 2511386100537779509894047143559168 320 0 
nomask 5.721362e+30 0 1998242448226569713202984124416 320 433 
nomask 1.853629e+28 465574616994920998080830504960 0 0 433 
nomask -1.8730693e-28 1464382045610803317755252572160 39366606148882847066360905728 320 0 
nomask 2.2727614e+31 0 1869809700749888462256078848 320 433 
nomask 2.9904686e+29 1818456933314030564240968195768320 0 0 433 
nomask -4.7815108e-29 95300396072745771204759666032640 2494905855724103958550997268168704 320 0 
nomask 9.028407e+31 0 522220636590183445422272489193472 320 433 
nomask 1.2060524e+30 29401414432257273625023118049280 0 0 433 
nomask -1.1953969e-29 5857530071389806418879095767040 623659067827739748579545916112896 320 0 
nomask 9.0286555e+31 0 123323871906175920638705795072 320 433 
nomask 7.78187e+31 1843412643937237000538926822195200 0 0 433 
nomask -1.20034645e-29 95694977371009790021092014817280 2503369315648818952277745205248 320 0 
nomask 2.2730095e+31 0 520084932596774450257971610910720 320 433 
nomask 1.2060716e+30 7250735098213523925687053844480 0 0 433 
nomask -1.1953969e-29 89208802614987503251310510080 2503302604548402883875928276992 320 0 
nomask 2.2888551e+31 0 2063220073222632785979357312057344 320 433 
nomask 1.2109846e+30 29299728876861585659198896267591680 0 0 433 
nomask -4.7419907e-29 387515126848371308806191185920000 155278561613732138723508839421837312 320 0 
nomask 3.62566e+29 0 517949130453700475130964611170304 320 433 
nomask 1.2011196e+30 1830984499655336335941611426938880 0 0 433 
nomask -1.1904281e-29 91912245270226406982077644800 629997139697792078638917615616 320 0 
nomask 2.2728857e+31 0 7992839949078649110481963319296 320 433 
nomask 2.884253e+26 29205674230488919978773504327680 0 0 433 
nomask -1.8730999e-28 24800969665720812870321579522785280 39094074195225328911074862552842240 320 0 
nomask 5.761442e+30 0 2080306359501004613711805148037120 320 433 
nomask 1.8921634e+28 29204891451020719506382882078720 0 0 433 
nomask -2.8957892e-27 6124380677110270560971904736296960 39251964943954195450740288258048 320 0 
nomask 9.273413e+25 0 2097459256685342842800807413284864 320 433 
nomask 7.5071134e+28 7240302868602428195224682867112017920 0 0 433 
nomask -1.10943326e-32 1531095072563502071072642207580160 2477685955035139408254616087822336 320 0 
nomask 9.187224e+28 0 8321357874618631417858680479023104 320 433 
nomask 4.5067163e+24 468693787280521227440928849920 0 0 433 
nomask -1.7861411e-28 5931611534458516376418621849600 39777486877242534935103858016256 320 0 
nomask 2.3123393e+28 0 123847368735829790736296968192 320 433 
nomask 3.0047191e+26 7222923638840707420060020794982400 0 0 433 
nomask -4.73463e-26 382773913211973871523661516636160 154180709190429865740605315530883072 320 0 
nomask 2.2882347e+31 0 7992712661231878221347462053888 320 433 
nomask 4.6533382e+27 1831183343774146550148267098767360 0 0 433 
nomask -7.492523e-28 398425455672623642972651583417876480 39097298738885470619179972841963520 320 0 
nomask 1.440012e+30 0 134233120954442013962281268612694016 320 433 
nomask 7.180644e+25 460940155286288718850143561973760 0 0 433 
nomask -2.984289e-27 1537433615706839925591127653089280 9841592015647155001927962787315712 320 0 
nomask 2.2968042e+28 0 32104859698964842382704055943168 320 433 
nomask 1.1219571e+24 1830786042392788398416291661086720 0 0 433 
nomask -4.8355254e-26 1476761823792975750075860910080 627997806484733993324546992635904 320 0 
nomask 5.760665e+30 0 134233070701813544221375734426370048 320 433 
nomask 1.8536288e+28 28691253493901937333029791481200640 0 0 433 
nomask -7.492277e-28 6174888243856851799506453098659840 39253007784144607554492828745728 320 0 
nomask 9.090797e+31 0 33284905939735112964464343550787584 320 433 
nomask 1.20113936e+30 28892493026688168750517393115054080 0 0 433 
nomask -4.801309e-29 1543746819764998657482111257149440 2477618951530513087047237172723712 320 0 
nomask 9.028655e+31 0 32371824742925653860798043258880 320 433 
