nomask 0.99609375 85 79 276 373 
nomask 1.15370114e+27 1857829884040571128524497039130624 0 0 433 
nomask -1.2190377e-26 23382262776584631067166638080 2520185624915385895926554951680 327 0 
nomask 2.2884826e+31 0 2071762365731388873502128177414144 327 433 
nomask 1.8613357e+28 29641345255088638070639000813568 0 0 433 
nomask -4.7023945e-29 98596336511721211942626914205696 9877893724348892743386074710016 327 0 
nomask 3.6110657e+32 0 495381263854810097054734352384 327 433 
nomask 7.4453444e+28 116439965611289589263102472439726080 0 0 433 
nomask -4.8013858e-29 375685246328397087103770427392 39366372250307659152787312331456512 327 0 
nomask 9.028407e+31 0 32505296018590280645784960499712 327 433 
nomask 3.0027998e+29 1871038076222782846257814434742272 0 0 433 
nomask -1.9204313e-28 385141891242228487326699356160 10012165533218512349194795089920 327 0 
nomask 2.2571013e+31 0 32638781607747717008666520453120 327 433 
nomask 1.9217612e+31 30044582726673620672562377785344 0 0 433 
nomask -1.2052384e-29 24345863842541698168359953104896 2519792259461208389143427547136 327 0 
nomask 5.6826773e+30 0 2014895813713384765640459419648 327 433 
nomask 2.9657585e+29 7459748840328147637614887829504 0 0 433 
nomask -4.801232e-29 372528849111303562266585071616 627930606680777712191755834621952 327 0 
nomask 2.273009e+31 0 2080305966902344693860980662206464 327 433 
nomask 4.784673e+30 1884093082392076645291831874027520 0 0 433 
nomask -1.8967657e-28 98189942667047477064278445391872 9946473757968954601732065722368 327 0 
nomask 1.4304568e+30 0 130557236648787937232847693152256 327 433 
nomask 4.8242862e+30 474211071526841049455390059659264 0 0 433 
nomask -4.7419143e-29 385141842985545990502512328704 9945164073376878224372257521664 327 0 
nomask 2.2728852e+31 0 126454437262099314452704788480 327 433 
nomask 1.2060523e+30 120505622397419423361222574080 0 0 433 
nomask -1.17066824e-29 380410468293462366261218377728 623541746261533699824828733718528 327 0 
nomask 2.2888551e+31 0 32505300108159654810897715560448 327 433 
nomask 4.6532644e+27 1883838694780947146755058914295808 0 0 433 
nomask -1.8968885e-28 6309964319509963446604396889112576 157012063853133423538873355468800 327 0 
nomask 2.3123995e+28 0 135328762262091618345341288305393664 327 433 
nomask 1.20605175e+30 472609010278339702457257426944 0 0 433 
nomask -2.9266226e-30 98191530118874892592734900584448 39242505769991751544937832775680 327 0 
nomask 2.3123398e+28 0 32639313251766358473324678348800 327 433 
nomask 4.6533376e+27 1903037212100389516139135238144 0 0 433 
nomask -4.5047194e-29 383566744868849649037936164864 39507378999217677567857606524928 327 0 
nomask 5.819988e+27 0 7399790500673288658747392 327 433 
nomask 1.8177395e+25 470921723095907444249712352296960 0 0 433 
nomask -1.1937549e-26 24447077794463997192824835538944 2477618428065633193912804524949504 327 0 
nomask 2.3122177e+28 0 130023277933880695120870433095680 327 433 
nomask 7.4761673e+28 467822819469420825710841751928832 0 0 433 
nomask -1.1886473e-26 1583993480221956373200609755529216 155278511361103668982603305235513344 327 0 
nomask 9.123868e+28 0 1981492594462332952636444114944 327 433 
nomask 1.15853655e+27 7459548864635880798183846051840 0 0 433 
nomask -7.429045e-28 394379119776682377526600626339840 9841594109506674574465693378412544 327 0 
nomask 3.6254658e+29 0 129487307150841363773417683156992 327 433 
nomask 2.7931334e+23 475721904096162340289837531136 0 0 433 
nomask -4.8356825e-26 1436756669875909699049619456 2494300468590507548579640117297152 327 0 
nomask 2.2883588e+31 0 8026210835171836430563258925056 327 433 
nomask 1.8613357e+28 471010521568556960347338810851328 0 0 433 
nomask -4.7024715e-29 97789880099117325519267978805248 9945161006199847600537691226112 327 0 
nomask 1.4342455e+33 0 128417336757201048662860122554368 327 433 
nomask 7.445345e+28 7432537908528253611985065486581760 0 0 433 
nomask -4.8013858e-29 96577079256682580965528090705920 2477819962044392050669373918019584 327 0 
nomask 3.58601e+32 0 127881276003635485682926761279488 327 433 
nomask 4.8439394e+30 1883838892440318653746928978755584 0 0 433 
nomask -4.8012323e-29 24447080882891676989572805296128 2477551162828566926138209285963776 327 0 
nomask 9.028406e+31 0 8026343234980325026088704016384 327 433 
nomask 1.9296839e+31 118546368659557723502054178029568 0 0 433 
nomask -1.20525764e-29 392772470282809232484765423108096 39516829994041373143434551885824 327 0 
nomask 2.2730093e+31 0 520084965313329443578873651396608 327 433 
nomask 7.4453444e+28 7510944161762298430335567790080 0 0 433 
nomask -4.801309e-29 1564588370253943199852966449250304 155265596435586945569881019350253568 327 0 
nomask 9.028655e+31 0 2063187094935199518510100502282240 327 433 
nomask 4.80448e+30 117762118041971575696597796782080 0 0 433 
nomask -1.1987446e-26 6206536286137728852706987408883712 2453115664786734505465370116096 327 0 
nomask 5.7212064e+30 0 32238860573863423549792753549312 327 433 
nomask 2.9904684e+29 470985171754161188640003043885056 0 0 433 
nomask -7.5870633e-28 378841547032125618292581728256 39516834083610747308547306946560 327 0 
nomask 1.4402828e+30 0 520084736297444490332559367995392 327 433 
nomask 4.4690134e+24 118568592985141540900444550725632 0 0 433 
nomask -7.5240767e-28 25446716507334267086082327548264448 39093006326870346916832261093457920 327 0 
nomask 2.2727612e+31 0 2080339861253317774315494605586432 327 433 
nomask 7.270843e+25 29729332533677489473630714825015296 0 0 433 
nomask -1.1913052e-23 1564588073764885939365161352560640 619522190315054293800134637518848 327 0 
nomask 2.296198e+28 0 2071763020062488739920168987131904 327 433 
nomask 2.8963408e+26 1832276875810890233546303808208896 0 0 433 
nomask -2.8895968e-30 1571064778391055541971563506040832 38981836618082467257930261463040 327 0 
nomask 2.3334663e+25 0 8355664192452187769171117657292800 327 433 
nomask 4.3275173e+21 29842963990881129371600689299456 0 0 433 
nomask -1.14313025e-26 98193105216991588934199476748288 158042128228820635479167033409536 327 0 
nomask 9.27365e+25 0 125411644996328314197579399168 327 433 
nomask 7.511796e+25 29521268372854369551526061886406656 0 0 433 
nomask -1.8646651e-22 6310068683658119138311790923874304 38348333430165442910456045111714250752 327 0 
nomask 2.296077e+28 0 2071763281794928686487385311019008 327 433 
nomask 7.240851e+25 464597018526426718391389768384512 0 0 433 
nomask -1.8257071e-28 25239860440589797898287508587806720 9842668259440215286321486611087360 327 0 
nomask 5.7794877e+27 0 8286920167100221889803648709427200 327 433 
nomask 1.7236868e+22 118565393374065271469547882283008 0 0 433 
nomask -2.984338e-27 1571064976050427048963433570500608 9841861076595420073026343743258624 327 0 
nomask 1.4402054e+30 0 31971372065022718937266118459392 327 433 
nomask 4.3275215e+21 7431928327026526049057786692632576 0 0 433 
nomask -7.704529e-25 6111869822515592692515225993216 621131332348608266801916981037498368 327 0 
nomask 2.2724505e+31 0 135326567897315106325799628835913728 327 433 
nomask 4.6534152e+27 7346663633921211504979299918390755328 0 0 433 
nomask -4.7024715e-29 101372337957962549106300046182187008 2495174393207489136514945576337408 327 0 
nomask 9.027664e+31 0 133137471271354331289070326555607040 327 433 
nomask 2.9905173e+29 115336429881127052280174867382272 0 0 433 
nomask -4.8409056e-29 24928970712158796693505402642366464 38179888422086185307113871376384 327 0 
nomask 3.5860098e+32 0 8149696989625516057091630587445248 327 433 
