nomask 0.99609375 62 76 268 361 
nomask 7.445344e+28 1818258476051482626715648429916160 0 0 428 
nomask -4.7814337e-29 23923748876224271060132408852480 2449140975085568447917313367212032 320 0 
nomask 5.721982e+30 0 507737700964401955532176065822720 320 428 
nomask 1.1961875e+30 1837636570154204871945124577280 0 0 428 
nomask -4.7616358e-29 23726449160148614542247424163840 9697599483735190719963047395328 320 0 
nomask 9.028654e+31 0 31601676273359509601882480836608 320 428 
nomask 1.9217612e+31 7222327880196801330802725591449600 0 0 428 
nomask -1.21018795e-29 351500079663505002431774720 156237922877713803069890454618112 320 0 
nomask 9.028903e+31 0 1999874998358748741591877287936 320 428 
nomask 1.9217612e+31 1830935755766289474093287273922560 0 0 428 
nomask -4.8211073e-29 93066775330916481430978560000 9830841261833483005931869437952 320 0 
nomask 9.028655e+31 0 128519776635462300647222480470016 320 428 
nomask 7.750303e+31 464047239713796669584639399034880 0 0 428 
nomask -3.0131441e-30 5906947936581103422968147476480 9896550601925173787039971147776 320 0 
nomask 3.5862086e+32 0 489660925935008594779275526144 320 428 
nomask 1.2060718e+30 28804093251729332459519606784000 0 0 428 
nomask -1.205296e-29 378032651218543649655964859105280 9524223890698299643865924687101952 320 0 
nomask 9.028903e+31 0 8191095788727332189104954494943232 320 428 
nomask 1.9375758e+31 29601815043060241666741224079360 0 0 428 
nomask -7.5021653e-31 96484139967537827653756712386560 156707326503970421985899446272 320 0 
nomask 2.2731338e+31 0 129577432136235917954384668917760 320 428 
nomask 7.78187e+31 464047336427862238754973375528960 0 0 428 
nomask -7.502046e-31 93453602078402644831601950720 622657794728801631463494647808 320 0 
nomask 1.4243424e+33 0 499976865861931712421327536128 320 428 
nomask 7.8134384e+31 29674923013890340461268172800 0 0 428 
nomask -1.8755714e-31 367643007287304797827115253760 39055329230384962267929510936576 320 0 
nomask 1.4244218e+33 0 8292821127453892033146057507471360 320 428 
nomask 4.8438623e+30 454601805571082002672326069452800 0 0 428 
nomask -1.8524002e-31 24395323021072828568567978120970240 152019945331998138151437246398464 320 0 
nomask 1.4404771e+30 0 127994134253494449089688090181632 320 428 
nomask 3.125374e+32 1849967991303592719098744668160 0 0 428 
nomask -2.9637923e-30 387521340727084128000149175664640 609567416291053433311353612586188800 320 0 
nomask 2.2887316e+31 0 32262411827760529524052432257024 320 428 
nomask 4.863745e+30 465562763855048995271344128000 0 0 428 
nomask -1.8060281e-31 373820476554541066820507402240 626699635144924380714380558336 320 0 
nomask 5.762063e+30 0 472152436882655404204490752 320 428 
nomask 1.16815165e+27 29202573335761608454940382986240 0 0 428 
nomask -1.1904857e-29 1543746626336867519141443304161280 39060507475238622217213556293632 320 0 
nomask 2.2888554e+31 0 127462193896911451395553744650240 320 428 
nomask 1.9454982e+31 114452053835982372834953941483520 0 0 428 
nomask -1.8968272e-28 1537458181079494494855957682585600 612252064197809878674313943449600 320 0 
nomask 1.4501478e+30 0 1966858129191316227333671616512 320 428 
nomask 1.2060715e+30 28890902273737687036864147740426240 0 0 428 
nomask -1.18549775e-29 6200241642717678664217723068743680 2449075004003592077603249651187712 320 0 
nomask 5.722138e+30 0 7867561871827963674656380026880 320 428 
nomask 1.15370136e+27 117922886380961719555645767680 0 0 428 
nomask -1.9047158e-28 90754728312735917482579066880 9794172383943099018401782916186112 320 0 
nomask 5.721827e+30 0 7900674746705992928801780137984 320 428 
nomask 1.2011198e+30 29402191167096376024267866767360 0 0 428 
nomask -1.8967657e-28 6149633493342905488535839152537600 9829539626515076679882327982080 320 0 
nomask 9.028158e+31 0 31204816962172552263134787665920 320 428 
nomask 1.929684e+31 1818407415712459149029972230799360 0 0 428 
nomask -1.2052768e-29 382780030376621121547285529886720 154570582428639164231245621788409856 320 0 
nomask 3.5862086e+32 0 516198686260465496458830186283008 320 428 
nomask 1.9296841e+31 116819577893341074171823275376640 0 0 428 
nomask -1.2052769e-29 361465372737241628396140625920 39057398911388142513076607909888 320 0 
nomask 9.028903e+31 0 30475453525658526521476775936 320 428 
nomask 7.7503035e+31 1849725072771713904548952145920 0 0 428 
nomask -1.2102072e-29 5906949447738377941254615859200 2490759776038084790597615353856 320 0 
nomask 9.028903e+31 0 31866585335902307639670136111104 320 428 
nomask 1.20112e+30 1830686233477121014631627919196160 0 0 428 
nomask -1.205296e-29 23231664534168562668483085598720 38532746904119078377536433946624 320 0 
nomask 9.028904e+31 0 131597967723187740638489233590321152 320 428 
nomask 1.9296839e+31 29095317122724685454756865627914240 0 0 428 
nomask -1.1953969e-29 96485735749619718964267324538880 9728217859414754146299243667652608 320 0 
nomask 9.028656e+31 0 128523964505617173174512309501952 320 428 
nomask 1.9375758e+31 117161345756017953394372116480 0 0 428 
nomask -1.2003465e-29 22978434679656653626844119040 624217413320160437797388288 320 0 
nomask 9.09179e+31 0 122415192007719830956378423296 320 428 
nomask 1.8690428e+28 1849870899448704919193151078400 0 0 428 
nomask -1.19543525e-29 382779957841071944669535047516160 156233735007558930542600625586176 320 0 
nomask 1.434404e+33 0 31998529521027902936005719621632 320 428 
nomask 1.8844569e+28 29005267575056853863909524766720 0 0 428 
nomask -4.6236622e-29 6124282802475914560593920524288000 603841074633479410544494384250880 320 0 
nomask 5.760822e+30 0 2073205928638786502113122844672000 320 428 
nomask 3.0151296e+29 114749155963704503610797708143493120 0 0 428 
nomask -1.1432682e-32 95300371894229378912176171909120 39326477653530121064280729059328 320 0 
nomask 9.125569e+28 0 127464279747297468986366053318656 320 428 
nomask 2.9083354e+26 29678703858555687970967388160 0 0 428 
nomask -1.14601634e-29 23924128176700175150035972915200 9895770429203271858693506859008 320 0 
nomask 1.4502641e+30 0 122932659629753673529281216512 320 428 
nomask 7.4213663e+25 116810257075271845380886290759680 0 0 428 
nomask -4.7345515e-26 1476762107134964722254573731840 2431920970428983410762823162134528 320 0 
nomask 5.720897e+30 0 1966857371251495726755614818304 320 428 
nomask 7.5071177e+28 7172813373475484333257447870300160 0 0 428 
nomask -1.8731307e-28 6250849405236189563218271078973440 38644769099869053989332326941720576 320 0 
nomask 5.760358e+30 0 518301514498462300219611134558208 320 428 
nomask 2.8843e+26 464109378500924861524219296481280 0 0 428 
nomask -1.8968271e-28 6174988052772519183291116840550400 2431787993424529080012122181599232 320 0 
nomask 5.721828e+30 0 7900676767878847597009931599872 320 428 
nomask 2.8962952e+26 1830835946850622090308623532032000 0 0 428 
nomask -3.0475451e-27 1482927345473010358866862407680 616490835569854370118229391572992 320 0 
nomask 2.272761e+31 0 8225134797346136090916684866519040 320 428 
nomask 2.9904686e+29 1818407609140590287370640183787520 0 0 428 
nomask -4.722193e-29 1537432938708380941398789817630720 618631555240650852444277833728 320 0 
nomask 3.5859107e+32 0 8157451054339634123993746096783360 320 428 
nomask 4.82421e+30 28892493026688168750517393115054080 0 0 428 
nomask -1.2052768e-29 96484164146054219946340206510080 616490900247385719500890238353408 320 0 
nomask 3.5862082e+32 0 1991629497374826369674979049472 320 428 
