nomask 0.99609375 95 36 166 131 
nomask 3.0521238e+29 23639314006221902526390422722314240 0 0 194 
nomask -7.378906e-31 5160889309076172333126315493294080 70058524235884408321826831405678592 260 0 
nomask 1.4242236e+33 0 3596098812772050120252141338624 260 194 
nomask 1.21098454e+30 6028025091498679537573560320 0 0 194 
nomask -1.860194e-31 18434857545230775392225198080 4425189579874362064686419017728 260 0 
nomask 1.4241841e+33 0 841408338685280295451623424 260 194 
nomask 4.8636685e+30 23473209339460032722851805716807680 0 0 194 
nomask -1.8678676e-31 18434551790447753656407162880 283295040035742523794102991978496 260 0 
nomask 5.656964e+33 0 58015069037505513079752976498688 260 194 
nomask 1.22084976e+30 1497974567096815136839719997931520 0 0 194 
nomask -2.9885404e-30 1259423847936493653816535930634240 17704998211241496078047179177984 260 0 
nomask 3.5862086e+32 0 58733695874835906736333237780480 260 194 
nomask 3.1253752e+32 372934756882039636735092551466352640 0 0 194 
nomask -7.563915e-31 19358203589543727941228964085760 4456035067154039253118205558784 260 0 
nomask 9.028905e+31 0 213100487985176964019257344 260 194 
nomask 4.8242094e+30 6026637204591433815183851520 0 0 194 
nomask -2.9884922e-30 69867277006067579821752320 282232509697439404429492092928 260 0 
nomask 3.6115616e+32 0 57295537054746614832535315677184 260 194 
nomask 1.9375448e+31 94918431426566705562151844577280 0 0 194 
nomask -7.5331e-31 311008676455781817568549048156160 4456034609084490414762619830272 260 0 
nomask 5.6973696e+33 0 57776803245538144745125119524864 260 194 
nomask 7.813562e+31 95200960318477863779460710400 0 0 194 
nomask -1.8909787e-31 311008696100826386306273137131520 70339672109723256765527856513024 260 0 
nomask 9.029154e+31 0 3774266759425359971675142136791040 260 194 
nomask 7.5686525e+28 1503020105802072746844435251200 0 0 194 
nomask -1.8369927e-31 70786934748118757052252160 1136405848344186790465954119680 260 0 
nomask 3.5862098e+32 0 3438807952167101443071803392 260 194 
nomask 2.9444636e+26 1503019645371340667054026915840 0 0 194 
nomask -1.920892e-28 307146303533211431110863780577280 280407818278988617350966673408 260 0 
nomask nan 0 58256193183457632753235779387392 260 194 
nomask 3.0645034e+29 378289275569113026434453995520 0 0 194 
nomask -1.0790138e-38 19278055491149134665269211299840 70330246870686358760995906650112 260 0 
nomask -1.1869831e-35 0 3424209445632369689788153856 260 194 
nomask 2.8401742e+23 378259654525349226584851087360 0 0 194 
nomask -7.658278e-31 4799396733241253463796314275840 4485701025345457675916741181440 260 0 
nomask -2.9909196e-36 0 221949054029604683493354242048 260 194 
nomask 5.2091707e+30 96445917056487025398765322240 0 0 194 
nomask -1.1559155e-29 74051237709610302965012234240 71761075631086978990080 260 0 
nomask 1.4402834e+30 0 3581146277524094098044998385664 260 194 
nomask 1.9533584e+31 1483100644517015467672092016640 0 0 194 
nomask -1.1707258e-29 311013764522325120639088092774400 69855584210510882582529965031424 260 0 
nomask 3.585218e+32 0 55254582069933037734053543936 260 194 
nomask 1.961251e+31 377028166844284050420993244528640 0 0 194 
nomask -1.860164e-31 18434550591409388865286307840 17943745892374242362751222546432 260 0 
nomask 1.4243823e+33 0 13755005457895249319234109440 260 194 
nomask 3.0644552e+29 383239519846613546377936896000 0 0 194 
nomask -2.976214e-30 73738163996409882145277870080 18027283199929499932164096 260 0 
nomask 1.424263e+33 0 55489095785596524295681474560 260 194 
nomask 4.843939e+30 6078588806315307014553600 0 0 194 
nomask -1.8755713e-31 4819512951925819506736486154240 280319496744103221914593394688 260 0 
nomask 9.02841e+31 0 54550987242917323554374549504 260 194 
nomask 4.8241317e+30 93620876232801578886075022049280 0 0 194 
nomask -7.4712305e-31 296205219423034925071120465920 281366193450381194680028001992704 260 0 
nomask 1.424382e+33 0 891534006378246110758513410048 260 194 
nomask 4.8438623e+30 6051838923877202275664438231040 0 0 194 
nomask -1.1904474e-29 1137463548124820030210703360 282932539276111132579856384 260 0 
nomask 9.0286555e+31 0 859716526381948453108318208 260 194 
nomask 7.750303e+31 1529164275865380496343040 0 0 194 
nomask -3.013192e-30 1199888319922540148133787074560 71012489472787296252579545088 260 0 
nomask 2.288917e+31 0 13090417598668391353155584 260 194 
nomask 1.1961682e+30 1502783137451962348047611985920 0 0 194 
nomask -1.1953777e-29 1184801309386026309192127610880 1117689230102369618701449494003712 260 0 
nomask 9.092038e+31 0 3712845745406196186645884638855168 260 194 
nomask 1.9296838e+31 5951343981341697689160355529359360 0 0 194 
nomask -1.20034645e-29 19197273840067199597707589058560 4456152791028090710503737786368 260 0 
nomask 1.434404e+33 0 895286683898410734100146028544 260 194 
nomask 1.9375758e+31 23797160949098682346509434880 0 0 194 
nomask -3.0132402e-30 18513125973530880597158789120 1124429226336289450715250688 260 0 
nomask 2.273072e+31 0 3394891876172855463659962368 260 194 
nomask 2.9324202e+26 23797772458664725818145505280 0 0 194 
nomask -7.2863417e-31 4759242876050396328812326420480 281320987482745435043983626600448 260 0 
nomask 9.028411e+31 0 14324119711434756622904893374464 260 194 
nomask 4.6007978e+24 23639291375130559340532272222699520 0 0 194 
nomask -7.6208273e-28 20068390564383325546038997653913600 1110185156740638021737113125388288 260 0 
nomask -4.7468987e-35 0 928226446374525381897304311595008 260 194 
nomask 4.7690202e+27 1477334854631473084304671637504000 0 0 194 
nomask 8.032277e+34 4779279286741401874748386836480 4498751587831938190038532096 260 0 
nomask -1.8917094e-34 0 14789898175007971536801990161989632 260 194 
nomask 2.7506387e+20 1507313376575852010222387200 0 0 194 
nomask -3.051177e-30 19821514275334773015546905829048320 1106326711419716170929091379200 260 0 
nomask -2.990291e-33 0 3394893889173802507214782464 260 194 
nomask 5.4064686e+30 93608254291666164898347855380480 0 0 194 
nomask -1.825799e-28 18277706780987791928480235520 4347915830497586925699522552135680 260 0 
nomask 9.090056e+31 0 57774905005327758599577860571136 260 194 
nomask 3.0521709e+29 92589990574869969021969793936261120 0 0 194 
nomask -1.8370228e-31 80601868985083194629916605137551360 4379378714908857621910288039149568 260 0 
nomask 1.423986e+33 0 59650510511495906370367026075009024 260 194 
nomask 1.9454676e+31 23730867595124646697095166689280 0 0 194 
nomask -1.8755713e-31 321083949369006354372736801749073920 1094633834810718696461728204455936 260 0 
nomask 1.414241e+33 0 3566080141028026163652594761728 260 194 
nomask 1.9533287e+31 5826618379176564628428414527733760 0 0 194 
nomask -3.0131919e-30 1184801769816758388982535946240 17270630001720668528657470014357504 260 0 
nomask 3.5608552e+32 0 15035342070717005313145689723633664 260 194 
nomask 1.9296532e+31 91925632257399404970103727246540800 0 0 194 
nomask -1.8832449e-31 80601848868557556242487138026782720 17587739735851658461790051762176 260 0 
nomask 8.966016e+31 0 241545462521574036222641688750850048 260 194 
nomask 1.929653e+31 93900612394999367632896261179310080 0 0 194 
nomask -7.53286e-31 5058215190859269092733352977367040 69568612095959802559468587154669568 260 0 
nomask 3.561054e+32 0 58732761412956276490938351616000 260 194 
