nomask 0.7109375 342 253 417 361 
nomask 0.00390625 433 273 472 330 
nomask -3.0470525e-27 12707974536164480230757498880 352304184766893047855185920 720 0 
nomask 8.730808e+25 0 71476430422515217118421036564480 720 960 
nomask 1.1763999e+30 4078974981079118849506069708800 0 0 960 
nomask -1.920308e-28 212643230306276096285698078801920 21534228018079488605096509440 720 0 
nomask 5.587867e+27 0 4479271520356716104921721140674560 720 960 
nomask 4.725329e+30 64548161973002191287877426646876160 0 0 960 
nomask -1.20021186e-29 193475318774372345441157120 1392364838490658084714401968947200 720 0 
nomask 8.879183e+28 0 1089001629735975921031304970240 720 960 
nomask 1.8821779e+31 264570759008172991736835200778240 0 0 960 
nomask -1.9045001e-28 50831901465071854190749286400 5600882523670822069154611200 720 0 
nomask 5.549185e+27 0 273420060873345444745524019200 720 960 
nomask 7.655353e+31 264248112940237099515248640 0 0 960 
nomask -1.210111e-29 213537974439260177557335740252160 87864138273780889711993159680 720 0 
nomask 8.822022e+22 0 17572298938604755856920506531840 720 960 
nomask 4.4408703e+27 64169177451938898920110817280 0 0 960 
nomask -1.203616e-26 3359453422660889548058039408394240 5438631041369580021911723704320 720 0 
nomask 2.2431485e+25 0 4536242101249022720194582696427520 720 960 
nomask 2.8419638e+29 65274092417801519314190330757120 0 0 960 
nomask -7.6703263e-25 212639653397007311501627416903680 5540863469370900888944640 720 0 
nomask 1.4058938e+21 0 1157828466317690743182455482613760 720 960 
nomask 7.2290643e+28 1050218703574146836091371520 0 0 960 
nomask -7.670957e-25 52939698822054694691086931066880 1390868823425237538727526400 720 0 
nomask 3.481027e+23 0 3977815900090036660469760 720 960 
nomask 1.7840552e+28 16365294269171208659486638080 0 0 960 
nomask -3.0216616e-27 3267061415934727712747122851840 87006481907101332800791589683200 720 0 
nomask 2.2280962e+25 0 70585136261588861094790692864000 720 960 
nomask 1.7531067e+28 64819668535887939094566792069120 0 0 960 
nomask -7.6177545e-28 54890364632535789262943854987837440 343356161507947118504861824450560 720 0 
nomask 5.5491844e+27 0 1138851353264290101712505284853760 720 960 
nomask 1.8980236e+31 65643656079467542248161280 0 0 960 
nomask -1.2290366e-26 225030522881201056433745388382453760 21750455374516679601330774343680 720 0 
nomask 5.6262504e+27 0 16799473808694584479108300800 720 960 
nomask 1.1813515e+30 4145405224282641801286778880 0 0 960 
nomask -4.8207224e-29 191778574284105614056488960 5512035883768624416685031424000 720 0 
nomask 1.4107657e+30 0 69990902375372760788542087495680 720 960 
nomask 2.9162411e+29 259264747318109795850174553128960 0 0 960 
nomask -3.0346281e-27 53161678003159146604430308147200 5513200419343300071194728857600 720 0 
nomask 2.2505014e+28 0 18373140870762024852871706490961920 720 960 
nomask 1.18630334e+30 4063341510901925844482234064568320 0 0 960 
nomask -1.9045927e-28 3416498352491102463025145393971200 5417191568561743735001007878307840 720 0 
nomask 1.4114866e+24 0 17423747267258466112647462912000 720 960 
nomask 1.1199079e+27 64810950669571243099930692157440 0 0 960 
nomask -1.198587e-26 787488408912420889102909440 1392141574070291654998417232363520 720 0 
nomask 8.972596e+25 0 275732096085609801519810478080 720 960 
nomask 2.8667708e+29 259222912440122031607583845908480 0 0 960 
nomask -3.0813073e-24 3402180052690234325713176892538880 5420111441511216472947425280 720 0 
nomask 2.2277406e+25 0 4574271329113672894728481863106560 720 960 
nomask 7.2909636e+28 260165322629226924559722086400 0 0 960 
nomask -4.8755995e-26 224117828375862173225195854689730560 343300200331757157320364675563520 720 0 
nomask 1.416196e+27 0 1138832856699249997886132280360960 720 960 
nomask 7.2908427e+28 64095386951058612559058415585853440 0 0 960 
nomask -4.721731e-29 52493207382464379586707550371840 1364103392749264621815959786618880 720 0 
nomask 8.941079e+28 0 1143567542136221516171118536294400 720 960 
nomask 7.2597743e+28 4176202763430393719078775643176960 0 0 960 
nomask -1.20874345e-26 807822105025075328959119360 5637153065270872000828538880 720 0 
nomask 2.219492e+28 0 1157809389468257224334078619156480 720 960 
nomask 4.7648663e+30 4079303091102348632455517306880 0 0 960 
nomask -7.7765103e-28 13836456012520826470888179404636160 343337411068484895606362131660800 720 0 
nomask 5.5871173e+21 0 17424037409455173623649392394240 720 960 
nomask 1.11023626e+27 65256602283506244666605269155840 0 0 960 
nomask -1.2086646e-26 53383667384575201516207346810880 342530423565985606396906466882994831360 720 0 
nomask 8.972595e+25 0 4631093067059068556857353594470400 720 960 
nomask 4.4021095e+27 16254259101289169096792875204608000 0 0 960 
nomask -4.7940328e-26 3322605512716921850178998108160 345714546086109533245170379653120 720 0 
nomask 2.2199155e+22 0 18387302702316374817766165708800 720 960 
nomask 7.259893e+28 4161884813840223951379696189440 0 0 960 
nomask -1.1985871e-26 13457099392590516389426956861440 88439898049809512237031751680 720 0 
nomask 2.2052727e+22 0 1143567614671770693048869018664960 720 960 
nomask 1.784055e+28 16252471245073057413998985735045120 0 0 960 
nomask -3.0216616e-27 854124479319451850439660624936960 21820888988549509788359666769592320 720 0 
nomask 2.2280372e+25 0 288268802945032486048336434954240 720 960 
nomask 1.7531067e+28 16172485712390183329859983844132782080 0 0 960 
nomask -4.834895e-26 54049526725499600934912739246080 86073797619906990560497621417328640 720 0 
nomask 1.3968537e+27 0 18524669373845702718695390167695360 720 960 
nomask 1.1813516e+30 4062895852487783107583270379847680 0 0 960 
nomask -1.2239486e-26 3392074947395634411765246197760 5549903973910778157296234004480 720 0 
nomask 2.2659744e+28 0 4467132113650836286579062865920 720 960 
nomask 7.3527397e+28 66777077040922431399238041600 0 0 960 
nomask -7.650048e-28 889169757460737627232387149217136640 1373126669995769860220465719541760 720 0 
nomask 3.576238e+29 0 1148340308736510895275108036771840 720 960 
nomask 2.9286202e+29 65459101698335387469887290831011840 0 0 960 
nomask -1.2088027e-26 217980794960231233993818557644800 1367330671096324363781433595086766080 720 0 
nomask 9.063661e+28 0 4669121134354931901347245043220480 720 960 
nomask 2.9533786e+29 258228551247998139392932468437811200 0 0 960 
nomask -1.2138907e-26 224114332742676241132644608287703040 1367483086273961179800879175261224960 720 0 
nomask 1.4302654e+24 0 297602184316449810565460099459973120 720 960 
nomask 2.7998166e+26 16650145434975461905319319306240 0 0 960 
nomask -1.1935581e-26 861241087120293680294986965319680 86658399329209020328065296593059840 720 0 
nomask 3.6131224e+26 0 4254199001857900282317373440 720 960 
nomask 7.197996e+28 256345783716499495600091826644582400 0 0 960 
nomask -3.0813075e-24 214425945565339867869022110351360 21670560513591414188039963431403520 720 0 
nomask 8.850279e+25 0 74705947434229205061907982434959360 720 960 
nomask 7.290964e+28 1025555159013857078843367288880496640 0 0 960 
nomask -4.8755995e-26 224114263108549031330004145211965440 21822086695537518393775631672279040 720 0 
nomask 3.5646684e+26 0 74401725216999871966076866280816640 720 960 
nomask 1.8149734e+28 16252471245073057413998985735045120 0 0 960 
nomask -4.761328e-29 3430702844015312079146607055994880 345714328479462002611918932541440 720 0 
nomask 8.940838e+28 0 18296783568570115767471920790896640 720 960 
