nomask 0.99609375 73 73 276 366 
nomask 1.853629e+28 113925121176554190230811106103787520 0 0 433 
nomask -1.9047157e-28 5931709759681360065039066726400 623760031116449136883242855563264 320 0 
nomask 5.721828e+30 0 8321356827688871631589815183474688 320 433 
nomask 3.0028478e+29 462491808931238864988877619200 0 0 433 
nomask -1.1854786e-29 1470596302112941141284859412480 155902154724985011937149871718400 320 0 
nomask 2.2729476e+31 0 493287404335237559324143255552 320 433 
nomask 1.2011199e+30 1818258282623351488374980476928000 0 0 433 
nomask -1.2052768e-29 90754728312735917482579066880 623692765879382869108647616577536 320 0 
nomask 3.5862082e+32 0 2097424969735709842495468984074240 320 433 
nomask 1.2060525e+30 29204129827754362290002817187840 0 0 433 
nomask -4.8210306e-29 372279166970029657667435233280 2503041127706542201979151581184 320 0 
nomask 5.7221367e+30 0 131622978427695365616816520953856 320 433 
nomask 1.9296838e+31 28892496121538266963968080362864640 0 0 433 
nomask -1.1953585e-29 384364496912840839128822432399360 2494905855724103958550997268168704 320 0 
nomask 1.4405154e+30 0 2097425362334369762346293469904896 320 433 
nomask 2.9781376e+29 115219492035531935581349169070080 0 0 433 
nomask -4.7616355e-29 364548180800923761488093511680 39511570807826196808431543779328 320 0 
nomask 1.4404378e+30 0 513660906157615917858714044858368 320 433 
nomask 1.1912357e+30 29599481816228385432434041159680 0 0 433 
nomask -3.0221542e-27 1495233738080038996900849909760 158538035545485958299514830848 320 0 
nomask 2.2813904e+28 0 32372344118236172830117935972352 320 433 
nomask 2.9904679e+29 7448807771235096547100616294400 0 0 433 
nomask -1.8730386e-28 1501423343829136240882441256960 159576770191643529106828558336 320 0 
nomask 5.7216724e+30 0 32639307117412297225655545757696 320 433 
nomask 7.4761706e+28 7399873476371645394681447055360 0 0 433 
nomask -4.7023945e-29 1550085072766139804489594773176320 156982651670194428047938958655488 320 0 
nomask 5.7219825e+30 0 2088916178979266915576387576266752 320 433 
nomask 1.1584992e+27 7300641067204490336305393172480 0 0 433 
nomask -2.984289e-27 6098928629902563142519978742251520 9812989191203861780128694534144 320 0 
nomask 9.274122e+25 0 32238864663432797714905508610048 320 433 
nomask 2.9904663e+29 29482247509910207143021117440 0 0 433 
nomask -2.877127e-30 23825479829819621409379948953600 39510527967635784704679003291648 320 0 
nomask 1.4548838e+27 0 8059714632269684116809094004736 320 433 
nomask 4.63407e+27 29677951231397480621261455360 0 0 433 
nomask -4.484844e-29 96880292869367345488016179200000 9943584477206106949570615312384 320 0 
nomask 1.4646682e+27 0 475623545294680206415495168 320 433 
nomask 2.7931788e+23 29200240108929752220633200066560 0 0 433 
nomask -1.2089206e-26 1537433518992774356420793676595200 9841592015647155001927962787315712 320 0 
nomask 1.4548453e+27 0 128419422437581872870365203529728 320 433 
nomask 2.9904671e+29 1800644006757975163556541235200 0 0 433 
nomask -7.4287995e-28 5931709759681360065039066726400 154830115009241369279538250383360 320 0 
nomask 3.6499344e+29 0 116867061015787213980434432 320 433 
nomask 7.4762905e+28 1862007570204339222178158346240 0 0 433 
nomask -1.8888771e-28 95694989460267986167383761879040 627913921237731118531715186819072 320 0 
nomask 5.761441e+30 0 8026344257372668567366892781568 320 433 
nomask 7.180528e+25 1862152830197352292464931635200 0 0 433 
nomask -7.587186e-28 90754722409777813895522549760 2511520369279472098876021297643520 320 0 
nomask 1.4402828e+30 0 7959469574181633561039762096128 320 433 
nomask 3.0028476e+29 115231895614441181676681654435840 0 0 433 
nomask -4.7023948e-29 5882191780320626224471484661760 39243548610182163648690373263360 320 0 
nomask 2.2728855e+31 0 121232097108491385045671477248 320 433 
nomask 1.2011199e+30 1805531872163235502467681573928960 0 0 433 
nomask -1.20034645e-29 90367854341584925385503539200 39782733794749588774768600940544 320 0 
nomask 3.5861092e+32 0 495381199955288625724847554560 320 433 
nomask 4.82421e+30 467228697257727312305963160043520 0 0 433 
nomask -7.745203e-28 23726837527568165741869798522880 156991059824827711519763363528704 320 0 
nomask 2.272885e+31 0 8026343746176496796727798398976 320 433 
nomask 1.9296839e+31 7349578384382490525297499176960 0 0 433 
nomask -3.0007702e-30 5907046161803947111588592353280 629964295343755815077103534080 320 0 
nomask 2.288979e+31 0 128417312219784803672183592189952 320 433 
nomask 1.8459223e+28 1812586304909174551944552775680 0 0 433 
nomask -1.9205236e-28 1445837595774563193179781201920 9878414122051755253984156188672 320 0 
nomask 5.721982e+30 0 2063186833202759571942884178395136 320 433 
nomask 4.8044794e+30 1831133439316312858255935227822080 0 0 433 
nomask -7.67184e-25 381195442947819442502831156756480 619404607016408298478201131237376 320 0 
nomask 2.2966216e+28 0 520093242601742753767089894326272 320 433 
nomask 1.8536286e+28 116021106568002003894513340252160 0 0 433 
nomask -1.1987251e-26 5956467427099111781822197923840 39516821814902624813209041764352 320 0 
nomask 5.780544e+27 0 32104849475041406969922168291328 320 433 
nomask 1.7089585e+22 1849919256481489504360139325440 0 0 433 
nomask -1.9342416e-25 381195418769303050210247662632960 156986839389233573123400140849152 320 0 
nomask 9.026917e+31 0 127881300541051730673603291643904 320 433 
nomask 1.1172537e+24 29201778467035211836258013675520 0 0 433 
nomask -7.5245774e-22 1524781965219408908351992580014080 2460734068364680142787750567870464 320 0 
nomask 9.21107e+25 0 8424009337565675080100909001211904 320 433 
nomask 7.150536e+25 113944197832559577940847301608079360 0 0 433 
nomask -7.1311877e-31 23924131199014724186608909680640 9946997222848847736164713496576 320 0 
nomask 9.351913e+22 0 129487258076008873792064622428160 320 433 
nomask 1.7163071e+22 1849967802408933404312936120320 0 0 433 
nomask -1.1430713e-26 23726447648991340023960955781120 9944896206582870409486801043456 320 0 
nomask 9.274121e+25 0 495381295804570832719677751296 320 433 
nomask 2.840217e+23 29004496884846849537810649579520 0 0 433 
nomask -4.78582e-23 94113533149339109012491877744640 154846898601952942902285019643904 320 0 
nomask 5.779483e+27 0 7925969355456988269267587694592 320 433 
nomask 1.1537007e+27 7274027351087457024533200266854400 0 0 433 
nomask -4.6233552e-29 100012018299929140578543215375810560 155291426286620392395325591120773120 320 0 
nomask 9.124596e+28 0 135326618149943576066705163022237696 320 433 
nomask 1.7876348e+25 464171372216954699708298229186560 0 0 433 
nomask -7.618863e-28 96485735749619718964267324538880 39365300194233638013469249689878528 320 0 
nomask 9.091292e+31 0 31092195210898914674082840576 320 433 
nomask 7.210634e+25 460853112627276465549564717301760 0 0 433 
nomask -1.2139497e-26 1470572218043878506094269562880 623692831312492855750451697549312 320 0 
nomask 5.721362e+30 0 8321222820679618989175057353277440 320 433 
nomask 2.9904684e+29 114445827868011357494704204677120 0 0 433 
nomask -4.7023948e-29 6124379903397746007609232924344320 2486683105807967636278455828480 320 0 
nomask 9.091541e+31 0 8286920167100221889803648709427200 320 433 
nomask 1.20112e+30 113659748032323337166435007856640 0 0 433 
nomask -1.2003465e-29 6124282802475914560593920524288000 610878280186488951555626022993920 320 0 
nomask 3.5861092e+32 0 8218308578362868973447639648436224 320 433 
