nomask 0.99609375 98 35 372 419 
nomask 0.00390625 5 497 24 594 
nomask 0.00390625 12 448 73 594 
nomask 5.721673e+30 0 43858387157691986773224261156864 512 594 
nomask 3.0028476e+29 188691200877237852753453121536 0 0 594 
nomask -4.7420677e-29 9490733197638536874804157349888 216788713784082068980632473567232 512 0 
nomask 9.091294e+31 0 170612127197589727527428947968 512 594 
nomask 1.2060523e+30 45903460385522328991002473770516480 0 0 594 
nomask -3.0008661e-30 2343012028555922567551638306816 3422572570048610676947727207628800 512 0 
nomask 3.5862086e+32 0 713476462750347648053552307240960 512 594 
nomask 1.21098485e+30 11839792726491354172973616463872 0 0 594 
nomask -1.2052768e-29 36301886602727884123386413056 861341460906550279015132588670976 512 0 
nomask 9.028903e+31 0 2643460433610520601649217536 512 594 
nomask 7.7501797e+31 11716712520723749407133617556029440 0 0 594 
nomask -3.013192e-30 9451275067812134993170922471424 216834874274210278092324602904576 512 0 
nomask 2.2889792e+31 0 42115855150263031923285688320 512 594 
nomask 1.8613662e+28 46712922684128942061746833588224 0 0 594 
nomask -4.8013858e-29 147057193470188953391555674112 867339586859583218755514633551872 512 0 
nomask 9.0917895e+31 0 3018359151109750450406997437731307520 512 594 
nomask 1.2011199e+30 2970299093950889649719797323137024 0 0 594 
nomask -1.9261008e-25 152480585359360449342448477405184 217497600488485232970792173568 512 0 
nomask 3.6250778e+29 0 176904232617781742157754231947264 512 594 
nomask 7.4453425e+28 46721622114326888933288019230720 0 0 594 
nomask -1.2139497e-26 585762451871946381178336968704 54732043069018450931220480000 512 0 
nomask 5.7802415e+27 0 2865625633661768802149009763336192 512 594 
nomask 6.924032e+22 11839173756471711482836166901760 0 0 594 
nomask -1.18866686e-26 2249600214698526836210532352 3479600803668781417312001458176 512 0 
nomask 5.760821e+30 0 682448201984111476172453314560 512 594 
nomask 1.13608755e+24 742535236777717735597419740004352 0 0 594 
nomask -1.8371492e-25 645248773112152647132107940395220992 13502783811055507264090317137117184 512 0 
nomask 5.779485e+27 0 2865626890340158291556036870406144 512 594 
nomask 1.163353e+27 47176441163867755684823040000 0 0 594 
nomask -6.7716724e-37 152480614373580120093548670353408 13642291617413036255864709709824 512 0 
nomask 2.2971704e+28 0 2741193903408946689899048730624 512 594 
nomask 2.681731e+20 47172795496942980318718066688 0 0 594 
nomask -1.168472e-26 2352915095523023254264890785792 13642291617413036255864709709824 512 0 
nomask 3.649934e+29 0 169896819389063482583436754944 512 594 
nomask 2.9926775e+26 11917468628253233326706837684224 0 0 594 
nomask -1.196455e-23 36456610218172625179167948800 871952686089216859324809216 512 0 
nomask 3.6246898e+29 0 2752728065133905965612410077184 512 594 
nomask 1.8690724e+28 11638763150270066867364044401016832 0 0 594 
nomask -7.7370925e-25 2480136890138348240546023449034752 3360141663743139894170518298485063680 512 0 
nomask 3.6244964e+29 0 2729749504426093800401909317632 512 594 
nomask 7.1806446e+25 11758702818214883306451025002496 0 0 594 
nomask -7.523954e-28 145824079689449065894064947200 13735291428406634025009146757120 512 0 
nomask 3.6503217e+29 0 42293969873605907233495842816 512 594 
nomask 1.1633347e+27 747486455336092069343145968533504 0 0 594 
nomask -3.0348742e-27 588228698322892087651899277312 3456802469716604730676258799616 512 0 
nomask 2.272699e+31 0 11056690557738458126580512194560 512 594 
nomask 2.9904686e+29 2987061788094045855892373504 0 0 594 
nomask -4.7816646e-29 9490733197638536874804157349888 13641570710390494341565677305856 512 0 
nomask 3.5858117e+32 0 10964777717450054878023137624064 512 594 
nomask 1.20112e+30 45344921726065556491316724900179214336 0 0 594 
nomask -3.01324e-30 9490424921554535144364607275008 54386174034169626582992723852132352 512 0 
nomask 1.4243422e+33 0 11147890204989969228404310933504 512 594 
nomask 4.84394e+30 47039792047236345498003889455104 0 0 594 
nomask -1.9204929e-28 148290269471996977931884691456 3433643331617445733819842822144 512 0 
nomask 5.721982e+30 0 2775617213735323097677846020096 512 594 
nomask 1.9296838e+31 11839176174323350712094516314112 0 0 594 
nomask -1.2003081e-29 617508515369435063030642924060672 216823339761849607463540084441088 512 0 
nomask 1.45038e+30 0 2729749329108238123866330759168 512 594 
nomask 1.861366e+28 46719131727138482797188124508160 0 0 594 
nomask -1.9126043e-28 37804486136932175741062939148288 3422572570048610676947727207628800 512 0 
nomask 1.440399e+30 0 2994358139225870879734350878456414208 512 594 
nomask 7.476292e+28 734516847222468332982012170433724416 0 0 594 
nomask -1.9018355e-25 2500299683785703961100908572442624 3398766413689091775771075762192384 512 0 
nomask 3.64974e+29 0 2764128284017128368143752757248 512 594 
nomask 4.6340712e+27 737365289688652166224372272463872 0 0 594 
nomask -4.815252e-26 2392451352180517731308541050880 13643377185575385364167143718912 512 0 
nomask 2.2965015e+28 0 11102292134542770442848197148672 512 594 
nomask 1.11725285e+24 11638128087029913467283021150289920 0 0 594 
nomask -4.7143566e-26 2459893475645934059600735520161792 13595800991139702618967593128558592 512 0 
nomask 3.6498366e+29 0 176901360210034337798835130073088 512 594 
nomask 2.840172e+23 11719572162214498635568634532986880 0 0 594 
nomask -4.5929516e-26 640066736300663416735295808007569408 53636113688720915955883327856050176 512 0 
nomask 1.4642141e+27 0 46975103529169114179407169309376512 512 594 
nomask 2.908382e+26 729242945356543813085760323835658240 0 0 594 
nomask -1.6781672e-37 38120156011246669252645517000704 861502854316857561431899625226240 512 0 
nomask 3.6505208e+29 0 716406408415442200537252440834048 512 594 
nomask 2.6817764e+20 745016554604625122749245816832 0 0 594 
nomask -4.6738884e-26 159372668052648342232652630808592384 13551095476518638684752482140160 512 0 
nomask 9.186248e+28 0 177636763915426433471787376312320 512 594 
nomask 1.2018688e+27 2929814121876120215899633814077440 0 0 594 
nomask -2.9911377e-24 153114507373540133213530805501952 213008980469431189719738213564678144 512 0 
nomask 5.740949e+27 0 177636719034055380278679265345536 512 594 
nomask 4.653338e+27 46231796746261911830553418690199552 0 0 594 
nomask -1.9342416e-25 645249010796640189925120721027072000 52995746091210229865859647283010732032 512 0 
nomask 1.4399339e+30 0 185647320458874456816356519948845056 512 594 
nomask 1.15853684e+27 737504171086809494823962517962752 0 0 594 
nomask -1.8809885e-28 612448009916967566807523257221120 3398764977485218073591616211255296 512 0 
nomask 1.450264e+30 0 11010736942679947326871081844736 512 594 
nomask 7.5069977e+28 2909292480359876645737562307035136 0 0 594 
nomask -7.5873084e-28 2459933863439715745132204104089600 211520682608822084806830444886622208 512 0 
nomask 3.585712e+32 0 184897242878979261763093609341517824 512 594 
nomask 1.2060717e+30 46229256493301298230229325687291904 0 0 594 
nomask -1.2003656e-29 39681548989273222021753977438208000 13596905431918579594971987799179264 512 0 
nomask 3.585911e+32 0 11462323727264799287253324961677312 512 594 
nomask 1.2060524e+30 11638125611149834896522471352041472 0 0 594 
nomask -3.0256141e-30 9920546322613353676803818897014784 53627266672858910530412494083588096 512 0 
nomask 5.656804e+33 0 2853815190631863142135825076060160 512 594 
