nomask 0.99609375 40 46 147 208 
nomask 1.19616795e+30 17517353260103270960930110832640 0 0 262 
nomask -1.9046542e-28 865289743747071180659490816 383693431942059545599760400384 192 0 
nomask 5.682368e+30 0 310806308771554609073335048339456 192 262 
nomask 2.9781378e+29 17403165985200300584177001037824 0 0 262 
nomask -4.7419143e-29 231565722277757819387591289470976 1509375504034750725632096001327104 192 0 
nomask 9.028406e+31 0 299745726329786508481652588544 192 262 
nomask 4.80448e+30 17211413372055209729216471950688256 0 0 262 
nomask -1.2052576e-29 3238865993807026056069120 24074315921359188048632591941632 192 0 
nomask 9.028903e+31 0 1274280580327827574284964243439616 192 262 
nomask 1.929684e+31 70089897079500634120456664776704 0 0 262 
nomask -1.20032726e-29 3446709640355348030857150464 379938717107991615601528979587072 192 0 
nomask 9.0286555e+31 0 4782195439724891927004315648 192 262 
nomask 7.750303e+31 71217987677507946554345914368 0 0 262 
nomask -3.0131441e-30 14176214447057375041407990890496 1519673466620828530965266252693504 192 0 
nomask 2.2730714e+31 0 77378513754934986862461651517440 192 262 
nomask 2.9904688e+29 278428256785618989497483060576256 0 0 262 
nomask -1.20032726e-29 54684040508867986166976086016 95643515287815388404982858383360 192 0 
nomask 2.2730095e+31 0 20305464505701586943418269295443968 192 262 
nomask 1.20605235e+30 70093618153173407949056410386432 0 0 262 
nomask -4.7815105e-29 930035840208576409117255759036416 95933285063944665047723147264 192 0 
nomask 1.4403991e+30 0 1258793885758836117663315352616960 192 262 
nomask 4.8242088e+30 278435800482733384783533227114496 0 0 262 
nomask -2.9637446e-30 868916410525450625926299648 96559348299405554276798300160 192 0 
nomask 9.028656e+31 0 1190638635265471192284266496 192 262 
nomask 7.5069987e+28 1113713375313112007003134557683712 0 0 262 
nomask -1.1855169e-29 57180237643647462722855799619584 94994834707229849140935717289984 192 0 
nomask 2.2730098e+31 0 19506797346620113019780152164352 192 262 
nomask 1.1681518e+27 17522936684001161125773491306496 0 0 262 
nomask -4.603864e-29 59277972689255488247070002522357760 1504684492063043946125889372160 192 0 
nomask 5.819383e+27 0 315995911785521292702134063595520 192 262 
nomask 1.2109839e+30 4440039689354487885723699511296 0 0 262 
nomask -4.5150703e-32 922460053367225272350275820060672 1499159259998375590772619188633600 192 0 
nomask 1.440284e+30 0 20305792646854656581444418142208000 192 262 
nomask 4.691948e+27 281216329036710530900299874304 0 0 262 
nomask -2.8279193e-30 14413664100759707912471436066816 1524439358806115665966543142912 192 0 
nomask 3.6506133e+29 0 301012661256554850609134567424 192 262 
nomask 1.9230206e+28 69612663940801202336708004151296 0 0 262 
nomask -1.8493727e-28 14235867682700439303404692439040 1504525504150665173780479868928 192 0 
nomask 1.4403218e+30 0 77704125948526786673248498089984 192 262 
nomask 3.0151783e+29 4351256630509171874619218460672 0 0 262 
nomask -1.9423511e-25 3720205335207522360819035173552128 23488361474084315297573702658424832 192 0 
nomask 3.6246906e+29 0 4836395591552004837421967474688 192 262 
nomask 1.861366e+28 1098620642467902016700365978730496 0 0 262 
nomask -1.8888772e-28 3720144985630607198530633841246208 1509538466026308958030217219145728 192 0 
nomask 9.187943e+28 0 19507120271484944611859155124224 192 262 
nomask 4.6340718e+27 17638984495740518416826473906176 0 0 262 
nomask -1.9126043e-28 57417929384745173423411479707648 5955121482836027850191459724558336 192 0 
nomask 2.2729471e+31 0 314698471439709029415828838154240 192 262 
nomask 2.9781378e+29 4410328675064456403640180015104 0 0 262 
nomask -4.7617128e-29 914868947017887979002394004422656 94330861592815503447400160165888 192 0 
nomask 3.5860098e+32 0 4755389394304992559665256595456 192 262 
nomask 1.929684e+31 1091044449427475489417983338479616 0 0 262 
nomask -1.2052769e-29 14235871309477898147292216557568 377435373861576669520768930938880 192 0 
nomask 3.5862086e+32 0 314693364030352612511222998237184 192 262 
nomask 1.937576e+31 70561537727358528629643134631936 0 0 262 
nomask -7.6504173e-28 221510632624388070014919376896 94984659480837607710829509083136 192 0 
nomask 2.2728229e+31 0 302274589146685777605602312192 192 262 
nomask 1.9296838e+31 1098560989232258952438369277181952 0 0 262 
nomask -1.2003081e-29 14354478719408834511965345808384 94994824809149701046159349383168 192 0 
nomask 1.4404765e+30 0 1209078947070202705821875306496 192 262 
nomask 1.1488845e+27 17519206543384740187454935400448 0 0 262 
nomask -7.6820945e-28 13879808805678440645724355952640 5937333682594207319959799857152 192 0 
nomask 5.721827e+30 0 80225504922295102762198669935509504 192 262 
nomask 1.1961681e+30 4394958867301723116862231352967168 0 0 262 
nomask -4.815252e-26 56942556782882128553962691887104 94992271104471492593856429424640 192 0 
nomask 3.6252712e+29 0 4836394044976981697613159989248 192 262 
nomask 7.4453425e+28 69605221793455654679508512931840 0 0 262 
nomask -7.5553856e-28 55841871503729586497881374720 6017785896667930918201669451776 192 0 
nomask 5.7806954e+27 0 78351524727733147663755995250688 192 262 
nomask 1.1125675e+24 17522010042360426512511079022592 0 0 262 
nomask -2.997009e-27 893440986508400427301651611648 379928621066240558929633714634752 192 0 
nomask 2.2726993e+31 0 4917083194344250314564336353280 192 262 
nomask 1.8177403e+25 4321429105993275032648986656768 0 0 262 
nomask -4.5726785e-26 234191298050498469570048099851698176 23264732149886220099948757647360 192 0 
nomask 3.6605354e+26 0 20222758998631189643383633898110976 192 262 
nomask 1.16335284e+27 68661911483520194910035380273152 0 0 262 
nomask -1.6929181e-37 878643677807919571767505453056 6035731952093548632715821056 192 0 
nomask 5.781612e+27 0 1258773218567486895770259163185152 192 262 
nomask 1.7383573e+22 281187229814443088146493079552 0 0 262 
nomask -7.1130096e-28 58129104176649871328015881863168 24067963828424148225898487742464 192 0 
nomask 5.819231e+27 0 18813294953319888646997803008 192 262 
nomask 5.0609615e+30 1106018340028914083214361601507328 0 0 262 
nomask -2.9263633e-24 55840975434689461982702075904 1509498398597869470375479932354560 192 0 
nomask 9.123622e+28 0 310806308771554609073335048339456 192 262 
nomask 4.653338e+27 67720494351418251649849837486080 0 0 262 
nomask -1.9261952e-25 239051440741212558246259862362128384 1499362447787655680341899579752448 192 0 
nomask 1.4497988e+30 0 323559055889795066470535772606824448 192 262 
nomask 1.1537201e+27 1110067950777963473631310774272 0 0 262 
nomask -7.555385e-28 3689781024460772757156709665865728 377374322503223220940131681697792 192 0 
nomask 2.296925e+28 0 1204031003523425526864683204608 192 262 
nomask 4.6340715e+27 4393886965970206888216703073779712 0 0 262 
nomask -1.9205236e-28 3588620586546573338963217481728 5955285553412562669204534147940352 192 0 
nomask 9.028158e+31 0 317277930922462824326858090217472 192 262 
nomask 2.990469e+29 4364060348148674757218352299507712 0 0 262 
nomask -1.1904474e-29 14819493172313872061767500630589440 94994824809149701046159349383168 192 0 
nomask 1.4243421e+33 0 19973671990457637346646407178616832 192 262 
nomask 7.7503045e+31 4303807330556576728478462125277184 0 0 262 
nomask -3.037892e-30 59277994972176195383914950706593792 5872578145910776934972836112498688 192 0 
nomask 1.4243819e+33 0 20139734219087535398242475298521088 192 262 
