nomask 0.99609375 70 41 131 137 
nomask 4.7689432e+27 290390581850830386380574136729600 0 0 233 
nomask -1.17076416e-29 15051469061890465417852144844800 1333221784655043941412291110502400 203 0 
nomask 1.4241442e+33 0 279860892439206712653110528966656 203 233 
nomask 3.0275095e+29 4694662854485335201834741006336 0 0 233 
nomask -1.8602239e-31 975325217681260356501540003905536 83542436008883052569556547107028992 203 0 
nomask 1.4241049e+33 0 4318955748838997745207143825408 203 233 
nomask 1.2159171e+30 284375013667187774222288077979648 0 0 233 
nomask -7.4715907e-31 14331776899485734260357201920 21263680467665018521684870692864 203 0 
nomask 5.6568054e+33 0 4165118898809784257155694592 203 233 
nomask 3.0521244e+29 1169541160441525642739090127323136 0 0 233 
nomask -3.0007702e-30 60456181089524930427715586097152 21408472644164829809924710072320 203 0 
nomask 9.028904e+31 0 69679040919621508262517127774208 203 233 
nomask 3.1127484e+32 73600889479076271220581900222464 0 0 233 
nomask -3.0255178e-30 987355863224662817278667190697984 5351834830858151480942468792320 203 0 
nomask 9.028903e+31 0 17275826296290162506710579675136 203 233 
nomask 1.929684e+31 289101046889768156504690195595001856 0 0 233 
nomask -1.20032726e-29 60204898434357918682670631485440 333359739929014243060280713019392 203 0 
nomask 3.6115612e+32 0 1155669878046999697358408731414495232 203 233 
nomask 7.750303e+31 4663125502736985747421986291712 0 0 233 
nomask -2.9885881e-30 58061396183783825428556283904 86063764343439408645537792 203 0 
nomask 1.4344042e+33 0 69391705603104085320309762162688 203 233 
nomask 4.843939e+30 4694539669194446305704519139328 0 0 233 
nomask -1.8755713e-31 242826035755430014899736295768064 85052477235423436486976508788736 203 0 
nomask 5.761754e+30 0 69391732010577457527365797150720 203 233 
nomask 1.8327918e+25 18650536798136096786832265576448 0 0 233 
nomask -7.1628424e-31 15051469061890465417852144844800 84730853997750001451624343443341312 203 0 
nomask 2.2728864e+31 0 18279148846746815210237564330967040 203 233 
nomask 1.15490316e+24 72607500285978708285561283543040 0 0 233 
nomask -1.9685611e-28 1006871181302750809286510611489882112 331043065105017262448443282948096 203 0 
nomask -1.1911509e-32 0 276408713865187076769805970178048 203 233 
nomask 1.1874574e+27 4746092585117338711359488 0 0 233 
nomask 4.9794507e+33 3747281689914081932010529488896 338899346749752558576100966400 203 0 
nomask -1.1914537e-32 0 16520195563654867685669339136 203 233 
nomask 1.1502001e+24 292385198080903392521126607323136 0 0 233 
nomask -3.051081e-30 3747283367534774971451991654400 337920486630216883017896712732672 203 0 
nomask -1.197788e-38 0 4319024793378752161572401971200 203 233 
nomask 5.6978443e+33 296398266175856109186525995991040 0 0 233 
nomask -1.8257989e-28 983319388965800814325987668918272 5352118711196902706794844913664 203 0 
nomask 5.720899e+30 0 4477775124066455313075561583083520 203 233 
nomask 1.2208683e+30 1150198196726702070747935801344 0 0 233 
nomask -1.1707258e-29 15114051024223608742156766806016 1305495064333090413409944503058432 203 0 
nomask 1.434008e+33 0 243515509893861367349248 203 233 
nomask 3.0398408e+29 297173669649981909199373729792 0 0 233 
nomask -7.409841e-31 55507928004651843504308224 21404520325650122820538140196864 203 0 
nomask 1.424303e+33 0 69966332223683310859631101739008 203 233 
nomask 1.8998706e+28 73604823739261547716445172924416 0 0 233 
nomask -1.180625e-29 3778572191760455582893851279360 341241187620795404885182906368 203 0 
nomask 3.585713e+32 0 268816731967853210216788131840 203 233 
nomask 3.0275097e+29 1181457422930155486329712934912 0 0 233 
nomask -7.440776e-31 975309327258055886912010372251648 5295243461377917088651662568980480 203 0 
nomask 3.585813e+32 0 1057257512417800976175749660672 203 233 
nomask 1.2060523e+30 4581789899913833310325881308184576 0 0 233 
nomask -7.4714703e-31 3454324797753884682485760 1342307504733521004835614379474944 203 0 
nomask 5.656805e+33 0 4050439038154771273875456 203 233 
nomask 3.0274623e+29 4693309733566349389478257229824 0 0 233 
nomask -1.2003081e-29 60706482096926415093870679293952 1359380728200583819670061056 203 0 
nomask 2.2730714e+31 0 69103287580178401888804962041856 203 233 
nomask 7.750303e+31 295333559409816647549872766976 0 0 233 
nomask -3.025518e-30 58552235045303552725642903552 338952333620151739661192003584 203 0 
nomask 2.2731333e+31 0 16590337191231265797518131200 203 233 
nomask 7.7187355e+31 292353693322928507833005117538304 0 0 233 
nomask -1.2003081e-29 14925819106543395342487862116352 1323991844561990131186942093557760 203 0 
nomask 9.028903e+31 0 4641508877291138851906116580894834688 203 233 
nomask 7.7186118e+31 18582984860533814216632528850124800 0 0 233 
nomask -7.440536e-31 228715908828978450096193536 1346832031384370881798623723520 203 0 
nomask 9.028657e+31 0 1084245262509577519551423184896 203 233 
nomask 4.8439388e+30 18581534626346960083608403968 0 0 233 
nomask -3.0008661e-30 14988643604896732368901014290432 1314616698575353678429475355754496 203 0 
nomask 3.6256607e+29 0 68526403120625852646192630988800 203 233 
nomask 7.3310488e+25 18399234970161164591027743358976 0 0 233 
nomask -1.7752432e-31 940716516793030331572640808960 337884396416608200041315562422272 203 0 
nomask 5.72183e+30 0 4354868812313808832787392757760 203 233 
nomask 4.4378414e+21 18328166770262764024244523044438016 0 0 233 
nomask -3.051081e-30 4076829095643021048453239405971243008 82393408111497377657792033185595392 203 0 
nomask -7.535325e-34 0 1128637877365810429450181255626752 203 233 
nomask 4.7690208e+27 18196987216059849418034562446917632 0 0 233 
nomask 1.2695268e+36 3762864868871626298118090260480 5402865790308419251587776512 203 0 
nomask -1.1917222e-35 0 277557861476452039020224509378560 203 233 
nomask 1.8553427e+25 4663003276086492873829742804992 0 0 233 
nomask -7.5347787e-31 3869069938815608081275895249108992 5351834280702456226628801396736 203 0 
nomask nan 0 17203716289001789105697705689088 203 233 
nomask 8.524072e+31 74097587910186636778244122083328 0 0 233 
nomask -4.6039406e-29 3778573150400851605431829659648 1333113478804253396206472946253824 203 0 
nomask 1.4501092e+30 0 278707149927574986374941901848576 203 233 
nomask 1.2208683e+30 287131217511186650487876448193347584 0 0 233 
nomask -1.8889692e-28 63445124109017548554513352254029824 5222704174202405089735883817484288 203 0 
nomask 1.4340868e+33 0 1114810924308122814910261522071552 203 233 
nomask 1.2109847e+30 1173665593791284297641437954048 0 0 233 
nomask -7.4714703e-31 15604700879244215839633031018053632 21034448564139421365417271988584448 203 0 
nomask 1.4243424e+33 0 278711709617977254126617276448768 203 233 
nomask 1.2159173e+30 1153489010767685466962353805328384 0 0 233 
nomask -1.1855169e-29 3747222254209528534655869911040 333314495124636528304274100191232 203 0 
nomask 9.02816e+31 0 1119443428916968865508143262597120 203 233 
nomask 1.2060522e+30 1161625398272256660340970142826496 0 0 233 
nomask -2.9762142e-30 63187775330806969552747283720699904 1333257980498546113217096400764928 203 0 
nomask 9.091543e+31 0 72525892741658183556540610153283584 203 233 
nomask 1.2060523e+30 1148428118840976253056121051719663616 0 0 233 
nomask -3.0008661e-30 63445120182426486446197792808370176 331890310650143082885508735292145664 203 0 
nomask 1.4243422e+33 0 4532940124681208875476203302027264 203 233 
