nomask 0.99609375 82 32 186 205 
mask 0.00390625 132 237 204 282 
mask -1.8370528e-31 272277978675556309502053580800 102918205369014843620193059639132160 236 0 
nomask 5.696895e+33 0 340913335350231215064558128332800 236 285 
nomask 4.883475e+30 21538611903041740464902457262080 0 0 285 
nomask -4.650485e-32 4429271862637044109578915020800 1630454926690560903656293615534080 236 0 
nomask 1.4342858e+33 0 20378703839292851856322068480 236 285 
nomask 1.21593646e+30 21307040426881544189687308958564352 0 0 285 
nomask -7.4714703e-31 269999914987178096238023147520 104748083917640722826554779893760 236 0 
nomask 5.6568054e+33 0 1331692211508922827152597975040 236 285 
nomask 1.2208497e+30 21536322764223368301602989408256 0 0 285 
nomask -2.9761663e-30 17498257370088093182143745753088 413336217551982024292277094973440 236 0 
nomask 3.6114626e+32 0 85228344604553384708930619310080 236 285 
nomask 7.78187e+31 5400965472596348308305468958179328 0 0 285 
nomask -3.0008661e-30 70285156582139963499780685955072 105727690747209402698799513600 236 0 
nomask 2.2887935e+31 0 84876926019284783422030164787200 236 285 
nomask 3.0027995e+29 339870040754826663663276597968896 0 0 285 
nomask -1.1855169e-29 272273485934143669393338400768 6522883658197570057469249873510400 236 0 
nomask 9.092038e+31 0 5567073859222965066058056534589440 236 285 
nomask 7.4761715e+28 86156747895770233595272001224704 0 0 285 
nomask -4.7617893e-29 4447386874632431517227588517888 26258977820283457092861296640 236 0 
nomask 2.2728855e+31 0 21131710635367054760306131599360 236 285 
nomask 4.8242088e+30 21538036832140922530986914217984 0 0 285 
nomask -1.1904473e-29 17498255141131113267671204888576 1647670810237086036611668377600 236 0 
nomask 5.721983e+30 0 340913335350231215064558128332800 236 285 
nomask 7.506998e+28 86981554689017971752984117248 0 0 285 
nomask -2.9514664e-30 4356376332185543688911549628416 103328520152266901478450439127040 236 0 
nomask 2.2888554e+31 0 1369276469445045718560283274772480 236 285 
nomask 4.711217e+27 21457209787858965390973554168692736 0 0 285 
nomask -1.1559347e-29 73758858931293846311835857649139712 102937995968252262945634669622722560 236 0 
nomask 3.585614e+32 0 85229749697476697743167502417920 236 285 
nomask 4.8834743e+30 86406501201926443419257798656 0 0 285 
nomask -1.860194e-31 17571292488970460746653982785536 1641656736621044488418787065856000 236 0 
nomask 2.2168162e+37 0 326059303487262117758930780160 236 285 
nomask 4.5819824e+24 21537463990197084511543912038400 0 0 285 
nomask -7.379625e-31 4356375496326676220984346804224 6590163733411563656776714813440 236 0 
nomask 1.4343649e+33 0 324686469492115423837531668480 236 285 
nomask 8.92234e+34 86147573508840905626293802893312 0 0 285 
nomask -1.8416989e-28 283464215906013575386182199541760 1647670810237086036611668377600 236 0 
nomask 5.5830895e+36 0 1374921648296116347698480676864000 236 285 
nomask 3.0521718e+29 21310557685332537548725232504668160 0 0 285 
nomask -4.4168953e-38 17717091908462136267260741812224 101475884137237282998677441347584000 236 0 
nomask 2.272951e+31 0 81514815357171407425288273920 236 285 
nomask 1.17778484e+27 21452519349106991768116362158800896 0 0 285 
nomask -7.2555264e-31 269999949814630907401656598528 26008544568911577765879050403840 236 0 
nomask 1.4344045e+33 0 342324586995016548577943129948160 236 285 
nomask 1.15018094e+24 21681251776014387220682540843008 0 0 285 
nomask -1.8731613e-28 16661851763852209927019823104 1647498201839179047492051271680 236 0 
nomask 1.4241041e+33 0 5304891320421051270507811307520 236 285 
nomask 3.02751e+29 1364315869584532243429204164608 0 0 285 
nomask -2.9886842e-30 284632849134754813681467299725312 410458414973107635090483094487040 236 0 
nomask 3.5856144e+32 0 84876936786280364364821252014080 236 285 
nomask 3.0151307e+29 84033855031320478461054412316999680 0 0 285 
nomask -3.013288e-30 4392752352858502902160323248128 6523239227459635112202114453995520 236 0 
nomask 2.2464323e+34 0 86635456339537845719142582190080 236 285 
nomask 4.8636697e+30 342253205894439539072408280367104 0 0 285 
nomask -3.0008661e-30 70866049518589434017600468156416 1658696381946277406916099440640 236 0 
nomask 1.4243422e+33 0 21307429349122488728698560184320 236 285 
nomask 3.1253754e+32 1364315730274720998774670360576 0 0 285 
nomask -7.563915e-31 17789836148458624993104396025856 414663244373835432822382264320 236 0 
nomask 2.273072e+31 0 21394944835078839352504426168320 236 285 
nomask 4.8242094e+30 1350241368149087077076367239544832 0 0 285 
nomask -3.0008182e-30 70284051019477925921400417157120 6523591351283114265241831121879040 236 0 
nomask 3.6115616e+32 0 88352043182485610517007242048307200 236 285 
nomask 4.8242097e+30 85833550132255362078530345292005376 0 0 285 
nomask -4.7815878e-29 1152482099474842991359313968103424 405892378840632547951619565221314560 236 0 
nomask 9.028407e+31 0 5348823017671581189379247308800 236 285 
nomask 1.9296838e+31 342271501173330677063023696281600 0 0 285 
nomask -1.19539696e-29 284632866966410652997247626641408 413303055205592720495728436183040 236 0 
nomask 5.722138e+30 0 21131371475006255062386883952640 236 285 
nomask 4.6726816e+27 1359846639210116272570385171480576 0 0 285 
nomask -1.18058655e-29 73757681186088971183176825494831104 25732376601894150293429553243095040 236 0 
nomask 2.2887932e+31 0 22177979466151902001407363530096640 236 285 
nomask 1.1681517e+27 5401990864133732322937387941363712 0 0 285 
nomask -7.2081645e-28 4554053688919732897677198669905920 1630941939434678107982751061770240 236 0 
nomask 1.4340868e+33 0 346541933028107192304481201029120 236 285 
nomask 7.568773e+28 21052552622185196687425433193649537024 0 0 285 
nomask -7.4099604e-31 71158225657430582907202070118400 6478609772368733300518572942950400 236 0 
nomask 5.5830914e+36 0 89433050916987701102842079965347840 236 285 
nomask 1.1501807e+24 1350534377917838713978699124834304 0 0 285 
nomask -2.951994e-30 18290715128469099491862164898054144 25910188796435364873407026786467840 236 0 
nomask 8.919559e+34 0 343730498209993734466948867031040 236 285 
nomask 1.4042571e+33 5252700247156072603305653156446208 0 0 285 
nomask -7.2404556e-28 291445558783022516338459095691427840 6356991501445403523043820086398812160 236 0 
nomask 2.21649e+37 0 5454526885095193308534917447024640 236 285 
nomask 1.8999005e+28 21309382222579609852486082195619840 0 0 285 
nomask -4.4169667e-38 295030761263587043651425411503489024 102212601597429126634336705472102400 236 0 
nomask 1.4403629e+30 0 359171790599666593449201754712309760 236 285 
nomask 7.300944e+25 84643908787830215647074013486776320 0 0 285 
nomask -2.8774148e-30 1184891214989843555954389778090164224 1600718881543077267891126660979752960 236 0 
nomask 1.4343648e+33 0 22178335035413967056140228110581760 236 285 
nomask 7.1004324e+22 1344466596961864918492437415389560832 0 0 285 
nomask -1.8889692e-28 1138531895825382755567718352551936 405971541237582225253386005155676160 236 0 
nomask 1.4241437e+33 0 5700504050072517293953871649964032000 236 285 
nomask 1.21100404e+30 82851234509085634153154636532416512 0 0 285 
nomask -1.2003849e-29 73161687333575417703629391128428544 407735441790687203224523416535040 236 0 
nomask 3.585812e+32 0 5499511220360442994612693956034560 236 285 
nomask 1.2060524e+30 21308800197333014585416211654246400 0 0 285 
nomask -3.025614e-30 4572678496810781443913055993856000 25730965350249364959916168241479680 236 0 
nomask 2.246496e+34 0 343724920906282806101165683507200 236 285 
