nomask 0.99609375 88 106 269 359 
nomask 7.506998e+28 28481280294138547557702776525946880 0 0 428 
nomask -1.208901e-26 22978064269035653539047669760 39328547334533301309427826032640 320 0 
nomask 5.7212064e+30 0 2039394714285395126032894833721344 320 428 
nomask 4.6341477e+27 116393642442814042346094592000 0 0 428 
nomask -1.1756179e-29 96485717615732424744829703946240 155149125145595458011530541400064 320 0 
nomask 2.2728238e+31 0 1975136853204037207922059509760 320 428 
nomask 7.476292e+28 457733648799375661012319888998400 0 0 428 
nomask -4.7617893e-29 5931516331550221724371113738240 9795503188828143916031366270025728 320 0 
nomask 9.028407e+31 0 522523566728652976245697689944064 320 428 
nomask 3.0028e+29 29006059421468701446018957312000 0 0 428 
nomask -1.1818992e-32 23825092973557344728044042977280 156711368849679758402202370048 320 0 
nomask 8.921844e+34 0 8326466379261840893318552679874560 320 428 
nomask 1.2602519e+33 116033546414685838428721066803200 0 0 428 
nomask -1.19154756e-32 379616875969599444311666820382720 626813073471392633896881356800 320 0 
nomask 1.4244221e+33 0 1958611491297663104549688180736 320 428 
nomask 7.8134384e+31 457671558369280253657906979799040 0 0 428 
nomask -1.8755713e-31 1482903166956618066283368284160 2465897371197441110158853850267648 320 0 
nomask 5.6975287e+33 0 2073205799283723803347801151111168 320 428 
nomask 1.9454677e+31 1843611101199784938064246588047360 0 0 428 
nomask -2.9884922e-30 23923357486490170823937097728000 9765129900568937556615616266240 320 0 
nomask 9.028905e+31 0 2056317461007898400478133236006912 320 428 
nomask 1.9375756e+31 7350353608064318406255779512320 0 0 428 
nomask -7.5020454e-31 24022392689633001245929027665920 2474332188368555261794570993664 320 0 
nomask 1.440477e+30 0 127992032233725594153210569818112 320 428 
nomask 1.2011198e+30 29676431219685806954208296960 0 0 428 
nomask -4.722116e-29 1476761634898316435290052362240 9764088996548783429417613393920 320 0 
nomask 5.722138e+30 0 127992024149034175480377963970560 320 428 
nomask 3.0027997e+29 464084522986073584748387337502720 0 0 428 
nomask -4.7222695e-29 1550060410679419666054430767185920 2466096577993997208754261933948928 320 0 
nomask 9.126047e+28 0 132685187711606348856220450446901248 320 428 
nomask 1.2011195e+30 1867008618290758264123555840 0 0 428 
nomask -3.0095327e-27 384364472734324446836238938275840 155149141314978295357195753095168 320 0 
nomask 1.4644789e+27 0 7933662308867032754041789612032 320 428 
nomask 7.537943e+28 465623257369694555426531573760 0 0 428 
nomask -1.1410093e-29 1550084685909877527808258867200000 2474006779538953680282185629696 320 0 
nomask 2.3125814e+28 0 464083720920811156373766144 320 428 
nomask 6.9535484e+22 29395977288383556830309877022720 0 0 428 
nomask -1.857292e-28 95696536885317092892727385784320 616457591318740787430554146439168 320 0 
nomask 9.18746e+28 0 31998527499855048267797568159744 320 428 
nomask 1.20605175e+30 460952631400747141823226529710080 0 0 428 
nomask -7.63978e-25 24699952211090076733164467362201600 37998744951224319111087597289472 320 0 
nomask 5.779485e+27 0 7156935749628080859119616 320 428 
nomask 4.653413e+27 1849482532029153719570776719360 0 0 428 
nomask -7.4290456e-28 5907047672961221629875060736000 620696362690785278874469594562560 320 0 
nomask 1.4502251e+30 0 31734645193122421679750855524352 320 428 
nomask 2.7813738e+23 29289563151492918444189286400 0 0 428 
nomask -4.8153308e-26 22495630260624742377544744960 616390973461450923289881962610688 320 0 
nomask 1.4402051e+30 0 489660768030879323825513693184 320 428 
nomask 7.4453425e+28 464084426272008015578053361008640 0 0 428 
nomask -7.492277e-28 95696524796058896746435638722560 156221300752157011726052832051200 320 0 
nomask 2.2726993e+31 0 491722585408421875475271385088 320 428 
nomask 7.445465e+28 28212979905285112414828211732480 0 0 428 
nomask -1.9126043e-28 21214657845843339216158720 153071230095933841266506026975232 320 0 
nomask 9.028407e+31 0 121895726898450710818388443136 320 428 
nomask 1.2060524e+30 29397536802690859701945247989760 0 0 428 
nomask -1.19154756e-32 5882287738807558135662226964480 39325426643645693596041968877568 320 0 
nomask 8.922097e+34 0 7867688195131380437665846394880 320 428 
nomask 5.0410082e+33 1849725072771713904548952145920 0 0 428 
nomask -2.990906e-33 5882285849860964987804141486080 156066226980385679214641152 320 0 
nomask 5.6981643e+33 0 127464279747297468986366053318656 320 428 
nomask 3.1253756e+32 29002169702644091376649340190720 0 0 428 
nomask -1.8987124e-31 366101674090960974325817016320 616490835569854370118229391572992 320 0 
nomask 2.2629123e+34 0 8258913543578790076901167793700864 320 428 
nomask 3.1127488e+32 28415698631347191507988816855040 0 0 428 
nomask -1.1904473e-29 23428956694457846594935728373760 152580107325150868035990454272 320 0 
nomask 3.6114626e+32 0 511959850210889655632253891379200 320 428 
nomask 1.9375756e+31 116024201418100217345200588062720 0 0 428 
nomask -1.1953969e-29 23726446137834065505674487398400 38921161155083540713003024384 320 0 
nomask 2.2729476e+31 0 31734123730525917282047778357248 320 428 
nomask 7.5069987e+28 115935365368104857527910400 0 0 428 
nomask -1.1607883e-29 6099027665105705972941970672189440 9697855162101306248294207324160 320 0 
nomask 5.721983e+30 0 507729551595451933316909371490304 320 428 
nomask 4.6918742e+27 464109185072793723183551343493120 0 0 428 
nomask -2.9718147e-27 1537408856906054217985629670604800 2432319384022095607953639329497088 320 0 
nomask 5.780242e+27 0 2022407548741667866457453038141440 320 428 
nomask 7.5379424e+28 28214539419592415286463582699520 0 0 428 
nomask -1.805998e-31 381189156533557446431122684641280 153618958591624472835089498112 320 0 
nomask 5.819083e+27 0 2039362504874783133467793137074176 320 428 
nomask 4.5443468e+24 462552538564208568626325749760 0 0 428 
nomask -1.0817296e-29 1531119734650222209507806213570560 9763308823826881501071149105152 320 0 
nomask 2.3337612e+25 0 29959057677902110547232423936 320 428 
nomask 2.0678787e+31 7201407902458698018786105098240 0 0 428 
nomask -1.1684917e-26 93717410470655081543961778585600 603774392098658197021161353641984 320 0 
nomask 3.6849035e+26 0 31601664146322381592633572065280 320 428 
nomask 1.8844849e+28 1818457126742161702581636148756480 0 0 428 
nomask -4.3338703e-35 24597749428871724844394139290173440 38004974205962406528610402828288 320 0 
nomask 9.18747e+28 0 524221719294952335586439285576826880 320 428 
nomask 2.9083828e+26 1825354072721579554315918376960 0 0 428 
nomask -1.841484e-28 24598147117109345272807450633830400 2415031338602531020239938311421952 320 0 
nomask 5.761133e+30 0 2039362892939971229763758217756672 320 428 
nomask 1.7456795e+22 457708841641557168821654918266880 0 0 428 
nomask -1.2038326e-26 363018936862776084278542336000 154126815915704278328521118449664 320 0 
nomask 3.625272e+29 0 8157447432397878558564738677080064 320 428 
nomask 7.4761696e+28 28611453944688290337103114403840 0 0 428 
nomask -1.8651499e-28 24598137832559050632455388890398720 614492066910986945387074420736 320 0 
nomask 9.090798e+31 0 8157318594755430588304331890491392 320 428 
nomask 3.0028482e+29 455814969401049872891067095423385600 0 0 428 
nomask -4.7815878e-29 24901985572926499900753348059463680 153489761893882389331509228773310464 320 0 
nomask 3.5861092e+32 0 518301514498462300219611134558208 320 428 
