nomask 0.99609375 144 95 435 497 
mask 0.00390625 475 52 513 242 
mask 0.00390625 432 16 508 242 
nomask 3.58601e+32 0 705750324373778406537201157406720 513 590 
nomask 4.8242097e+30 741471093787859056491208114176 0 0 590 
nomask -2.9761185e-30 38037088833956721417063015383040 212424481601635245839252486881280 513 0 
nomask 3.5861096e+32 0 176440512171873189165691526184960 513 590 
nomask 1.9375758e+31 183957200962861272763555011914366976 0 0 590 
nomask -3.0379399e-30 34614788860080727661740032 13552930517298384585837846200320 513 0 
nomask 5.616398e+33 0 2722733466243324247388045967360 513 590 
nomask 1.9375762e+31 47130421438039667951515440513024 0 0 590 
nomask -4.650485e-32 36991141276777147879693221888 3410521154300156536959103139840 513 0 
nomask 5.656806e+33 0 11027346728693118932325761024000 513 590 
nomask 7.845005e+31 11862299565288826006454075916288 0 0 590 
nomask -1.17708435e-32 153410942765827909687979286724608 216016231237658101570873589760 513 0 
nomask 2.24637e+34 0 43927529100977478807784584642560 513 590 
nomask 1.9612512e+31 184701286545150645958536484356096 0 0 590 
nomask -1.8679275e-31 38194616708678152539913574154240 13503146919178983435650715185315840 513 0 
nomask 8.985985e+34 0 743548482189035049265435283250216960 513 590 
nomask 4.922858e+30 187281405383602245060909053509632 0 0 590 
nomask -1.8678676e-31 38511506346643338866506623614976 54363477122425734089932800000 513 0 
nomask 5.69737e+33 0 176440489882303390020966117539840 513 590 
nomask 1.9533904e+31 185981413410953025784944802136064 0 0 590 
nomask -4.6889282e-32 594329323766979575881610035200 3410699819133077806398706810880 513 0 
nomask 9.028907e+31 0 170173660487169669018335313920 513 590 
nomask 4.8242094e+30 189050067009287779048633663488 0 0 590 
nomask -2.9513705e-30 9548652360239033850882397569024 213891068425709571336965109841920 513 0 
nomask 2.2730717e+31 0 11431692675695785746626574601420800 513 590 
nomask 4.824132e+30 46638339833583656772132648215642112 0 0 590 
nomask -1.896827e-28 646509064313589829858542902669475840 13412587785099667886313652176814080 513 0 
nomask 9.1877e+28 0 176443409815947077979994650050560 513 590 
nomask 1.2011195e+30 11862920955521291167284697497600 0 0 590 
nomask -4.7023945e-29 153413510694273964543653590335488 3399067026392322969076287374622720 513 0 
nomask 2.2968044e+28 0 705750502690336799695004426567680 513 590 
nomask 1.15370084e+27 187838836785509973929320513536 0 0 590 
nomask -1.8018263e-28 2387200791367722357712515760128 218841260072435639698252103680 513 0 
nomask 3.6857547e+26 0 648088985402668907359109120 513 590 
nomask 4.711139e+27 47130421438039667951515440513024 0 0 590 
nomask -3.0096798e-27 2484979357054536046191423340412928 864154083229828985185128939520 513 0 
nomask 5.8192305e+27 0 705761870370934363504962835578880 513 590 
nomask 7.4761673e+28 46323373273625388824135780825825280 0 0 590 
nomask -4.6232782e-29 616194489543629915468946934333440 210084569104742773180039575434690560 513 0 
nomask 3.6252735e+29 0 43745646211416457848450040463360 513 590 
nomask 7.5071177e+28 2935297336099433794708779130945536 0 0 590 
nomask -1.8730692e-28 152778447454120564462630339608576 215391869739425583988180003061760 513 0 
nomask 1.4403605e+30 0 2699999672283573129834733240320 513 590 
nomask 1.8026581e+25 190295194342786134333871620096 0 0 590 
nomask -1.8889079e-28 9054738818909029223601537024 54200270802709227740672693370880 513 0 
nomask 1.4502251e+30 0 10891114967727915040446129111040 513 590 
nomask 1.2060714e+30 11862918532947285455156702871552 0 0 590 
nomask -4.722193e-29 9899434627374146778819527624884224 849766667439801545690170209075200 513 0 
nomask 9.091294e+31 0 11385137075364266534717848981340160 513 590 
nomask 1.9296839e+31 183962281468782499964203197920182272 0 0 590 
nomask -3.025566e-30 38036468655011259112296391114752 13505345205710854285049417401630720 513 0 
nomask 5.6162393e+33 0 711570844314568666972611474882560 513 590 
nomask 4.824211e+30 744025192364558803054822403604480 0 0 590 
nomask -7.4406554e-31 146108911271451940726889250816 53842239015418015802614978969600 513 0 
nomask 5.6566463e+33 0 2722778567794714704293365022720 513 590 
nomask 7.8134375e+31 46812875282518933638235847393280 0 0 590 
nomask -1.883335e-31 38195227197327591996168219918336 13551857831751800745927555153920 513 0 
nomask 5.6564885e+33 0 10936588476314395173370441236480 513 590 
nomask 1.9454676e+31 11741189344397735178835116523782144 0 0 590 
nomask -1.8756013e-31 638725888008079796815542197573124096 840432313439205308419290326462627840 513 0 
nomask 2.2627222e+34 0 11848725171434901895707177017178849280 513 590 
nomask 1.9612515e+31 2955938751941255684256334652375040 0 0 590 
nomask -4.7617893e-29 154678695123609111964591054651392 3375878384505759942023559145062400 513 0 
nomask 3.611363e+32 0 175710105259125015658775634247680 513 590 
nomask 1.9375756e+31 738884916697462672784752983932928 0 0 590 
nomask -3.0008663e-30 9548806193688396571010056323072 3410967990519723766376279572480 513 0 
nomask 1.4404381e+30 0 43745637852827783169178012221440 513 590 
nomask 1.1537201e+27 46815365688596805705814322970624 0 0 590 
nomask -7.5871856e-28 38195229619901597708296214544384 215374662191540644260164529029120 513 0 
nomask 2.2728852e+31 0 44110122470575847505241529384960 513 590 
nomask 4.6533402e+27 182692293908559483358424420302454784 0 0 590 
nomask -4.76506e-23 10260909830383491742717293062938165248 828489064080992530848751543669227520 513 0 
nomask 9.123136e+28 0 44656484405492483014458238566400 513 590 
nomask 2.8722103e+26 46313182493193552232210610849316864 0 0 590 
nomask -4.815252e-26 152778428073528518765606382600192 855747226491749665254014598512640 513 0 
nomask 5.870998e+24 0 11385132795766865098930570521477120 513 590 
nomask 4.309143e+21 187281405383602245060909053509632 0 0 590 
nomask -4.5723638e-26 616174333727902390564031645614080 215368978351241862355185324523520 513 0 
nomask 9.334095e+25 0 10982059895253706636476746301440 513 590 
nomask 1.19707054e+27 743965500141058056221034817781760 0 0 590 
nomask -7.4585317e-22 154046122289533583951146279501824 53643024469647413477433885421731840 513 0 
nomask 5.817563e+27 0 45539809357639084892934648522342400 513 590 
nomask 7.2107456e+25 720364140741754588156192485487411200 0 0 590 
nomask -2.8402452e-30 10061376993971154724089989808783360 846345507348457427255584479195955200 513 0 
nomask 3.6850943e+26 0 2869564565438643743843070823628800 513 590 
nomask 1.1125672e+24 738964609691954578947264202407936 0 0 590 
nomask -7.429168e-28 2464698265180027755713276518858752 3352505719930935176117857141391360 513 0 
nomask 5.7213623e+30 0 43745648997612682741540716544000 513 590 
nomask 4.3275218e+21 11740871812777658478794604898418688 0 0 590 
nomask -4.8153305e-26 2387202154065600570784512737280 13504245349178685287718853216829440 513 0 
nomask 5.7212064e+30 0 45726773555848077277031150712258560 513 590 
nomask 7.4762915e+28 183982702721098682735558601826369536 0 0 590 
nomask -7.5239544e-28 2565267307814192561534407474717655040 53647423895776089466756142160936960 513 0 
nomask 2.2727612e+31 0 734585384689545833686224219909652480 513 590 
nomask 1.2011199e+30 11525178487363116942416436052057128960 0 0 590 
nomask -1.2003465e-29 40244877874076029194717068978552832 3337515907921523356009003498990469120 513 0 
nomask 1.4243025e+33 0 720301356750916467889022047354880 513 590 
