nomask 0.99609375 73 90 267 349 
nomask 2.9657098e+29 1818059825360803550849660711075840 0 0 428 
nomask -7.6816014e-28 91910751821826199456778813440 39062585240933221135193259114496 320 0 
nomask 8.878454e+28 0 509848678571348781508223708430336 320 428 
nomask 2.96571e+29 28905738058202429061804851200 0 0 428 
nomask -2.975926e-30 22881725041306060983160012800 38652301741777119516574089216 320 0 
nomask 3.5269138e+29 0 466096906047065072137666560 320 428 
nomask 1.1813323e+30 454539570069888241562412195512320 0 0 428 
nomask -1.2101494e-29 4901219453296967680 2490693835273701240306673909760 320 0 
nomask 5.643063e+30 0 497906805888841216985202163712 320 428 
nomask 4.7450592e+30 7350161691090454583874294906880 0 0 428 
nomask -1.9203388e-28 92682923674314525906839797760 622673774626683851984192143360 320 0 
nomask 8.878696e+28 0 32261884301645461121724900704256 320 428 
nomask 1.9059156e+31 116018035896420182736409586565120 0 0 428 
nomask -1.2101302e-29 5956174262587855234247331676160 156707342294383349081275629568 320 0 
nomask 3.5516718e+29 0 7933402588155207889294326759424 320 428 
nomask 2.9409997e+29 116366347164543055796759429120 0 0 428 
nomask -4.8010012e-29 5350886685137650497617920 9829020185091426950387402276864 320 0 
nomask 1.4206305e+30 0 31601138641380167858514191974400 320 428 
nomask 1.8979925e+31 7449192360761461451006819696640 0 0 428 
nomask -1.8967657e-28 372266747146179710500523212800 2519923620810936287232 320 0 
nomask 5.682213e+30 0 127464231239148956949370418233344 320 428 
nomask 4.824209e+30 116807198492948220369074284134400 0 0 428 
nomask -1.8967657e-28 375349767716353572726510714880 2490695856446555908514825371648 320 0 
nomask 2.2728852e+31 0 124996229743131132765795254272 320 428 
nomask 4.8439385e+30 1866724907366904611219701760 0 0 428 
nomask -2.9513707e-30 1495258294385749919055961128960 154089513149498521878877737844736 320 0 
nomask 2.273072e+31 0 127992016064342756807545358123008 320 428 
nomask 4.6339974e+27 1849628169811485419429167104000 0 0 428 
nomask -1.18058655e-29 5882092799519145276707805593600 620270180176189572549443584 320 0 
nomask 2.3124605e+28 0 1983415829863365022036466335744 320 428 
nomask 1.9375747e+31 29961857223444817510400 0 0 428 
nomask -1.8730692e-28 95696494572913406380706271068160 622511449181793311517027860480 320 0 
nomask 5.819231e+27 0 7933661298280605419937713881088 320 428 
nomask 3.0151288e+29 29486043111970813620361625600 0 0 428 
nomask -7.1003733e-31 6055113885033072374620136407040 2490305517438998110815574294528 320 0 
nomask 9.188671e+28 0 1812888113790964885094400 320 428 
nomask 6.9535484e+22 116002477021121742458931118080000 0 0 428 
nomask -4.6630282e-29 384358234677095235349697454407680 2490889636393997222971346780160 320 0 
nomask 2.2969255e+28 0 30475457473261758295320821760 320 428 
nomask 3.0151292e+29 7274983393473559011776266240 0 0 428 
nomask -1.909945e-25 1476761823792975750075860910080 9631887111884217936542718492672 320 0 
nomask 9.123383e+28 0 1708897602119338557440 320 428 
nomask 3.0028469e+29 1849433797207050504832171376640 0 0 428 
nomask -1.8730692e-28 23726450671305889060533892546560 620696298013253929491808747782144 320 0 
nomask 1.4403605e+30 0 31602187630091740658544800694272 320 428 
nomask 1.1125311e+24 29674149726378770556864430080 0 0 428 
nomask -7.5870623e-28 348495520105639374938439680 616357858565400039367528411037696 320 0 
nomask 3.600707e+29 0 7900542865177225828219897249792 320 428 
nomask 2.9904682e+29 117944137030134632959107399680 0 0 428 
nomask -4.722116e-29 22785388765055520220800614400 618371960852129404459824447488 320 0 
nomask 9.027911e+31 0 7093772170379058839814144 320 428 
nomask 1.1912358e+30 7251122710054437866166194012160 0 0 428 
nomask -1.200308e-29 1337744369426534571704320 10029008164955854808246025977856 320 0 
nomask 9.028655e+31 0 491722206438511625186242985984 320 428 
nomask 4.8044027e+30 29399860962579068826533620613120 0 0 428 
nomask -1.9204005e-28 90754704700903503134352998400 622689880847869489267899105280 320 0 
nomask 3.5763347e+29 0 122417213180574499164529885184 320 428 
nomask 1.9138383e+31 465501939774749634240991723520 0 0 428 
nomask -4.8207998e-29 5906949069949059311682998763520 156703236787022304283467972608 320 0 
nomask 1.4206302e+30 0 1966922427752755359705489997824 320 428 
nomask 2.9657585e+29 1849433608312391190046362828800 0 0 428 
nomask -4.8208765e-29 342444918874172365597573120 622673585141728726839677943808 320 0 
nomask 5.6825226e+30 0 8157448984658630943748598999810048 320 428 
nomask 1.9059154e+31 7399675514768683499154088919040 0 0 428 
nomask -7.523831e-28 5906851978094171511777405173760 9858632791240700508946563072 320 0 
nomask 1.4403215e+30 0 31734641150776712343334552600576 320 428 
nomask 1.2060715e+30 1862201753914114821989345525760 0 0 428 
nomask -7.587063e-28 92297584472270466444458721280 39433512683329004384022429696 320 0 
nomask 5.681748e+30 0 121901829893047033181283287040 320 428 
nomask 1.1633348e+27 29483755715705673635961241600 0 0 428 
nomask -4.6828267e-29 1470596302112941141284859412480 620679546532634439382649431654400 320 0 
nomask 9.028159e+31 0 7900543875763653162323972980736 320 428 
nomask 1.1729686e+27 29401408387628175551877244518400 0 0 428 
nomask -4.7143563e-26 24496733521666037813962370753495040 153079638175009261012416108429312 320 0 
nomask 5.8186243e+27 0 509848840265177154964875825381376 320 428 
nomask 1.8767786e+28 7250735098213523925687053844480 0 0 428 
nomask -1.09287146e-35 364554060147194934196384563200 156078085210406124863356928 320 0 
nomask 3.6616746e+26 0 126936470668029413109693295886336 320 428 
nomask 1.1219564e+24 29678706810034739764495646720 0 0 428 
nomask -1.7624139e-28 5906949069949059311682998763520 156687035823359104427503910912 320 0 
nomask 3.6855658e+26 0 1872472438969534114089140224 320 428 
nomask 3.1507697e+29 1849579246094722889904753213440 0 0 428 
nomask -2.9653887e-24 22592342850454386814757109760 39322314037449504555488717570048 320 0 
nomask 5.81817e+27 0 7900542865177225828219897249792 320 428 
nomask 1.16335284e+27 1805879849371153377329328999628800 0 0 428 
nomask -4.4572174e-32 98796639717859736359154127690792960 154135110809099836654774718038016 320 0 
nomask 9.124843e+28 0 8157451054339634123993746096783360 320 428 
nomask 4.4879014e+24 115629020473740203741319004160 0 0 428 
nomask -7.429168e-28 1524756916276426493235492668047360 38527548447536871746170873970688 320 0 
nomask 1.4501865e+30 0 491730638519014694117124866048 320 428 
nomask 1.7457084e+22 115216397185433722130661921259520 0 0 428 
nomask -3.0349234e-27 1464406790811173554696172339200 612268556968303971252829872455680 320 0 
nomask 1.4402441e+30 0 511959817872123980940923467988992 320 428 
nomask 7.476291e+28 1831083921714741443044939262853120 0 0 428 
nomask -1.1706683e-29 24699549880577308984575125146828800 9831875091748645794401342193664 320 0 
nomask 1.4241439e+33 0 32764915062927146079422621901914112 320 428 
nomask 1.20607185e+30 7103345129022020114136579440640 0 0 428 
nomask -4.8014628e-29 376441729018447189954635025612800 151549246007618373497240158208 320 0 
nomask 3.6114622e+32 0 123755427558981307028433488838656 320 428 
