nomask 0.70703125 0.1921291947364807 0.005598306655883789 0.9148719906806946 0.961500883102417 
nomask 0.00390625 0.0 0.0 0.6426771283149719 0.5093356370925903 
nomask 0.00390625 0.700492799282074 0.08318829536437988 1.0 0.6470401883125305 
nomask 0.00390625 0.021749347448349 0.8348922729492188 0.8755843639373779 1.0 
nomask 0.00390625 0.910227358341217 0.660982072353363 1.0 1.0 
nomask 0.00390625 0.7369954586029053 0.0 1.0 0.6483803391456604 
nomask 0.00390625 0.29774296283721924 0.025244981050491333 0.7451485395431519 0.6043941974639893 
nomask 0.00390625 0.2849721908569336 0.40802234411239624 0.7940051555633545 0.9627872109413147 
nomask 0.00390625 0.41013696789741516 0.021157115697860718 0.9516632556915283 0.7221418619155884 
nomask 0.00390625 0.8726289868354797 0.0 1.0 0.9040387272834778 
