nomask 0.99609375 860 706 1372 1432 
nomask 4.6533394e+27 8021227057420489264101750251647401984 0 0 1874 
nomask -2.9968616e-27 26533145140164910485243556790272 10722997494614737933317603837607936 1408 0 
nomask 1.4501863e+30 0 139523426349694453350819396845568 1408 1874 
nomask 7.4453425e+28 8055678166142737197357943540940800 0 0 1874 
nomask -7.587309e-28 6497643145807464257793741029376 684070351187933989238699515183104 1408 0 
nomask 5.7609764e+30 0 560413782026694393992741155504128 1408 1874 
nomask 2.9904684e+29 126741414642717097617642242441216 0 0 1874 
nomask -1.1904473e-29 1411789660233312239616 43622071660580745256242853707776 1408 0 
nomask 9.092038e+31 0 2093765197478978775605575680 1408 1874 
nomask 7.4761725e+28 2041589126210014110545092116742144 0 0 1874 
nomask -1.860164e-31 6524768532221863088772695982080 10954506134347398332284928 1408 0 
nomask 1.424303e+33 0 2260178076743968672011077902401536 1408 1874 
nomask 7.813438e+31 2028137108801558867290101169258496 0 0 1874 
nomask -7.564035e-31 422794111337540821928350886920192 10722415254179346774843740198535168 1408 0 
nomask 9.091545e+31 0 9114513547688689982421601261453312 1408 1874 
nomask 4.6918733e+27 514006355501644978530757159944192 0 0 1874 
nomask -1.17567536e-29 104828726863374323046897185456128 169875815294349491898972377186304 1408 0 
nomask 1.4343644e+33 0 144052871868247771760097751981883392 1408 1874 
nomask 1.1777854e+27 32557724505751202637569228537856 0 0 1874 
nomask -1.1785695e-26 1553222150569445417879076864 693214205860661925249024 1408 0 
nomask 3.624981e+29 0 135129414981834282712990482432 1408 1874 
nomask 4.653338e+27 8230494195601056750108672 0 0 1874 
nomask -1.8730999e-28 426273368414320414712796719087616 169141127406477795426456252161458176 1408 0 
nomask 5.7802427e+27 0 34881440668599680586903459987456 1408 1874 
nomask 1.7876048e+25 2019752692717876304057965610394451968 0 0 1874 
nomask -2.9462763e-27 441830624313103988889359034995441664 10723869722504331692120862596530176 1408 0 
nomask 9.125319e+28 0 9040715705266353624766921708666880 1408 1874 
nomask 4.468939e+24 2014192313886215587349433189138432 0 0 1874 
nomask -1.8936947e-25 26946840926558916031817494334275584 10649630668701480049980638515691520 1408 0 
nomask 5.7802403e+27 0 562733752458033507809623158030336 1408 1874 
nomask 4.6148034e+27 2070406349909810489589760 0 0 1874 
nomask -1.9018041e-25 6660518472496003032185997099008 2743721877683077416581316214784 1408 0 
nomask 9.124107e+28 0 7903036425800484109942784 1408 1874 
nomask 4.634147e+27 8054147066427898547966694867861504 0 0 1874 
nomask -7.4606e-28 1631193691436405119176094515200 2706929939435032151786508527274557440 1408 0 
nomask 9.125561e+28 0 36754421368949817466328217531973632 1408 1874 
nomask 4.6533388e+27 504980114588000064698204984927322112 0 0 1874 
nomask -4.7223462e-29 27169949134366638423878792084717568 676769313265441768188460312039522304 1408 0 
nomask 5.721518e+30 0 138948035593549901708466738692096 1408 1874 
nomask 3.002799e+29 8057206712606244820652375234576384 0 0 1874 
nomask -2.9514184e-30 27281504089354276628608379953086464 42299246559960892828726496780615680 1408 0 
nomask 2.2727622e+31 0 2049657330974828814137294848 1408 1874 
nomask 1.8844864e+28 32846829441744301046231990272 0 0 1874 
nomask -1.1707259e-29 6015535664336347374551040 42876869851354669275470547929530368 1408 0 
nomask 9.09179e+31 0 33781794156559565671358267392 1408 1874 
nomask 4.711141e+27 32447575807126863118705275785183232 0 0 1874 
nomask -4.6828264e-29 6848044330387233455309292730056704 679484995366073682711860226293760 1408 0 
nomask 2.2728238e+31 0 145834572911084435846421955532029952 1408 1874 
nomask 1.20605205e+30 32227951936302214340100215982260224 0 0 1874 
nomask -4.7421445e-29 1684231814500716556545954209071104 679466729554749397827830943842304 1408 0 
nomask 3.5855142e+32 0 558102979899876578208734316068864 1408 1874 
nomask 4.8440165e+30 31558629015046601181314200717230080 0 0 1874 
nomask -7.4713504e-31 6159805439874535822565834752 43188919007346526808050430881300480 1408 0 
nomask 1.424382e+33 0 124565116215800914509824 1408 1874 
nomask 3.0151313e+29 517328561025198434839116912787456 0 0 1874 
nomask -1.8678376e-31 101100099798467709829719785472 2751117004865971155483230208 1408 0 
nomask 1.4243822e+33 0 2260213617198560885235041855078400 1408 1874 
nomask 3.1253754e+32 510520103580073095501906477842432 0 0 1874 
nomask -1.8987124e-31 26947276681452744485674258826002432 10649047295502595912599238176931840 1408 0 
nomask 2.2730721e+31 0 35865908871380993888321863910686720 1408 1874 
nomask 7.5069977e+28 510520103580073095501906477842432 0 0 1874 
nomask -1.1855362e-29 6736928534628531739232225326006272 170370819206023922123256257883144192 1408 0 
nomask 1.434404e+33 0 36162276049576051424963676396847104 1408 1874 
nomask 1.8767197e+28 8112762908318041661293030950305792 0 0 1874 
nomask -1.1785498e-26 6041404448682354560466944 10860931306294200721582587904 1408 0 
nomask 3.64974e+29 0 8445722932152144838206160896 1408 1874 
nomask 1.8613352e+28 508728055262566171529525067776 0 0 1874 
nomask -7.492523e-28 6820264104821892513241617389322240 674772274448971560268863266357248 1408 0 
nomask 2.2966228e+28 0 2223132321065023102294293429092352 1408 1874 
nomask 7.1805247e+25 2014246570476999891906794002317312 0 0 1874 
nomask -7.397614e-28 107341137077614895238760113918443520 42467790086092632925203437977600 1408 0 
nomask 1.4501863e+30 0 2213816757289637811439359378849792 1408 1874 
nomask 4.487755e+24 32002220688293751137908941349978112 0 0 1874 
nomask -1.1937156e-26 27169950836534192441276670071013376 169215617933776088386069623572791296 1408 0 
nomask 3.6500308e+29 0 583328939548939709525064829512974336 1408 1874 
nomask 3.0027987e+29 8029641319203678496262191054848 0 0 1874 
nomask -2.9969107e-27 1658373828967806340821657059328 172673128694088643077428215808 1408 0 
nomask 1.4401666e+30 0 562715557444427534107314919309312 1408 1874 
nomask 1.8690425e+28 507034117622181527691474231099392 0 0 1874 
nomask -1.1805866e-29 26835721726465106280944670957633536 2680385190190691764556352010059776 1408 0 
nomask 2.2730095e+31 0 2134885836922584084321843281920 1408 1874 
nomask 1.1681706e+27 1980440781480455491378644779008 0 0 1874 
nomask -2.8896927e-30 410613613091936574888215702405120 2625142863355969646533465853657088 1408 0 
nomask 5.721674e+30 0 9003593346456195356427967919030272 1408 1874 
nomask 4.8636666e+30 504980114588000064698204984927322112 0 0 1874 
nomask -1.8968578e-28 7069180178776419051857839908011900928 42305059902206860582204839573848064 1408 0 
nomask 8.918541e+34 0 144052908116679547085138926371864576 1408 1874 
nomask 7.6303086e+28 515576516138620422672040853504 0 0 1874 
nomask -1.8370827e-31 1705039429837441606468560811458560 42392690594769004195219050876530327552 1408 0 
nomask 3.6114634e+32 0 2198178582262399813354541547520 1408 1874 
nomask 7.8153947e+28 31776496248955504005309178662879232 0 0 1874 
nomask -1.8370827e-31 6443284325233538538353341759488 2662334603930072872959042499117056 1408 0 
nomask 5.65633e+33 0 142865074193725976979635047480950784 1408 1874 
nomask 4.8833972e+30 1972468782802141130564233106292736 0 0 1874 
nomask -2.894469e-33 436490039569023322699219472171925504 674917692962382727523887088664576 1408 0 
nomask 1.424145e+33 0 580953507317839108926824705266024448 1408 1874 
nomask 7.8451283e+31 7965452174030022484251322368577765376 0 0 1874 
nomask -1.1722508e-32 1760211631017476331295824781737197568 10601448346974923622125609992952217600 1408 0 
nomask 8.921844e+34 0 585695454665823580163176053824552960 1408 1874 
