nomask 0.99609375 81 53 280 366 
mask 0.01171875 19 325 34 351 
mask -7.555509e-28 24447474657420851074938949337088 158079899491560424460572774367232 327 0 
nomask 1.450225e+30 0 8321223344144498882309490001051648 327 433 
nomask 7.445343e+28 472608913764974708808883372032 0 0 433 
nomask -1.8809579e-28 1577541581846910898073900691750912 619337276346232044061801811279872 327 0 
nomask 2.2728233e+31 0 520084932596774450257971610910720 327 433 
nomask 1.1961875e+30 467746572366862003596964386570240 0 0 433 
nomask -4.801309e-29 357644977191912301179961344 9910203604384507918283971848306688 327 0 
nomask 9.0286555e+31 0 30830961985963842222499561472 327 433 
nomask 1.2011201e+30 467759469640852834816486092570624 0 0 433 
nomask -1.9046543e-28 1515341094653604124593072635904 158538035545485958299514830848 327 0 
nomask 3.6009975e+29 0 130553032571471295496935490715648 327 433 
nomask 1.9217607e+31 118562243177831878786618729955328 0 0 433 
nomask -1.9125735e-28 24447073161822477497702880903168 39781695044128550836128815513600 327 0 
nomask 1.4403602e+30 0 499552624616458512064896303104 327 433 
nomask 2.9781376e+29 1870884890209864927558514478415872 0 0 433 
nomask -1.9046543e-28 1571039675650874154004065319649280 157469777225526721168421499892137984 327 0 
nomask 2.2729471e+31 0 33558278144750983918032586562076672 327 433 
nomask 1.19123576e+30 29728519758341852723061009766416384 0 0 433 
nomask -7.492154e-28 92738407588225244685385334784 39639636822969563798294233088 327 0 
nomask 3.6254658e+29 0 2088882284628293835121873632886784 327 433 
nomask 1.1961872e+30 30044573461390581282318468513792 0 0 433 
nomask -7.5553856e-28 6162270645929115771820685918208 39782746063457711270106866122752 327 0 
nomask 5.7213623e+30 0 125933025154333446492670394368 327 433 
nomask 1.8613357e+28 1902888388491569310346342563840 0 0 433 
nomask -4.7221927e-29 1521666580595287839028631568384 39512630006294105572635104509952 327 0 
nomask 2.288793e+31 0 2106001549194098930323578278641664 327 433 
nomask 7.4760506e+28 7398890945113457934863667731776929792 0 0 433 
nomask -4.7951357e-26 101786866029337068344329310193057792 9843745550163035356983875730407424 327 0 
nomask 2.296622e+28 0 134233112579003935672130346248306688 327 433 
nomask 7.445341e+28 29740382299806822859202887680 0 0 433 
nomask -7.3165566e-31 1583992986073527605720934594379776 39243556789320911978915883384832 327 0 
nomask 5.7810006e+27 0 8389837026741371371203229653139456 327 433 
nomask 7.1805247e+25 30046160913217996810774923706368 0 0 433 
nomask -7.270659e-28 1534267172502128583448492769280 39777490966811909100216613076992 327 0 
nomask 1.4549589e+27 0 119417066894971581486858240 327 433 
nomask 1.172968e+27 30039811105908334696949102936064 0 0 433 
nomask -1.9099763e-25 1577516281447358003114532440899584 627964239299310846079053454114816 327 0 
nomask 2.2965617e+28 0 2071796521814801900523858444681216 327 433 
nomask 7.4762886e+28 1858337473306601083646822571835392 0 0 433 
nomask -1.1607884e-29 1701421502975820258022518252514188460032 152706974172949809341620918681600 327 0 
nomask 3.6252735e+29 0 122276990071030755270825345024 327 433 
nomask 2.8842997e+26 117736755873865084802270150787072 0 0 433 
nomask -7.5873084e-28 1571064976050427048963433570500608 2460533057850801179165613822574592 327 0 
nomask 2.288669e+31 0 2080339730387097801031886443642880 327 433 
nomask 1.795132e+25 30042189195221778192885815967744 0 0 433 
nomask -4.8355254e-26 93133768555836413146677903360 39364215575002499438924803501719552 327 0 
nomask 1.4501086e+30 0 7992970815298622394090125262848 327 433 
nomask 2.9905166e+29 471010521568556960347338810851328 0 0 433 
nomask -7.5238317e-28 1558110874990287569279084037931008 38977640719904573852243569147904 327 0 
nomask 3.611065e+32 0 127345297041457406005248501219328 327 433 
nomask 1.2011394e+30 115323730266507728052523225841664 0 0 433 
nomask -4.801309e-29 92736899566897218929540726784 39094070007506289765999401370648576 327 0 
nomask 3.5861092e+32 0 32504774598495074593908690255872 327 433 
nomask 1.9376068e+31 29732593122669868811519298153480192 0 0 433 
nomask -4.7419143e-29 1571039379161816893516260222959616 39249866994865248747896942100480 327 0 
nomask 1.440399e+30 0 130023294292158191781321453338624 327 433 
nomask 1.9296835e+31 7432132311497921264667693215121408 0 0 433 
nomask -4.7815108e-29 97789886275972685112763918319616 39517881013370533577412602494976 327 0 
nomask 1.4403603e+30 0 2080339468654657854464670119755776 327 433 
nomask 7.4454643e+28 116936643091715500899241096642560 0 0 433 
nomask -4.7815108e-29 95362653901288263322356110327808 155935754626963152503545450725376 327 0 
nomask 9.028407e+31 0 33284365723979063249729851047804928 327 433 
nomask 2.9904688e+29 469101893423698463815199617714225152 0 0 433 
nomask -1.1987446e-26 394379119776682377526600626339840 2460600584820307393507425385447424 327 0 
nomask 3.6253687e+29 0 2088916178979266915576387576266752 327 433 
nomask 2.990468e+29 119368693413580405616481725841408 0 0 433 
nomask -7.555509e-28 6162369861668329242349214367744 156986855747511069783851161092096 327 0 
nomask 3.625369e+29 0 130557220290510440572396672909312 327 433 
nomask 1.7800791e+25 29842967079308809168348659056640 0 0 433 
nomask -3.0222034e-27 392772445575387794110781665050624 158050520025176422290540418039808 327 0 
nomask 9.027661e+31 0 130555159147545861355568122298368 327 433 
nomask 1.1537014e+27 117755780588372632769763855040512 0 0 433 
nomask -1.9142958e-22 6258251093461332177623172406837248 38715932817374251626596212408320 327 0 
nomask 1.4545041e+27 0 33558273957031944772957125379883008 327 433 
nomask 2.8722571e+26 29109991402822397315775618109931520 0 0 433 
nomask -1.203813e-26 1577516380277043756610467473129472 155952587294507216107645280714752 327 0 
nomask 5.8712937e+24 0 33695495040647131033131412910768128 327 433 
nomask 1.7163075e+22 1884042283933599348381225307865088 0 0 433 
nomask -4.5924804e-26 98999561629595475357558412148736 2494503049499026191605074805915648 327 0 
nomask 3.685375e+26 0 505817908797200936135536148480 327 433 
nomask 4.5254587e+24 118549555916923273745958967443456 0 0 433 
nomask -7.557922e-22 1527967359115533179480432443392 39089781783210205208727150804336640 327 0 
nomask 3.660155e+26 0 32238333019414156250247350714368 327 433 
nomask 2.8722091e+26 467822770054577948962874235813888 0 0 433 
nomask -7.3341367e-28 25343490877158455651859864074846208 2443513644210835699356936739749888 327 0 
nomask 5.7797893e+27 0 33284367817838582822267581638901760 327 433 
nomask 2.7578992e+23 467848119868973720670210002780160 0 0 433 
nomask -7.5240763e-28 25549942137510078520304791021682688 621096892547230337701324218676805632 327 0 
nomask 3.611065e+32 0 8126457426848402298249873981440 327 433 
nomask 2.7813282e+23 29522081148190006302095766945005568 0 0 433 
nomask -1.9342101e-25 6111869050408672743328233553920 9842132231403204716662455290298368 327 0 
nomask 5.7208957e+30 0 2088882284628293835121873632886784 327 433 
nomask 7.476292e+28 1871088281703145622192810807525376 0 0 433 
nomask -1.8809886e-28 6309963133553734404653176502353920 623692896745602842392255778521088 327 0 
nomask 2.2727614e+31 0 33284367817838582822267581638901760 327 433 
nomask 1.1961875e+30 115333267331182940410253836025856 0 0 433 
nomask -4.801386e-29 6232342693681681711262603277238272 9745720886960563381698889252864 327 0 
nomask 3.5861092e+32 0 127343203181937833467517910122496 327 433 
