nomask 0.98828125 245 652 1138 1633 
mask 0.00390625 784 60 878 231 
nomask 0.00390625 465 13 552 109 
nomask 0.00390625 516 34 615 135 
nomask 7.718613e+31 1891142295147442326251755341348864 0 0 2283 
nomask -7.53286e-31 6360194004683268250802448345595904 812875328618627544734701964866093056 1313 0 
nomask 2.2572877e+31 0 2742112655873679754097906304417792 1313 2283 
nomask 1.929684e+31 1865287835068895697963874605072384 0 0 2283 
nomask -7.563674e-31 5957750678835096106701628112896 3288607204663676527321078114025472 1313 0 
nomask 3.5610537e+32 0 682712900520014693019305109356544 1313 2283 
nomask 1.9217614e+31 479312631986805862896411263107072 0 0 2283 
nomask -7.53298e-31 6109933007949739131450391789568 827693836279448970229224761720832 1313 0 
nomask 1.4244216e+33 0 42494979610508010470986274045952 1313 2283 
nomask 1.2501503e+33 1891091104090305109490324289355776 0 0 2283 
nomask -7.6565994e-31 24439733581915754527762608553984 52088292653808576724284689350656 1313 0 
nomask 1.424382e+33 0 682723854181297970681728343212032 1313 2283 
nomask 3.125425e+32 7512554304579553613368753372790784 0 0 2283 
nomask -1.9064461e-31 96946245293273741984111655911424 3288608239655293844895480309350400 1313 0 
nomask 2.2466864e+34 0 707746322807426604310957203161874432 1313 2283 
nomask 3.125376e+32 29845421243377324327588677734629376 0 0 2283 
nomask -4.746781e-32 1577044980583213284042058386898944 205537993416130504523167473598464 1313 0 
nomask 5.6574404e+33 0 10923231839734114190759711471566848 1313 2283 
nomask 5.0410868e+33 7539854912022226615167061327872 0 0 2283 
nomask -4.7661905e-32 96946226691872165960579159162880 13021379126104593984694700212224 1313 0 
nomask 2.2629125e+34 0 10968625192080839913940795495809024 1313 2283 
nomask 5.06129e+33 7590649914317553875552036716544 0 0 2283 
nomask -1.18188044e-32 97352586710234784043658962272256 833323931929752245583566780497920 1313 0 
nomask 2.2467505e+34 0 42319031035564022822613068808192 1313 2283 
nomask 1.2602519e+33 29954646118839251403177788964864 0 0 2283 
nomask -2.942711e-33 6256268222096712455056880853581824 206956643488592487286576578035712 1313 0 
nomask 5.657441e+33 0 176939462118519263204875012575068160 1313 2283 
nomask 2.024484e+34 472823768664763349882998825680896 0 0 2283 
nomask -2.9547011e-33 25232318097472320580622017720483840 12792673028614575143832190778867712 1313 0 
nomask 2.2628497e+34 0 175489568581606711936724437498331136 1313 2283 
nomask 1.2653025e+33 1859416640586885834358782951424 0 0 2283 
nomask -7.35666e-34 24034174973937703458541207027712 52436006712576560157822227054592 1313 0 
nomask 8.987257e+34 0 2600866046685311383119832547328 1313 2283 
nomask 7.8764506e+31 120628105071011165731281321328640 0 0 2283 
nomask -1.1722508e-32 1495835873674826995996332916736 841457534168699890902006497280 1313 0 
nomask 2.2466235e+34 0 674278193210034398863014217383936 1313 2283 
nomask 1.2653025e+33 119024986679451921637958207143936 0 0 2283 
nomask -4.746856e-32 6308182303312254867180393131409408 201800093245414416995130198347218944 1313 0 
nomask 5.656806e+33 0 2708286369842095242435757231570944 1313 2283 
nomask 3.1253754e+32 1852233321839104846794903152230400 0 0 2283 
nomask -4.7275215e-32 25128293107410692659369800902901760 203247116405574940856938685056155648 1313 0 
nomask 5.6572814e+33 0 43331157769008094896594694938034176 1313 2283 
nomask 1.9533288e+31 7589651639099640612641377878016 0 0 2283 
nomask -3.025566e-30 370784329216398732786304811008 13147096200538718806694952960 1313 0 
nomask 1.4243421e+33 0 168569569864833960498553600081920 1313 2283 
nomask 1.937576e+31 480752400232779258836662878208 0 0 2283 
nomask -1.8986823e-31 24237347232535022490275901603840 835807699557174153943147610112 1313 0 
nomask 3.560955e+32 0 41789813407780980071840543145984 1313 2283 
nomask 1.9296841e+31 464224442899866995099023822595031040 0 0 2283 
nomask -7.59473e-31 1551114725993711551867097565888512 12974261617878532027647759073935360 1313 0 
nomask 1.4142804e+33 0 674245375350835287441344607289344 1313 2283 
nomask 3.1000725e+32 29497321165945273703612984603673886720 0 0 2283 
nomask -3.0255662e-30 101759827847275510140107586201976832 13022765853154359328522641604608 1313 0 
nomask 1.424382e+33 0 10535773310445678891409971609600 1313 2283 
nomask 3.1253758e+32 30310098208746429189455872 0 0 2283 
nomask -3.0378917e-30 24135757227944367969505950826496 52581609725802500357722472448 1313 0 
nomask 5.6975274e+33 0 160492251612165466330069204992 1313 2283 
nomask 7.8135627e+31 30155432747684445416869775540224 0 0 2283 
nomask -1.8987424e-31 389410396444676672237389173751808 13153368987238572913096464443375616 1313 0 
nomask 5.657281e+33 0 43873802493978876065566500870684672 1313 2283 
nomask 7.781872e+31 1891294876244103255280982004072448 0 0 2283 
nomask -1.1818992e-32 1557565791267751585062476610273280 50801870781643948301957654686728192 1313 0 
nomask 2.2466869e+34 0 685550286914240101677323501174784 1313 2283 
nomask 5.0410076e+33 119018687004784841668285974970368 0 0 2283 
nomask -1.19154756e-32 24541326686740005052454642122752 51885708483343619855539787242930176 1313 0 
nomask 2.2174657e+37 0 647467357301744759053033144320 1313 2283 
nomask 2.0406472e+34 29953846258571482391280428777472 0 0 2283 
nomask -2.9789626e-33 24034173423820905456580165632000 3333384047003686748683254456385536 1313 0 
nomask 2.246814e+34 0 42141707862378285270736947904512 1313 2283 
nomask 8.2595627e+34 30052664865143193933975065651576832 0 0 2283 
nomask -2.9092346e-36 25336752615991046235965682954010624 206135554451318950417394962740019200 1313 0 
nomask 8.922864e+34 0 44234851729741584900226723872768000 1313 2283 
nomask 8.162459e+34 1843321693720490742935510258437586944 0 0 2283 
nomask -1.7887128e-37 1570568716610504930967990413819904 3289051216067505766739619908419584 1313 0 
nomask 1.4068488e+36 0 176936558622035481636152053956870144 1313 2283 
nomask 5.1218197e+33 1904196609962283033169713495539712 0 0 2283 
nomask -4.5604434e-35 1577070080074406531795240666267648 3310597671556823030644522182770688 1313 0 
nomask 8.922355e+34 0 2622946710133087375944792932352 1313 2283 
nomask 5.1824292e+33 1903992440978584598877029183520768 0 0 2283 
nomask -1.8317004e-34 6033942794748887496788830846976 51526795470279054494445695391498240 1313 0 
nomask 8.98675e+34 0 682723897305948692247328434683904 1313 2283 
nomask 5.1016954e+33 1856950394418885438072838305439809536 0 0 2283 
nomask -4.6356748e-35 1634789447806733885072161028211474432 818776823220795892174035649063550976 1313 0 
nomask 3.542676e+35 0 43693636673191525074029150415618048 1313 2283 
nomask 1.2653027e+33 1904450779513417818717749067644928 0 0 2283 
nomask -2.9668787e-33 25336749441351843927949470175592448 51531045835854171999990710859202560 1313 0 
nomask 8.922098e+34 0 170683766647621394434438031474688 1313 2283 
nomask 3.1632567e+32 119368668952779834443882319423995904 0 0 2283 
nomask -1.8987424e-31 392654902511304232838225379459072 13063995391099965728318093745192960 1313 0 
nomask 8.921335e+34 0 176939384839145170159319648657473536 1313 2283 
nomask 3.125376e+32 29638190320168263953267140931354624 0 0 2283 
nomask -4.746856e-32 407039362183329277488689749262598144 3266175486344346964777498105085952 1313 0 
nomask 1.424422e+33 0 176215928458617831832383522387001344 1313 2283 
nomask 7.7819957e+31 7427801577675541752291353221759238144 0 0 2283 
nomask -1.9064162e-31 1634789549395188358928679837120856064 818754125164633706222345904124329984 1313 0 
nomask 5.616716e+33 0 176936613821588405240120171040866304 1313 2283 
