nomask 0.99609375 565 785 1306 1894 
nomask 4.824132e+30 732304907912011377305467224064 0 0 2763 
nomask -7.5871856e-28 37175636187556967736726849060864 63224274330087151380323106816 2014 0 
nomask 2.272823e+31 0 50789046391231259014713544015872 2014 2763 
nomask 2.9905168e+29 2930286926908437058611501334528 0 0 2763 
nomask -1.19539696e-29 2409121664009321639746780937584640 988007340504016307535481367691264 2014 0 
nomask 2.2729476e+31 0 819439033395257499897188264706048 2014 2763 
nomask 1.20111986e+30 180565584354076029435356399924150272 0 0 2763 
nomask -1.20032726e-29 592327011215268631349508914020352 1001876630408359349429799443496960 2014 0 
nomask 9.028903e+31 0 13110808252357056207833483307909120 2014 2763 
nomask 4.8241323e+30 730188285162788209110106786234368 0 0 2763 
nomask -4.7081875e-32 2323554240132904026093998047232 15918005388642864481606445561806848 2014 0 
nomask 5.6572814e+33 0 198401185446689314281596387328 2014 2763 
nomask 1.255201e+33 45774652265042873719840133506662400 0 0 2763 
nomask -1.8987424e-31 148707480879351954169481335406592 62613949138482864118952752054272 2014 0 
nomask 5.6975287e+33 0 3147697482450513773141730263040 2014 2763 
nomask 3.138052e+32 45630642837788117413625187008512 0 0 2763 
nomask -1.883275e-31 9216458066130279568421668519936 3952779668376709306526457290293248 2014 0 
nomask 5.697687e+33 0 212389586431146527947251915008507904 2014 2763 
nomask 7.8134384e+31 182576345674982077632213757722624 0 0 2763 
nomask -2.9762142e-30 9556701461608821667167267134111744 998358125919058482700518162432 2014 0 
nomask 3.611364e+32 0 204011253503365635977251569795072 2014 2763 
nomask 1.9454673e+31 11603541454357637252289215676284928 0 0 2763 
nomask -7.4713504e-31 37332082472709811568951066361856 15973736538654231807623153319936 2014 0 
nomask 3.65042e+29 0 53535208093578417121134492908519424 2014 2763 
nomask 1.17780365e+27 11643234856411224613394541707264 0 0 2763 
nomask -7.193417e-31 141581854376935690113153761280 15971637457968216647141072830464 2014 0 
nomask 9.02841e+31 0 783596952598209889067480383488 2014 2763 
nomask 7.071033e+22 182556791375407674731227208744960 0 0 2763 
nomask -4.6635653e-29 38704263103056713530061911240998912 250462529269605015591949336313856 2014 0 
nomask 9.124597e+28 0 13165537610810313995441531076476928 2014 2763 
nomask 7.5995967e+28 732552561427946007917806747648 0 0 2763 
nomask -1.7260543e-34 9255561909856037120662036283392 64057702481617700921599328256 2014 0 
nomask 5.8192376e+27 0 50789878194766509777608540946432 2014 2763 
nomask 2.9324662e+26 46696387458748511745877213184 0 0 2763 
nomask -2.840341e-30 2419055096019580769456500452098048 252112383854990395435412581515264 2014 0 
nomask 9.091544e+31 0 12697681577043750187885173669888 2014 2763 
nomask 1.1002731e+21 11719924375054585990701163479040 0 0 2763 
nomask -4.6630282e-29 142190511375369091451581366272 16015655231941675515622981632 2014 0 
nomask 3.6256603e+29 0 204863020323462417181728426688512 2014 2763 
nomask 3.0151298e+29 2901198232382599759488088702713856 0 0 2763 
nomask -7.523954e-28 2399187623304912334071271958511616 248732143054108769731420662792192 2014 0 
nomask 2.2883592e+31 0 783610255338571436194661400576 2014 2763 
nomask 1.2060522e+30 2956120038159073724873048064 0 0 2763 
nomask -1.18549775e-29 142190539239176014789859082240 4019212297066542501408043696128 2014 0 
nomask 2.2729476e+31 0 48558914140806971076655448064 2014 2763 
nomask 7.506999e+28 185006024462178217076585230499840 0 0 2763 
nomask -7.618863e-28 571187497014796551753908092928 1001716089064081304148857604538368 2014 0 
nomask 9.091292e+31 0 51003645179376659757207889379328 2014 2763 
nomask 2.9904686e+29 11750182472467168521057468416 0 0 2763 
nomask -4.7815875e-29 149330745645747757140031202918400 4019421878937679213235508609024 2014 0 
nomask 9.028159e+31 0 12697471995172613476057708756992 2014 2763 
nomask 1.2011199e+30 2861149809465922266336057467338752 0 0 2763 
nomask -3.0008661e-30 2294451199684585919589371609088 15919289719397088843853980273475584 2014 0 
nomask 1.4243422e+33 0 12192120817463803497311895552 2014 2763 
nomask 1.9454679e+31 11718093537181009843600039608320 0 0 2763 
nomask -1.8987124e-31 548326305451588458375020544 256762166364047096508579840 2014 0 
nomask 5.657122e+33 0 12751115983753329587818290216960 2014 2763 
nomask 1.2501503e+33 11642930509336136630499809427456 0 0 2763 
nomask -1.8987124e-31 149954038944681849608977451581440 1011614587015286511063602823168 2014 0 
nomask 2.2466864e+34 0 3147749674044882448460632031232 2014 2763 
nomask 1.2501504e+33 46257616834161555175704604180480 0 0 2763 
nomask -1.8987124e-31 148707490390198050668946795790336 15919289719397088843853980273475584 2014 0 
nomask 5.6978456e+33 0 53316307361075583946804350400069632 2014 2763 
nomask 1.2501502e+33 183128644464317777735275873256341504 0 0 2763 
nomask -7.4098405e-31 599796867782843697519956148092928 250442487697367444269491057328128 2014 0 
nomask 3.5859123e+32 0 51642483342347837829395257491456 2014 2763 
nomask 4.8834752e+30 2949537176621692492311613669376 0 0 2763 
nomask -2.9637444e-30 9372128028470496631777681997824 1011614587015286511063602823168 2014 0 
nomask 5.655854e+33 0 204011279599162820314911020679168 2014 2763 
nomask 7.3913793e+25 730227165501630698924908834979840 0 0 2763 
nomask -2.852859e-30 2399148514705763528269298860556288 15919717272938157032066423558504448 2014 0 
nomask 3.6254677e+29 0 13274777540553236083720790401351680 2014 2763 
nomask 7.8769267e+28 46101287285133699777919447629561856 0 0 2763 
nomask 3.3303625e+38 38863833491913643313701624473452544 15702099201058528422373610905141248 2014 0 
nomask -1.8908874e-31 0 215888697972296738658769398537388032 2014 2763 
nomask 7.391386e+25 179274061975785866630996813047398400 0 0 2763 
nomask 7.207853e+31 9333019429321690829804584042496 1011850264683607560550518620160 2014 0 
nomask -4.7482292e-35 0 3305011627992239624625634444050432 2014 2763 
nomask 7.7536224e+28 186804645830672174816503529472 0 0 2763 
nomask -2.9891157e-30 9676219166690022725894422879272960 1008449639803150319092288129597440 2014 0 
nomask 2.2727005e+31 0 12750918634287123034268692905984 2014 2763 
nomask 9.051635e+34 725182232298203522466102881812480 0 0 2763 
nomask -4.584142e-29 149328415488454114770993408901120 983781992530479343597704457696051200 2014 0 
nomask 3.6253702e+29 0 206566593107351756097171316801536 2014 2763 
nomask 1.2208683e+30 722282438931919528835656877313359872 0 0 2763 
nomask -7.492523e-28 10071050677283560727883388390828146688 990951637860651791732165904345071616 2014 0 
nomask 1.4340075e+33 0 3426145146943128444134859395032940544 2014 2763 
nomask 4.863746e+30 725318960221686798781561358516224 0 0 2763 
nomask -7.471351e-31 155452840756415452498932851057623040 249447990018954116973998227675152384 2014 0 
nomask 1.4243424e+33 0 205714878478849343568013361676288 2014 2763 
nomask 1.2109849e+30 181822123862167279133863879630651392 0 0 2763 
nomask -3.0008661e-30 602290193152117611387188508884992 62367154869327664263812154044448768 2014 0 
nomask 3.6115616e+32 0 214140832374313668484537971634077696 2014 2763 
nomask 4.8242094e+30 180570590254767076578008956462432256 0 0 2763 
nomask -7.5021653e-31 624354360576713758463230125677740032 15811551237440964807148887015948288 2014 0 
nomask 1.4243422e+33 0 213265269527446810929862318158249984 2014 2763 
nomask 7.781871e+31 2868865246427509501696110230578921472 0 0 2763 
nomask -7.563915e-31 629450601218753417254395836039692288 3935458469009163083879036490111516672 2014 0 
nomask 1.4244216e+33 0 53753273760571351490362207125897216 2014 2763 
