nomask 0.99609375 277 319 1041 1559 
nomask 3.0028e+29 1716928625317551512462758795804672 0 0 2279 
nomask -1.2052768e-29 85018843255668163912503656448 13129266627732749862974516126285824 1184 0 
nomask 3.5861092e+32 0 10561218480046064323339304828928 1184 2279 
nomask 1.929684e+31 27013090428382783963631347302400 0 0 2279 
nomask -3.0007702e-30 352611487834287016328250496385024 815002498646306597862142170365952 1184 0 
nomask 1.4344834e+33 0 41363936117919551268662311649280 1184 2279 
nomask 4.8242103e+30 6697844456044753928327341668864884736 0 0 2279 
nomask -3.025566e-30 88154314509306009238325342240768 207218898246375018414227769088016384 1184 0 
nomask 3.5609546e+32 0 10994370504442878362885466531823616 1184 2279 
nomask 7.750304e+31 432209536314635194900660485095424 0 0 2279 
nomask -7.5331e-31 21764106791545359171714526740480 52348299602433067649552879714304 1184 0 
nomask 5.656963e+33 0 168979549492103101473036087328768 1184 2279 
nomask 3.1253758e+32 1705157053483986831428743023558656 0 0 2279 
nomask -1.9064461e-31 5464017000758411613511956299776 834429899772309793705291677696 1184 0 
nomask 5.656964e+33 0 42068563669816671245313798832128 1184 2279 
nomask 7.813439e+31 107316638473933343289899403444224 0 0 2279 
nomask -1.8987424e-31 21672503422099677819616941309952 826265518908888910529009343791104 1184 0 
nomask 2.2466866e+34 0 175184906958527575150856449239810048 1184 2279 
nomask 7.8134394e+31 6822282159856871935264437710094336 0 0 2279 
nomask -1.8755714e-31 1416285665090944892312161819295744 52346922031461616779608302026752 1184 0 
nomask 1.4244218e+33 0 168274254679266684981255195328512 1184 2279 
nomask 1.25522075e+33 1734077028244597460441889767424 0 0 2279 
nomask -7.563915e-31 21856073594315562171707758215168 52342773175137442479892405944320 1184 0 
nomask 1.4243426e+33 0 2607329519363967809345315405824 1184 2279 
nomask 1.9533904e+31 27193434430933299225940813938688 0 0 2279 
nomask -1.8678376e-31 1354576106772775671917086507008 831908135706137389501371088109568 1184 0 
nomask 1.4243822e+33 0 678717422182400573619526210420736 1184 2279 
nomask 4.883399e+30 108049487794626456977319818952704 0 0 2279 
nomask -2.9516103e-30 5665052484169042874829247594102784 3260364374717632127741811291586560 1184 0 
nomask 1.4502256e+30 0 10994551655025624152283178497736704 1184 2279 
nomask 1.9533584e+31 6798896768617712631253756280832 0 0 2279 
nomask -1.7518643e-37 87789298852002213244918254534656 206555294585811333913167062368256 1184 0 
nomask 2.2732602e+31 0 161585936655501656088276631552 1184 2279 
nomask 7.5995995e+28 1722267192473242565602122399744 0 0 2279 
nomask -4.3800304e-32 1295002524096834711469424640 13262021032845920165388865241088 1184 0 
nomask 3.625952e+29 0 42068542145270242325470914805760 1184 2279 
nomask 2.0243852e+31 432198040639016479391838204067840 0 0 2279 
nomask -1.1658146e-29 354077186475673243703091327401984 826309859474532485405350438109184 1184 0 
nomask 9.125807e+28 0 169684887354032375804502747381760 1184 2279 
nomask 4.8834725e+30 426392590260799170212747892752384 0 0 2279 
nomask -6.9485682e-37 1416309103744735580742601022636032 12860188445021194338440045572128768 1184 0 
nomask 5.7622234e+30 0 167568927579610625109709977288704 1184 2279 
nomask 3.002799e+29 1699589302478211469267555057664 0 0 2279 
nomask -1.1855169e-29 83946698567620565166265991168 52695425962692257955743572951040 1184 0 
nomask 9.028656e+31 0 651832211680472976400056320000 1184 2279 
nomask 1.8844568e+28 1733897932495734629147160346624 0 0 2279 
nomask -1.9205236e-28 84660935690227283860463288320 53614857204116423868153856 1184 0 
nomask 9.0917895e+31 0 10517309750615219651346071289856 1184 2279 
nomask 1.9296839e+31 108055246814999646167050825498624 0 0 2279 
nomask -1.1953777e-29 88154292144178346367685610176512 52344145364972286119876262625280 1184 0 
nomask 1.4344437e+33 0 10341329094864826438396812460032 1184 2279 
nomask 4.8242877e+30 423426571760404591712760995250176 0 0 2279 
nomask -3.0379399e-30 331503872323042533156373659648 840004673217140545044118241280 1184 0 
nomask 1.4243819e+33 0 640822490262339964733013098496 1184 2279 
nomask 3.1127488e+32 27559140611553686350349629128704 0 0 2279 
nomask -7.5331005e-31 337218140599960998335806963712 834365242052763546208503332864 1184 0 
nomask 1.424382e+33 0 657331901453580972193197588480 1184 2279 
nomask 3.1253756e+32 110019451885570533871321088 0 0 2279 
nomask -7.5948497e-31 87787845118704126653335670358016 52333092510381035780555315085312 1184 0 
nomask 5.656963e+33 0 42068569050953278475274519838720 1184 2279 
nomask 7.8135627e+31 107313742189901001542054101123072 0 0 2279 
nomask -1.8987424e-31 348225775760108735359351624040448 13131383954315869850079332032053248 1184 0 
nomask 2.246623e+34 0 175907161908575380459318752512573440 1184 2279 
nomask 3.1253758e+32 1722715368664299309281128218624 0 0 2279 
nomask -7.5021653e-31 1331718422118642279580298117120 830953052294584970319495168 1184 0 
nomask 1.4243424e+33 0 42244879301320864523317940322304 1184 2279 
nomask 7.813562e+31 1711130581990052050253664747520 0 0 2279 
nomask -3.013192e-30 5486830479339898863099899281408 13086380733985934247455210078208 1184 0 
nomask 3.6114626e+32 0 646332774148143444511323848704 1184 2279 
nomask 7.5069987e+28 429209075517639795615486208638976 0 0 2279 
nomask -1.19050494e-29 1410423049446421285777916351741952 826331900610075699324463681110016 1184 0 
nomask 5.6972105e+33 0 168271521061870212161208923979776 1184 2279 
nomask 7.568656e+28 107658524787162028353814782258708480 0 0 2279 
nomask -4.663335e-29 91763599214112371009957387051204608 817364918523954209394887504569565184 1184 0 
nomask 5.721209e+30 0 678728485799265038418768599973888 1184 2279 
nomask 1.8844861e+28 427760149324180242291029442560 0 0 2279 
nomask -1.7444888e-37 21764099802442964524639610470400 209104546762918623239471104 1184 0 
nomask 3.6262455e+29 0 2692343648204437669144370494832640 1184 2279 
nomask 2.9444614e+26 6845059091024117096368228532224 0 0 2279 
nomask -2.8280152e-30 1404582709469049898400844020187136 52698186485771766925593449332736 1184 0 
nomask 9.187947e+28 0 42068563669816671245313798832128 1184 2279 
nomask 2.0363125e+31 426346607558324308177458768642048 0 0 2279 
nomask -1.8336877e-28 87421470779894811268564859748352 202862754341020849082443762132582400 1184 0 
nomask 1.440167e+30 0 10994372570799335539190383398354944 1184 2279 
nomask 1.8767791e+28 6698220413482924741175307433295216640 0 0 2279 
nomask -1.7297379e-37 91763587763167007620189844234305536 13041811534610191384543001632047104 1184 0 
nomask 5.762224e+30 0 2703585488313333924685839786311680 1184 2279 
nomask 4.6533388e+27 108385405547203058937551126528 0 0 2279 
nomask -1.9126964e-28 1410423138906931937260475279998976 3259744123387736373549265187766272 1184 0 
nomask 8.964777e+31 0 10429492964395606211104694337536 1184 2279 
nomask 7.568655e+28 6774458002230759782982334357176320 0 0 2279 
nomask -1.20032726e-29 88154308918024093520665409224704 3260276210175459272065358319583232 1184 0 
nomask 2.2730095e+31 0 43796926545685390829645957775228928 1184 2279 
nomask 1.9375756e+31 105401314437130637375774715113635840 0 0 2279 
nomask -2.9884442e-30 1480177596016262559208018559956418560 52168667791683302835954810701742080 1184 0 
nomask 1.4243421e+33 0 709395490337828011634063908787978240 1184 2279 
nomask 7.750428e+31 1670484485528749130134682735738880 0 0 2279 
nomask -7.5948497e-31 1462167091110908597225974428420014080 12679977365677934434030281641951232 1184 0 
nomask 5.6571217e+33 0 174462685070183084663272815831547904 1184 2279 
