nomask 3.5272043e+29 0 173327540388960510775986355175424 629 2328 
nomask 7.8058695e+34 229592971171184477648735657000960 0 0 2328 
nomask -3.0499286e-30 2902711320108590211755868684288 214505359444951099831511678976 629 0 
nomask 1.37119e+30 0 172609906646411998674315953307648 629 2328 
nomask 7.623664e+31 57013496899432234726288196108288 0 0 2328 
nomask -4.74633e-32 46831973642331781957846659235840 838289437611241716879836848324608 629 0 
nomask 1.4010554e+30 0 170451310698135303932662970843136 629 2328 
nomask 7.6552297e+31 14097887207495958835455796524875776 0 0 2328 
nomask -7.5633136e-31 2878474969484277734075518681088 210215987194517007587961255657209856 629 0 
nomask 2.2257202e+31 0 2807689000751471046509955089694720 629 2328 
nomask 3.0493662e+32 56788679781815641081836090402275328 0 0 2328 
nomask -7.681232e-28 755504297614854172784577350729728 212465673255529111373207926996992 629 0 
nomask 3.477105e+29 0 696192349815358539276727961518080 629 2328 
nomask 4.764867e+30 230307151725743689668170350592 0 0 2328 
nomask -1.2200293e-29 187324841030490906524355718545408 843963050397589682096223339675648 629 0 
nomask 1.3970053e+27 0 171892261910194314452111493955584 629 2328 
nomask 7.2597743e+28 57013479077221128376247159619584 0 0 2328 
nomask -1.920308e-28 46054072742330333091692839698432 832525588788328986319906525937664 629 0 
nomask 8.878697e+28 0 44368988115817590833369572775559168 629 2328 
nomask 4.6658308e+30 14298790197094674293244485104041984 0 0 2328 
nomask -7.649678e-28 48947953225154202765790285536428032 53116412817047691783034953007104 629 0 
nomask 5.6264045e+27 0 45106760765150420345040654041088000 629 2328 
nomask 4.745136e+30 228072308830746266747338294820864 0 0 2328 
nomask -4.78128e-29 188103517196675481617294625341440 52909875062133800129071949298008064 629 0 
nomask 2.250683e+28 0 665858284590046781801628696576 629 2328 
nomask 1.8227108e+28 912044952216087362426879707447296 0 0 2328 
nomask -7.618248e-28 2890593330444466330728621146112 3376214201128858313330338201337856 629 0 
nomask 2.2660972e+28 0 43332594188901729468443296530432 629 2328 
nomask 1.1763997e+30 899757131731962554133588628996096 0 0 2328 
nomask -4.8352104e-26 48349948179468621996855226481508352 208159672914192940593572481073152 629 0 
nomask 5.703321e+27 0 11184829554267260458675453676224512 629 2328 
nomask 2.9533784e+29 14351470645155927032443722268672 0 0 2328 
nomask -7.5866935e-28 12187350739381277661954712797184000 211645264097358113246847727514419200 629 0 
nomask 2.266036e+28 0 693310513353255550961035260198912 629 2328 
nomask 7.3216703e+28 14296057267954782152551785780215808 0 0 2328 
nomask -1.9124813e-28 180665041918294848314070269952 849817487054480685856787332595712 629 0 
nomask 3.576335e+29 0 2796205805478454329311959141318656 629 2328 
nomask 1.18133224e+30 57399775502951265515713052278784 0 0 2328 
nomask -7.5865703e-28 722648146963084224869227823104 3387143631543588854077191094272 629 0 
nomask 3.5761405e+29 0 2761668622103440721302601261383680 629 2328 
nomask 1.9059463e+31 893674387318417143327780319002624 0 0 2328 
nomask -4.8010785e-29 755504440192543023584905642639360 13135969072659364466057452814598144 629 0 
nomask 5.6267085e+27 0 10698412886269216131835811069952 629 2328 
nomask 2.9409994e+29 3598833860856672590486126628700160 0 0 2328 
nomask -1.9124812e-28 187324864793439048324410433863680 53283101159693247809967749968429056 629 0 
nomask 5.6825214e+30 0 45106757950771112282183935325110272 629 2328 
nomask 7.623538e+31 229611316167149947290975882706944 0 0 2328 
nomask -7.6814787e-28 3022016810252246422337433957826560 53473817001833330345243767209984 629 0 
nomask 1.4007453e+30 0 690439714535001371661536273104896 629 2328 
nomask 4.7451372e+30 3611913537032095119727703097344 0 0 2328 
nomask -3.0377475e-30 746184754509017892925886108270592 832525588788328986319906525937664 629 0 
nomask 8.941319e+28 0 11092427852824940746886570695458816 629 2328 
nomask 1.9059153e+31 14097499396182284658562842530676736 0 0 2328 
nomask -7.563434e-31 11562183218192730922476762038272 13414080407123519841287528301723648 629 0 
nomask 8.839251e+31 0 696181004348772910885580637732864 629 2328 
nomask 1.8900703e+31 3623946544452926888309274978549760 0 0 2328 
nomask -3.0725915e-27 755504345140750456384686781366272 844076241215385835114879197904896 629 0 
nomask 2.2252855e+31 0 696192261866005162312455501643776 629 2328 
nomask 4.764867e+30 57013485017958163826260838449152 0 0 2328 
nomask -1.9520776e-28 46247975428798903813162997383168 209561079898239833552016233201664 629 0 
nomask 5.587719e+27 0 169730818601602040492137623060480 629 2328 
nomask 1.8227109e+28 881117665313119725615330698985472 0 0 2328 
nomask -1.928289e-28 47952835477580989159284343543169024 52182206034516916273021058392522752 629 0 
nomask 3.551479e+29 0 718734161339990543568848916672675840 629 2328 
nomask 1.17638055e+30 3624434350252381759832471032037376 0 0 2328 
nomask -1.2189393e-26 188100475539313331210291064602624 838289877358008601701199147696128 629 0 
nomask 3.551285e+29 0 2784724369192505151399412390428672 629 2328 
nomask 4.764866e+30 226496682791256072319384401477632 0 0 2328 
nomask -7.6818484e-28 188103517196675481617294625341440 3330193470683414480265894533529600 629 0 
nomask 3.625658e+29 0 44554146130495046176893896950284288 629 2328 
nomask 4.576195e+27 3563437865414952439360163676160 0 0 2328 
nomask -7.650171e-28 11938372073930753408669494070476800 209578010148764899174464759005184 629 0 
nomask 1.4403988e+30 0 44552719240185858308537507949576192 629 2328 
nomask 2.9657582e+29 3549486392020314656061232647241728 0 0 2328 
nomask -1.9260064e-25 193402943874901675809076594851446784 13045917377939277239628697675235328 629 0 
nomask 2.281329e+28 0 11184828147077606427247094318235648 629 2328 
nomask 2.9781372e+29 14196779092482873943159065045630976 0 0 2328 
nomask -7.58694e-28 746172445301880440497543573405696 13370218734360457932027168030720 629 0 
nomask 2.2969853e+28 0 44554866611597910268213888240582656 629 2328 
nomask 1.8382149e+28 14546516923503821881547054645248 0 0 2328 
nomask -7.5551396e-28 194994460673073254769619715829530624 212443026297034543073049509363712 629 0 
nomask 3.625756e+29 0 171169010402698848757537717616640 629 2328 
nomask 7.3835673e+28 224945366247714939347404278726656 0 0 2328 
nomask -1.2138908e-26 186540152838426456017573836226560 51807550232268972660912150005415936 629 0 
nomask 3.6255617e+29 0 2761668622103440721302601261383680 629 2328 
nomask 4.7847495e+30 13999783111765840683166450235473920 0 0 2328 
nomask -3.034776e-27 195791861567134605469673199117533184 52921436532331322344472434534514688 629 0 
nomask 2.2505018e+28 0 2886787118539870748306612409518260224 629 2328 
nomask 1.1813515e+30 57022639693729792297339914813440 0 0 2328 
nomask -4.7416835e-29 12038042623202379020565674140368896 13228187839446660092159619256811520 629 0 
nomask 1.4305728e+30 0 171892283897532658693179608924160 629 2328 
nomask 4.725329e+30 3598931193892261403510240572342272 0 0 2328 
nomask -7.681356e-28 46443404884685585188148614266880 3330283530821272491680893444816896 629 0 
nomask 3.5267196e+29 0 11092424334850805668315672300486656 629 2328 
nomask 1.9059465e+31 14198340983538338177155393485012992 0 0 2328 
nomask -4.860396e-29 48350720760438608200234130909167616 211030317821078710205594663387136 629 0 
nomask 1.4107652e+30 0 178213758885154889599429996959498240 629 2328 
nomask 1.9059156e+31 219702936117465415251459571712 0 0 2328 
nomask -7.532499e-31 760841729896872228879069030532513792 12649726637827194491501820248064 629 0 
nomask 2.2257202e+31 0 172311566432975021254634471971356672 629 2328 
