nomask 0.2890625 443 292 556 396 
nomask 1.9296836e+31 21720297756674299607631202377478963200 0 0 720 
nomask -4.781434e-29 17942808257064335628954752778240 65712780619015540616818600181760 960 0 
nomask 5.722137e+30 0 3473430126864599448701498881474560 960 720 
nomask 4.8044797e+30 5600882523670822069154611200 0 0 720 
nomask -1.2003081e-29 71180503515760850115890585272320 16535235524663816883977028894720 960 0 
nomask 9.092286e+31 0 3294914854312157039798318530560 960 720 
nomask 1.9296839e+31 1373126524924671506464964754800640 0 0 720 
nomask -3.0131441e-30 249728995976830223646720 1044161887854486583361183384862720 960 0 
nomask 3.5863077e+32 0 51482994792418454731059363840 960 720 
nomask 7.750304e+31 88194931545646239193851179827200 0 0 720 
nomask -4.801232e-29 1102928313506941963034563706880 66910381024642250330603520 960 0 
nomask 8.965272e+31 0 3322713466014720250268583198720 960 720 
nomask 7.7503035e+31 5600740852676335979798200320 0 0 720 
nomask -7.5636747e-31 4485846285338470746203514470400 16645779701609378575712161628160 960 0 
nomask 1.430612e+30 0 48794663052759476239073280 960 720 
nomask 2.9657582e+29 22046400415158340823298846228480 0 0 720 
nomask -4.801232e-29 1098305022272882922977451048960 4148237262729641917402301532733440 960 0 
nomask 2.2571636e+31 0 13950543696114776994489876904673280 960 720 
nomask 1.9217611e+31 88199582887737206479600861839360 0 0 720 
nomask -1.1903896e-29 17089031612549840362442588160 4235025842296390617661440 960 0 
nomask 1.4305342e+30 0 53385367436509034588484277370880 960 720 
nomask 1.9296838e+31 89216063622389796805017600 0 0 720 
nomask -3.00077e-30 17306078216930395791902638080 1054206029286739243337263349760 960 0 
nomask 1.4207083e+30 0 188950367434801498030080 960 720 
nomask 1.9138381e+31 22250498857326845629940367360 0 0 720 
nomask -3.0007219e-30 4048582492258782570086400 66137494393333454065330500403200 960 0 
nomask 2.2572877e+31 0 3350456613522942156755813007360 960 720 
nomask 7.686797e+31 5531132150061963550524727130849280 0 0 720 
nomask -1.9283198e-28 18524667052708129058607374731837440 4120274808521955544591347681853440 960 0 
nomask 2.2254097e+31 0 53829315598406335416737369948160 960 720 
nomask 1.9217613e+31 354588698728271515138129920 0 0 720 
nomask -4.8407515e-29 285905776091722751131997008035840 16534798611316821784401857740800 960 0 
nomask 5.6427525e+30 0 780701586595757085488578560 960 720 
nomask 1.1912359e+30 22251632225282734344791654400 0 0 720 
nomask -1.2101879e-29 15175210722058567680 1061088370781124842749364797440 960 0 
nomask 8.965521e+31 0 12223018406076984852480 960 720 
nomask 1.9138385e+31 350291285364748400228481273692160 0 0 720 
nomask -4.8210303e-29 1116818871174314052251937669120 265941549986937490007654400 960 0 
nomask 2.2729474e+31 0 215317180791132517679480187125760 960 720 
nomask 1.9296839e+31 5493550611606833065466805155266560 0 0 720 
nomask -2.9760703e-30 287089683191500455555932639723520 4034260123312636955492339165429760 960 0 
nomask 3.5862082e+32 0 12599391189822242591436963840 960 720 
nomask 1.2011201e+30 22046980699551755845302705192960 0 0 720 
nomask -1.2052768e-29 16799471595085295633962106880 259243884280777796387192061296640 960 0 
nomask 9.0286555e+31 0 794248304747344599806115840 960 720 
nomask 7.7818705e+31 1405354589639850043924398735360 0 0 720 
nomask -1.9126043e-28 965255223595499520 1090845891624960 960 0 
nomask 2.2729471e+31 0 3299075708177315951322071040 960 720 
nomask 4.80448e+30 351493210464946834468943953920 0 0 720 
nomask -3.0008183e-30 287084968380803958502151285637120 4090521886818387121387486996070400 960 0 
nomask 2.2730717e+31 0 205061738522731548910729297920 960 720 
nomask 4.80448e+30 21365124341411056866176774323568640 0 0 720 
nomask -3.0131441e-30 269943029655673353671131791360 1044245340003814581213113352192000 960 0 
nomask 3.5863077e+32 0 3308731601391401876461002424320 960 720 
nomask 1.9296841e+31 1382596911296303019323444019855360 0 0 720 
nomask -1.9047157e-28 1063513433437079954899599360 66057047614159373299875840 960 0 
nomask 8.964776e+31 0 201955500315534978585722880 960 720 
nomask 1.9296839e+31 5800 0 0 720 
nomask -3.013144e-30 1086126766653148375076044800 66938923735698615828480 960 0 
nomask 9.064634e+28 0 201105591081920783890513920 960 720 
nomask 1.8458916e+28 86660776174084448258193102911569920 0 0 720 
nomask -4.7616355e-29 17720560467754338090191620669440 4148685097210259960633779688570880 960 0 
nomask 2.273009e+31 0 3487636141635341779255720673280000 960 720 
nomask 1.845862e+28 1382856878704552949181172835942400 0 0 720 
nomask -1.9046543e-28 4393073884625222047693988167680 65468037051870965746001510400 960 0 
nomask 5.7219813e+30 0 207669591625920015641786449920 960 720 
nomask 1.921761e+31 87293018222821686613377024000 0 0 720 
nomask -1.2003081e-29 17233254898545968172415057920 1047324856578058154162352291840 960 0 
nomask 2.2730093e+31 0 2630615606231040 960 720 
nomask 1.9217611e+31 89345080671275581440 0 0 720 
nomask -7.5328603e-31 1116801445641992263261099130880 263554587101767104151391279303884800 960 0 
nomask 8.966017e+31 0 13568304889738339146277815582720 960 720 
nomask 1.9217612e+31 22124530921385427862186923959255040 0 0 720 
nomask -1.2052384e-29 1157810259894847346867084407603200 16252029068365275167232045204111360 960 0 
nomask 3.560855e+32 0 3459169710431974459834415311749120 960 720 
nomask 7.75018e+31 21603657023398149698932671774720 0 0 720 
nomask -4.8606268e-29 1098286180030616273093048401920 262561238899201683499253760 960 0 
nomask 3.586009e+32 0 212643257507107037614854509690880 960 720 
nomask 1.9296841e+31 353823308729008167636172800000 0 0 720 
nomask -7.625664e-31 4199650965061017084163522560 16720098384076856560189440 960 0 
nomask 5.616398e+33 0 624215301120 960 720 
nomask 4.7845968e+30 1376417200502280626414404162855895040 0 0 720 
nomask -3.025614e-30 72068374905460422220670042112000 1025526636875351943681833613058375680 960 0 
nomask 1.4243422e+33 0 861254796339088110189828133355520 960 720 
nomask 7.781871e+31 21669966302372557205508011851776000 0 0 720 
nomask -1.8755113e-31 1209841820967297998986784857978306560 64558892592005221874772786618040320 960 0 
nomask 5.6973696e+33 0 222292481145660732689681065149726720 960 720 
nomask 4.844017e+30 87884618586921285004579307520 0 0 720 
nomask -3.025662e-30 73794445993603183138598382773207040 1017995343920150297142021564043100160 960 0 
nomask 1.4243424e+33 0 861255068347397523481392442245120 960 720 
nomask 1.9533596e+31 345611944551798839667113066496000 0 0 720 
nomask -4.7815875e-29 62432270104830809210880 64546372375932899360017525600419840 960 0 
nomask 3.6113628e+32 0 225935919730008352325574391737876480 960 720 
nomask 4.8242097e+30 341861264188988583229708568541265920 0 0 720 
nomask -1.8755413e-31 298823734029615052405519559279247360 264640719545354090327175447183360 960 0 
nomask 9.028906e+31 0 13893501159957686916488536837324800 960 720 
nomask 1.9296839e+31 21366916259617922454124690805882880 0 0 720 
nomask -3.013192e-30 296389974860880976919574753532968960 16139274007880802241662209816002560 960 0 
nomask 3.5609546e+32 0 54889483760826585259541997079756800 960 720 
