nomask 0.99609375 82 78 261 345 
nomask 1.16333484e+27 7222130583503040223321413543526400 0 0 428 
nomask -4.7420677e-29 96091142362097504001643228692480 9796300016014368310412998604750848 320 0 
nomask 5.7218284e+30 0 127462185812220032722721138802688 320 428 
nomask 1.2011198e+30 462504039860429497369981091840 0 0 428 
nomask -4.7419913e-29 5981129513819250216986203914240 155149141314978295357195753095168 320 0 
nomask 9.027912e+31 0 1888578660155171397796102144 320 428 
nomask 4.8242097e+30 113941016326658614513540810858823680 0 0 428 
nomask -1.20034645e-29 353005287863059517569761280 39060527686967168899295070912512 320 0 
nomask 3.5862086e+32 0 1991628486788399035570903318528 320 428 
nomask 4.82421e+30 29201799623237055092268571033600 0 0 428 
nomask -1.9205544e-28 370731765532755346672037396480 155169935141307121882657992998912 320 0 
nomask 3.5859104e+32 0 129047553375964681832564814512128 320 428 
nomask 1.9376068e+31 7273234295749789827794593015398400 0 0 428 
nomask -3.013192e-30 1482878799545566458914065612800 620663183117203045569455196209152 320 0 
nomask 5.7222926e+30 0 1983382985804476663654005080064 320 428 
nomask 7.4453434e+28 29197133169573342623654205194240 0 0 428 
nomask -4.7815108e-29 351500079663505002431774720 2465963859699668275534204340535296 320 0 
nomask 2.2730095e+31 0 134306459907361574810727981909016576 320 428 
nomask 2.9904688e+29 464084619700139153918721313996800 0 0 428 
nomask -4.7419143e-29 23074390215109513024058163200 2496934048558360062020550656 320 0 
nomask 1.4403993e+30 0 31734121709353062613839626895360 320 428 
nomask 1.9376062e+31 464059570757156738802221402030080 0 0 428 
nomask -4.741991e-29 23923742831595172986986535321600 9831360703257132735426795143168 320 0 
nomask 9.027912e+31 0 129049655395733536769042334875648 320 428 
nomask 1.2109846e+30 116807198492948220369074284134400 0 0 428 
nomask -2.9514666e-30 5956371090822861241059838525440 155182417904857552736201421619200 320 0 
nomask 3.586209e+32 0 127992024149034175480377963970560 320 428 
nomask 4.6726075e+27 467228842328825666061464124784640 0 0 428 
nomask -1.17074505e-29 6250748822607997626070935525130240 155194868329642308898414426849280 320 0 
nomask 5.8196857e+27 0 8164820311202940050960220684288 320 428 
nomask 4.863665e+30 7419109280660977635316203520 0 0 428 
nomask -7.2858616e-31 5906949069949059311682998763520 9828502764840631889100628033536 320 0 
nomask 3.650033e+29 0 489660894354182740588523159552 320 428 
nomask 1.1778036e+27 7350741975483869605878153871360 0 0 428 
nomask -6.946179e-31 384358331391160804520031430901760 2465830365274963149722216585756672 320 0 
nomask 2.3125214e+28 0 31866071957997221914799664791552 320 428 
nomask 7.451588e+25 29204126805439813253429880422400 0 0 428 
nomask -1.841607e-28 23825094484714619246330511360000 9897327742887793713074208243712 320 0 
nomask 3.6251764e+29 0 493792045345821141287101792256 320 428 
nomask 7.537943e+28 116033546414685838428721066803200 0 0 428 
nomask -2.9717656e-27 24319505854847865103337159393280 152400381158496460937844442676592640 320 0 
nomask 1.4398572e+30 0 30861501488503386052250042368 320 428 
nomask 4.7112908e+27 7348413282123836926430376099840 0 0 428 
nomask -4.6235084e-29 91140049805905666183790592000 156233751176941767888265837281280 320 0 
nomask 1.4502254e+30 0 493784055396880031026753044480 320 428 
nomask 1.7530581e+22 1843512259424773245982922611097600 0 0 428 
nomask -7.4923995e-28 5931516331550221724371113738240 9727683881715933643051292648538112 320 0 
nomask 3.6253694e+29 0 31734643171949567011542704062464 320 428 
nomask 7.5071177e+28 1849967991303592719098744668160 0 0 428 
nomask -7.5239544e-28 370737786550021005469684858880 39317123665558716596955763441664 320 0 
nomask 9.090302e+31 0 1880493722011296579325001728 320 428 
nomask 1.20605235e+30 7273828506968646810326544595025920 0 0 428 
nomask -1.1953777e-29 23824710650766891601567542149120 2482984657559697214093286461931520 320 0 
nomask 3.5862086e+32 0 7999630864377334732845316308992 320 428 
nomask 4.8242097e+30 29597937413493827743663354019840 0 0 428 
nomask -1.9205544e-28 369184316871816206980187422720 2474202580659249662946858500096 320 0 
nomask 1.4242231e+33 0 7966644312802722241709382565888 320 428 
nomask 1.937576e+31 7272636989680834631811954187960320 0 0 428 
nomask -3.01324e-30 1470571840254559876522652467200 9897589484772473246029822558208 320 0 
nomask 5.722138e+30 0 7900544886350080496428048711680 320 428 
nomask 7.4453434e+28 7398706107377080018384621404160 0 0 428 
nomask -4.7815875e-29 90753193543628984847884615680 157293427850570053403579487617024 320 0 
nomask 9.0286555e+31 0 2064728127184572121694648561303552 320 428 
nomask 2.990469e+29 460977196773401711088056559206400 0 0 428 
nomask -7.523831e-28 382773816497908302353327540142080 612268686323366670018151566016512 320 0 
nomask 5.761131e+30 0 31866067915651512578383361867776 320 428 
nomask 1.2060715e+30 29003723172322296175138837626880 0 0 428 
nomask -7.587186e-28 5931708626313404176324215439360 2441152362139715123254153707520 320 0 
nomask 5.7213623e+30 0 2064761112725560306851680419315712 320 428 
nomask 2.8962945e+26 7301418557622229994693376081920 0 0 428 
nomask -1.8731613e-28 23627799302110786283304931819520 39060503432892912880797253369856 320 0 
nomask 3.5858117e+32 0 7867300635236497808752803577856 320 428 
nomask 1.8177404e+25 464084329557942446407719384514560 0 0 428 
nomask -4.6334987e-26 6174889017569376352869124910612480 612301930574480252705826811150336 320 0 
nomask 2.2963803e+28 0 8191225661210281749487934830018560 320 428 
nomask 4.6726792e+27 7172215293694004583912137230909440 0 0 428 
nomask -4.3905136e-35 94904249215545351443646072750080 2441476002443068870084406542336 320 0 
nomask 5.819691e+27 0 8157449502078881738809885774053376 320 428 
nomask 7.041626e+22 29102200309806013476807639040 0 0 428 
nomask -1.7783139e-28 24699947568814929412988436490485760 39055309018656415585847996317696 320 0 
nomask 2.312279e+28 0 1958644335356551462932149436416 320 428 
nomask 1.9769682e+28 1837490554582554542515117096960 0 0 428 
nomask -2.9136398e-24 361465419960906457092592762880 9698897076707887709596285927424 320 0 
nomask 1.4496825e+30 0 7867431000885623908178572869632 320 428 
nomask 7.270956e+25 1818506644343733117792632113725440 0 0 428 
nomask -2.8774629e-30 24598142474834197952631419762114560 38532738819427659704703828099072 320 0 
nomask 9.123631e+28 0 8157318594755430588304331890491392 320 428 
nomask 6.9829456e+22 1837733662009092671850718167040 0 0 428 
nomask -7.366059e-28 6099028438818230526304642484142080 607963426449095013198885627625472 320 0 
nomask 5.7609776e+30 0 31469732088233914305546897326080 320 428 
nomask 1.086456e+21 1830884690739668952156947685048320 0 0 428 
nomask -4.7546674e-26 1464406790811173554696172339200 2449074745293466680072606264066048 320 0 
nomask 5.7603556e+30 0 2039395102350583222328859914403840 320 428 
nomask 1.8613355e+28 7202382598900762313558211952640 0 0 428 
nomask -3.0096309e-27 24598139379984099739180732514304000 2457968520290554615074316615680 320 0 
nomask 2.2725753e+31 0 8157318594755430588304331890491392 320 428 
nomask 3.002848e+29 1818457320170292840922304101744640 0 0 428 
nomask -1.1953969e-29 385936729119766056663111308410880 9727948800884340714430121061122048 320 0 
nomask 3.5861092e+32 0 7966388634436606713378222637056 320 428 
