nomask 0.99609375 172 95 323 294 
mask 0.00390625 0 4 166 75 
mask -4.8407515e-29 2416653616711610824578172499001344 640936043174020416114625608469708800 503 0 
nomask 8.90164e+31 0 540512675786798460009243161395200 503 450 
nomask 1.9217614e+31 11554143497870074457502284513280 0 0 450 
nomask -1.8986522e-31 149800338581051349713660109914112 40623357329770392575940455143833600 503 0 
nomask 8.902386e+31 0 33365323381588823782716132556800 503 450 
nomask 4.784596e+30 11353221752882856702767708057370624 0 0 450 
nomask -7.5637946e-31 604163328166691797874733765099520 40916408201999896375664280443289600 503 0 
nomask 1.4142803e+33 0 8790256432096772746692565087027200 503 450 
nomask 1.9296533e+31 181651586963865692278425721059147776 0 0 450 
nomask -1.904685e-28 157206400994636114105433214704156672 2545705034237619031630699885599129600 503 0 
nomask 2.2728852e+31 0 8683578037244592754669390292582400 503 450 
nomask 1.9296838e+31 180396256342908430981424813938049024 0 0 450 
nomask -4.801309e-29 9746162327375853085362226645172224 161374896333710510490003435002265600 503 0 
nomask 5.761441e+30 0 134573288996015838541843424870400 503 450 
nomask 7.4453434e+28 45406635849546330701949094546374656 0 0 450 
nomask -1.904685e-28 37139956529406755722796109660160 2575031943055183783505537531904000 503 0 
nomask 2.2729471e+31 0 564840391215102164136379915488460800 503 450 
nomask 2.9780892e+29 2878469458019800309878329066913792 0 0 450 
nomask -4.7420677e-29 609135031444174455430425125847040 648197025369266157560123306803200 503 0 
nomask 9.091542e+31 0 2162015614075279525425176798822400 503 450 
nomask 4.824209e+30 11433862958669971042755073923874816 0 0 450 
nomask -1.20032726e-29 9706466232591118260122242603024384 161374896333710510490003435002265600 503 0 
nomask 1.4502641e+30 0 2170929190370598383341796956569600 503 450 
nomask 1.1777848e+27 716424066036738376234792624578363392 0 0 450 
nomask -7.162602e-31 150420599563464194891761030529024 645517690207916590646534139700838400 503 0 
nomask 2.2729483e+31 0 33782029486285400002535620608000 503 450 
nomask 2.8401728e+23 2898083086837726618406255924871168 0 0 450 
nomask -1.2203941e-29 631365998373807545100522268949217280 2575241389453432018010055376896000 503 0 
nomask -4.7473404e-35 0 134571112929540532209328953753600 503 450 
nomask 3.0645047e+29 731844178121316663917881065472 0 0 450 
nomask 8.2915134e+37 149800300575445895578755430088704 40784292644083584333051749990400 503 0 
nomask -1.1980054e-38 0 134016207478077748252777434316800 503 450 
nomask 1.18262135e+27 45409131449622871016329990601965568 0 0 450 
nomask -1.8835448e-31 2321247283087922232674756853760 10299849235711895923460297824665600 503 0 
nomask nan 0 8754602126915497315026084456038400 503 450 
nomask 8.271534e+31 181651606422735684795496917129756672 0 0 450 
nomask -2.9268147e-30 2360049967040819833851558756352 2618926285206242582765921894400 503 0 
nomask 2.2888556e+31 0 134573254994977161880397886259200 503 450 
nomask 3.1253742e+32 2878547597544614011242350787952640 0 0 450 
nomask -4.761866e-29 37450690359599762703458362195968 40627831322443622395590207759974400 503 0 
nomask 9.027169e+31 0 494296954600886592602112000 503 450 
nomask 1.9454675e+31 181086201439044752498224097394688 0 0 450 
nomask -1.8755113e-31 2301826418700859296383366070272 2574821952640316722417891069132800 503 0 
nomask 1.4244216e+33 0 2161980388999210504167598797619200 503 450 
nomask 4.8636694e+30 183611179848601113160437658025984 0 0 450 
nomask -4.8013858e-29 2426576728273263631650456193728512 2584177223678694585425461248000 503 0 
nomask 1.4242231e+33 0 2188685620800788643368316960768000 503 450 
nomask 1.929684e+31 731825398007684054287248261120 0 0 450 
nomask -3.025614e-30 150422993916607805390755859529728 10226305805079205456634974725734400 503 0 
nomask 3.58601e+32 0 8306786321367947239846890700800 503 450 
nomask 4.8242097e+30 45094068020856528987326612355678208 0 0 450 
nomask -7.5331e-31 552514115231132323541942272 10336708894714778341701844992000 503 0 
nomask 5.6571217e+33 0 8341325001468683394493081190400 503 450 
nomask 4.84394e+30 714577289143255431220371900071936 0 0 450 
nomask -1.1904281e-29 9746001791698414819524859062648832 41194848279643290091074355200 503 0 
nomask 2.2730095e+31 0 33226599143788045084918598860800 503 450 
nomask 1.9296528e+31 45905232071600024690872008310784 0 0 450 
nomask -1.2052768e-29 2446464301495303344571315233226752 40628945468478979237837616971776000 503 0 
nomask 2.2888551e+31 0 2085366446754863486447753625600 503 450 
nomask 1.1961875e+30 45406635849546330701949094546374656 0 0 450 
nomask -4.7815108e-29 599201316318599944719735759831040 2575241661461741431301619685785600 503 0 
nomask 2.2729474e+31 0 2259361704128663076150800588105318400 503 450 
nomask 1.2011199e+30 46217790170854830146958892466176 0 0 450 
nomask -4.7420677e-29 9362515222939857148524900646912 41189527316315228570910720000 503 0 
nomask 9.091294e+31 0 538284349715046098852979199180800 503 450 
nomask 4.824209e+30 726998537655612616178439028736 0 0 450 
nomask -4.7815875e-29 149800319578248622646207770001408 643670399088164865992676920524800 503 0 
nomask 5.761288e+30 0 536056023643293737696715236966400 503 450 
nomask 4.5631642e+24 45417883076402005569100423358316544 0 0 450 
nomask -7.193657e-31 37450077519211814778120400011264 41200515441015891148753629452697600 503 0 
nomask 5.72183e+30 0 34059482212016791980811380326400 503 450 
nomask 1.8628975e+25 11513879048258575771830266022068224 0 0 450 
nomask -7.8424445e-28 628825565060804471387590466675408896 161388335720262002399612808619622400 503 0 
nomask -1.19596566e-32 0 134571095929021193878606184448000 503 450 
nomask 4.749754e+27 719480696347737008352353614561280 0 0 450 
nomask 5.060896e+33 149800291074044532045029260132352 164277531412510885554126480998400 503 0 
nomask -1.8917977e-34 0 34591140031302066177220448511590400 503 450 
nomask 4.6007998e+24 45596322510468816185634387394560 0 0 450 
nomask -7.658398e-31 38983394212388894990356760026415104 652583771377251663940623846604800 503 0 
nomask -4.754562e-38 0 33643324374068876926801202380800 503 450 
nomask 9.051903e+34 729482783557523507756561986486272 0 0 450 
nomask -4.6631817e-29 9478969742589593484184856297472 10227426479313988217879927350886400 503 0 
nomask 2.2726998e+31 0 134016173477039071591331895705600 503 450 
nomask 4.8834743e+30 721585181042593664062268824317067264 0 0 450 
nomask -1.1855361e-29 9706309953541490857394199160946688 2557274696600065283604324601036800 503 0 
nomask 3.610769e+32 0 134014022911342772754901578547200 503 450 
nomask 1.2110041e+30 45904006390824128840196083941376 0 0 450 
nomask -2.9885402e-30 9666458795886503161743121431134208 10155838244409360490818856550400000 503 0 
nomask 3.586209e+32 0 133459134460399327129072828416000 503 450 
nomask 1.21098485e+30 180361308212401870321556671124471808 0 0 450 
nomask -1.1904665e-29 37450087020613178311846569967616 161383861727588772579963056003481600 503 0 
nomask 3.585911e+32 0 2179772316513779198743261111910400 503 450 
nomask 4.8242094e+30 182375560606879006206939514273792 0 0 450 
nomask -2.9885404e-30 9706306913093054526601824774914048 163154681111252817976659384729600 503 0 
nomask 3.585911e+32 0 8683578581261211581252518910361600 503 450 
nomask 4.843939e+30 2791621580559474607442016337920 0 0 450 
nomask -7.502285e-31 610981859113146287169078502600212480 156083577670807996652008243200 503 0 
nomask 1.424382e+33 0 8327051305930403235498442516070400 503 450 
