nomask 0.99609375 70 80 207 283 
nomask 0.00390625 237 148 241 204 
nomask -1.2052384e-29 1116783058517795399938753953792 32640416584073595658302991298985984 242 0 
nomask 2.2572255e+31 0 107357809519419877580723130990592 242 359 
nomask 1.9217612e+31 87144111915919632807357367451648 0 0 359 
nomask -7.5019255e-31 72070933672515500309232631152640 513533825386615302558155400019968 242 0 
nomask 3.5863077e+32 0 1724808120618926420696609476050944 242 359 
nomask 7.750304e+31 337347443580359844861716691601588224 0 0 359 
nomask -3.037892e-30 1157890868046184701303880878653440 2054581458038041628358805263745024 242 0 
nomask 3.5609546e+32 0 112654257193468985803465833496707072 242 359 
nomask 7.75018e+31 5577226673339436660553994863640576 0 0 359 
nomask -1.9125736e-28 18092626504880262875031271374848 517131124851620889319963833139200 242 0 
nomask 2.2571013e+31 0 26729213574738022469053393666048 242 359 
nomask 7.718612e+31 350945086955105827061712470147072 0 0 359 
nomask -1.21018795e-29 18092624219254885166122987945984 131050033441820689958155778523136 242 0 
nomask 2.2730712e+31 0 1724808120618926420696609476050944 242 359 
nomask 1.1912358e+30 346151709982980747952237991428096 0 0 359 
nomask -1.2052384e-29 17943128320175078602028756238336 520630773333547104410185374892032 242 0 
nomask 9.028902e+31 0 450617112102714837611023088134127616 242 359 
nomask 1.9217612e+31 348642273674556547787992221089792 0 0 359 
nomask -1.200308e-29 1172233039296286949083533128237056 32763376369193655793286383665152 242 0 
nomask 9.028903e+31 0 1731918739703489334582661615714304 242 359 
nomask 7.7503035e+31 350973209289753157469231778889728 0 0 359 
nomask -3.0008182e-30 1116800843540265697381334384640 522330245014862735424482181120 242 0 
nomask 3.5863077e+32 0 107802216430886790297790862852096 242 359 
nomask 7.781871e+31 5596153745099712402500773478400 0 0 359 
nomask -7.5020454e-31 1167477256290374426097504487473152 131046534281593679139923914915840 242 0 
nomask 3.5864075e+32 0 107357809519419877580723130990592 242 359 
nomask 7.8134384e+31 350954412306646879407508859912192 0 0 359 
nomask -1.8678677e-31 18832125419285472162983678354391040 2054470352919515765479133067345920 242 0 
nomask 3.586408e+32 0 431209109851004859620342418636800 242 359 
nomask 1.2552008e+33 22085618610988481063998063640576 0 0 359 
nomask -3.01324e-30 1162702749441367711734817997455360 8216542942203321807537981278388224 242 0 
nomask 5.761443e+30 0 6626860183178668265496995954688 242 359 
nomask 7.8450025e+31 5610842571043946454333784064 0 0 359 
nomask -1.14324944e-32 72070915387512478637966363721728 8300858266247686972600282513408 242 0 
nomask 2.2732583e+31 0 6654636462810133985415045054464 242 359 
nomask 7.63043e+28 1394306375774810818398238437015552 0 0 359 
nomask -1.829259e-31 72370501448270296082308518641664 131053478351501545569903427190784 242 0 
nomask 1.4404773e+30 0 1663659009744435536966096781312 242 359 
nomask 3.1380008e+32 348614187909915260723005447208960 0 0 359 
nomask -2.9514666e-30 72670110365281890615733507850240 8046776925122018777310107497660416 242 0 
nomask 1.4501484e+30 0 26728782961027915517584937582592 242 359 
nomask 7.813435e+31 1394231187842385706151346761105408 0 0 359 
nomask -7.378666e-31 17231453601657286545264082944 131931889632210110160690676236288 242 0 
nomask 9.028905e+31 0 25345776357377112130644344832 242 359 
nomask 7.240739e+25 5595710905182781301520859136000 0 0 359 
nomask -1.18549775e-29 72072099341458131852457179873280 517075355290173337054190875181056 242 0 
nomask 5.722138e+30 0 429438209272860454356114143707136 242 359 
nomask 4.8242088e+30 5558851767529158592088143560704 0 0 359 
nomask -4.7419913e-29 279204817848718368863592382464 131025620696050847040259055681536 242 0 
nomask 9.028159e+31 0 98584781500954603746754560 242 359 
nomask 1.9375758e+31 5462486377738135210914174078025728 0 0 359 
nomask -1.2052768e-29 1162684025598273520358160148201472 8217657465423534369549692998516736 242 0 
nomask 3.5862086e+32 0 26839889774883345747459765698560 242 359 
nomask 1.9296841e+31 22382850477607258332808286830592 0 0 359 
nomask -1.20525764e-29 68341810337952125088371310592 2094443507749344732183003136 242 0 
nomask 3.560855e+32 0 414192165148058629133119258624 242 359 
nomask 3.1000723e+32 348567195452149565568698149765120 0 0 359 
nomask -7.59473e-31 289482005793081184329234074566656 130168150126158192152378773340160 242 0 
nomask 9.0294e+31 0 26729216965397157169458657099776 242 359 
nomask 1.929684e+31 22080919365211911548567333896192 0 0 359 
nomask -3.025566e-30 17158025654342354947803185152 32982982580029931641388459360256 242 0 
nomask 1.4243819e+33 0 1738946246951342472134896467836928 242 359 
nomask 7.750304e+31 22005133403477972521241115390640128 0 0 359 
nomask -3.0008182e-30 290671061254577445103338839343104 128737764710573817600513189108252672 242 0 
nomask 1.4344834e+33 0 26729650969766398821332376616960 242 359 
nomask 7.781871e+31 88600955317938473319941537792 0 0 359 
nomask -3.013192e-30 4485853791539995267504581640192 131430133324055070707772555264 242 0 
nomask 3.6116607e+32 0 26728782961027915517584937582592 242 359 
nomask 1.9454986e+31 87745661087828084960656443310080 0 0 359 
nomask -7.471231e-31 72668912697583971147792991125504 8273207420660250359474548880965632 242 0 
nomask 3.6116614e+32 0 1670548829106146760461394116608 242 359 
nomask 4.863669e+30 88337766055675843904928391102464 0 0 359 
nomask -1.1855746e-29 1162665448035203502351632438394880 2040081806066047280909709914144768 242 0 
nomask 3.585911e+32 0 111747660258507668304630649416843264 242 359 
nomask 1.9454673e+31 1368869611304401827128653341769334784 0 0 359 
nomask -1.8240602e-34 17943128320175078602028756238336 520700485285356544742401572339712 242 0 
nomask 5.6568085e+33 0 1724807903616741799870672616292352 242 359 
nomask 3.052123e+29 88340115678564128662643755974656 0 0 359 
nomask -1.7906806e-31 1162684025598273520358160148201472 129265366787589401048557962657792 242 0 
nomask 3.625952e+29 0 26395908391137837931252594769920 242 359 
nomask 8.72864e+34 348538926837478061791048701575168 0 0 359 
nomask -1.1708217e-29 17230882195312859318193225728 517089351931081380327118329610240 242 0 
nomask 1.4501482e+30 0 26728771093720944066166515564544 242 359 
nomask 3.0398393e+29 21697765135724113655947944269971456 0 0 359 
nomask 4.8692038e+36 302536336633442556058716568662573056 32416435609195363959313822870667264 242 0 
nomask 3.626538e+29 0 112200989974302912452983149262012416 242 359 
nomask 1.8844861e+28 348604752848356078349611452858368 0 0 359 
nomask -1.1707258e-29 1162665448035203502351632438394880 8159657989526818496449564161081344 242 0 
nomask 9.028409e+31 0 26729220356056291869863920533504 242 359 
nomask 1.1826022e+27 5461885459398831006419561228533760 0 0 359 
nomask -4.7420677e-29 287085463587042818144626974654464 8047000003367808986373199329492992 242 0 
nomask 1.4403605e+30 0 445170266995823304332253413815353344 242 359 
nomask 4.8242085e+30 21787207361674805998513591156736 0 0 359 
nomask -1.8888772e-28 18679033426946396532623897276710912 518871666739370362668115296256 242 0 
nomask 3.6110653e+32 0 27596494189516104112664537221562368 242 359 
nomask 1.9376067e+31 5372491588138629473517558562816 0 0 359 
nomask -3.0008663e-30 1180695437580012752310308128577028096 1950764449430465824686985969664 242 0 
nomask 1.4243422e+33 0 106741714982276298264550147971088384 242 359 
