nomask 0.98828125 496 49 600 188 
nomask 0.01171875 728 110 745 172 
nomask -4.86055e-29 13844184323658214480728293376000 17164075665278011598438400000 750 0 
nomask 3.5607558e+32 0 897140412853216781447737638912000 750 750 
nomask 1.9296843e+31 277022339816668828532736000 0 0 750 
nomask -7.501925e-31 55840072282099613163054956544000 68425305282250634420564262912000 750 0 
nomask 1.4244213e+33 0 847184799394303393325383680000 750 750 
nomask 1.9296843e+31 1072784111817070365525946662912000 0 0 750 
nomask -3.0502657e-30 2981053374708842496000 4306506035950988875593154560000 750 0 
nomask 3.5609546e+32 0 12651588071452909240320000 750 750 
nomask 7.718613e+31 1065327457361687332776358969344000 0 0 750 
nomask -7.5870623e-28 3588446274554957654619089534976000 67524157336973792937838116864000 750 0 
nomask 2.2569772e+31 0 3647751339561972903413475704832000 750 750 
nomask 4.8044027e+30 1093977924309460677820416000 0 0 750 
nomask -4.8407515e-29 56303386018917195489793277952000 67964718712076909313936850944000 750 0 
nomask 1.4452873e+27 0 752031937257799680000 750 750 
nomask 2.848079e+26 274483041587872106060709888000 0 0 750 
nomask -3.009434e-27 3403132970617000251912880128000 67230212067421899558789398396928000 750 0 
nomask 3.625465e+29 0 230600187075554564275370358472704000 750 750 
nomask 2.8480327e+26 69106094233547324818194432000 0 0 750 
nomask -4.7544317e-26 204189392556093905829888000 1111050191634432000 750 0 
nomask 5.7417064e+27 0 900839329182452985672140587008000 750 750 
nomask 7.445341e+28 17112699744427101550062600192000 0 0 750 
nomask -7.523831e-28 14709614581567557400270794129408000 1072813239373536705497624739840000 750 0 
nomask 9.187216e+28 0 3295313895363705739149312000 750 750 
nomask 1.780079e+25 1100533688186234342473728000 0 0 750 
nomask -1.1936763e-26 590230 1095492516952292720640000 750 0 
nomask 9.125318e+28 0 10909133045760000 750 750 
nomask 2.8721634e+26 268883564997410683071409655119872000 0 0 750 
nomask -1.9261008e-25 929991796623116208947162863632384000 1058249347803571130787101147136000 750 0 
nomask 3.625174e+29 0 3461104298838850247526973440000 750 750 
nomask 7.4454634e+28 17556201227862147072000 0 0 750 
nomask -1.2088617e-26 224285046544906400926191845376000 68634969001590801297309696000 750 0 
nomask 5.721206e+30 0 13237702618320374184542208000 750 750 
nomask 1.8459222e+28 4335293139308704463786606592000 0 0 750 
nomask -1.9204929e-28 51049141697575076757504000 17281531122785594284393113845760000 750 0 
nomask 1.440399e+30 0 12872520032472916819968000 750 750 
nomask 7.4143954e+28 17549360640000 0 0 0 
nomask -7.6504177e-28 151845492 0 750 -2670990750 
nomask 9.028157e+31 0 3337642687829405746593792000 750 750 
nomask 4.80448e+30 1073075727392120531857182818304000 0 0 750 
nomask -1.9204929e-28 55840989601788910591637716992000 1072755097597399614425753714688000 750 0 
nomask 2.272885e+31 0 202422220594710369533952000 750 750 
nomask 1.1961876e+30 4335179359791257823272239104000 0 0 750 
nomask -1.2102071e-29 3281201919974535818379264000 273759532910333012061355769856000 750 0 
nomask 3.5862082e+32 0 53628136869258459447558144000 750 750 
nomask 4.8044807e+30 17338450703253253863386382336000 0 0 750 
nomask -4.86055e-29 47211362849390592000 71833350144000 750 -163 
nomask 5.616079e+33 0 691485425664000 0 750 
nomask 1.9296845e+31 0 0 -162274 0 
nomask -1.2200871e-29 3337640742274366722539520000 70874478000 750 0 
nomask 8.965767e+31 0 3309425654580093546135552000 750 750 
nomask 1.9217612e+31 16928259424240717154275062448128000 0 0 750 
nomask -7.625544e-31 54913434183139862052876582912000 1087814157627292968654804615168000 750 0 
nomask 1.4041392e+33 0 55608868760873177485626310656000 750 750 
nomask 7.6869224e+31 271902622851404941649007083520000 0 0 750 
nomask -3.034874e-27 13350585451066806723674112000 4383707049890452340736000 750 0 
nomask 9.027661e+31 0 3394093399632252908863488000 750 750 
nomask 4.80448e+30 71570109 0 -163 750 
nomask -3.000818e-30 11750057711763456000 4511195904000 750 0 
nomask 5.742616e+27 0 2270 750 750 
nomask 2.8480793e+26 280912352772096000 0 0 750 
nomask -3.009434e-27 13786162967866436584810217472000 16921740291758445266450459394048000 750 0 
nomask 3.625562e+29 0 57651903678947569139254938304512000 750 750 
nomask 1.1440299e+27 1073046146488471836399564226560000 0 0 750 
nomask -1.2037933e-26 57651907305725027983142462423040000 1065443854250757103791586148352000 750 0 
nomask 2.2968035e+28 0 223356719019337403200438272000000 750 750 
nomask 2.9781368e+29 68649232946445797208096768000 0 0 750 
nomask -1.8888464e-28 3436484666031983799828480000 4363966905870831180494929920000 750 0 
nomask 2.296925e+28 0 2976999605796864000 750 750 
nomask 2.8601686e+26 284204470370304000 0 0 750 
nomask -1.198725e-26 758734302442684416000 17264983390586468969742336000 750 0 
nomask 2.3123384e+28 0 3075363228667084800000 750 750 
nomask 4.5954614e+27 16926397074015600818031427584000000 0 0 750 
nomask -7.7042774e-25 889713055959493471977055715328000 266397401342471098130365415424000 750 0 
nomask 2.2966216e+28 0 3603360036812906075604205436928000 750 750 
nomask 1.8459217e+28 265132809777913676096166659358720000 0 0 750 
nomask -1.2037934e-26 897140469521614575883480203264000 4278401609697953130485907456000 750 0 
nomask 3.625368e+29 0 3719966722264950103771048367357952000 750 750 
nomask 1.14406766e+27 68656323413699129316999168000 0 0 750 
nomask -3.0348744e-27 13576159155129154761916416000 4260030937045324505267243581440000 750 0 
nomask 9.125802e+28 0 193899103191564288000 750 750 
nomask 4.5955373e+27 16924074123053211308072229666816000 0 0 750 
nomask -4.916462e-26 3490005845796799129778651136000 267079112647647330648209819172864000 750 0 
nomask 2.2726986e+31 0 14472393414845131694121368420352000 750 750 
nomask 2.978138e+29 4202936846246656961404748169216000 0 0 750 
nomask -7.6186173e-28 232505376796014764518440110653440000 68195870580058755363186149425152000 750 0 
nomask 3.5858105e+32 0 14413208033494258293615278161920000 750 750 
nomask 2.9781383e+29 67984736823597793739997708288000 0 0 750 
nomask -4.8408288e-29 930006767960466316514862424915968000 66762299746791696565977722388480000 750 0 
nomask 2.273009e+31 0 55144651871465746339240869888000 750 750 
nomask 1.9217611e+31 1068018184412374001282855768948736000 0 0 750 
nomask -7.7450796e-28 3365927815505083788951552000 1072930202946584420870277562368000 750 0 
nomask 1.4140814e+33 0 234399294492132877959084902449152000 750 750 
nomask 4.7846742e+30 267101453596793808995358389305344000 0 0 750 
nomask -3.0378438e-30 937597584167606902351742311071744000 1072958990492663994227500253184000 750 0 
nomask 2.2414416e+31 0 57414226444959693814249354690560000 750 750 
nomask 1.9138385e+31 262676185998702783441263394816000 0 0 750 
nomask -3.0377956e-30 14175754753014466578664308867072000 4191243400280822113275740160000 750 0 
nomask 8.902386e+31 0 3499373073512934132512679002112000 750 750 
