nomask 0.99609375 63 85 244 358 
nomask 3.0274614e+29 7175806659297740319718470265602048 0 0 442 
nomask -7.5873084e-28 353796586746719954364530688 2555401874291154859778946105344 318 0 
nomask 1.4342849e+33 0 32498564804629263082193810358272 318 442 
nomask 1.20112e+30 115666205641804916339981156352 0 0 442 
nomask -1.1904666e-29 95490542688083563550689399406592 40605343534144779106545504878592 318 0 
nomask 9.027913e+31 0 32772164164313230121628807987200 318 442 
nomask 3.0028482e+29 453413991740154433641123938304 0 0 442 
nomask -3.01324e-30 1391182410580500821160493056 10220266415918981702919772962816 318 0 
nomask 3.5862086e+32 0 33453437611669170965968997842944 318 442 
nomask 3.0028e+29 7353046107815824880301175209984 0 0 442 
nomask -4.8012323e-29 22738714259797898102015262720 40607497613281741197991861026816 318 0 
nomask 2.2729471e+31 0 33317179582540406111687864745984 318 442 
nomask 1.9296839e+31 461159246494725838866217212837888 0 0 442 
nomask -3.0007702e-30 23479738114636873311862363521024 10220805979346214939972954226688 318 0 
nomask 2.2730714e+31 0 8158841903850056186121521463296 318 442 
nomask 2.9904686e+29 116064779391024901003021217955840 0 0 442 
nomask -4.801309e-29 94704792624691774975484765405184 159617857706421807774022372962598912 318 0 
nomask 2.2730093e+31 0 138141583177730332794797769193684992 318 442 
nomask 4.8242094e+30 116070906378194435395507275694080 0 0 442 
nomask -1.1904473e-29 95488998927590847532190461329408 2555201233925805556445340499968 318 0 
nomask 3.625757e+29 0 32908954451368279213621976760320 318 442 
nomask 4.8242085e+30 1831990500022573731921568123060224 0 0 442 
nomask -1.1854786e-29 5943553358011884236407289413632 40995813297537233552326787072 318 0 
nomask 2.2729474e+31 0 8295365018298970445067080171520 318 442 
nomask 1.2060328e+30 1862961882551480210126700281856 0 0 442 
nomask -2.9267188e-30 94703230843648560326419691864064 636604926129409640818525008297984 318 0 
nomask 5.761907e+30 0 505669392511136998343873396736 318 442 
nomask 1.1681517e+27 7277768952320647909536332387450880 0 0 442 
nomask -4.6037104e-29 24645569940377565038954651729264640 10047526000819081162841616455565312 318 0 
nomask 1.4645928e+27 0 2123579914522466512389697460764672 318 442 
nomask 4.8439355e+30 1826103662217546798122567467008 0 0 442 
nomask -1.1607884e-29 381962242834536248725022139482112 636639191016146433156880999120896 318 0 
nomask 5.7210547e+30 0 2132300428386707463063689978970112 318 442 
nomask 4.6919485e+27 462713112011133964455115751424 0 0 442 
nomask -1.1360981e-29 383530679467735058679188378615808 2554932495855181652110342094848 318 0 
nomask 9.188187e+28 0 31339263941987978601499197440 318 442 
nomask 2.9685936e+26 116077117461266296730635298930688 0 0 442 
nomask -7.429168e-28 90953349460585424421245681664 161833250783627132573858136064 318 0 
nomask 2.2727614e+31 0 131088623260677153632384280690688 318 442 
nomask 3.0028474e+29 1819787848211325046801806447869952 0 0 442 
nomask -4.8558777e-26 6161490516889103810018439856128000 9879354170490934734169330155520 318 0 
nomask 5.7202773e+30 0 499265827404747374963380453376 318 442 
nomask 1.8767795e+28 29020051245562932191908293771264 0 0 442 
nomask -1.1706874e-29 1527848971338144994900088557928448 640999381155115374785615355707392 318 0 
nomask 3.650419e+29 0 8158976533796116316836918722560 318 442 
nomask 4.7111405e+27 465692087336921906402285322240 0 0 442 
nomask -1.8968579e-28 90187505394716702558675533824 160236987607108604855987604553728 318 0 
nomask 3.6110653e+32 0 32908946102224337500089238945792 318 442 
nomask 3.0027995e+29 115660175327380244392719679488 0 0 442 
nomask -2.9638403e-30 5870030638261877690984980021248 638716360448224941325135380480 318 0 
nomask 9.027914e+31 0 8124777918389361329647034302464 318 442 
nomask 3.0027997e+29 28431085593616189398902925950976 0 0 442 
nomask -3.0008661e-30 1442927910256438871640068063232 40336029372588896537788190556160 318 0 
nomask 1.4243422e+33 0 124284158157598203130700365824 318 442 
nomask 3.0151313e+29 116855184763295502474477513474048 0 0 442 
nomask -7.6502945e-28 90570436226747986649416728576 161339926220096845957718379331584 318 0 
nomask 2.272885e+31 0 127488109531387249000349433856 318 442 
nomask 1.9296838e+31 1838116423979628705204223868928 0 0 442 
nomask -1.2003081e-29 1479809688705867889228055052288 643058306664038246170646020096 318 0 
nomask 5.7617513e+30 0 126953796932961105223616561152 318 442 
nomask 1.853629e+28 29296461219205561762468331520 0 0 442 
nomask -1.912635e-28 5771712391882026262833861230592 10082936565436699373873422925824 318 0 
nomask 2.2887928e+31 0 33836656071536880711288268255133696 318 442 
nomask 1.20111986e+30 115299002104435761305283389816832 0 0 442 
nomask -3.0222032e-27 359200207307467658029952925696 634508718040036544010149429248 318 0 
nomask 3.625369e+29 0 8193170974630900447260434235392 318 442 
nomask 7.4762905e+28 29019285372166740392847536553984 0 0 442 
nomask -7.5555084e-28 1473658674135668655987150028800 40458308619176342853653626880 318 0 
nomask 3.625369e+29 0 126419443567230558548774617088 318 442 
nomask 1.1172531e+24 7304028708747008187865535348736 0 0 442 
nomask -7.4292906e-28 5894539713224421425339594440704 161344184283507119859414664740864 318 0 
nomask 1.4501476e+30 0 8124776352924872258359645962240 318 442 
nomask 2.956552e+26 114502421690194295759831341989888 0 0 442 
nomask -1.13810126e-26 24343628937155625077625105936285696 627953075624945342237768276770816 318 0 
nomask 3.6607246e+26 0 2106070357020511026365000442707968 318 442 
nomask 4.6726786e+27 28625611429398740150146547318784 0 0 442 
nomask -6.7127838e-37 23480118047909886106298386219008 162223025324851500026953728 318 0 
nomask 5.7816116e+27 0 2114859267071922494299181137526784 318 442 
nomask 1.7383861e+22 459637463940483577283365306368 0 0 442 
nomask -7.176364e-28 94704756583590777714352494477312 40333896166311788730173678944256 318 0 
nomask 2.3122182e+28 0 126419468027613200287640059904 318 442 
nomask 1.2652598e+30 115286700075295362838801579769856 0 0 442 
nomask -7.3807833e-25 1449079394111807340051966197760 627867313218376060829485445939200 318 0 
nomask 2.272265e+31 0 130537162303326974795051631116288 318 442 
nomask 4.6726816e+27 7127785688548194905806724747231232 0 0 442 
nomask -4.835761e-26 24544791717659420801535663824437248 627970107878586437844553418407936 318 0 
nomask 1.449799e+30 0 33836660346298578868617030016172032 318 442 
nomask 7.240854e+25 115672212491971126528692977664 0 0 442 
nomask -1.8730999e-28 1521550524637466298787440592158720 636587559910010876670430354079744 318 0 
nomask 3.650322e+29 0 8124912548335421460362431561728 318 442 
nomask 2.9203314e+26 7277768183443826634632177274322944 0 0 442 
nomask -7.555877e-28 1467532156251303498672085401600 2529184666868486618205822356815872 318 0 
nomask 3.585613e+32 0 8494181262679888206040127829442560 318 442 
nomask 3.002848e+29 7127588856081948530343015786479616 0 0 442 
nomask -1.1855554e-29 24544785566644850602302422919413760 10154550303953754486740434812928 318 0 
nomask 3.611165e+32 0 543610296576158704319740572401139712 318 442 
nomask 3.0151792e+29 442349540048659242978549040152576 0 0 442 
nomask -3.0008661e-30 97777628639495077260176375364452352 39247050528271200462795041669120 318 0 
nomask 1.4243422e+33 0 8354109611771154744837408666157056 318 442 
