nomask 0.99609375 73 110 263 367 
nomask 4.7845956e+30 457696558955229884189239903518720 0 0 433 
nomask -4.8208765e-29 5956371846401498500203072716800 2494838328754597744209185705295872 320 0 
nomask 1.4206305e+30 0 2046100285191947797643220018528256 320 433 
nomask 4.8044027e+30 114852262022805390148344217600 0 0 433 
nomask -1.2002888e-29 366101603255463731281138810880 617368229972762853801856073728 320 0 
nomask 8.902136e+31 0 1877956640129977275440431104 320 433 
nomask 1.9217613e+31 116005559781961759763326618828800 0 0 433 
nomask -3.0378438e-30 1289164629232477798400 159589038899766024445093740544 320 0 
nomask 8.965768e+31 0 1943260952643653430218326016 320 433 
nomask 1.9217613e+31 460890686041750088224314585251840 0 0 433 
nomask -1.9204313e-28 92682953189105043842122383360 627930672113887698833559915593728 320 0 
nomask 1.4205918e+30 0 2080305312571244827442939852488704 320 433 
nomask 1.9217611e+31 7273828506968646810326544595025920 0 0 433 
nomask -1.2002888e-29 378032409433379726730129917870080 158063115898848850837826005106688 320 0 
nomask 1.4206693e+30 0 491193576765425757258495557632 320 433 
nomask 2.9781378e+29 1824917348269243769526555770880 0 0 433 
nomask -4.781357e-29 345467256481639030671278080 629931450989719551515289452544 320 0 
nomask 5.6825226e+30 0 31836307902086854840861105061888 320 433 
nomask 1.1912164e+30 1862347391696446521847735910400 0 0 433 
nomask -4.7419143e-29 356015496736297718613278720 162152921283119634448384 320 0 
nomask 5.7219825e+30 0 2023271251791674916562823806976 320 433 
nomask 4.8242088e+30 1843512646281035522664258517073920 0 0 433 
nomask -4.7617125e-29 6005596661250975793195788533760 39514740224091174770816715849728 320 0 
nomask 2.2728855e+31 0 522220538440518465459566367735808 320 433 
nomask 4.824209e+30 116807186403690024222782537072640 0 0 433 
nomask -2.9761183e-30 22688679126704927577116508160 2469671008407612537856497549312 320 0 
nomask 9.028904e+31 0 33558793234192798762314311971897344 320 433 
nomask 2.9904206e+29 29481480125356740825673891840 0 0 433 
nomask -2.9514186e-30 23429337506091025203125760819200 2493642632330315461841387520 320 0 
nomask 1.4503417e+30 0 495373180565343973824054427648 320 433 
nomask 1.9375753e+31 119909505561064898560 0 0 433 
nomask -7.587186e-28 1489092772705715310264959631360 2476744241716211659410282742022144 320 0 
nomask 3.6502246e+29 0 2014895941512427708300233015296 320 433 
nomask 4.8440146e+30 7350163202247729102160763289600 0 0 433 
nomask -7.2548074e-31 1507588959956500507066347028480 158029532355148206931881446342656 320 0 
nomask 3.6259512e+29 0 31222550234700427643150401536 320 433 
nomask 7.180527e+25 7300837517650177713546282926080 0 0 433 
nomask -4.682673e-29 384351948262833239277988982292480 2526295287802165033995075584 320 0 
nomask 3.6256603e+29 0 7707869293963926204927967232 320 433 
nomask 4.824208e+30 460731045073310399835668480 0 0 433 
nomask -1.9423196e-25 1470548133974815870903679713280 38706469553842433555681001865216 320 0 
nomask 2.3119752e+28 0 27910418031591422951424 320 433 
nomask 3.002847e+29 7271641221661734454053332204912640 0 0 433 
nomask -4.7023945e-29 23924134221329273223181846446080 2494704583477785048361644198985728 320 0 
nomask 1.4403993e+30 0 7992843016255679734316529614848 320 433 
nomask 7.150305e+25 1862007759098998536963966894080 0 0 433 
nomask -4.7419146e-29 91912268882058821330303713280 9908861440432461921598662955237376 320 0 
nomask 3.6257567e+29 0 32238335064198843332803728244736 320 433 
nomask 1.2011197e+30 29485272775938295509486141440 0 0 433 
nomask -7.5870633e-28 5696346084459235632627056640 39886995864305173748206534656 320 0 
nomask 2.272823e+31 0 444562028224929102561280 320 433 
nomask 4.8242097e+30 28607567248178229304306434048000 0 0 433 
nomask -3.0131441e-30 86366819885017280702054400 627997610185404033399134749720576 320 0 
nomask 3.5862086e+32 0 7707866797888868731104264192 320 433 
nomask 4.8044033e+30 464084426272008015578053361008640 0 0 433 
nomask -1.9126043e-28 363012797786348353739764531200 39781686864989802505903305392128 320 0 
nomask 2.2729471e+31 0 7675280538013547962661076992 320 433 
nomask 1.9296838e+31 116794758646264385834866557583360 0 0 433 
nomask -1.2003081e-29 95300383983487575058467918970880 9946211003136664493237553070080 320 0 
nomask 5.761752e+30 0 128953364794211618321891443343360 320 433 
nomask 2.9904684e+29 7349187750227027548245422243840 0 0 433 
nomask -4.7815108e-29 22302200653746875812827627520 2486421373368021069062131941376 320 0 
nomask 2.2730093e+31 0 33147138358785318271942371743629312 320 433 
nomask 2.9904203e+29 1831132859031919443233931368857600 0 0 433 
nomask -1.18056745e-29 364560151999957836038710231040 39635539266155214769303322624 320 0 
nomask 1.4403606e+30 0 32238856484294049384679998488576 320 433 
nomask 4.8440156e+30 1849870710554045604407342530560 0 0 433 
nomask -1.8967964e-28 22881722089827009189631754240 2509680413789596273898160128 320 0 
nomask 9.027663e+31 0 123323855931295552806234095616 320 433 
nomask 3.0274614e+29 1837588402016079601563944878080 0 0 433 
nomask -2.9391404e-30 1537433518992774356420793676595200 2494703798280465208659995227324416 320 0 
nomask 3.586209e+32 0 520084899880219456937069570424832 320 433 
nomask 2.9082904e+26 116017987539387398151242598318080 0 0 433 
nomask -1.1658147e-29 6124282415619652283912584618311680 154867951705091144902748072312832 320 0 
nomask 5.780849e+27 0 33558809985068955342616156700672000 320 433 
nomask 4.8637425e+30 460915299771437442074311602995200 0 0 433 
nomask -1.7712224e-34 5907045028435991222873741066240 40161040943295247842092777472 320 0 
nomask 3.6256634e+29 0 515804952872548209853035247042560 320 433 
nomask 1.1729868e+27 7419864859298236778550394880 0 0 433 
nomask -2.7908455e-30 23825092973557344728044042977280 39776435857913374501125807407104 320 0 
nomask 2.3125214e+28 0 30831487160155934715006681088 320 433 
nomask 7.7536157e+28 116017999628645594297534345379840 0 0 433 
nomask -7.4610906e-28 1482927628814999331045575229440 9841593062576914788196828082864128 320 0 
nomask 5.760667e+30 0 129489343756389697999569703403520 320 433 
nomask 7.5379443e+28 7223719015315948276886643482296320 0 0 433 
nomask -1.1657763e-29 99607948481406196029914766733475840 38822856571655098098831397780193280 320 0 
nomask 1.4401285e+30 0 33421590995313288654979599760883712 320 433 
nomask 1.1633536e+27 7350741975483869605878153871360 0 0 433 
nomask -1.8730692e-28 6174889017569376352869124910612480 619354092655498611005450621026304 320 0 
nomask 1.450264e+30 0 1998211009662005818898679595008 320 433 
nomask 1.802658e+25 7272835833799644846018609859788800 0 0 433 
nomask -3.0222036e-27 5956275887914566589012330414080 39094078382944368056150323735035904 320 0 
nomask 1.4501476e+30 0 8355529138513175340487494531547136 320 433 
nomask 2.9905166e+29 28891697650212927893690770427740160 0 0 433 
nomask -7.5238317e-28 24800564240357946908281550059601920 40054960069710263670421973893120 320 0 
nomask 9.027662e+31 0 33558816266647514060229348473962496 320 433 
nomask 4.824287e+30 1763505050000776496166333317120 0 0 433 
nomask -1.2052768e-29 1499428566358582043640722609930240 9582734669938975023403368448 320 0 
nomask 9.0286555e+31 0 30898798660475747732439961698304 320 433 
