nomask 0.5 1148 670 1444 960 
mask 0.00390625 583 174 2704 1815 
mask 0.00390625 0 0 2315 559 
nomask 0.00390625 1152 9 2299 286 
nomask 1.2060521e+30 64592945359862125993034640261120 0 0 1874 
nomask -1.1904665e-29 837452071137718866508517474304000 679375825284437840498010793967616 2812 0 
nomask 3.585812e+32 0 132868381991667704760555798528 2812 1874 
nomask 1.9454675e+31 15977640069921188924788572160 0 0 1874 
nomask -7.5021653e-31 2642468447912460288 173770285912721594963407667200 2812 0 
nomask 1.424382e+33 0 126999343737808782492696576 2812 1874 
nomask 4.8834764e+30 1015347905159175211452206695363641344 0 0 1874 
nomask -3.0008182e-30 854803062982417012460001416970240 10834729046548793490732113461248 2812 0 
nomask 3.5608556e+32 0 36458634165663165130345195285512192 2812 1874 
nomask 3.1127486e+32 1019617486889457355858933457092608 0 0 1874 
nomask -1.8909486e-31 3377549474505963961533008562880512 10598765383048641163878046344104902656 2812 0 
nomask 9.029153e+31 0 2153009637979865875328641531904 2812 1874 
nomask 7.750303e+31 1019399069052701761191310117568512 0 0 1874 
nomask -7.563915e-31 49420087728809980910668611584 171013039043582003884097819115520 2812 0 
nomask 3.5863077e+32 0 2232338997949645795662262221930496 2812 1874 
nomask 7.781871e+31 1036327039840000087249282662400 0 0 1874 
nomask -7.59473e-31 49631668129423010467810377728 2775386214817347928064 2812 0 
nomask 1.4244216e+33 0 8720639486272944730859670339584 2812 1874 
nomask 1.2501503e+33 259101912326924274696498184192 0 0 1874 
nomask -1.8909787e-31 847868243548248682445191023427584 42586882397152068946075428080058368 2812 0 
nomask 9.0294e+31 0 34592583765461361940616257208320 2812 1874 
nomask 4.8044804e+30 252650054289876813408598424419991289856 0 0 1874 
nomask -3.013144e-30 3217065343896120244118753378304 10722707507160535332988208717758464 2812 0 
nomask 3.5863077e+32 0 8756463131738402681707797938176 2812 1874 
nomask 1.9296841e+31 64152703547298905405827516989440 0 0 1874 
nomask -1.9204929e-28 3349699713038636060513490591285248 2708610634258125731801191153664 2812 0 
nomask 3.5860094e+32 0 8575789567036964154032980492288 2812 1874 
nomask 1.9296841e+31 16540533958210883774578688 0 0 1874 
nomask -1.9363315e-28 52341604320958618241092160585728 43035273622073304459087024488448 2812 0 
nomask 2.272885e+31 0 8269149948479619015687274496 2812 1874 
nomask 2.9904688e+29 253829932527027147732291898595868672 0 0 1874 
nomask -1.1904281e-29 807678959056603221897525592064 10871182216475759680546046780375040 2812 0 
nomask 2.2888551e+31 0 9225577609884792929672395464114176 2812 1874 
nomask 3.0027997e+29 64357405413182694039728004773445632 0 0 1874 
nomask -4.8013858e-29 13193545995141646810017144242176 2726664605534651376774538067968 2812 0 
nomask 3.5859107e+32 0 2162035655680573662127722594304 2812 1874 
nomask 4.8242094e+30 4064361314585832208017582456832 0 0 1874 
nomask -2.9761183e-30 12922654196016491736643540090880 166354920866727380343455836274688 2812 0 
nomask 1.4243026e+33 0 120794766968778978754560 2812 1874 
nomask 1.2109848e+30 256583432283833873313203105038336 0 0 1874 
nomask -1.19048576e-29 201069877881022804982377742336 10796360922237516879931959060463616 2812 0 
nomask 2.2729476e+31 0 2216231032494196116533100412928 2812 1874 
nomask 1.2159171e+30 16310830439265251259239306744561664 0 0 1874 
nomask -1.1855169e-29 53425184796753788364028918104064 10832742285578685953685323776000 2812 0 
nomask 9.091543e+31 0 8828818952959604706721686093824 2812 1874 
nomask 1.2060522e+30 64591265529101572568578514747392 0 0 1874 
nomask -1.19048576e-29 811065023550076723880681013248 679266796798238620647603449102336 2812 0 
nomask 3.585812e+32 0 7903169879279392119586816 2812 1874 
nomask 1.9454985e+31 3966417772865379008065566469521408 0 0 1874 
nomask -7.5021653e-31 2925940944250160751312896 10798104245253211418630939878621184 2812 0 
nomask 1.424382e+33 0 140103357009525709521033984212992 2812 1874 
nomask 4.8636694e+30 1022644808249506118108167222184640512 0 0 1874 
nomask -7.5557544e-28 215431097663330678940348360687616 684034315149313597742688256393216 2812 0 
nomask 9.027662e+31 0 35459698732335835088958389223424 2812 1874 
nomask 1.2060523e+30 258351384443019965948702918443008 0 0 1874 
nomask -4.7815105e-29 13248152114242364205603271737344 676657885586164419011890237237362688 2812 0 
nomask 9.027912e+31 0 8792571627398628277761687420928 2812 1874 
nomask 1.861336e+28 4021789244107475823561012494204928 0 0 1874 
nomask -4.7815875e-29 762255184002985679613067264 684052014578891393172949189001216 2812 0 
nomask 2.2729474e+31 0 2241582348052353681161731667132416 2812 1874 
nomask 3.0027513e+29 16203353565834177279251046966755328 0 0 1874 
nomask -4.8211073e-29 13031006599895825071424220954624 172673180547886234274977808384 2812 0 
nomask 2.2729474e+31 0 565053545895076843672202551230464 2812 1874 
nomask 1.9296839e+31 63911812629204852379752956501688320 0 0 1874 
nomask -4.8012323e-29 52992611776793094279773672177664 10674787334092578055830953383363084288 2812 0 
nomask 2.2729474e+31 0 35025859164239702400117539602432 2812 1874 
nomask 4.80448e+30 63911785433209614329055042311553024 0 0 1874 
nomask -3.0007702e-30 13565456760848170107956429332676608 679412356907086410266069358870528 2812 0 
nomask 9.028904e+31 0 558093988589651058130161762304000 2812 1874 
nomask 1.1961877e+30 1019535155263248413316419795550208 0 0 1874 
nomask -1.904685e-28 54039047648900783383524389563662336 670241786858802419575832868552704 2812 0 
nomask 3.5860094e+32 0 583329012045803260175147178292936704 2812 1874 
nomask 7.7503035e+31 15867426932904072680446350778695680 0 0 1874 
nomask -3.0981303e-27 844400754155397218461131781177344 2718158038436693170548255594905600 2812 0 
nomask 9.02766e+31 0 145832225825126983550005913780748288 2812 1874 
nomask 1.1961876e+30 1015571238672070083783478024754692096 0 0 1874 
nomask -1.20032726e-29 13510195348399302278879104796196864 10796944295436401017313359399223296 2812 0 
nomask 2.2730714e+31 0 2250862512968583381156143852158976 2812 1874 
nomask 4.80448e+30 63719254093897922578377770795008 0 0 1874 
nomask -1.20032726e-29 206755721254632554429587457572864 41998805964245083140582712220319744 2812 0 
nomask 3.586109e+32 0 34447014806898783424435216973824 2812 1874 
nomask 1.929684e+31 15869170876098712681450098221121536 0 0 1874 
nomask -1.20032726e-29 14061466113105199436403529782166290432 168032469120629479042137534586945536 2812 0 
nomask 9.0286555e+31 0 9332968985504473915667030620680224768 2812 1874 
nomask 4.8242094e+30 1026634053660874435920794511998976 0 0 1874 
nomask -1.2003465e-29 218829679309482088367203062409854976 676713490680507767625051751468498944 2812 0 
nomask 9.0286555e+31 0 562733823255751818991344201760768 2812 1874 
nomask 1.9533594e+31 63915273319598894331062537196404736 0 0 1874 
nomask -1.1855169e-29 837452283606431663779594928914432 2699380501204455065039269059887104 2812 0 
nomask 9.028408e+31 0 8966474952318262514265392578297856 2812 1874 
nomask 4.8242094e+30 1005665516394911753286799008464896 0 0 1874 
nomask -3.0008661e-30 53817111330261265906858401690812416 677152451149341068160099418112 2812 0 
nomask 3.5860105e+32 0 143461324647998298581912588281446400 2812 1874 
nomask 1.9375758e+31 3977180200437905429542661938355372032 0 0 1874 
nomask -7.5021653e-31 3501164126859104071433342416326754304 667360162835793545950659207063666688 2812 0 
nomask 1.424382e+33 0 2323777055870945604165300943283290112 2812 1874 
