nomask 0.99609375 80 63 160 170 
mask 0.01171875 191 183 205 251 
nomask 0.00390625 0 0 83 38 
nomask 2.2729474e+31 0 18023111257196134421709717504 205 251 
nomask 3.002848e+29 18707898543222280416446182850560 0 0 251 
nomask -1.1953777e-29 61305582325134714775076255825920 91613316336209413814606266105856 205 0 
nomask 9.028408e+31 0 18610133675552807860495317991424 205 251 
nomask 4.8242097e+30 289903059961559622254966617113886720 0 0 251 
nomask -1.2052768e-29 247240701602988066237369381027840 5745183593377977378953379587293184 205 0 
nomask 3.5608552e+32 0 303957139691643654935865855049728 205 251 
nomask 4.8242103e+30 1181127425707608154183948587499520 0 0 251 
nomask -1.1818992e-32 245218441470660842178793491660800 5705097298442148818313192331542528 205 0 
nomask 8.921844e+34 0 75060757357897701650041638223872 205 251 
nomask 1.2602519e+33 1167797712930650200125596897923563520 0 0 251 
nomask -2.9788689e-33 3784139731978680615685555486720 23064176192115431578381701873664 205 0 
nomask 5.697689e+33 0 4843427966275218130237874149261312 205 251 
nomask 7.813314e+31 297288162516303535795173085675520 0 0 251 
nomask -1.8756014e-31 61050832659611707588344052449280 1436334435272846200272547005595648 205 0 
nomask 2.262849e+34 0 312514947373029803667270523263385600 205 251 
nomask 7.845006e+31 1181190870134621529923037167616000 0 0 251 
nomask -4.6890035e-32 988962868369400520199222727802880 361530400328173653218047807193088 205 0 
nomask 1.4243823e+33 0 74752471413594754978672357146624 205 251 
nomask 7.813438e+31 1181095331749411934815933075292160 0 0 251 
nomask -1.8755713e-31 244207233957686911087324042362880 5765434203982443350047351373824 205 0 
nomask 9.028906e+31 0 4633264065726783797812063633408 205 251 
nomask 3.02751e+29 1185135502407581838603316101120 0 0 251 
nomask -2.9638405e-30 61051816234102759678049161052160 91006482987322357980141711261696 205 0 
nomask 2.2730098e+31 0 74751238687048066686485773942784 205 251 
nomask 7.5378263e+28 4659796387276789362865442631188480 0 0 251 
nomask -4.60371e-29 255237231235838911888118479354593280 5666415932469069006675806364106752 205 0 
nomask 9.125564e+28 0 300243105291685987418147265708032 205 251 
nomask 1.2109841e+30 295281794469453783296241943183360 0 0 251 
nomask -4.8356825e-26 61305593942156262634403481518080 22751623117458563895597325090816 205 0 
nomask 5.695146e+33 0 301485921231033328396165273616384 205 251 
nomask 7.6612557e+28 300241437861859818009379471360 0 0 251 
nomask -2.827967e-30 942085206173718544431982837760 91608432842582148657097878798336 205 0 
nomask 5.8198374e+27 0 71487976566507256912910745600 205 251 
nomask 7.8460976e+28 295273863916077111328855870668800 0 0 251 
nomask -1.1361556e-29 15326395581283678693769063956480 5804426885562377392274211340288 205 0 
nomask 3.6253706e+29 0 1205943760784228494402641807278080 205 251 
nomask 3.0274597e+29 18382372421748733299590430803886080 0 0 251 
nomask -7.2244726e-31 984934333126395926516333501480960 22502832766534076740550478991982592 205 0 
nomask 3.6247907e+29 0 297762157773868720972420266065920 205 251 
nomask 3.0275086e+29 18582001008367612934192281681920 0 0 251 
nomask -2.8896927e-30 244203315149084766540939908874240 90996716000067827665124936646656 205 0 
nomask 5.7219843e+30 0 74440534702211231441981271965696 205 251 
nomask 1.1360691e+24 74829588300501857955283761889280 0 0 251 
nomask -4.7617122e-29 235521271290769355224331059200 1450992634919326321027246456832 205 0 
nomask 5.6823684e+30 0 18842867706311608624198432325632 205 251 
nomask 4.824209e+30 1193097760572228172069942067200 0 0 251 
nomask -4.7617893e-29 246233521324150726379338171678720 5704162095188759694246964778500096 205 0 
nomask 2.2570396e+31 0 300243105291685987418147265708032 205 251 
nomask 4.8044804e+30 18379315193422026256163099849523200 0 0 251 
nomask -1.2151375e-29 243192185082921154511651964190720 1436295443183923259830460619948032 205 0 
nomask 1.4142009e+33 0 4594424882308192191968052248576 205 251 
nomask 1.9217616e+31 4645000236122780788338731253760 0 0 251 
nomask -1.8909787e-31 60290502471644830574531575808000 5625551009516304530281582800404480 205 0 
nomask 5.657281e+33 0 18688116668084701544387140648960 205 251 
nomask 1.2552011e+33 74322056118437947761229572341760 0 0 251 
nomask -1.906416e-31 3847460002074263608214411018240 5725985176517437199655265894400 205 0 
nomask 1.434563e+33 0 71790245523641616058105724928 205 251 
nomask 3.1126989e+32 1180904378893889255101215298027520 0 0 251 
nomask -7.5331005e-31 980857966733338280030147025305600 5705409842034293788393729119223808 205 0 
nomask 1.4244216e+33 0 80976200441005887780877261113978257408 205 251 
nomask 3.1253754e+32 73826404277076981705818190643200 0 0 251 
nomask -1.8909787e-31 59782947055537824661822934876160 88520661458389723979153913413632 205 0 
nomask 1.4243822e+33 0 18377394903538058295668409106432 205 251 
nomask 3.1254249e+32 289175144454519857909475699589120 0 0 251 
nomask -1.883245e-31 60799029845221340717618099650560 5688664972973442753846933716992 205 0 
nomask 2.2732578e+31 0 4823619378221602939114144537772032 205 251 
nomask 7.5379467e+28 1169274274643596780296512471040 0 0 251 
nomask -1.1855362e-29 15199757461305335179404524912640 91001599493695092822633323954176 205 0 
nomask 3.6257574e+29 0 4633187909303106179761113661440 205 251 
nomask 4.6918736e+27 4627312840645940984452089611550720 0 0 251 
nomask -1.16849174e-26 1062399534826988492653602442490140426240 88756068609252458816452395479859200 205 0 
nomask 2.2964412e+28 0 1210896059517822653819535635775488 205 251 
nomask 4.7112896e+27 287144922790091834258641135861760 0 0 251 
nomask -1.1239339e-32 3752418002514557240279899832320 5593413941974996089504268288 205 0 
nomask -7.501072e-31 0 76223359439481607141797763850698752 205 251 
nomask 2.036318e+31 1177360084672830242649570017280 0 0 251 
nomask -1.992227e-28 15693470716067842725538228307230720 22905758977726114029596273803264 205 0 
nomask 2.3120975e+28 0 73820316787780710035044700258304 205 251 
nomask 9.116027e+34 73818435000295150207341365821440 0 0 251 
nomask -4.7499124e-35 3768342034801285413074517360640 1426274324610537204578298082885632 205 0 
nomask -1.8985e-31 0 1200952621681901756179623018758144 205 251 
nomask 7.3614e+25 72487978042589980393516205950894080 0 0 251 
nomask 1.8178088e+31 15888121192102395745049761881784320 5705875926459084734067228639494144 205 0 
nomask 3.6266373e+29 0 4823620288542745108929913091522560 205 251 
nomask 7.3010613e+25 294324471300823186458762280960 0 0 251 
nomask -2.827967e-30 242177089740069206498670983249920 1426156893183197298344154649067520 205 0 
nomask 1.4502258e+30 0 1148644002460390056947250888704 205 251 
nomask 1.1501806e+24 295257847915703129269720716410880 0 0 251 
nomask -1.896827e-28 3752542643474914480978258821120 89766018710925622359525800542208 205 0 
nomask 2.2569777e+31 0 4823618771340841492570298835271680 205 251 
nomask 1.2060523e+30 1164980942947600539085395355238400 0 0 251 
nomask -4.7815875e-29 63551461727023992296406244172759040 364045427993750902141610037870592 205 0 
nomask 3.5858113e+32 0 77493628843834505423763815767474176 205 251 
nomask 1.9217613e+31 18289262015108173198661421510741196800 0 0 251 
nomask -3.0502658e-30 16211686778551439930405597216768000 22391282411886367025204665183121702912 205 0 
nomask 5.616398e+33 0 77227335900029709582570948132864 205 251 
