nomask 0.99609375 61 61 273 321 
nomask 1.18131274e+30 37227335128125867404196166238208 0 0 432 
nomask -3.0724929e-27 7625689655801292620675275554816 10081331542569044803005186048 408 0 
nomask 2.2195526e+28 0 31897533137974202681835122589696 408 432 
nomask 1.1813517e+30 148405777670724253915753218048 0 0 432 
nomask -1.20023104e-29 1952209475770902295703814490030080 155554670343233289351676947333120 408 0 
nomask 2.2353296e+28 0 128122858105799648123123807551488 408 432 
nomask 2.9409996e+29 2286080243302093205343622246957056 0 0 432 
nomask -4.8207227e-29 30124960502084474796586743889920 39008070148563222930712591450767360 408 0 
nomask 3.5764317e+29 0 8074264225694531182951321829376 408 432 
nomask 1.8900697e+31 37232290666176195221011933691904 0 0 432 
nomask -1.9126043e-28 1867118537863900969061666783232 2471761703516628569466527400591360 408 0 
nomask 9.028406e+31 0 7974250680442711690821180063744 408 432 
nomask 1.9296839e+31 9434588208055596472236710559744 0 0 432 
nomask -1.9284121e-28 30125449890367827543659529633792 2488741289095466845317043788447744 408 0 
nomask 5.7219813e+30 0 30629714828803292268475711488 408 432 
nomask 4.672682e+27 587603440680061581828112068378624 0 0 432 
nomask -4.6827497e-29 7468474151455603876246667132928 622252366881970899434031802220544 408 0 
nomask 9.126047e+28 0 8302007305036738703602596748197888 408 432 
nomask 1.1681515e+27 2350730670534600106204305750491136 0 0 432 
nomask -4.64346e-29 470709943801393007311762489344 158171912833252316140919586816 408 0 
nomask 9.125322e+28 0 129190316634928793006435041542144 408 432 
nomask 3.015129e+29 587650976852214648661890689925120 0 0 432 
nomask -7.555754e-28 7499793074864654678089707552768 39284910324757218663591837696 408 0 
nomask 3.585019e+32 0 2084091500499820374488321605238784 408 432 
nomask 1.1360872e+24 147922949526523132729356290359296 0 0 432 
nomask -1.1163766e-29 28928065886548782660823547904 39689812299481742915820387827712 408 0 
nomask 1.464593e+27 0 32030696165889026633600361037824 408 432 
nomask 5.4958026e+33 2350731163776334508973009030610944 0 0 432 
nomask -4.674124e-26 1960227613405353703744336117628928 156645255018828752283785723117568 408 0 
nomask 2.3332286e+25 0 128118671897917777565949093740544 408 432 
nomask 1.8844847e+28 9398432578898227212022972416 0 0 432 
nomask 7.347632e+34 486031989143395032971230341758976 157693879692614120859184209592320 408 0 
nomask 5.7823725e+27 0 514613815338559117783834344554496 408 432 
nomask 4.506716e+24 589677176807674866036771913728 0 0 432 
nomask -1.8336568e-28 122013076821877193394966428123136 39689804139232460517073458561024 408 0 
nomask 2.2726998e+31 0 32031226582092382552150763372544 408 432 
nomask 2.7276693e+20 148933093184775802947151998222336 0 0 432 
nomask -1.1937156e-26 490056780040904825243908209377280 2497522325261899435719580975104 408 0 
nomask 3.6251753e+29 0 129725106731900077285191463206912 408 432 
nomask 7.47629e+28 147942740851116043823575405166592 0 0 432 
nomask -2.958898e-27 30377001248187714571517143547904 9721379432396329105401134972928 408 0 
nomask 3.575561e+29 0 449504410538138306347008 408 432 
nomask 7.383447e+28 37232282959274095177750944940032 0 0 432 
nomask -1.8967041e-28 488044477074975129626701140590592 622252366881970899434031802220544 408 0 
nomask 3.6009004e+29 0 128120728280736942050175268945920 408 432 
nomask 2.9656613e+29 595684774911733344608741461327872 0 0 432 
nomask -3.0852623e-27 1874979096324563842566381895680 2514037904786104274621892132864 408 0 
nomask 3.5265258e+29 0 8007808175569836087802740080640 408 432 
nomask 1.1863035e+30 2358709429752771343202805350400 0 0 432 
nomask -3.0006257e-30 122518148651003528503864282054656 39420315986805883099107890823168 408 0 
nomask 8.94132e+28 0 7940959413448425552958187372544 408 432 
nomask 2.953379e+29 579553858885041997282756333142016 0 0 432 
nomask -1.1953007e-29 7139774016735329005653196800 157723191308036497158154135535616 408 0 
nomask 5.682678e+30 0 7940956353354944653428088897536 408 432 
nomask 1.9059154e+31 147934818155757199351278968242176 0 0 432 
nomask -7.6187405e-28 30250725584004030751031691313152 2497391506265590980807871168512 408 0 
nomask 9.028157e+31 0 8107818150712594530481100292096 408 432 
nomask 4.82421e+30 37590825174762228478226989056 0 0 432 
nomask -1.9363007e-28 30125449890367827543659529633792 155529520454944936413640947400704 408 0 
nomask 3.6257563e+29 0 492156332703838116132679581696 408 432 
nomask 7.2107492e+25 9307573644633071004103961739264 0 0 432 
nomask -7.4923995e-28 29999178079635193744804571774976 2489076055162027971511070025056256 408 0 
nomask 9.125561e+28 0 8336099651462704002853515156258816 408 432 
nomask 2.9083367e+26 591802469220249152145223638319104 0 0 432 
nomask -1.1809454e-23 29999174226184143723174077399040 156086953203612556615439351808 408 0 
nomask 3.6243997e+29 0 514622171433824294100689913643008 408 432 
nomask 2.9083828e+26 37234263633113806295825054171136 0 0 432 
nomask -1.926258e-25 7657384772369101784195329425408 155554719304728983744158522933248 408 0 
nomask 2.2878014e+31 0 8040968878575603845714864504832 408 432 
nomask 2.7277126e+20 2318152547219031636121357117292544 0 0 432 
nomask -2.8454005e-27 121002925456722423133909731508224 155571480456755030770351236710400 408 0 
nomask 5.818777e+27 0 2075501695695196157520698318782464 408 432 
nomask 1.3941538e+33 9339539146300707035370914486157312 0 0 432 
nomask -7.252039e-25 7905182811064501993626963762216960 9751752231116136384617983544131584 408 0 
nomask 2.311552e+28 0 514613880620553376973809778688000 408 432 
nomask 1.8177384e+25 579585672976910975864117900869632 0 0 432 
nomask 4.5721455e+33 486024066448036188498933904834560 620235110928068776749617381376 408 0 
nomask 5.8733753e+24 0 33344398605850816011414060625035264 408 432 
nomask 1.6689034e+19 587698697990018116533933041516544 0 0 432 
nomask -1.17356e-26 494081632593631417862673987010560 157689717965480097498250283581440 408 0 
nomask 3.5853154e+32 0 8140982933843003487766689349632 408 432 
nomask 2.7506829e+20 147926926288006755052026486325248 0 0 432 
nomask -7.575031e-25 30124469187075597038698710958080 2437535398438443412386018150580224 408 0 
nomask 9.124349e+28 0 128655526537957508727678619877376 408 432 
nomask 1.8690724e+28 147359811492421616478671751333543936 0 0 432 
nomask -1.1936959e-26 507992487550066146567327778785460224 38733192216767615399590218499620864 408 0 
nomask 5.702719e+27 0 8267916003122681551391285286273024 408 432 
nomask 1.8381847e+28 2343172315119084129049481576448 0 0 432 
nomask -1.8967041e-28 31620733217224945585582668169347072 9750408988802259291683450813153280 408 0 
nomask 1.4304953e+30 0 516753041008438514088835465347072 408 432 
nomask 2.9409994e+29 36834890239943494101697470683676672 0 0 432 
nomask -3.0599208e-27 123019313080765141679440838787072 39004865586029027813198480705323008 408 0 
nomask 8.940108e+28 0 33481304870675464786775704571215872 408 432 
nomask 2.9657585e+29 145918445945518680892269838467072 0 0 432 
nomask -1.1903704e-29 31491926097736068955333284562206720 9923499626840903368248775409664 408 0 
nomask 8.941077e+28 0 33344406961946081187730916194123776 408 432 
nomask 1.186284e+30 36838938768099472027213993907060736 0 0 432 
nomask -1.2002504e-29 7873109767284961958696173971701760 9819401089359187551801456992452608 408 0 
nomask 5.643064e+30 0 518883845301058474887005582917632 408 432 
