nomask 0.99609375 68 26 140 119 
nomask 0.99609375 178 44 249 122 
nomask 0.00390625 32 40 134 159 
nomask 8.921083e+34 0 3279005987905388602869304786944 290 174 
nomask 7.8450054e+31 419133330233273974414649589760 0 0 174 
nomask -2.9427579e-33 1393299126587201760506344269414400 981676969548103320458388289093632 290 0 
nomask 5.656649e+33 0 802976094619142255011474440192 290 174 
nomask 7.8450054e+31 1628755178100394489082115572807761920 0 0 174 
nomask -4.746931e-32 333182017493909478328510709760 15821874460532043460158662752862208 290 0 
nomask 8.921844e+34 0 52678655960951422031835728707584 290 174 
nomask 1.9612518e+31 6591729686665565921173334654976000 0 0 174 
nomask -7.563915e-31 1461868775415091704500779924712325120 3955145092076572154896964219043840 290 0 
nomask 1.4142407e+33 0 54602102789376700298315677336338432 290 174 
nomask 1.2501503e+33 106185718606406151700941373440 0 0 174 
nomask -4.746781e-32 5442659963752188881248127549440 63074657481959899743686466994176 290 0 
nomask 2.2629125e+34 0 203258361948123051744905134080 290 174 
nomask 1.9454679e+31 6545233940251375829555048737669120 0 0 174 
nomask -1.8987424e-31 1338293576624796260364776898560 1002598688139386877541020359196672 290 0 
nomask 2.246623e+34 0 217526072489356244615779045802508288 290 174 
nomask 3.1506297e+32 1671043039480556579179126356705280 0 0 174 
nomask -1.18062485e-29 21591490507286343659789913948160 251486623029844040402318917632 290 0 
nomask 5.656011e+33 0 3385166883152127155464187167113216 290 174 
nomask 1.9533592e+31 407211905318207031213535916227297280 0 0 174 
nomask -2.9305802e-33 89902090246623981637555584059310080 15600869087309178424834949117902848 290 0 
nomask -4.7548506e-38 0 764499884486333528839028736 290 174 
nomask 1.1729691e+27 6614622841014352147415323115520 0 0 174 
nomask -4.8440515e-32 348319106495655986701754056048640 63081421648594234771661918306304 290 0 
nomask -2.9910577e-36 0 208133249573669351095529575022592 290 174 
nomask 3.23902e+32 1670952762944976856745505173012480 0 0 174 
nomask -7.5646343e-31 90268244863165582063473891821486080 63093227715917136336524805144576 290 0 
nomask 3.5421664e+35 0 3343918324515469451106179044343808 290 174 
nomask 7.876697e+31 6616382630884193520704206929920 0 0 174 
nomask -2.8855877e-36 5596081871059632445130192642375680 63088159521091993181452819759104 290 0 
nomask 5.657286e+33 0 14033943690409949733706172596400160768 290 174 
nomask 3.1506292e+32 410187363836756652506896424375418880 0 0 174 
nomask -2.9668318e-33 20473971011432170689480622080 1002571657766986114047303103807488 290 0 
nomask 8.922098e+34 0 199905782501000981403710521344 290 174 
nomask 3.052125e+29 1659284652191980615290889930014720 0 0 174 
nomask -4.5926317e-32 345458370171461369768190735810560 248919701907061279169166195032064 290 0 
nomask 9.028413e+31 0 208139980872632965350774339010560 290 174 
nomask 7.8765705e+31 414877476323830077767966764564480 0 0 174 
nomask -1.1674172e-32 345464023410825342677868955566080 981865971801816051968932677943296 290 0 
nomask 8.919816e+34 0 792905543021768492743661715456 290 174 
nomask 7.6612567e+28 26285322562919897329246677237760 0 0 174 
nomask -1.1868639e-32 22383976895750841538060105778462720 15599142509125011368364667154989056 290 0 
nomask -1.1980397e-38 0 216640408559517662596204468849606656 290 174 
nomask 7.4815825e+25 1659464854674652371915671632609280 0 0 174 
nomask -1.1481954e-32 1332683561671536866907903754240 4008360894571167684935811072 290 0 
nomask 1.4243032e+33 0 832532840529857944673011000934400 290 174 
nomask 7.8765705e+31 26288844881632140140218668810240 0 0 174 
nomask -2.9065999e-33 346894336793471449856766136811520 3942798384437984599387001585664 290 0 
nomask 2.2461167e+34 0 51389635216788796693374906138624 290 174 
nomask 3.1506294e+32 1636398411009935991579922703319040 0 0 174 
nomask -1.18673274e-32 81895884045728682757922488320 252366100682295201236300807012352 290 0 
nomask 3.5427764e+35 0 3211850968511647764358530859008 290 174 
nomask 1.9612518e+31 6499642712135421403485277981245440 0 0 174 
nomask -7.59473e-31 89531588332835047005125032888238080 61802501139644102893341310451712 290 0 
nomask 5.6569626e+33 0 217519220027011285303939876062756864 290 174 
nomask 1.2501504e+33 6592781177161463485840752640 0 0 174 
nomask -4.76604e-32 1376089351256439392536615840645120 3888629587168963071600356229120 290 0 
nomask 2.24675e+34 0 822193828263112214798899014008832 290 174 
nomask 1.9533597e+31 104420458409212082302706107023360 0 0 174 
nomask -4.746931e-32 341155926338770777775758628618240 62657349813886536691241787064320 290 0 
nomask 2.2466866e+34 0 13375241653515836040307145686646784 290 174 
nomask 3.15063e+32 1659419628759740588638245874565120 0 0 174 
nomask -2.9392843e-30 5353173964127615033409829601280 3969830400222284131740791341056 290 0 
nomask 2.2461788e+34 0 208994855841011975766859365482496 290 174 
nomask 1.961282e+31 102992916866796760290763556782080 0 0 174 
nomask -7.3266846e-34 1398998293043061829946911112560640 981865866625269745496194478505984 290 0 
nomask -4.754851e-38 0 204690190153780659537832795176960 290 174 
nomask 7.3310557e+25 6482104501127036593875368017920 0 0 174 
nomask -4.805608e-32 88433040341973200549179550051860480 247196410489966299971952964534272 290 0 
nomask -1.8841549e-34 0 13320098852405908061342039097212928 290 174 
nomask 2.0363183e+31 104428905400587320894492749332480 0 0 174 
nomask -1.1905816e-29 22292070824880344153481752136908800 61804190537919150611698638913536 290 0 
nomask 2.2169455e+37 0 13485311012756485890287620822401024 290 174 
nomask 1.9612515e+31 1636398586304179835701153035714560 0 0 174 
nomask -2.897434e-36 346894292969910488826458553712640 999320575125010383932277915648 290 0 
nomask 2.2465616e+34 0 13375239129278724684961428900151296 290 174 
nomask 3.0521238e+29 103716531505385292729575685488640 0 0 174 
nomask -1.1722883e-32 5527153720260710159666270070374400 62653984164404729563619405070336 290 0 
nomask 8.921591e+34 0 3184980004313880018385108992000 290 174 
nomask 7.6611395e+28 411960273341337173283082621419520 0 0 174 
nomask -2.9765979e-30 341156013985892699836373794816000 61366629811147647402604429836288 290 0 
nomask 5.583578e+36 0 51603340811815260988303887826944 290 174 
nomask 1.2307337e+30 1625090529928039419253640533114880 0 0 174 
nomask -7.1256924e-37 1450151199431190553540904565017149440 15711587175487446598664638382997504 290 0 
nomask -2.9792122e-36 0 866575473788739841293601110157688832 290 174 
nomask 1.1454774e+24 104440168055754305683541605744640 0 0 174 
nomask -1.9145994e-31 22292428425137786160791630223769600 988731791568156285845853746233344 290 0 
nomask -1.8840961e-34 0 51818755525719205465228610371584 290 174 
nomask 3.2310703e+29 6591186975686624521844225558446080 0 0 174 
nomask -7.3485705e-31 5353174648870755049508385587200 62228242652024416228480357761024 290 0 
nomask 2.2461157e+34 0 54160946917899349238084335092891648 290 174 
nomask 4.922934e+30 1625090529928039419253640533114880 0 0 174 
nomask -4.5038733e-35 22383968481627137020241049823477760 992562571178935500843830476800 290 0 
nomask 5.656175e+33 0 3302561434036116079827825501143040 290 174 
nomask 7.845129e+31 413070827936136878978578491354644480 0 0 174 
nomask -1.1819179e-32 22567424425464640535057721678888960 62398306711632657951311817728851968 290 0 
nomask 3.542776e+35 0 842845453483480749889834929094656 290 174 
