nomask 0.99609375 71 80 273 344 
nomask 0.00390625 3 322 7 356 
nomask 0.00390625 3 338 9 373 
nomask 9.027911e+31 0 509848646232583106816893285040128 320 428 
nomask 2.9904686e+29 459397006056690242998081945600 0 0 428 
nomask -1.185517e-29 23825484363291444964239354101760 9697598473148763385858971664384 320 0 
nomask 9.02816e+31 0 31734127772871626618464081281024 320 428 
nomask 1.2011199e+30 7250735098213523925687053844480 0 0 428 
nomask -1.1954161e-29 337376087229377376419840 39582046876311497312200478949376 320 0 
nomask 3.5861092e+32 0 123961357660715156001494401024 320 428 
nomask 1.2060524e+30 7350160935511817324731060715520 0 0 428 
nomask -1.8987124e-31 23074402021025720198171197440 155165795779300761392363799052288 320 0 
nomask 5.657122e+33 0 129575297777701388326576725164032 320 428 
nomask 3.1253758e+32 1843661779370143183319250270945280 0 0 428 
nomask -1.8986825e-31 5906850844726215623062553886720 2490824958862647840310499999744 320 0 
nomask 9.029649e+31 0 7933531437924692987563982454784 320 428 
nomask 1.9376067e+31 457696413884131530433738938777600 0 0 428 
nomask -3.013192e-30 1470572123596548848701365288960 2482785192053015717967234991128576 320 0 
nomask 3.5863077e+32 0 2064761500790748403147645499998208 320 428 
nomask 1.929684e+31 29395983333012654903455750553600 0 0 428 
nomask -1.1904473e-29 5744417192710678301565255680 2517302058245093784027136 320 0 
nomask 5.722138e+30 0 127992040318417012826043175665664 320 428 
nomask 1.9376065e+31 464034860313403815781890407792640 0 0 428 
nomask -1.1904281e-29 93455113235677163118070333440 39693253133170028000705511424 320 0 
nomask 9.028408e+31 0 2016400107618516011438229684224 320 428 
nomask 1.2060523e+30 117158358859217538343774453760 0 0 428 
nomask -2.9884922e-30 1482902789167299436711751188480 2457515524924502102922370220032 320 0 
nomask 9.028905e+31 0 31734121709353062613839626895360 320 428 
nomask 1.8690431e+28 1856188571998924401657221690163200 0 0 428 
nomask -1.1756562e-29 1543746723050933088311777280655360 9831878123507927796713569386496 320 0 
nomask 9.187945e+28 0 32394353991713270152179864305664 320 428 
nomask 4.843937e+30 29961136647504438231040 0 0 428 
nomask -2.9389966e-30 95300371894229378912176171909120 9828242033542379690249089449984 320 0 
nomask 2.2968656e+28 0 31998529521027902936005719621632 320 428 
nomask 1.8690722e+28 7419677440378447889505976320 0 0 428 
nomask -1.1410285e-29 24121421848146733594775084072960 2490305264792391277289555361792 320 0 
nomask 3.6258538e+29 0 1812888234262254917255168 320 428 
nomask 1.8102137e+25 1849628169811485419429167104000 0 0 428 
nomask -7.555754e-28 91138538648631147897322209280 9830319799236978608228792270848 320 0 
nomask 1.4501865e+30 0 495869811040420059266804613120 320 428 
nomask 3.0027987e+29 7350936914772282464832575242240 0 0 428 
nomask -7.524077e-28 24417372933417492889889029488640 2448742820202581648257140586971136 320 0 
nomask 1.4500317e+30 0 6675381717840166912 320 428 
nomask 1.8690726e+28 7348024914704285726808001740800 0 0 428 
nomask -1.8889078e-28 23825485874448719482525822484480 620696362690785278874469594562560 320 0 
nomask 1.4403605e+30 0 7900675757292420262905855868928 320 428 
nomask 7.210633e+25 117931976936441243622682132480 0 0 428 
nomask -3.0349235e-27 5624001643550961513099427840 156208817988606580872509403430912 320 0 
nomask 9.091045e+31 0 491730417453233714781858299904 320 428 
nomask 3.002848e+29 7349965240644767206633405153280 0 0 428 
nomask -1.18549775e-29 369196335294515110227256279040 9921786547742618465991655424 320 0 
nomask 9.02816e+31 0 466104770412878371592601600 320 428 
nomask 1.2011199e+30 7272637763393359185174625999912960 0 0 428 
nomask -1.2052961e-29 81650838487831674880 624802480446032186480988296052736 320 0 
nomask 3.5861092e+32 0 7440168089460131982475264 320 428 
nomask 4.8439397e+30 1843561970454475799534586529054720 0 0 428 
nomask -1.2151568e-29 5907046917382584370731826544640 156242046070337326214519436869632 320 0 
nomask 1.4243421e+33 0 489668915883949705039624273920 320 428 
nomask 7.7818715e+31 465514029032945780532738785280 0 0 428 
nomask -7.563795e-31 1476761351556327463111339540480 9923308348788467282871320576 320 0 
nomask 2.289041e+31 0 31866067915651512578383361867776 320 428 
nomask 2.9905172e+29 29479963065124118952148992000 0 0 428 
nomask -1.2052768e-29 22495627309145690584016486400 2474136892541472946181935988736 320 0 
nomask 9.0286555e+31 0 8191359155634986875299922584797184 320 428 
nomask 4.80448e+30 1868766623082457280272200651243520 0 0 428 
nomask -3.0222034e-27 5792682729644657869177487360 2474008800711808348490337091584 320 0 
nomask 1.4402441e+30 0 127464255493223212967868235776000 320 428 
nomask 3.0028476e+29 116816470953984664574844280504320 0 0 428 
nomask -7.587063e-28 5931707492945448287609364152320 39436552337817470243937714176 320 0 
nomask 3.6254658e+29 0 1966922175106148526179471065088 320 428 
nomask 1.7876053e+25 465562527736724851789083443200 0 0 428 
nomask -7.587431e-28 95300396072745771204759666032640 620679611210165788765310278434816 320 0 
nomask 3.585712e+32 0 121899816615398828520819916800 320 428 
nomask 2.9083377e+26 1849773052015179860144323297280 0 0 428 
nomask -4.613068e-26 1518418856703416484568677105008640 153071310942848027994832085450752 320 0 
nomask 1.4546183e+27 0 520429114230965917539496399732736 320 428 
nomask 4.6533367e+27 7272836607512169399381281671741440 0 0 428 
nomask -2.8218719e-33 23627412445848509601969025843200 9765647320819732617902390509568 320 0 
nomask 9.213921e+25 0 32900015560090739761644523931828224 320 428 
nomask 1.12195634e+24 7371886353702044131561308160 0 0 428 
nomask -4.4455543e-29 382779933662555552376951553392640 39054274178154825463274447831040 320 0 
nomask 5.819685e+27 0 1966890341633687501901085540352 320 428 
nomask 7.4816923e+25 116011761571416382810992861511680 0 0 428 
nomask -7.4457835e-25 5599823865028431877987368960 154114365490919522166308113219584 320 0 
nomask 2.3119148e+28 0 7834313073075457983512794103808 320 428 
nomask 4.6726798e+27 457795787586503852951899786444800 0 0 428 
nomask -1.8137617e-31 100013590483779033011492337263575040 9661190205286260317087934638456832 320 0 
nomask 9.124842e+28 0 33035662453039173028585259562696704 320 428 
nomask 7.2107483e+25 462528312824151447346379489280 0 0 428 
nomask -1.8730999e-28 6124282415619652283912584618311680 612202068466076805877479382188032 320 0 
nomask 5.721673e+30 0 31602193693610304663169255079936 320 428 
nomask 4.5066454e+24 7222326332771752224077381967544320 0 0 428 
nomask -7.5871856e-28 23726842061039989296729203671040 9729011582079473770313155356917760 320 0 
nomask 5.721517e+30 0 33171288649177574493074524223832064 320 428 
nomask 3.0028478e+29 457783311472045429978816818708480 0 0 428 
nomask -4.7221927e-29 1531094685707239794391306301603840 39180873971701941912777785344 320 0 
nomask 3.6111647e+32 0 8123540883363278192442422511796224 320 428 
nomask 4.8242097e+30 28893288403163409607344015802368000 0 0 428 
nomask -1.2052768e-29 6200242416430203217580394880696320 38642645607159791057811405447102464 320 0 
nomask 3.5862082e+32 0 2064761759500873800678288887119872 320 428 
