nomask 0.97265625 182 60 335 214 
nomask 4.824132e+30 3817094803823860581342487372627968 0 0 382 
nomask -4.7617125e-29 49396831119295728053258867965952 555779811784186719971770892288 658 0 
nomask 2.2729474e+31 0 458835089326599808410760232566784 658 382 
nomask 4.8242868e+30 238581177668557354975669172305920 0 0 382 
nomask -1.2003465e-29 3187362828611969626194727730675712 34488514589274363900256576365133824 658 0 
nomask 9.09179e+31 0 1762855789541921059407071805440 658 382 
nomask 4.8242094e+30 58984967001837418363726211040935936 0 0 382 
nomask -3.0008182e-30 45366698161394563122462720 139434942018308110707731843776512 658 0 
nomask 3.5862086e+32 0 27890059370273289316931207168 658 382 
nomask 4.82421e+30 14956402585181355113623515511652352 0 0 382 
nomask -3.025614e-30 196772822077676046556682860363776 138511293829018590718984779202560 658 0 
nomask 5.656804e+33 0 28323906886702508485743657091072 658 382 
nomask 3.1253756e+32 242510178223716225114192216064 0 0 382 
nomask -4.727522e-32 790336769206000072642689820000256 2200514270253537699696872723054592 658 0 
nomask 2.262849e+34 0 28323454096759397978421277491200 658 382 
nomask 1.2109849e+30 943837772046368503943351814986924032 0 0 382 
nomask -1.8910387e-31 12146168686058471801987992125440 8743901390140875962534664872132608 658 0 
nomask 2.2465596e+34 0 29606151996738263250486248702214144 658 382 
nomask 1.9612517e+31 954197534398089055046413242597376 0 0 382 
nomask -4.643537e-29 47644032553062078666904698880 139861356496246431864531714048 658 0 
nomask 1.4341664e+33 0 29606150149499610879332869751177216 658 382 
nomask 1.2208686e+30 240937900023892943481352486912 0 0 382 
nomask -7.4097206e-31 12146163248253466777591528554496 555692771486357708106014654464 658 0 
nomask -1.1868536e-35 0 6771152676876001823795707904 658 382 
nomask 1.7751089e+22 3790415030791117706617559346839552 0 0 382 
nomask -7.596528e-31 48990372285414455922852968267776 137950289990246618448133245345202176 658 0 
nomask -4.754562e-38 0 1850414171066995164806539944919040 658 382 
nomask 8.015773e+28 3791437213839376464023648659832832 0 0 382 
nomask -4.861701e-29 50996169764914300007265900790022144 138515017169427276325014227386368 658 0 
nomask -7.505766e-37 0 1792353769025473136414416699392 658 382 
nomask 3.064504e+29 240925470755310030575150039040 0 0 382 
nomask -1.0698303e-38 12749247673311416059723690016768000 34727787411915999397432104178417664 658 0 
nomask 3.586016e+32 0 1755495810782879523675593244672 658 382 
nomask 7.537826e+28 238517241510966850986163780452352 0 0 382 
nomask -7.4097206e-31 11663399113571751832611454976 8742239798973068110070298414415872 658 0 
nomask 3.5862094e+32 0 7169296015798126436162539094016 658 382 
nomask 1.8921636e+28 3748555987449745495407440457040396288 0 0 382 
nomask -3.0008661e-30 800086188048288292964640311214080 8683609367766133887399081977839616 658 0 
nomask 1.4243422e+33 0 1842877552817736632217505898692608 658 382 
nomask 3.1253754e+32 238600318742175040851220942028800 0 0 382 
nomask -3.013192e-30 49600497114295338934292178796544 544068352959794884302157371850883072 658 0 
nomask 9.028904e+31 0 440713891012230375595378212864 658 382 
nomask 4.8242094e+30 235926707698905787943211193117704192 0 0 382 
nomask -1.20032726e-29 755966030838181294539085447168 8743664943593372454902159139405824 658 0 
nomask 9.028904e+31 0 460719157299602611660204105793536 658 382 
nomask 4.8439394e+30 954222591803552207465317377507328 0 0 382 
nomask -1.9047157e-28 12399718773686317200008189837312 139864978477551816587572412416 658 0 
nomask 9.028158e+31 0 1873024141267186535770728268038144 658 382 
nomask 4.8242094e+30 59413485227024032822582778007650304 0 0 382 
nomask -1.205296e-29 3174380507294191427317895738163200 136977977453184538155588577547780096 658 0 
nomask 2.2729476e+31 0 1755495585289879966650034290688 658 382 
nomask 1.2011199e+30 234297731338058574335235361318371328 0 0 382 
nomask -3.0008182e-30 12196877771388897163124066484224 8743429420665195132846342882197504 658 0 
nomask 1.4243422e+33 0 28912710599257820712875356848128 658 382 
nomask 4.82421e+30 3791028738356667614274211412967424 0 0 382 
nomask -3.025566e-30 796827581845368850519732147716096 35198047899604458342973440000 658 0 
nomask 5.656804e+33 0 1777604722910447208654354513920 658 382 
nomask 3.1253756e+32 3829253344293134770078486626304 0 0 382 
nomask -1.8909787e-31 3252323356802002965777700528062464 34724942664391347821228519581548544 658 0 
nomask 1.4243822e+33 0 28676738489025381062145663303680 658 382 
nomask 4.863669e+30 14954768683250519714625766524190720 0 0 382 
nomask -1.883305e-31 48583876163727435053728461225984 8804194336134944223246937241944064 658 0 
nomask 5.657123e+33 0 119389332067631192596408931746578432 658 382 
nomask 1.21593676e+30 15164935881758034688725704928919552 0 0 382 
nomask -1.8138816e-31 49801736294604136070389461680128 550203092097766023643350236659712 658 0 
nomask 5.7216754e+30 0 28677196690800480938081457799168 658 382 
nomask 4.9032033e+30 60455073694584697495912974385152 0 0 382 
nomask -1.18060574e-29 12298501801810652380405193244672 34727791106393304139738862080491520 658 0 
nomask 8.800281e+37 0 28676729469305398781123305144320 658 382 
nomask 7.4213686e+25 15059445000231352311565293914685440 0 0 382 
nomask -4.6896776e-32 198395574954592572677568252084224 34727809578779827851272651590860800 658 0 
nomask -1.197932e-38 0 7228064452328677551388244312064 658 382 
nomask 7.5116867e+25 60244302881077721939436220301967360 0 0 382 
nomask -1.8603737e-31 51412424975414566602953383827472384 137000764989200188703671317539323904 658 0 
nomask 5.583903e+36 0 28913181428640895782242452766720 658 382 
nomask 1.2258012e+30 943785741736002349231742873520570368 0 0 382 
nomask -2.9428982e-33 197587386623525826777566484103168 2185916235898343113725539784851456 658 0 
nomask 9.027423e+31 0 118906973721769427541483721179791360 658 382 
nomask 3.0274614e+29 954324810108378083205926308806656 0 0 382 
nomask -1.8524003e-31 12801172185743393016675036246835200 139434898723652195758824524611584 658 0 
nomask 1.4344838e+33 0 444393993138250921973896970240 658 382 
nomask 7.5378277e+28 954222890105998197375066236256256 0 0 382 
nomask -3.01324e-30 3074625256245341487087138897920 8681711330050822527302209787396096 658 0 
nomask 5.6975274e+33 0 28559429814879830541559914299392 658 382 
nomask 3.1127488e+32 3749078123323635204529026859857346560 0 0 382 
nomask -7.563915e-31 12801380599718991300286238892752896 34491359336799015476460160962002944 658 0 
nomask 9.029152e+31 0 7431686319420252314131077311496192 658 382 
nomask 4.8242094e+30 15061075720269430484859055075491840 0 0 382 
nomask -1.2003465e-29 204818869520033548392144141708951552 544083544650471984667545865178578944 658 0 
nomask 3.6115616e+32 0 7401658531506633030379538730713088 658 382 
nomask 4.8439394e+30 59406924164158633420959879444561920 0 0 382 
nomask -4.7617893e-29 49194010314559755249847323590656 137957856279766730692373428792459264 658 0 
nomask 3.5860098e+32 0 458827700371990323797244428419072 658 382 
nomask 4.8242097e+30 947782639731224709200455466483712 0 0 382 
nomask -3.0132882e-30 12697113155957462206309147227455488 139449691064423136635491905961984 658 0 
nomask 2.2729476e+31 0 29606161232931525106253143457398784 658 382 
nomask 4.824209e+30 3713340042532839478920434277154816 0 0 382 
nomask -3.0008182e-30 203984742697512344543143359693193216 34248281202533495403323994012647424 658 0 
nomask 1.4243422e+33 0 7310862595455623006708992625868800 658 382 
