nomask 0.99609375 84 129 260 376 
nomask 3.0027995e+29 7272240075155738756761314656256000 0 0 428 
nomask -4.815252e-26 1482927156578351044081053859840 39327504409340292514021671698432 320 0 
nomask 1.440205e+30 0 2039394843640457824798216527282176 320 428 
nomask 4.595538e+27 29202567291132510381794509455360 0 0 428 
nomask -7.5553856e-28 6005694886473819481816233410560 155153296846367493193155158736896 320 0 
nomask 1.4501862e+30 0 1983382985804476663654005080064 320 428 
nomask 4.6148048e+27 114430293171229309509809230315520 0 0 428 
nomask -7.6504173e-28 86366819885017280702054400 9764086975375928761209461932032 320 0 
nomask 5.721827e+30 0 7933270706626440788712443871232 320 428 
nomask 1.8613361e+28 460865782169866026863315638026240 0 0 428 
nomask -7.563795e-31 23923742831595172986986535321600 2474396865899904644455417774080 320 0 
nomask 1.4244216e+33 0 8258911473897786896656020696727552 320 428 
nomask 3.1126993e+32 7400647944474836016496493199360 0 0 428 
nomask -7.59473e-31 381195322055237481039913686138880 39057394869042433176660304986112 320 0 
nomask 3.5863077e+32 0 7933402588155207889294326759424 320 428 
nomask 7.7503035e+31 115996263142408923264973128335360 0 0 428 
nomask -3.025566e-30 91910751821826199456778813440 2465764652903112176938796256854016 320 0 
nomask 1.4243819e+33 0 2073205669928661104582479457550336 320 428 
nomask 7.750304e+31 7300445372337440218207737610240 0 0 428 
nomask -7.5020454e-31 5857431090588325471115416698880 2448741708304864973909131264 320 0 
nomask 9.029153e+31 0 32129944158865575161805620117504 320 428 
nomask 1.9375758e+31 29202576358076157491513319751680 0 0 428 
nomask -7.5020454e-31 387508792077076528149315725557760 156233751176941767888265837281280 320 0 
nomask 9.028905e+31 0 516198653921699821767499762892800 320 428 
nomask 4.8242094e+30 460890540970651734468813620510720 0 0 428 
nomask -2.9884924e-30 5980936463477430505889868021760 154110339314593023095670401138688 320 0 
nomask 3.6115616e+32 0 1983382354187959579838957748224 320 428 
nomask 4.8439394e+30 7323146490708727253753182080204800 0 0 428 
nomask -1.1904473e-29 385930491062536845176569824542720 155190712798253111062455021207552 320 0 
nomask 5.761597e+30 0 33170767089564773071297455786557440 320 428 
nomask 1.9375754e+31 464701720786407218216960 0 0 428 
nomask -1.1904474e-29 5981031288596406528365759037440 618469292957412020358618284032 320 0 
nomask 1.4403993e+30 0 8032617921245160891033287917568 320 428 
nomask 1.2011391e+30 29202576358076157491513319751680 0 0 428 
nomask -2.9513707e-30 389099593384591026387728088432640 2448610101908252715037082993557504 320 0 
nomask 5.761907e+30 0 30862012703121900765053976576 320 428 
nomask 7.4452226e+28 115219552481822916312807904378880 0 0 428 
nomask -7.5871856e-28 91910722307035681521496227840 622690007171172906030908571648 320 0 
nomask 2.272823e+31 0 2008186187460447830273698037760 320 428 
nomask 4.824209e+30 460965059158172780211142509199360 0 0 428 
nomask -7.618863e-28 6200142994370798110477067044782080 38259508588242192653956604231680 320 0 
nomask 3.6254658e+29 0 26100589547113938944 320 428 
nomask 1.8536287e+28 7320875203380133634286551040 0 0 428 
nomask -1.8967964e-28 96484188324570612238923700633600 9727154043379119500293635823370240 320 0 
nomask 1.4403605e+30 0 128519817058919394011385509707776 320 428 
nomask 1.8613359e+28 29396760067851757302700499271680 0 0 428 
nomask -4.8557988e-26 1418066057251472321795850240 2465564669976179885751458011807744 320 0 
nomask 5.721361e+30 0 1983382227864656163075948281856 320 428 
nomask 1.8536291e+28 1849919445376148819145947873280 0 0 428 
nomask -1.8888464e-28 5981128002661975698699735531520 622576379359749527703893573632 320 0 
nomask 2.2728233e+31 0 1896631770747990039649583104 320 428 
nomask 1.8536292e+28 113631785578115650793624054005760 0 0 428 
nomask -1.9126043e-28 313661222483100958720 2457774235049899633565757341696 320 0 
nomask 2.2571015e+31 0 487574601836603191105681358848 320 428 
nomask 1.19616825e+30 7323343013689963807871822316175360 0 0 428 
nomask -7.563795e-31 23726453693620438097106829312000 2466029572071519248317624669437952 320 0 
nomask 1.4244215e+33 0 7900674746705992928801780137984 320 428 
nomask 1.2450797e+33 7322944551739818826095839160565760 0 0 428 
nomask -7.625544e-31 5931610401090560487703770562560 39697299426482596190852481024 320 0 
nomask 8.966017e+31 0 127992040318417012826043175665664 320 428 
nomask 7.718612e+31 1862007570204339222178158346240 0 0 428 
nomask -7.59473e-31 5672170150611113368470159360 2465830365274963149722216585756672 320 0 
nomask 5.6571217e+33 0 33305871726090373114009652010418176 320 428 
nomask 7.718613e+31 29007597779574161061643770920960 0 0 428 
nomask -2.9884922e-30 5832672289802617865617434214400 616196068597097476095213568 320 0 
nomask 9.028905e+31 0 127994085745345937052692455096320 320 428 
nomask 7.78187e+31 464084377914975230992886372761600 0 0 428 
nomask -3.0008182e-30 5906950203317015200397850050560 9831617392209675597862030802944 320 0 
nomask 1.4243026e+33 0 127464247408531794295035629928448 320 428 
nomask 1.9454676e+31 117173446820130306860232212480 0 0 428 
nomask -1.8601039e-31 6149733302258572872320502894428160 156225407775397697525016602607616 320 0 
nomask 5.6975287e+33 0 31601670209840945597258026450944 320 428 
nomask 1.884457e+28 1843661005657618629956578458992640 0 0 428 
nomask -2.9639844e-30 24901985572926499900753348059463680 9729543490097291093315959279058944 320 0 
nomask 5.7614437e+30 0 8225135832186637681039258415005696 320 428 
nomask 7.8134346e+31 113647356542672287217394269552640 0 0 428 
nomask -4.6310008e-32 1537433035422446510569123794124800 2457968772937161448600335548416 320 0 
nomask 5.761291e+30 0 8292955656719098749080618810736640 320 428 
nomask 1.22086834e+30 1850064894263821204218529710080 0 0 428 
nomask -4.495886e-32 382779909484039160084368059269120 9830059067938726409377253687296 320 0 
nomask 5.762064e+30 0 489669073788078975993386106880 320 428 
nomask 1.9229907e+28 29004493862532300501237712814080 0 0 428 
nomask -2.9268624e-30 23726074393144534007203265249280 605243935462650028408873919216353280 320 0 
nomask 9.028162e+31 0 8292822162294393623268631055958016 320 428 
nomask 1.9533897e+31 114771389366810069040534896414556160 0 0 428 
nomask -1.8889693e-28 398425406155022071557440587452907520 612301865896948903323165964369920 320 0 
nomask 3.624886e+29 0 8191095271307081394043667720699904 320 428 
nomask 3.027509e+29 29205677252803469015346441093120 0 0 428 
nomask -1.16573786e-29 1543747109907195364993113186631680 9727682846875432052928719100051456 320 0 
nomask 5.761598e+30 0 31734649235468131016167158448128 320 428 
nomask 1.8177106e+25 1830885077595931228838283591024640 0 0 428 
nomask -7.5873084e-28 1476761918240305407468765184000 2449074745293466680072606264066048 320 0 
nomask 2.2886068e+31 0 8259044450902241227406721677262848 320 428 
nomask 2.9904684e+29 28689665835801553832827233354383360 0 0 428 
nomask -4.7024715e-29 99606332969654928608656023376363520 156254512664504919722397653794816 320 0 
nomask 9.027912e+31 0 132683084915707117727150999922016256 320 428 
nomask 2.990469e+29 115573153612653638429376063209472000 0 0 428 
nomask -4.801309e-29 6174988052772519183291116840550400 9728747697751568289056900492820480 320 0 
nomask 3.586109e+32 0 516190407536452775478241798389760 320 428 
