nomask 0.98828125 1253 570 1647 1059 
nomask 0.02734375 395 12 547 64 
nomask 0.02734375 17 202 64 311 
nomask 0.01171875 251 20 402 87 
nomask 0.00390625 261 61 371 170 
nomask -1.8908584e-31 46322172926315055981472480493568 2689846473369791045188624318464 2499 0 
nomask 1.4261714e+27 0 2098707926311983071814899204096 2499 1874 
nomask 1.8304477e+28 57002828660340364946656500645888 0 0 1874 
nomask -4.8009245e-29 7586546 43881242491355136 58 0 
nomask 3.5516733e+29 0 1532939730 2499 1874 
nomask 2.9162893e+29 14132382913936577054000428261293686784 0 0 1874 
nomask -2.9968614e-27 744224257339004688109045429567488 681683781674843851360495992832 2499 0 
nomask 3.6254654e+29 0 140105702183944767415543557783552 2499 1874 
nomask 1.1961873e+30 228078085796112090841721113411584 0 0 1874 
nomask -7.618617e-28 194468919414727899426779216776003584 169183030593610071174053846979706880 2499 0 
nomask 5.74201e+27 0 138368087234289067742821890392064 2499 1874 
nomask 1.13923166e+27 902800825086048800495426863104 0 0 1874 
nomask -1.1987053e-26 693632086104360383652223254528 171003853039631128055792395091968 2499 0 
nomask 2.2968641e+28 0 8892094869460534998136849386438656 2499 1874 
nomask 4.6147287e+27 14709052686532318593024 0 0 1874 
nomask -2.9968125e-27 136056395664 2788095582208 2499 0 
nomask 9.125801e+28 0 2278624847036256936519348128841728 2499 1874 
nomask 2.9781372e+29 57568349844211814484487962624 0 0 1874 
nomask -7.555386e-28 46708886247280667336087483449344 169839372168848811108065116946432 2499 0 
nomask 1.4403602e+30 0 133998924413649789335547936768 2499 1874 
nomask 1.2011198e+30 56794743449077521518889864555134976 0 0 1874 
nomask -1.1904281e-29 45936247335038310767353695043584 42595038294301517080339665825824768 2499 0 
nomask 2.2730714e+31 0 2143946838652066732401049468928 2499 1874 
nomask 3.0028e+29 57392551285735352568335705309184 0 0 1874 
nomask -1.20034645e-29 2952148887367031234219975324467200 10616951946380552680158424727552 2499 0 
nomask 3.611363e+32 0 2153009499703072298801842618368 2499 1874 
nomask 1.9454985e+31 930035807688723479396352 0 0 1874 
nomask -1.8677777e-31 48419202422291349673548846773305344 685859740840854960687684780032 2499 0 
nomask 9.028658e+31 0 2143947806589621768088641863680 2499 1874 
nomask 1.8767799e+28 14349278111788694933476390993920 0 0 1874 
nomask -3.000914e-30 2895183934638322567818975903744 10794906453912531962654836662468608 2499 0 
nomask 1.4243026e+33 0 8756462025524054069493406629888 2499 1874 
nomask 4.691875e+27 56800966926661348453003501466812416 0 0 1874 
nomask -1.1905049e-29 714744191393289817074343870464 43170516207968381530452000768 2499 0 
nomask 3.585911e+32 0 8611891978518272382907717779456 2499 1874 
nomask 1.9375755e+31 902990658352595544793380028416 0 0 1874 
nomask -2.9761663e-30 3001646493078716428071647683018752 169843938621679882329072437559296 2499 0 
nomask 2.2411328e+31 0 7903035370832271398404096 2499 1874 
nomask 1.9296529e+31 14442544421860907916385289502720 0 0 1874 
nomask -7.4709898e-31 714756407472851470119258292224 169192382689008105034676839594852352 2499 0 
nomask 5.682834e+30 0 2250861804991400269338933414854656 2499 1874 
nomask 5.0003623e+33 905931107241359068711623038337024 0 0 1874 
nomask -1.9441276e-28 186056052533557331336017968365568 10834160452373606812534981001216 2499 0 
nomask 2.193656e+31 0 9040567313248773387879614049681408 2499 1874 
nomask 1.9059469e+31 3645135164086832981625274368 0 0 1874 
nomask -1.18662004e-32 46129571542238054543741876699136 172633097562348238569142747136 2499 0 
nomask 2.2510468e+28 0 2014292905981700858238205952 2499 1874 
nomask 2.9409996e+29 3574613713592624302718085633146880 0 0 1874 
nomask -1.20023104e-29 2721486283983464794272301056 42891976385297035986379974954188800 2499 0 
nomask 1.4108046e+30 0 2152972718075980942673331617792 2499 1874 
nomask 1.8900699e+31 14236136478497422210065685765026742272 0 0 1874 
nomask -7.4922767e-28 747293795061743843279504727343104 2690557769195948699042235547648 2499 0 
nomask 3.6255625e+29 0 555782974069678308800991791677440 2499 1874 
nomask 1.2011197e+30 224990492246796678068876605390848 0 0 1874 
nomask -3.0348251e-27 12105196370409478839925506079457280 10648173934849509174888442718322688 2499 0 
nomask 2.2968037e+28 0 8127831605588133535505448960 2499 1874 
nomask 1.14888425e+27 14443677336469614275750636027904 0 0 1874 
nomask -2.9968616e-27 2786612951303963128639933906944 42463254607263322846199073996800 2499 0 
nomask 2.312399e+28 0 2213816474098764566712475203928064 2499 1874 
nomask 2.8480793e+26 14300391383074979281147508192968704 0 0 1874 
nomask -7.6186173e-28 45935474356841745490911713820672 170425387560704608763539095552 2499 0 
nomask 1.44036e+30 0 565044412989414701230187910004736 2499 1874 
nomask 1.1961874e+30 226531326921800370953208213798912 0 0 1874 
nomask -1.8967657e-28 2976849635761554536402731388633088 665528924346263674769393821155328 2499 0 
nomask 9.028406e+31 0 571460369271767458568622538703765504 2499 1874 
nomask 7.750179e+31 887538805026315677594904875237376 0 0 1874 
nomask -1.883245e-31 705704707403387525639197163520 2717939981464294730847440905175040 2499 0 
nomask 3.561054e+32 0 34736995623815292080543988973568 2499 1874 
nomask 4.8242103e+30 226513011468959618143468444975104 0 0 1874 
nomask -1.8755713e-31 47826814968374098837721532912893952 42180094708020357104027108900864 2499 0 
nomask 3.5862094e+32 0 578577821347716081053296360289206272 2499 1874 
nomask 3.1380515e+32 881400390447692445963616065159168 0 0 1874 
nomask -1.8755413e-31 12006389600449356609996597334376448 170425301137708623434289774592 2499 0 
nomask 1.4243028e+33 0 578587100946250564263837004124389376 2499 1874 
nomask 3.0275101e+29 224990468644408996686389827338240 0 0 1874 
nomask -7.4406554e-31 12344441368165411367955335245404831744 168711263625848863769524055310336 2499 0 
nomask 1.4243426e+33 0 553454295518986919632421410308096 2499 1874 
nomask 1.8101849e+25 226500950648854431692724860092416 0 0 1874 
nomask -7.4717106e-31 46129592194327275753417807495168 42756658051374437693634553839616 2499 0 
nomask 3.611364e+32 0 139525700726395200063607926685696 2499 1874 
nomask 1.953359e+31 893823271179911304054376274853888 0 0 1874 
nomask -1.9047464e-28 49984419723267441114353421941263564800 10575973855334019566314278073925632 2499 0 
nomask 8.963786e+31 0 9219090332264204361112908265552871424 2499 1874 
nomask 7.781746e+31 3587887460400756999457194639360 0 0 1874 
nomask -1.8600437e-31 11907400808875435558329656247582720 41999970445115865457530439498465280 2499 0 
nomask 2.2572882e+31 0 8929503817434416930082588196864000 2499 1874 
nomask 4.8240547e+30 56406513249860403074614609714348032 0 0 1874 
nomask -3.0254215e-30 184512373770838031862029604618240 665583721780236529421481668509696 2499 0 
nomask 2.2097503e+31 0 36161687012559702393044592559652864 2499 1874 
nomask 7.718613e+31 14102406247163079135417857042546688 0 0 1874 
nomask -1.8986223e-31 193676930533390327372527690722574336 171040243066843075460408872534016 2499 0 
nomask 3.5518667e+29 0 36013804738551306014128448433291264 2499 1874 
nomask 1.9059154e+31 56408066098150736591184711351533568 0 0 1874 
nomask -3.0129997e-30 47826814968374098837721532912893952 670205255236153849807774303649792 2499 0 
nomask 5.60376e+30 0 8929213829980214329753193077014528 2499 1874 
