nomask 0.99609375 75 108 259 375 
nomask 0.00390625 312 76 319 117 
nomask -7.681602e-28 5956468560467067670537049210880 2483050628641673584407350177955840 320 0 
nomask 3.551382e+29 0 2039395102350583222328859914403840 320 428 
nomask 1.1912358e+30 116396711981027907615483494400 0 0 428 
nomask -1.1903897e-29 24121813237880833830970395197440 39051165614304345759137499447296 320 0 
nomask 1.420669e+30 0 121897827023370014503420821504 320 428 
nomask 4.7649433e+30 28804873008882983895337292267520 0 0 428 
nomask -1.215099e-29 21874675143041263180185600 39322322122140923228321323417600 320 0 
nomask 2.2572255e+31 0 8098456616399550437463083188224 320 428 
nomask 4.7648666e+30 29201031955341599802742632611840 0 0 428 
nomask -4.8207995e-29 369184316871816206980187422720 155680570693798972244956807168 320 0 
nomask 1.4206305e+30 0 33035111917892327083376131767795712 320 428 
nomask 1.9217611e+31 464134088944677784544550290718720 0 0 428 
nomask -1.20026956e-29 1524781288220949924159654744555520 157301738913348449075498298900480 320 0 
nomask 9.002976e+28 0 31733612373793686225385458499584 320 428 
nomask 2.9533788e+29 462382769489149404880893378560 0 0 428 
nomask -4.78128e-29 1405976799055326030048788480 9861196933550088077245371299921920 320 0 
nomask 1.4305342e+30 0 514070924834133505682292804157440 320 428 
nomask 1.1813322e+30 29201016843768854619877948784640 0 0 428 
nomask -1.8967349e-28 5980837482675949558126188953600 156707358084796276176651812864 320 0 
nomask 3.6009004e+29 0 7999632380256975734001429905408 320 428 
nomask 4.804479e+30 116014916867805576993138844631040 0 0 428 
nomask -4.7418375e-29 24219297993660008491045764464640 157293444019952890749244699312128 320 0 
nomask 5.721827e+30 0 7999632380256975734001429905408 320 428 
nomask 4.824209e+30 29401420476886371698168991580160 0 0 428 
nomask -2.9760703e-30 95300396072745771204759666032640 38795600433868678847634052481024 320 0 
nomask 2.2730717e+31 0 1975103503851935182487560388608 320 428 
nomask 7.4452235e+28 465359833727151154717016314945208320 0 0 428 
nomask -1.1805482e-29 1550035458450502820108264831713280 38799755965257876683593458122752 320 0 
nomask 9.126531e+28 0 127462226235677126086884168040448 320 428 
nomask 1.9296522e+31 116393677860562663868433694720 0 0 428 
nomask -7.5237084e-28 96485729704990620891121451008000 154557833193659573921139504432807936 320 0 
nomask 2.3123993e+28 0 32129952243556993834638225965056 320 428 
nomask 1.2060712e+30 465599126076967091539489587200 0 0 428 
nomask -2.8895011e-30 1501423627171125213061154078720 616357987920462738132850104598528 320 0 
nomask 2.3126418e+28 0 7618864861765843545560711168 320 428 
nomask 4.4313818e+24 116021106568002003894513340252160 0 0 428 
nomask -7.4606e-28 5906852355883490141349022269440 622738578481336651408048390144 320 0 
nomask 9.125804e+28 0 8065730290829976478126650163200 320 428 
nomask 1.20111956e+30 1831283152689813933932930840657920 0 0 428 
nomask -3.0817613e-24 1524757206418623200746494597529600 2415164833027236146051926066200576 320 0 
nomask 5.779786e+27 0 483459999197712386361342820352 320 428 
nomask 7.4761687e+28 28890106897262446180037525053112320 0 0 428 
nomask -1.8809578e-28 385936680762733272077944320163840 620712920138810720835646370349056 320 0 
nomask 3.62566e+29 0 489661020677486157351532625920 320 428 
nomask 7.1805275e+25 468560380427380159963641937920 0 0 428 
nomask -7.5870623e-28 21875041195618975854100480 39318162548406016055945614852096 320 0 
nomask 1.430418e+30 0 1966889078400653334270990876672 320 428 
nomask 2.9904684e+29 7350742731062506865021388062720 0 0 428 
nomask -1.896735e-28 389105758906271060996519089930240 9829800357813328878733866565632 320 0 
nomask 2.272823e+31 0 495845778031945020104253636608 320 428 
nomask 1.19616825e+30 113650439303512304521789770301440 0 0 428 
nomask -1.20525764e-29 1452003117454597801970782699520 616523821110842555275261249585152 320 0 
nomask 3.5862082e+32 0 31601662125149526924425420603392 320 428 
nomask 4.7846736e+30 29401411409942724588450181283840 0 0 428 
nomask -1.9283814e-28 90367866147501132559616573440 155165747271152249355368163966976 320 0 
nomask 5.682367e+30 0 30475451551856910634554753024 320 428 
nomask 1.9296839e+31 460853112627276465549564717301760 0 0 428 
nomask -3.000722e-30 5907045028435991222873741066240 39438585353481833773621313536 320 0 
nomask 1.4405152e+30 0 127464271662606050313533447471104 320 428 
nomask 7.4145163e+28 460877968142127742325396676280320 0 0 428 
nomask -4.7814337e-29 5956276265703885218583947509760 613890963349248939981678013059170304 320 0 
nomask 5.6825226e+30 0 133763938565359943510809746488688640 320 428 
nomask 4.7648657e+30 1843809365034201737248898400911360 0 0 428 
nomask -1.8888771e-28 5857528938021850530164244480000 2457839670521069516804660920320 320 0 
nomask 1.4403216e+30 0 127464271662606050313533447471104 320 428 
nomask 1.2060521e+30 29002946437483193775894088908800 0 0 428 
nomask -1.8967657e-28 22881717662608431499339366400 39522840714652696331681792 320 0 
nomask 8.964281e+31 0 126936454498646575764028084191232 320 428 
nomask 3.0027995e+29 7371887091571807079943372800 0 0 428 
nomask -1.1855361e-29 1531119734650222209507806213570560 156229547137404058015310796554240 320 0 
nomask 1.4344438e+33 0 126406688924055201061864711651328 320 428 
nomask 1.8844569e+28 7324136842740155557973101379584000 0 0 428 
nomask -4.6829032e-29 6174889791281900906231796722565120 9661458228976172158834483696500736 320 0 
nomask 2.312279e+28 0 8225136349606888476100545189249024 320 428 
nomask 1.2060515e+30 114442720928654947897725209804800 0 0 428 
nomask -1.7712518e-34 378032385254863334437546423746560 38923182327938208921154486272 320 0 
nomask 3.6258568e+29 0 8157448467238380148687312225566720 320 428 
nomask 2.908383e+26 7482263127090772951695360 0 0 428 
nomask -1.116319e-29 94509619560248548042146735718400 157709654545343655179886526464 320 0 
nomask 5.819837e+27 0 1872441104868881909202026496 320 428 
nomask 3.1137773e+29 29201784511664309909403887206400 0 0 428 
nomask -2.9717654e-27 94509698140426822993043091619840 38371360099986937244910522573258752 320 0 
nomask 3.6251756e+29 0 2056317072942710304182168155324416 320 428 
nomask 1.8690419e+28 28894872966413694894095886681374720 0 0 428 
nomask -7.429291e-28 99202287909932769767633072716513280 608079781327992552605748985593856 320 0 
nomask 1.4499155e+30 0 32629274379021722353217327561965568 320 428 
nomask 2.8963415e+26 462516129118625643661728153600 0 0 428 
nomask -7.429168e-28 1518443422076071053833507134504960 616440775160589947938733983531008 320 0 
nomask 9.125562e+28 0 1950365358697223648817742610432 320 428 
nomask 2.804893e+23 7349381933936803148056609423360 0 0 428 
nomask -4.8558777e-26 22688677650965401680352378880 2457709304871943417378891628544 320 0 
nomask 1.4402051e+30 0 2039394714285395126032894833721344 320 428 
nomask 1.8613356e+28 28691253493901937333029791481200640 0 0 428 
nomask -1.8730693e-28 99202275530532376913830323725271040 39066736729976709634736361832448 320 0 
nomask 3.6109663e+32 0 132142649812156692114341038250786816 320 428 
nomask 1.2011394e+30 112537192690075789627007959040 0 0 428 
nomask -4.8211073e-29 1505767109501919898159208055439360 597918133694449096637563273216 320 0 
nomask 3.5861092e+32 0 123225597306858582943609269518336 320 428 
