nomask 0.99609375 86 133 219 298 
nomask 4.784595e+30 465186301256948586983853364609024 0 0 339 
nomask -7.6184935e-28 391154280080830591289171181043712 1953181245403557303458689380777984 323 0 
nomask 1.420553e+30 0 1635433323412517448784153707282432 323 339 
nomask 2.978138e+29 29477912443592063568889977503744 0 0 339 
nomask -4.8011553e-29 366416018932402026323334135808 486596510750907476007047921664 323 0 
nomask 1.4403988e+30 0 5829955044740060690188861440 323 339 
nomask 1.19618744e+30 1835404808164157438560917453275136 0 0 339 
nomask -1.2003081e-29 5937337328261132095325904830464 123752448916877504033975659659264 323 0 
nomask 2.2572258e+31 0 1635406684732082240430289056694272 323 339 
nomask 1.1961877e+30 458851250851419326580882292080640 0 0 339 
nomask -1.1953585e-29 96990392180500754927693600915456 124127405953707676235527618560 323 0 
nomask 2.2730093e+31 0 6283798968214193670256318218240 323 339 
nomask 7.750303e+31 7419261647815547424419023421440 0 0 339 
nomask -1.2102071e-29 387967987286968672406634535845888 7705080123104816502664155623325696 323 0 
nomask 2.2730714e+31 0 6283802570199228479078204964864 323 339 
nomask 2.9780894e+29 463630303753814497788426190848 0 0 339 
nomask -4.8012323e-29 5554700336648254156951257088 122484838243372443579791179776 323 0 
nomask 3.586109e+32 0 1615289255723876103931527488864256 323 339 
nomask 1.1961683e+30 117118176035030675286386725093376 0 0 339 
nomask -7.523708e-28 6258367346185997959593870502133760 1959912297250455876617788981248 323 0 
nomask 1.450225e+30 0 1635433118499591024104508594585600 323 339 
nomask 1.1961873e+30 1872261376511989500130361344 0 0 339 
nomask -7.587186e-28 5846889701131597737610969088 503932695098713048960991232 323 0 
nomask 1.4402828e+30 0 6059981029587766164458569728 323 339 
nomask 2.9904684e+29 462012406299598271027160624922624 0 0 339 
nomask -4.742068e-29 92383451446495925940474871808 494996732468450442808526704214016 323 0 
nomask 2.2730093e+31 0 6283800168875871939863613800448 323 339 
nomask 1.8613361e+28 29275623925116573900408340086784 0 0 339 
nomask -1.8888464e-28 1545424195575001763255954559729664 7682688288683875437529421316096 323 0 
nomask 3.6504188e+29 0 6541627558580034660439736677564416 323 339 
nomask 4.824208e+30 7440807122721254933369192448 0 0 339 
nomask -1.8967965e-28 6258469262259368931677185756889088 30602925909820206279000821071872000 323 0 
nomask 1.4403216e+30 0 25344631291602936513617996021760 323 339 
nomask 2.9904684e+29 29950065830950124900006756352 0 0 339 
nomask -4.7419913e-29 23582433889046501358770847744 123696610144426778830682449772544 323 0 
nomask 2.2730093e+31 0 6336053765555284095772215214080 323 339 
nomask 7.445344e+28 29676265625182718647229233496064 0 0 339 
nomask -1.8888464e-28 374207232835464868650643619840 1990568671502873620685783040 323 0 
nomask 1.4403603e+30 0 25240117694715161430561883422720 323 339 
nomask 1.2011197e+30 116324763308668054973029701124096 0 0 339 
nomask -7.61874e-28 1551846860612571682130932759789568 488282094467134934027562576248832 323 0 
nomask 5.6819024e+30 0 5932313407014495020742868992 323 339 
nomask 1.1961682e+30 115821680481973633762289998268203008 0 0 339 
nomask -4.741914e-29 1558219641441815387658617765232640 7759431227709698531733847331045376 323 0 
nomask 5.722137e+30 0 1570976056555330493123974397952 323 339 
nomask 4.804402e+30 7467484015236323839169534099456 0 0 339 
nomask -3.0474467e-27 96592136087755494405284600741888 30819477890465807727955919083929600 323 0 
nomask 5.6820565e+30 0 100958876300151903683759000518656 323 339 
nomask 1.1912552e+30 120061003206994452130299904 0 0 339 
nomask -4.8012323e-29 24148418403681113258962964185088 30929064042811936247914407395328 323 0 
nomask 1.4304953e+30 0 25030706289202564990115071918080 323 339 
nomask 2.9781376e+29 1848149979339605114091064034066432 0 0 339 
nomask -1.19533925e-29 22706528283892683289380519936 1953391486066069024774575007727616 323 0 
nomask 2.2572258e+31 0 1635406377362692603410821387649024 323 339 
nomask 1.1912359e+30 7393003676821506989445282854338560 0 0 339 
nomask -4.8012323e-29 387967987286968672406634535845888 7759008287429557992946334724784128 323 0 
nomask 9.028655e+31 0 6257676172080081824326336118784 323 339 
nomask 7.7503035e+31 7341418524374205694278826744348672 0 0 339 
nomask -3.025518e-30 387968011692158655876961000226816 7705080123104816502664155623325696 323 0 
nomask 2.2731333e+31 0 1495860005029812221132144640 323 339 
nomask 4.80448e+30 1860493929191724537454136192401408 0 0 339 
nomask -1.20032726e-29 384775446764470985120523009130496 122425211499390739998209113262653440 323 0 
nomask 3.5862082e+32 0 105522170422489688919190956008275968 323 339 
nomask 1.929684e+31 1848450651280201468513105207099392 0 0 339 
nomask -1.8809578e-28 1545449088868784902988948228276224 7734734571113506374578318868480 323 0 
nomask 5.761287e+30 0 102214576309753389777770696933376 323 339 
nomask 1.2060715e+30 465223885249523131286608511238144 0 0 339 
nomask -7.5871856e-28 386374743269277779084060355723264 123752474530993307118931298746368 323 0 
nomask 1.4402441e+30 0 100960502796505399578442082549760 323 339 
nomask 7.5379457e+28 29367279763756215256834051527409664 0 0 339 
nomask -2.9267186e-30 5962327480142018726177728888832 1966663081571816251349589043445760 323 0 
nomask 2.2730098e+31 0 98185978520923191870096408576 323 339 
nomask 1.8101845e+25 463312562533532073166345703029473280 0 0 339 
nomask -7.334382e-28 100541779246148014886098792553119744 121582583317077874938511129464274944 323 0 
nomask 5.780697e+27 0 6514770031139404748714105729187840 323 339 
nomask 1.2110033e+30 455677258273309076742883694870528 0 0 339 
nomask -1.16080756e-29 387961666342762953592080261185536 483459281840728847944299577344 323 0 
nomask 9.186494e+28 0 405507517837885591384288690962432 323 339 
nomask 1.8767791e+28 473087791536276113948187557888 0 0 339 
nomask -1.1657763e-29 1551846860612571682130932759789568 488229431845043791358768613163008 323 0 
nomask 2.2729476e+31 0 407186266987619779376874459758592 323 339 
nomask 2.8048935e+23 117911649774368254275559910014976 0 0 339 
nomask -7.4922767e-28 5774156753346387221216755712 30724999583973233791957255323648 323 0 
nomask 3.625563e+29 0 101794869811732990465907525419008 323 339 
nomask 1.2060713e+30 460101080069259855287170805843099648 0 0 339 
nomask -3.0222034e-27 1615168604811021685256887411727663104 482892412382783376899196309913731072 323 0 
nomask 5.7208975e+30 0 418644151133075878355282860940722176 323 339 
nomask 1.1961681e+30 7270294656143005502023548272640 0 0 339 
nomask -4.7419143e-29 386362345432766176158216450211840 30819474611858984933081597280780288 323 0 
nomask 2.288855e+31 0 391111164283955885259305779200 323 339 
nomask 2.9904203e+29 115821680481973633762289998268203008 0 0 339 
nomask -7.618494e-28 1558219934304095189302535337803776 486316851637056167230833263307128832 323 0 
nomask 5.682211e+30 0 6568381400079893684264940601344000 323 339 
nomask 1.1961876e+30 116318491174842303099128355225600 0 0 339 
nomask -4.8011553e-29 25033069530111302660546689591410688 31148769121112897454908677029888 323 0 
nomask 5.682522e+30 0 1628692712697777611858171544993792 323 339 
nomask 1.1912358e+30 113922462837835136857834828857344 0 0 339 
nomask -1.20523846e-29 6156106476290939407506326973054976 7577564755663539393967152955392 323 0 
nomask 2.241442e+31 0 6380583620921908981830636659539968 323 339 
