nomask 0.99609375 76 113 267 358 
nomask 2.9780892e+29 28889311520787205323210902365798400 0 0 428 
nomask -3.047447e-27 369190432336411523170739159040 156254496495122082376732442099712 320 0 
nomask 5.721671e+30 0 507737603948104931458184795652096 320 428 
nomask 2.9781378e+29 28904976576607066331514142720 0 0 428 
nomask -1.9046543e-28 23825484363291444964239354101760 610222970872017439482158514176 320 0 
nomask 2.2729471e+31 0 7933661803573819086989751746560 320 428 
nomask 1.1961876e+30 28803316516890230060274858065920 0 0 428 
nomask -4.801309e-29 5156659220617352970240 2506992825820352504366081507328 320 0 
nomask 9.028903e+31 0 493792013764995287096349425664 320 428 
nomask 4.8044804e+30 7301029434624041535927767531520 0 0 428 
nomask -1.9205236e-28 5931710515259997324182300917760 9727947766043839124307547512635392 320 0 
nomask 2.2728852e+31 0 8326598838846044429007966886166528 320 428 
nomask 4.8242094e+30 464109330143892076939052308234240 0 0 428 
nomask -1.1953777e-29 23627400356590313455677278781440 39692222808726535027409551360 320 0 
nomask 5.682523e+30 0 485521563928648104485081579520 320 428 
nomask 1.8536291e+28 28802536759736578624457172582400 0 0 428 
nomask -4.7617122e-29 1476761823792975750075860910080 620679740565228487530631971995648 320 0 
nomask 1.4304955e+30 0 8292822679714644418329917830201344 320 428 
nomask 7.4452226e+28 7398901802244130136482276966400 0 0 428 
nomask -7.5869396e-28 1482926589894373099723628216320 2496996963484866457660030976 320 0 
nomask 3.6008037e+29 0 126406680839363782389032105803776 320 428 
nomask 1.1961874e+30 1830934982053764920730615461969920 0 0 428 
nomask -4.7418375e-29 96089558669273808837424363601920 156723559048459476032615874560 320 0 
nomask 2.2728852e+31 0 32262409806587674855844280795136 320 428 
nomask 1.2011199e+30 7467087786257170282305290240 0 0 428 
nomask -1.1953777e-29 366101626867296145629364879360 2440827963896540875845844074496 320 0 
nomask 2.2730714e+31 0 8191224108949529364304074507288576 320 428 
nomask 2.9904206e+29 464072046871615161775304369766400 0 0 428 
nomask -1.8889079e-28 6200142607514535833795731138805760 616524079820967952805904636706816 320 0 
nomask 3.6504184e+29 0 7966776699624703009343303319552 320 428 
nomask 4.8242082e+30 469762524854938412032983040 0 0 428 
nomask -7.5553856e-28 23627802324425335319877868584960 155157420038991016337784140988416 320 0 
nomask 5.780847e+27 0 126934433325791907555876622303232 320 428 
nomask 4.6341465e+27 469786275037933313080688640 0 0 428 
nomask -4.6430764e-29 6005694130895182222672999219200 9828760464379602085639939424256 320 0 
nomask 3.6505155e+29 0 7251429092562866607751168 320 428 
nomask 4.4313083e+24 7349190016962939325675124817920 0 0 428 
nomask -4.7747837e-26 1531094782421305363561640278097920 2474331683075341594742533128192 320 0 
nomask 3.6251745e+29 0 31866587357075162307878287572992 320 428 
nomask 7.445342e+28 460952583043714357238059541463040 0 0 428 
nomask -7.672092e-25 23924134221329273223181846446080 612202133143608155260140228968448 320 0 
nomask 2.2964403e+28 0 116524241932091392150994944 320 428 
nomask 2.8722577e+26 460840684869850827161648737812480 0 0 428 
nomask -3.0095325e-27 23627415468163058638541962608640 39060507475238622217213556293632 320 0 
nomask 3.6502246e+29 0 487599361204072876655536766976 320 428 
nomask 7.150422e+25 117143105615477869389734215680 0 0 428 
nomask -1.9341787e-25 1399979393622081580627394560 155153296846367493193155158736896 320 0 
nomask 1.440205e+30 0 1966921922459541692653452132352 320 428 
nomask 7.4454643e+28 29202570313447059418367446220800 0 0 428 
nomask -7.5238317e-28 95696536885317092892727385784320 2465763618062610586816222708367360 320 0 
nomask 2.2886066e+31 0 7900546402229721497584162308096 320 428 
nomask 2.9904688e+29 454564570655837872093745119232000 0 0 428 
nomask -4.8012323e-29 22688680602444453473880637440 2465896853777190315097567076024320 320 0 
nomask 9.028655e+31 0 7999501509314635967523622748160 320 428 
nomask 4.80448e+30 29202570313447059418367446220800 0 0 428 
nomask -4.8013858e-29 366095582238198072483491348480 39056360028540843054086756499456 320 0 
nomask 2.2729474e+31 0 30604303295143624791132471296 320 428 
nomask 1.9375755e+31 1849676904633588634167772446720 0 0 428 
nomask -2.9884922e-30 23726444626676790987388019015680 622706113392358543314615533568 320 0 
nomask 9.092038e+31 0 127464279747297468986366053318656 320 428 
nomask 3.002848e+29 1830885077595931228838283591024640 0 0 428 
nomask -1.20034645e-29 1476737645276583457492366786560 2465897371197441110158853850267648 320 0 
nomask 2.2730095e+31 0 2073172684387672919425447599538176 320 428 
nomask 3.0027998e+29 7374844414174333840758313131704320 0 0 428 
nomask -1.18549775e-29 96485729704990620891121451008000 2449008774211490309758542548041728 320 0 
nomask 3.625757e+29 0 31998527499855048267797568159744 320 428 
nomask 4.8242085e+30 116011797839190971249868102696960 0 0 428 
nomask -4.7419143e-29 23074396118067616611114680320 2474202580659249662946858500096 320 0 
nomask 1.4242231e+33 0 491722364342640896140004818944 320 428 
nomask 4.8439394e+30 7350547791774094006066966691840 0 0 428 
nomask -7.4404156e-31 382779957841071944669535047516160 620729477586836162796823146135552 320 0 
nomask 1.4243424e+33 0 516198621582934147076169339502592 320 428 
nomask 1.87675e+28 464084522986073584748387337502720 0 0 428 
nomask -7.3171566e-31 385930563598086022054320306913280 2432120435935664906888874632937472 320 0 
nomask 3.6857558e+26 0 2073238914179774687270154702684160 320 428 
nomask 1.9533577e+31 7188787132772403237634608719724544000 0 0 428 
nomask -7.08489e-34 384358355569677196812614925025280 9797895740067820279421410371174400 320 0 
nomask 2.2969879e+28 0 8259044968322492022468008451506176 320 428 
nomask 1.8921925e+28 1862299034663661936680747663360 0 0 428 
nomask -4.2833592e-32 1482926967683691729295245312000 39317127707904425933372066365440 320 0 
nomask 5.781607e+27 0 122932659629753673529281216512 320 428 
nomask 4.8074753e+27 116024201418100217345200588062720 0 0 428 
nomask -1.8574149e-28 385942967176995268149652792279040 9727682846875432052928719100051456 320 0 
nomask 5.819383e+27 0 31866067915651512578383361867776 320 428 
nomask 3.0151282e+29 7223122482959517634266676466810880 0 0 428 
nomask -4.495811e-32 25003397620944758252873084315893760 9729276501247880841691983769501696 320 0 
nomask 3.6500338e+29 0 535055820491231875811083693057900544 320 428 
nomask 4.6726807e+27 115589048762758062712105767964508160 0 0 428 
nomask -1.8493727e-28 99607948481406196029914766733475840 9660661401789947764452851361775616 320 0 
nomask 1.4502253e+30 0 127466373682374905250010967834624 320 428 
nomask 2.7931336e+23 460865588741734888522647685038080 0 0 428 
nomask -7.5555084e-28 5956371468612179870631455621120 620746164389924303523321615482880 320 0 
nomask 3.625563e+29 0 8259044968322492022468008451506176 320 428 
nomask 3.0028476e+29 1831084115142872581385607215841280 0 0 428 
nomask -7.492154e-28 6174887470144327246143781286707200 156246201601726524050478842511360 320 0 
nomask 9.091045e+31 0 511960011904718029088906008330240 320 428 
nomask 4.8242097e+30 27748950116037732563786137600 0 0 428 
nomask -1.2003081e-29 5972262991939145309473636257628160 2335680624670448179379961856 320 0 
nomask 9.0286555e+31 0 486536018122886223010636364775424 320 428 
