nomask 0.99609375 111 124 311 432 
nomask 0.00390625 345 228 352 325 
nomask -7.6184935e-28 1642655673265413258259128647680 50367131424189596961368049738317824 353 0 
nomask 1.420553e+30 0 42761095730749466179545685410447360 353 554 
nomask 2.9780894e+29 8024159714665093734331791859253248 0 0 554 
nomask -4.781434e-29 422254167665358384211337016246272 3169977642376021544182951547240448 353 0 
nomask 5.682367e+30 0 41247207907617342119126939729920 353 554 
nomask 1.19123576e+30 1991946696398631681206378274226176 0 0 554 
nomask -1.2052576e-29 398741567441177567558153273344 798023824521978447716109187547136 353 0 
nomask 9.028903e+31 0 662676918657664723509987258662912 353 554 
nomask 4.7846733e+30 8108573866298481676935002849280 0 0 554 
nomask -1.9361775e-28 6515997755330501401914210516992 50212695742082975253209112641536 353 0 
nomask 3.5019608e+29 0 641818945192441522132537573376 353 554 
nomask 7.655354e+31 127474100741499601855519264170049536 0 0 554 
nomask -3.0253254e-30 1695980923888089887962589353213952 50903898644989923059840009109504 353 0 
nomask 2.23533e+28 0 10734169013699885253931495849984000 353 554 
nomask 2.9286687e+29 2019914451141574154358948624334848 0 0 554 
nomask -4.8206457e-29 26173242563779677322886210650112 803467594820344005115514072334336 353 0 
nomask 3.5515762e+29 0 43111562523129002953179233827946496 353 554 
nomask 4.7054448e+30 2034062094138042212158098903138304 0 0 554 
nomask -1.20026956e-29 422247152948847934051465107079168 12762252503404752284220915712 353 0 
nomask 5.6826773e+30 0 41076425573271414965399646633984 353 554 
nomask 7.7187355e+31 8108144614991105033359190917120 0 0 554 
nomask -1.200308e-29 6570621442815126693297944264704 50558289344963354627174215712768 353 0 
nomask 3.5862075e+32 0 166355069375708533628058516586496 353 554 
nomask 7.781871e+31 130107152208169899060902232064 0 0 554 
nomask -7.5020454e-31 425743282323271114682073402572800 797873550509128525754833804722176 353 0 
nomask 3.586407e+32 0 10690448736107327902577308817424384 353 554 
nomask 7.781747e+31 504978559441541748094224822173696 0 0 554 
nomask -1.8678376e-31 27134829331557989208209324295323648 3148461752460433051851130662813696 353 0 
nomask 3.5863084e+32 0 10602836056481868108196298436378624 353 554 
nomask 3.125375e+32 8132112947890149685062533120 0 0 554 
nomask -3.01324e-30 26173244230775045775870971084800 12500901151545190837190037625372672 353 0 
nomask 2.272886e+31 0 9778248389962289293262061568 353 554 
nomask 1.2208686e+30 2040585075353720005226420764672 0 0 554 
nomask -1.8292592e-31 6543309390698392990982982336512 3202504295485925262114001256448 353 0 
nomask 9.092537e+31 0 631144967539851340343848992768 353 554 
nomask 3.0644547e+29 32211511536172396012416477954048 0 0 554 
nomask -7.317036e-31 105128256085729152672189548331008 3192010240485097344784962773057536 353 0 
nomask 1.4403998e+30 0 657201335476356007143849980854272 353 554 
nomask 7.8451254e+31 7890932617988628439597410418688 0 0 554 
nomask -4.592407e-32 108986818472151609361842369634238464 49319211041572516198175646888755200 353 0 
nomask 1.4402838e+30 0 2639735913612241416292368771973120 353 554 
nomask 1.2110037e+30 504868884482260489320866303180800 0 0 554 
nomask -7.3478516e-31 1550994203260538604784451584 12724963503413802233657200476160 353 0 
nomask 3.611562e+32 0 631144763149927003642017087488 353 554 
nomask 7.240739e+25 2054187549185875304248472764416 0 0 554 
nomask -3.0222034e-27 1622224457093600835477503475712 811363085376736936162148483072 353 0 
nomask 5.721517e+30 0 41077082237220323921045191917568 353 554 
nomask 3.0028478e+29 31997299297335450564731099676672 0 0 554 
nomask -7.587063e-28 417017135015826487287955400425472 198112823941451526203627114856448 353 0 
nomask 5.721362e+30 0 2470958745801459778540175097856 353 554 
nomask 2.990517e+29 1978072600674145284394476285984768 0 0 554 
nomask -4.7815108e-29 27246701204031387748747803038318592 200102460410832019818846358995992576 353 0 
nomask 9.0286555e+31 0 40904963029257295267975772766208 353 554 
nomask 7.4453453e+28 8107714530186044163290998767616 0 0 554 
nomask -1.9282891e-28 24922171695206837435557216256 204185513973372696403191529472 353 0 
nomask 1.410688e+30 0 2556643253393831389872972103680 353 554 
nomask 1.9138384e+31 8237964711899167460048240640 0 0 554 
nomask -3.0253738e-30 106000508078281440042117477957632 12809009948396569781828375805952 353 0 
nomask 3.5517697e+29 0 631144926661866473003482611712 353 554 
nomask 2.9410481e+29 127104889486284862903209005416448 0 0 554 
nomask -4.8207995e-29 102071019919893747681247539232768 198128918748677374391401595273216 353 0 
nomask 1.4206305e+30 0 42058833372100724687226018727985152 353 554 
nomask 1.8980236e+31 512011519549304257431352186503168 0 0 554 
nomask -4.801232e-29 6434275807885146503511040589824 50218064166079633328845203963904 353 0 
nomask 2.273009e+31 0 2535253439032146869760420741120 353 554 
nomask 1.9296839e+31 2040692179806143109497278693376 0 0 554 
nomask -1.200308e-29 1622251337393917139856765485056 800668096439924941425140039680 353 0 
nomask 9.028903e+31 0 625797391315475608294612008960 353 554 
nomask 1.9375756e+31 8052877884043099003104119488512 0 0 554 
nomask -7.5021658e-31 400448570698473423952838393856 803424563710257732197354993352704 353 0 
nomask 3.5863084e+32 0 163617152207884662975384355078144 353 554 
nomask 4.8439394e+30 501468747369134305364702878760960 0 0 554 
nomask -2.9515143e-30 26911532821464603641507774310907904 3082623149411079387310895640084480 353 0 
nomask 1.4343646e+33 0 657212009535764567060319402196992 353 554 
nomask 1.9533591e+31 7943842217485641949401227198464 0 0 554 
nomask -4.6889282e-32 400441668295775923312814718976 12708718241331537789321216 353 0 
nomask 2.2625323e+34 0 654468566972482147745002246111232 353 554 
nomask 7.6303077e+28 128410111852880812457949396992 0 0 554 
nomask -1.806178e-31 417017028328122906296930732605440 795267951127009809664737017856 353 0 
nomask 2.2730724e+31 0 2513822256149776601197091749888 353 554 
nomask 1.3335059e+33 8053303801359738740710410551296 0 0 554 
nomask -7.317756e-31 6406964589266097027688458878976 49530895429743273608291721150464 353 0 
nomask 2.2727005e+31 0 10558768181284100240974024835858432 353 554 
nomask 4.9032024e+30 7856793166297006902402099848413184 0 0 554 
nomask 7.8242153e+37 27134827624554731912352929610203136 199516755767072684315102240833536 353 0 
nomask 2.2890447e+31 0 10514878458230814063965452636258304 353 554 
nomask 7.537824e+28 514911813824984692306214912 0 0 554 
nomask -7.3480914e-31 417017081671974696792443066515456 199457567061175806974365920133120 353 0 
nomask 5.697212e+33 0 2535254256591844216567748362240 353 554 
nomask 1.1874191e+27 126230903818549384429130223714304 0 0 554 
nomask -1.8968271e-28 6434276224633988616757230698496 49533584874123665665676663586816 353 0 
nomask 2.2728236e+31 0 42585528801597472673456643165388800 353 554 
nomask 1.2060522e+30 498014092839478234994934198304768 0 0 554 
nomask -4.741991e-29 437723048893132229304483673184141312 3160311674625251229550130495488 353 0 
nomask 9.091046e+31 0 675739603174230706507452343260282880 353 554 
nomask 1.20112e+30 1959076503315527088872586477568 0 0 554 
nomask -1.2003465e-29 6643979301011102004973084520480768 763308970265934968462898102272 353 0 
nomask 3.5861092e+32 0 41180985331442675826689551758262272 353 554 
