nomask 0.99609375 56 70 126 176 
mask 0.00390625 7 0 135 39 
nomask 0.00390625 0 0 79 44 
nomask 5.721673e+30 0 82197926266848082214714087571456 198 276 
nomask 7.4761706e+28 4590690289422515111259537408 0 0 276 
nomask -1.8968271e-28 917560944375713806477713997824 6380548555424048149704109719552 198 0 
nomask 2.2885452e+31 0 1273686219051053232087166353408 198 276 
nomask 3.0027993e+29 4500558353888336393849181271228416 0 0 276 
nomask -1.1904666e-29 3670185338217629714051336503296 1601176855332901451802078244503552 198 0 
nomask 9.0286555e+31 0 331509039970905805546173845471232 198 276 
nomask 7.5069996e+28 4531934142447858773715684226498560 0 0 276 
nomask -1.8909787e-31 238802181019851786705525591244800 1579267340379372255825602203877376 198 0 
nomask 1.4244218e+33 0 82197931480340679302802403491840 198 276 
nomask 1.2501503e+33 71788052208722731044212110786560 0 0 276 
nomask -4.746781e-32 14742019384815145179812852662272 100062834517526727628052357971968 198 0 
nomask 8.986746e+34 0 4892327897517579510195683328 198 276 
nomask 3.125376e+32 18187321003199369176535676223488 0 0 276 
nomask -1.9064761e-31 3654925905816684959341045874688 397539446052864793789093757583360 198 0 
nomask 8.921842e+34 0 22260736900861013447922381319449870336 198 276 
nomask 1.260252e+33 4531932706243985071536224675561472 0 0 276 
nomask -4.7084126e-32 3836399755798875957181292740608000 6273678421914562728457253588828160 198 0 
nomask 2.2464965e+34 0 1331524507810429794516631088529408 198 276 
nomask 7.845006e+31 287144638843639952272613726748672 0 0 276 
nomask -4.7082625e-32 59212228457675696794616060706816 1579267340379372255825602203877376 198 0 
nomask 2.2730107e+31 0 82196591612743227664105211953152 198 276 
nomask 1.2257815e+30 1140703729851394617265448823029760 0 0 276 
nomask -1.1384909e-32 226525396233960796486134398976 100748867581392354993367689461760 198 0 
nomask 5.656965e+33 0 82878573792860917584799073304576 198 276 
nomask 7.3912645e+25 283284212593870600271557029789696 0 0 276 
nomask -7.5087627e-34 64134647117637913430488396650397040640 1568590608035825171411075585802240 198 0 
nomask nan 0 5325928196506876436501544931688448 198 276 
nomask 1.9691435e+31 285206751004305180250598402949120 0 0 276 
nomask 3.1563741e+38 59457344325568456521805096550400 400272817659606913436071023869952 198 0 
nomask 9.029414e+31 0 5137286649953164411001056002048 198 276 
nomask 1.9691423e+31 285183741821411909917173513977856 0 0 276 
nomask -1.1433244e-32 3654925438302403155246169718784 25358052620769471226278001508352 198 0 
nomask 5.6571235e+33 0 20464058490508732226622166401024 198 276 
nomask 2.9805897e+26 289097786349132809951386779254784 0 0 276 
nomask -1.8446965e-31 238802076296652662588273332322304 25431707092773462403725656064 198 0 
nomask 9.028907e+31 0 21303710116719296036904961975517184 198 276 
nomask 7.845004e+31 17879686926356584276044775459651584 0 0 276 
nomask -2.9885402e-30 3805148438241741099534617533218816 6186208528517657617928067754229760 198 0 
nomask 3.5857134e+32 0 81856260029497914346930245206016 198 276 
nomask 1.9533903e+31 18192607654698009881395247185920 0 0 276 
nomask -7.4713504e-31 59211267248312307575550684168192 100743497684017354262402291466240 198 0 
nomask 3.5862094e+32 0 78939359920111459379252822016 198 276 
nomask 1.21098485e+30 4547790525134667905009543282688 0 0 276 
nomask -4.7222695e-29 235864590561221173662410556309504 101056874207162572890961870848 198 0 
nomask 2.288731e+31 0 332881106098637060276804508450816 198 276 
nomask 3.0027993e+29 72501077524866280558751121408 0 0 276 
nomask -4.7618663e-29 15345843177854033199233294621736960 1579052627900253779996399338782720 198 0 
nomask 2.2886692e+31 0 1326036743794794096050586764967936 198 276 
nomask 1.2011198e+30 70002928348720101893681111736778752 0 0 276 
nomask -1.1953777e-29 235864650403049244586554704265216 403038304380747095707074359721984 198 0 
nomask 3.5862086e+32 0 1273707073021441584440430034944 198 276 
nomask 3.0151313e+29 1136947514405096525228666781696 0 0 276 
nomask -7.687534e-31 55435454830545977617309237248 98693448124990376174816078069760 198 0 
nomask 2.2466227e+34 0 1257690816459077829627022934016 198 276 
nomask 1.2501504e+33 71539846246745101926427262976 0 0 276 
nomask -1.1915101e-32 238805995936391308119715023421440 397507205814644401050948105928704 198 0 
nomask 3.542979e+35 0 1268368293680379723002167689216 198 276 
nomask 3.1253763e+32 1132798624363225537823503873474560 0 0 276 
nomask -1.9219136e-31 15282852233422704742923696888348672 99673591489929342604371567694577664 198 0 
nomask 8.921842e+34 0 85910494218025892434180433176952832 198 276 
nomask 8.097938e+34 72774267976017087536324476403712 0 0 276 
nomask -4.689078e-32 3654926139573825861388483952640 397507330938466731165067688017920 198 0 
nomask 2.2464965e+34 0 20464062400628180042688403341312 198 276 
nomask 3.1506789e+32 4425233526216851649604777672704 0 0 276 
nomask -1.17223206e-32 14497142884234669149200408641536 98698516432764933293211648 198 0 
nomask -1.1979678e-38 0 1304190541495363937818619261485056 198 276 
nomask 1.2356471e+30 71297827953165720455352057593856 0 0 276 
nomask -4.5735226e-32 58722004202118686205756007514112 101434890218272788182506389110784 198 0 
nomask 3.586012e+32 0 20634228192250836701275886714880 198 276 
nomask 5.37459e+33 4469182565328814013982678315958272 0 0 276 
nomask -1.1161408e-38 245517880267026637631793701628936192 24571959037177030240445829929238528 198 0 
nomask -7.506884e-34 0 334237198085050837104835191373824 198 276 
nomask 7.661262e+28 4468569785009367750746603249467392 0 0 276 
nomask 7.6410873e+34 3639605229044823868201978822656 101067321557562206442938695680 198 0 
nomask -1.19177736e-35 0 5260410026499566547111840829145088 198 276 
nomask 2.0086032e+31 285099220336263137826177024 0 0 276 
nomask -4.6509342e-32 15094844529131847238591721917906944 398867741325967333520251551744 198 0 
nomask 1.4242636e+33 0 20464067614120777130776719261696 198 276 
nomask 2.1983233e+34 71786129789995952606081357709312 0 0 276 
nomask -1.8370227e-31 3654866297745754937244335996928 98698807595380182729604844224512 198 0 
nomask 9.028412e+31 0 5216677415445797487310813444177920 198 276 
nomask 7.8766943e+31 4406926957280821073556370662359040 0 0 276 
nomask -1.860164e-31 61882436323081155732973614513782784 393140411108405515368545369802670080 198 0 
nomask 5.655854e+33 0 5304060556325887052050422363586560 198 276 
nomask 7.8134384e+31 4548150978645938862159059484672 0 0 276 
nomask -1.8910388e-31 58722972891710584290339402547200 397517966463364790865232165601280 198 0 
nomask 5.657122e+33 0 313103792313733457939552796672 198 276 
nomask 7.8133147e+31 1132829143695541709137019330887680 0 0 276 
nomask -1.1904473e-29 3670245413802841540242922536960 1579267006715846042187949984972800 198 0 
nomask 9.028408e+31 0 5325925860862192941037979399356416 198 276 
nomask 4.8242094e+30 4438177796103331363809892686102528 0 0 276 
nomask -1.2003465e-29 60880406455091636471907989380399104 98031532677878878306050194276352 198 0 
nomask 2.2887932e+31 0 339449006181826835871068348234072064 198 276 
nomask 4.8044797e+30 4480567338116143204401957692378185728 0 0 276 
nomask -1.20032726e-29 1002119732223366055569195541884567552 24623589052822811808273291251829178368 198 0 
nomask 1.4243422e+33 0 21739345220506135919293790416797696 198 276 
