nomask 0.99609375 72 111 255 364 
nomask 2.9904682e+29 7272041231036928542554658984427520 0 0 428 
nomask -3.0727887e-27 370737880997350662862589132800 155190664290104599025459386122240 320 0 
nomask 5.6819024e+30 0 2022440146217467955318519815471104 320 428 
nomask 1.8536291e+28 28712312878543140187380121600 0 0 428 
nomask -4.7419143e-29 5906853111462127400492256460800 610206801489180093816946819072 320 0 
nomask 8.965023e+31 0 1925496847893386015722155540480 320 428 
nomask 1.1961877e+30 1805332834616294149920357949112320 0 0 428 
nomask -4.8210306e-29 20718872010212843192320 39588264004012456720474375716864 320 0 
nomask 9.028655e+31 0 1975135463647699623528955379712 320 428 
nomask 1.929684e+31 460902920371044588271562611752960 0 0 428 
nomask -1.9047157e-28 93069815354339828765084876800 2448875797207035979007841567506432 320 0 
nomask 5.7216724e+30 0 8292820610033641238084770733228032 320 428 
nomask 4.8242088e+30 1831083921714741443044939262853120 0 0 428 
nomask -1.1904473e-29 378032409433379726730129917870080 39062585240933221135193259114496 320 0 
nomask 1.4403606e+30 0 125344934484732316628571358494720 320 428 
nomask 1.8613658e+28 459299914201802443092488355840 0 0 428 
nomask -1.8889078e-28 1427268400737952831663390064640 606164708426450511040041975808 320 0 
nomask 5.682213e+30 0 32357461103193057577803934959927296 320 428 
nomask 1.8613359e+28 1874774771332766280192098304000 0 0 428 
nomask -1.8967657e-28 23825083906613697618325232680960 39520870768118090438803456 320 0 
nomask 9.06415e+28 0 128521886739922574256532606681088 320 428 
nomask 1.2011196e+30 458983897831214160733964869576949760 0 0 428 
nomask -4.7419143e-29 389093403684394599486353592811520 9796569074544781742282121211281408 320 0 
nomask 2.2728855e+31 0 8360377585078698414992449813348352 320 428 
nomask 4.824209e+30 1843810525602988567292906118840320 0 0 428 
nomask -1.1904473e-29 381195467126335834795414650880000 608063223879967110644572209807360 320 0 
nomask 2.2730714e+31 0 8258911473897786896656020696727552 320 428 
nomask 7.4452235e+28 453207305860263341623586324480 0 0 428 
nomask -1.1756179e-29 1505742157273003052213042119966720 151549324959683008974121074688 320 0 
nomask 3.625757e+29 0 489669168530556538565643206656 320 428 
nomask 1.9296832e+31 7434301592499128117493760 0 0 428 
nomask -3.0222036e-27 95696524796058896746435638722560 38787285328744573839298938273792 320 0 
nomask 2.296804e+28 0 32130471684980643564133151670272 320 428 
nomask 3.0028469e+29 29401429543830018807887801876480 0 0 428 
nomask -1.15581955e-29 392256340484768746088720855203840 616424411745158554125539748085760 320 0 
nomask 9.126531e+28 0 7966647344562004244021609758720 320 428 
nomask 4.4690134e+24 1818407609140590287370640183787520 0 0 428 
nomask -1.1886276e-26 95298836558438468333124295065600 9831616381623248263757955072000 320 0 
nomask 3.6253687e+29 0 1950364727080706565002695278592 320 428 
nomask 3.0028473e+29 114081619036465892745921167360 0 0 428 
nomask -7.7368406e-25 5906951336684971089112701337600 38262629279129800367342461386752 320 0 
nomask 2.3119146e+28 0 7156934303972600473190400 320 428 
nomask 4.6341468e+27 29000613210651337541586905989120 0 0 428 
nomask -7.5238317e-28 1543746916479064226652445233643520 616507393017879812079406167359488 320 0 
nomask 9.126046e+28 0 1966890467956990918664095006720 320 428 
nomask 7.150422e+25 7349383445094077666343077806080 0 0 428 
nomask -1.21393005e-26 5931709759681360065039066726400 38909667571466093565709268555923456 320 0 
nomask 5.7611306e+30 0 514087611637221646408791273504768 320 428 
nomask 2.9781374e+29 1837685304976308086683729920000 0 0 428 
nomask -7.587063e-28 5857625652087419700498220974080 2440956813666025974115499769856 320 0 
nomask 2.272885e+31 0 29699838311687681077963390976 320 428 
nomask 1.1961876e+30 114436494960683932557475472998400 0 0 428 
nomask -1.20525764e-29 22495630260624742377544744960 9863851299436666741646523168194560 320 0 
nomask 3.5862082e+32 0 1975103503851935182487560388608 320 428 
nomask 1.9296841e+31 116021106568002003894513340252160 0 0 428 
nomask -1.9205543e-28 5906951714474289718684318433280 9727948800884340714430121061122048 320 0 
nomask 9.028158e+31 0 7933659782400964418781600284672 320 428 
nomask 1.9375756e+31 7273033130493405953499921907712000 0 0 428 
nomask -7.5020454e-31 382780006198104729254702035763200 2449207981008046408353950631723008 320 0 
nomask 9.028904e+31 0 31734129794044481286672232742912 320 428 
nomask 1.861336e+28 7300058516075163536871831633920 0 0 428 
nomask -1.2003656e-29 89594147719989666300748103680 9829798336640474210525715103744 320 0 
nomask 9.0286555e+31 0 126404594988977764798219797135360 320 428 
nomask 1.20605235e+30 1843809945318595152270902259875840 0 0 428 
nomask -4.741991e-29 5931611534458516376418621849600 9831360703257132735426795143168 320 0 
nomask 3.62566e+29 0 511976375320149422902100243775488 320 428 
nomask 4.8440152e+30 7323740701927584236285133659832320 0 0 428 
nomask -4.7617896e-29 5981129136029931587414586818560 9831358682084278067218643681280 320 0 
nomask 3.5857127e+32 0 2064760983370497608086358725754880 320 428 
nomask 3.0274614e+29 7274027351087457024533200266854400 0 0 428 
nomask -7.317036e-31 382779982019588336962118541639680 2466096319283871811223618546827264 320 0 
nomask 9.028905e+31 0 128519808974227975338552903860224 320 428 
nomask 1.18262106e+27 464022239127847039053306475315200 0 0 428 
nomask -1.1559347e-29 94508114447603127828824226529280 2441411830204933154475597627392 320 0 
nomask 3.6854717e+26 0 2064761371435685704382323806437376 320 428 
nomask 1.215916e+30 457746221627899653155736833228800 0 0 428 
nomask -2.7322246e-36 1537457794223232218174621776609280 2474461543431254027116264554496 320 0 
nomask 3.6257612e+29 0 2064794486331736588304677358010368 320 428 
nomask 1.1729868e+27 468669608764128934857434726400 0 0 428 
nomask -2.7537717e-30 23924128176700175150035972915200 39318166590751725392361917775872 320 0 
nomask 5.7813034e+27 0 493792266411602120622368358400 320 428 
nomask 3.1384392e+29 460940203643321503435310550220800 0 0 428 
nomask -1.8573534e-28 23825105062815540874335790039040 9728214754893249375931523022192640 320 0 
nomask 1.4402444e+30 0 31866065894478657910175210405888 320 428 
nomask 3.0151777e+29 115241240611026802760202133176320 0 0 428 
nomask -1.88105e-28 398425406155022071557440587452907520 2449340181882124546512721450893312 320 0 
nomask 2.2882357e+31 0 528562121835237742173241643800461312 320 428 
nomask 3.015227e+29 116027308357456626942179582935040 0 0 428 
nomask -1.1756179e-29 1537433615706839925591127653089280 9727947766043839124307547512635392 320 0 
nomask 1.4403993e+30 0 31734649235468131016167158448128 320 428 
nomask 2.896295e+26 1843462354966939554090590740152320 0 0 428 
nomask -1.9126043e-28 1476761729345646092682956636160 155186524928098238535165192175616 320 0 
nomask 1.4403603e+30 0 33171288649177574493074524223832064 320 428 
nomask 1.2011198e+30 7223321327078327848473332138639360 0 0 428 
nomask -1.8888464e-28 24699551428002358091300468770734080 39062585240933221135193259114496 320 0 
nomask 2.272885e+31 0 2039396007836022113686111769329664 320 428 
nomask 1.9296839e+31 1800595271935871948817935892480 0 0 428 
nomask -1.21018795e-29 379610807161984978873209795379200 152584102299621423166164828160 320 0 
nomask 8.965521e+31 0 31203774036979543467728633331712 320 428 
