nomask 0.7109375 78 16 128 76 
mask 0.00390625 192 1 273 23 
mask 0.00390625 196 0 242 7 
mask 0.00390625 193 0 272 13 
mask 1.929684e+31 25507929156451678176673792 0 0 181 
mask -1.2102072e-29 5153087192356365542573335379968 65378644941746508502090645504 278 0 
nomask 9.028902e+31 0 785025462189690814692589568 278 181 
nomask 1.929684e+31 6245434336734795193910441523093176320 0 0 181 
nomask -3.0254699e-30 1277559696476737092029482270720 4114372595721136280493113888210944 278 0 
nomask 3.5863077e+32 0 835265627262066427948689260544 278 181 
nomask 1.9296841e+31 403151752095279916834429843013632 0 0 181 
nomask -1.8986825e-31 20783748959312542056921813745664 16677610752750775738981941248 278 0 
nomask 5.657281e+33 0 218298936105594610985177205178368 278 181 
nomask 5.0208047e+33 25447295163364813259837276160 0 0 181 
nomask -4.7852994e-32 83135022093607812982914643132416 65613880551111983992594105368576 278 0 
nomask 8.921843e+34 0 3153724400322316288447741952 278 181 
nomask 1.26025205e+33 6318162339867092766915821568 0 0 181 
nomask -1.1963624e-32 4843841896627646012091006976 258898510947959643984958305861632 278 0 
nomask 8.922097e+34 0 3478387101118800967696725886107648 278 181 
nomask 5.0612114e+33 6363363463940670673232870441484288 0 0 181 
nomask -4.6890032e-32 1277537788828327249386630283264 66856407148519268865277952 278 0 
nomask 5.6569645e+33 0 53905148114966893438722134507520 278 181 
nomask 3.1506292e+32 404468030565455256942807089152 0 0 181 
nomask -1.1770656e-32 5196021916581539849838780219392 65615651589658787561377888206848 278 0 
nomask 2.2627226e+34 0 3194698063839480967845642240 278 181 
nomask 3.0398411e+29 1606737785598092014156941099008 0 0 181 
nomask -4.7472307e-32 1162165655689432485855232 16516385811613391099795653787648 278 0 
nomask 8.803142e+37 0 3180912951496699877351489536 278 181 
nomask 1.8921645e+28 100777099399384224250741632532480 0 0 181 
nomask -7.4408957e-31 1324632486994801052781606613286912 16407866963205002541499770994688 278 0 
nomask 2.2625318e+34 0 876753248013906773983858335416320 278 181 
nomask 7.845005e+31 411351714809006505590784 0 0 181 
nomask -1.8756314e-31 19878166579017941670336397312 261487201109431834291854114816 278 0 
nomask 5.656489e+33 0 11241849148049195008 278 181 
nomask 4.8439394e+30 101313498914307512614256640 0 0 181 
nomask -1.883305e-31 4101273603276800 1055785308357979891071713280 278 0 
nomask 1.4243822e+33 0 11770853405886940971008 278 181 
nomask 4.8636694e+30 1634466251150455994318848 0 0 181 
nomask -1.2003656e-29 276243610749177430016 17364917 278 0 
nomask 3.5860098e+32 0 49491403602038904701583360 278 181 
nomask 4.8242097e+30 1607244205096165230605190037504 0 0 181 
nomask -7.4402957e-31 338030439793552380607794060984320 4036903067113329395966375875389161472 278 0 
nomask 3.625854e+29 0 49491455771736988161409024 278 181 
nomask 1.8536287e+28 1633863569315222112960512 0 0 181 
nomask -1.8809578e-28 0 269588257031847936 0 0 
nomask 1.4503025e+30 0 9807513236 278 181 
nomask 1.853629e+28 26331488593117184 0 0 0 
nomask -7.5870633e-28 14568635 0 278 -659695607715368796160 
nomask 1.44036e+30 0 9623820 0 181 
nomask 1.19618744e+30 0 0 -253308534454243819520 181 
nomask -3.0601669e-27 1034793450995712 1080373705 278 0 
nomask 5.761285e+30 0 2404716949 278 181 
nomask 1.19618744e+30 6245435025029457036581874367006244864 0 0 181 
nomask -1.1953778e-29 19003302266338120275329024 16570866608797949157846321769480192 278 0 
nomask 2.2572258e+31 0 192048885122157510656 278 181 
nomask 2.9905173e+29 1644203982848 0 0 0 
nomask -1.2003081e-29 0 0 0 -2700160980691283720597886430347264 
nomask 3.5862082e+32 0 36 0 181 
nomask 3.1127486e+32 0 0 -1033405003032757776934347342688026624 0 
nomask -3.0378438e-30 0 0 278 -414018669803208704 
nomask 1.4243421e+33 0 0 0 0 
nomask 7.75018e+31 0 0 0 181 
nomask -7.59473e-31 3383 1050105206130655656673280 278 0 
nomask 5.6976865e+33 0 3221940871499871354968080384 278 181 
nomask 1.2501503e+33 404391869862104679592343924400717824 0 0 181 
nomask -7.5331e-31 281972269499023360 265656084604784201634414592 278 0 
nomask 1.424382e+33 0 44042651205632 0 181 
nomask 3.1253754e+32 0 0 -57523857856 0 
nomask -7.563915e-31 3872479 0 278 -2091927499776 
nomask 9.028905e+31 0 0 0 0 
nomask 1.9454675e+31 0 0 -793157191862321152 36 
nomask -1.8910387e-31 0 268901013760 0 0 
nomask 8.921588e+34 0 0 278 0 
nomask 1.2060527e+30 25409751648849724779425431552 0 0 181 
nomask -7.502285e-31 19794471874927858137408995328 265742947152093162244145152 278 0 
nomask 1.4243424e+33 0 219191772024730294290576916348928 278 181 
nomask 7.8134384e+31 25366377397300133151646513364992 0 0 181 
nomask -7.563915e-31 4914361271549125168463872 4284638612684211589480448 278 0 
nomask 3.5861096e+32 0 183576933127159808 0 181 
nomask 4.8242097e+30 1710998 0 0 181 
nomask -3.01324e-30 70186209141325824 261247257225715369849516982272 278 0 
nomask 1.4344834e+33 0 0 278 181 
nomask 4.8439397e+30 1622401972439858890670080 0 0 181 
nomask -1.8968271e-28 0 67798297063796506624 278 0 
nomask 2.2728233e+31 0 3146365699747034704117760 278 181 
nomask 1.2011198e+30 397731683694302268950966953836544 0 0 181 
nomask -1.18549775e-29 86885440898063440877609418357735424 257820314059075445522281106256166912 278 0 
nomask 9.126048e+28 0 54127488670444080468795844460544 278 181 
nomask 1.14888425e+27 25542481413659270937261572620288 0 0 181 
nomask -7.4922767e-28 83819299532730836865968169287680 64437111130409925826596657856249856 278 0 
nomask 3.6256592e+29 0 812297224032517522018271232 278 181 
nomask 1.15370114e+27 395856800963173727990256638627938304 0 0 181 
nomask -4.8355257e-26 313216980558845225346269184 4114036057369323599252717532348416 278 0 
nomask 5.7213605e+30 0 220077359677998750634931029803008 278 181 
nomask 2.9781374e+29 6318795712423601992222405933662208 0 0 181 
nomask -7.61874e-28 21632892851260894356799635387842560 16787021878286577020721692672 278 0 
nomask 1.4501862e+30 0 3478331959594316705230809188007936 278 181 
nomask 2.9781374e+29 395989254667162077074114539149066240 0 0 181 
nomask -4.781434e-29 1395783710883316713601615235341352960 4066272444353711236047911008734281728 278 0 
nomask 2.2730714e+31 0 226273620333432604513542276720361472 278 181 
