nomask 0.99609375 57 19 181 172 
nomask 3.0027513e+29 5292684850727616912731723005952 0 0 217 
nomask -4.801232e-29 1079574182992747174940217704448 19993159467949518577880530944 232 0 
nomask 2.2571634e+31 0 16089234975069396079217611898880 232 217 
nomask 1.9296839e+31 337550464744980932084902133760 0 0 217 
nomask -1.200308e-29 1075139649469374917471941689344 4983405606219846681623015718912 232 0 
nomask 8.96552e+31 0 236315487411712898724003840 232 217 
nomask 1.9217613e+31 1308938526325277036639156460060672 0 0 217 
nomask -3.013096e-30 14820833033687526277120 319890487440096873326525284352 232 0 
nomask 8.965769e+31 0 14769704281296388218683392 232 217 
nomask 1.9217613e+31 21170739402910467650926892023808 0 0 217 
nomask -1.2102072e-29 66635265113311618901852815360 19993161469421250575366881280 232 0 
nomask 3.586208e+32 0 973858727569665180183822336 232 217 
nomask 3.1127486e+32 85491935685306195967391825920 0 0 217 
nomask -1.8909488e-31 1075104453671978090006164013056 78659990537530693874172175581184 232 0 
nomask 3.586506e+32 0 249312029342584552858448822272 232 217 
nomask 1.2011201e+30 1340909894569905270934879600640 0 0 217 
nomask -3.025566e-30 251559349973214054926254080 5051091089040608267380644118528 232 0 
nomask 1.4344834e+33 0 1038273649329447699665237313585152 232 217 
nomask 7.7501797e+31 86061624859221089563508211712 0 0 217 
nomask -1.8889078e-28 978406521398481431560192 1285412416060320120832 232 0 
nomask 2.2728233e+31 0 1001428599382848289163687493632 232 217 
nomask 4.8242088e+30 21170741594088515702442271178752 0 0 217 
nomask -4.7617893e-29 4199694711514587886365179904 1254378247557129777534254186496 232 0 
nomask 9.027912e+31 0 3960826994706482594773467136 232 217 
nomask 1.8767798e+28 21313222946663065489971821412352 0 0 217 
nomask -2.9762622e-30 267663080562476854701249789952 314673672442139819623910796689408 232 0 
nomask 5.697211e+33 0 4055886586391056481369777504256 232 217 
nomask 1.8844569e+28 5400104067766270376921725403136 0 0 217 
nomask -1.8732535e-28 1110025767124876750568203164319744 315750707356728696479053512704 232 0 
nomask 9.027169e+31 0 16089764772642742741844491239424 232 217 
nomask 1.21593615e+30 86414030611496828928 0 0 217 
nomask -1.8014614e-34 267662943613848851481538592768 19986470549421182978497708032 232 0 
nomask 3.6113663e+32 0 16223553518838913404470189621248 232 217 
nomask 7.3009464e+25 339785500591150478576567975936 0 0 217 
nomask -2.8898366e-30 4372078101571389118984539340800 1262641219526151336062326145024 232 0 
nomask 2.2887318e+31 0 3895499958109950639041675264 232 217 
nomask 1.25044366e+30 84682966376354062809769084715008 0 0 217 
nomask -7.429536e-28 267662943613848851481538592768 5031339669329921137201643520 232 0 
nomask 3.585415e+32 0 250361264871593059122858164224 232 217 
nomask 1.2110037e+30 1341367439936064027989989392384 0 0 217 
nomask -1.1855554e-29 17273201170541267133893447778304 19451943456869292456672646559432704 232 0 
nomask 5.7210547e+30 0 3338909925257510912 232 217 
nomask 4.6341474e+27 340431754212275156605206528 0 0 217 
nomask -4.7420677e-29 1075122256993618508568619646976 78672607302952442636768188039168 232 0 
nomask 2.2887932e+31 0 16089500386232832801887557255168 232 217 
nomask 1.1633349e+27 337515234710427103814196658176 0 0 217 
nomask -3.0601669e-27 4282539445199348033167286075392 1250131488585521501057638484410368 232 0 
nomask 9.027661e+31 0 4022440168407158902748111437824 232 217 
nomask 1.1961876e+30 86237906831670794562568192 0 0 217 
nomask -1.20032726e-29 268784826774451227355665924096 79421224403745838832059154432 232 0 
nomask 3.586109e+32 0 14706172213022255118024704 232 217 
nomask 1.19618775e+30 328057663298538521889656879846522880 0 0 217 
nomask -1.20525764e-29 3721926130412076138496 19938364984201337122308692639744 232 0 
nomask 9.028903e+31 0 957509830818826962773999616 232 217 
nomask 7.7503035e+31 84689715204742061477136881942528 0 0 217 
nomask -4.8210306e-29 17273196788185171030862689468416 314707251565705435563867435433984 232 0 
nomask 9.028654e+31 0 997247989276147363594668867584 232 217 
nomask 7.750304e+31 336425168550671459969132346212352 0 0 217 
nomask -7.5328603e-31 4300489027974474034274478587904 19937307438561697362480956702720 232 0 
nomask 9.092782e+31 0 249311997319036840898667216896 232 217 
nomask 2.990469e+29 337383318944503002427385970688 0 0 217 
nomask -1.2052768e-29 978407566233594981515264 78659982339502479612468084604928 232 0 
nomask 3.5862082e+32 0 4187345303354719057416720773808128 232 217 
nomask 1.9375759e+31 84126564916968437612571028094976 0 0 217 
nomask -7.5555084e-28 1023680763298635460038885376 79121039044977475585048576 232 0 
nomask 5.7215177e+30 0 1005609273536644638652269330432 232 217 
nomask 1.2060522e+30 5273237343579994126887094107242496 0 0 217 
nomask -4.7617896e-29 17201956111897896137097914351616 4950879929279763370642067423232 232 0 
nomask 3.6111647e+32 0 64357993346903116945846138044416 232 217 
nomask 4.672607e+27 21171861286071070026801019355136 0 0 217 
nomask -1.2003848e-29 1070634655876895003462254723072 79214078868476213930273078771712 232 0 
nomask 2.2626583e+34 0 965692660357123810953003008 232 217 
nomask 1.892164e+28 336407183361253053130900242432000 0 0 217 
nomask -7.524568e-28 17907175907184870218568713986113536 78687347357681685180723763347456 232 0 
nomask 1.4239851e+33 0 1046836719344034048915976560312320 232 217 
nomask 3.0151303e+29 1314125481905035559818934353920 0 0 217 
nomask -4.5225346e-35 17058340824683479690359651434496 20068181468699657502720 232 0 
nomask 1.4243435e+33 0 16749383312114099080663130385154048 232 217 
nomask 4.525386e+24 1341332244138667200524211716096 0 0 217 
nomask -1.1658145e-29 4476937577840774658754066794938368 79209856883945869152666225999872 232 0 
nomask 2.2728238e+31 0 64625597482887154621635830480896 232 217 
nomask 1.2553761e+30 5328865582657043534672329441280 0 0 217 
nomask -1.16849174e-26 3964785392093785726386176 1229127936374631185416668053504 232 0 
nomask 8.962545e+31 0 957510268640768337224138752 232 217 
nomask 7.5379453e+28 20948210740238021586523712905019392 0 0 217 
nomask -1.1806249e-29 290030239886238110708180913003429888 19593798464372236995019466935894016 232 0 
nomask 5.720745e+30 0 16749119925863631280634095500001280 232 217 
nomask 1.1585368e+27 5356166453139200534380544 0 0 217 
nomask -4.702471e-29 4440104470853457755242655316443136 310366887507946718949940966457344 232 0 
nomask 2.2728857e+31 0 16022607550265037644644225122304 232 217 
nomask 2.90829e+26 5309710326072757667742910712381440 0 0 217 
nomask -7.6505405e-28 277520027085117107037401551732736 4898179933756922895737089979056128 232 0 
nomask 3.611164e+32 0 4170288157930997585416871936524288 232 217 
nomask 1.20112e+30 329568323849616045099204296572928 0 0 217 
nomask -3.0008663e-30 1110025206183296449380266100654080 80161827800363027832766464 232 0 
nomask 1.4344437e+33 0 67271564081094496604653661175414784 232 217 
nomask 1.9297151e+31 325018035867910346202235973664768 0 0 217 
nomask -1.2102072e-29 17833655538021114720409527582195712 77073401543139983496333267828736 232 0 
nomask 3.5862086e+32 0 4118644252897788838887154281086976 232 217 
