nomask 0.99609375 59 73 261 352 
nomask 0.7109375 37 20 58 55 
nomask -7.618863e-28 1476761729345646092682956636160 156254496495122082376732442099712 320 0 
nomask 5.721517e+30 0 511959882549655330323584314769408 320 428 
nomask 7.4453434e+28 1849919256481489504360139325440 0 0 428 
nomask -4.7419143e-29 5931611912247835005990238945280 616341301117374597406351635251200 320 0 
nomask 2.2728855e+31 0 487591308093480058013683286016 320 428 
nomask 2.9781378e+29 453146576227293637986138193920 0 0 428 
nomask -4.801309e-29 86746067649350179980574720 2490694340566914907358711775232 320 0 
nomask 9.0286555e+31 0 31998004016085689201886339530752 320 428 
nomask 2.990469e+29 116011822017707363542451596820480 0 0 428 
nomask -1.2102265e-29 23170736821536735063766466560 2465698164400885011563445766586368 320 0 
nomask 1.4243025e+33 0 2073171908257296726833517438173184 320 428 
nomask 7.750304e+31 7399678537083232535727025684480 0 0 428 
nomask -7.53298e-31 1489068216400004388109848412160 39321279196947914432915169083392 320 0 
nomask 2.2731335e+31 0 123446021744426471304376352768 320 428 
nomask 2.990517e+29 115993156203052513667994133463040 0 0 428 
nomask -1.20032726e-29 361465443572738871440818831360 9698899097880742377804437389312 320 0 
nomask 2.2730095e+31 0 526383327249569834501989718055452672 320 428 
nomask 1.2011199e+30 7448416381500996310905305169920 0 0 428 
nomask -4.7617125e-29 1482902789167299436711751188480 622706113392358543314615533568 320 0 
nomask 9.064392e+28 0 31998531542200757604213871083520 320 428 
nomask 4.8242082e+30 1830786622677181813438295520051200 0 0 428 
nomask -4.7419143e-29 5980933818952200098888548352000 157746288303334516452631773184 320 0 
nomask 3.5859104e+32 0 7966645828682363242865496162304 320 428 
nomask 3.0027998e+29 465514217927605095318547333120 0 0 428 
nomask -1.18056745e-29 372273193176428827566239907840 155157500885905203066110199463936 320 0 
nomask 5.722138e+30 0 32130463600289224891300545822720 320 428 
nomask 7.5069987e+28 7300641067204490336305393172480 0 0 428 
nomask -4.623432e-29 98390985336086506523773808169451520 9633706167453419323879034191872 320 0 
nomask 3.6856602e+26 0 7933532448511120321668058185728 320 428 
nomask 4.824206e+30 1866865840491627752194048000 0 0 428 
nomask -1.1886276e-26 95300396072745771204759666032640 616424347067627204742878901305344 320 0 
nomask 9.124109e+28 0 31998523457509338931381265235968 320 428 
nomask 4.6726804e+27 1879145284619173989418270720 0 0 428 
nomask -1.1261798e-29 370731671085425689279133122560 39426406997511811464739946496 320 0 
nomask 5.781302e+27 0 29006207893114797646938112 320 428 
nomask 2.8166984e+23 116011797839190971249868102696960 0 0 428 
nomask -7.460845e-28 95694977371009790021092014817280 39060507475238622217213556293632 320 0 
nomask 3.625369e+29 0 487599266461595314083279667200 320 428 
nomask 7.507117e+28 456362885591446495948282265600 0 0 428 
nomask -7.6720914e-25 5907047672961221629875060736000 2407906342499884600896776044544 320 0 
nomask 2.3117335e+28 0 441402409475750880083968 320 428 
nomask 4.6534134e+27 7300641067204490336305393172480 0 0 428 
nomask -1.8651499e-28 23825484363291444964239354101760 39322309995103795219072414646272 320 0 
nomask 3.62566e+29 0 1950364979727313398528714211328 320 428 
nomask 2.7695679e+23 7418347061195851956643430400 0 0 428 
nomask -7.5873084e-28 22592723591252068179902464000 616391038138982272672542809391104 320 0 
nomask 1.4402828e+30 0 126936486837412250455358507581440 320 428 
nomask 2.9904682e+29 462503992636764668673528954880 0 0 428 
nomask -1.18054826e-29 363012774174515939391538462720 618452997251271257930397122560 320 0 
nomask 9.02816e+31 0 7424959084471516297760342016 320 428 
nomask 1.1961876e+30 7151697628334781726265421332480 0 0 428 
nomask -1.2052768e-29 21497994070207994894745600 39060499390547203544380950446080 320 0 
nomask 3.5861092e+32 0 1966857118604888893229595885568 320 428 
nomask 1.929684e+31 7349965240644767206633405153280 0 0 428 
nomask -4.8211076e-29 90367848438626821798447022080 618550455679857290592200425472 320 0 
nomask 9.028407e+31 0 121901821997840569633595195392 320 428 
nomask 1.929684e+31 1849773807593817119287557488640 0 0 428 
nomask -3.0131441e-30 382779933662555552376951553392640 39058437794235441972066459320320 320 0 
nomask 1.4405155e+30 0 127464304001371725004863870861312 320 428 
nomask 1.853629e+28 115589576907692035029671608320 0 0 428 
nomask -1.9126043e-28 1369756155897995482711982080 38657362569120253584640835584 320 0 
nomask 5.721982e+30 0 8123274411934118735879733776482304 320 428 
nomask 2.9904686e+29 116822660654181091476218776125440 0 0 428 
nomask -1.2139497e-26 5882191024741988965328250470400 618583047092138815448642748416 320 0 
nomask 3.6252716e+29 0 128521878655231155583700000833536 320 428 
nomask 7.4453425e+28 7300447639073351995637440184320 0 0 428 
nomask -7.587063e-28 369196358906347524575482347520 2480890248848825202222563328 320 0 
nomask 3.625369e+29 0 487599234880769459892527300608 320 428 
nomask 1.1125493e+24 29204120760810715180284006891520 0 0 428 
nomask -2.997009e-27 23726453693620438097106829312000 9727948800884340714430121061122048 320 0 
nomask 5.7213623e+30 0 7900414015407740729950241554432 320 428 
nomask 7.2708427e+25 459348365681916685652380876800 0 0 428 
nomask -1.8128212e-25 24294305566442092431410865960386560 38003943407806525742453157265408 320 0 
nomask 3.6606294e+26 0 32900017629771742941889671028801536 320 428 
nomask 1.1585172e+27 7223122482959517634266676466810880 0 0 428 
nomask -2.8401971e-30 6174887857000589522825117192683520 39063624123780520594183110524928 320 0 
nomask 9.273183e+25 0 32900547468108557084647327853969408 320 428 
nomask 1.7383857e+22 7420243386486629298549555200 0 0 428 
nomask -2.8704965e-27 23726444626676790987388019015680 2473877424476254914960492068864 320 0 
nomask 5.8192305e+27 0 122415247274165075790195064832 320 428 
nomask 2.8872103e+23 1830934982053764920730615461969920 0 0 428 
nomask -1.1861354e-23 5906853111462127400492256460800 9764610459145287827120690561024 320 0 
nomask 5.719966e+30 0 7867429485005982907022459273216 320 428 
nomask 2.8963414e+26 1793252860970442498525357932544000 0 0 428 
nomask -7.429291e-28 1600166939786861684668661511948861440 9593902806191867367110664939110400 320 0 
nomask 3.6245953e+29 0 528553677536744766773041488149348352 320 428 
nomask 1.11256774e+24 116036617086267659586824820490240 0 0 428 
nomask -7.5241995e-28 396809250674934221900954282795991040 38370296283951302598904914728976384 320 0 
nomask 5.761131e+30 0 31602193693610304663169255079936 320 428 
nomask 1.8101843e+25 460877968142127742325396676280320 0 0 428 
nomask -1.21396934e-26 1470572218043878506094269562880 612252064197809878674313943449600 320 0 
nomask 2.2726372e+31 0 8225134797346136090916684866519040 320 428 
nomask 7.4453434e+28 457783456543143783734317783449600 0 0 428 
nomask -1.18054826e-29 99202263151131984060027574734028800 9831876102335073128505417924608 320 0 
nomask 3.585911e+32 0 131055413266290058454648644618420224 320 428 
nomask 4.8242874e+30 28892489931838070537066705867243520 0 0 428 
nomask -1.2052961e-29 1537433518992774356420793676595200 2431986941510959781076886878158848 320 0 
nomask 3.5861092e+32 0 127464304001371725004863870861312 320 428 
