nomask 0.99609375 76 92 269 371 
nomask 1.8767495e+28 7221732121552895241545430387916800 0 0 428 
nomask -1.2089011e-26 369190432336411523170739159040 156246217771109361396144054206464 320 0 
nomask 9.027166e+31 0 8191357603374234490116062262067200 320 428 
nomask 1.8613662e+28 116027284178940234649596088811520 0 0 428 
nomask -1.8968272e-28 96881858428303746432797423697920 38791440860133771675258343915520 320 0 
nomask 2.2726995e+31 0 1983382985804476663654005080064 320 428 
nomask 7.445344e+28 28708517276482533710039613440 0 0 428 
nomask -4.8013858e-29 5110632784269347389440 618453060412922966311901855744 320 0 
nomask 9.028408e+31 0 474149708233381231659581440 320 428 
nomask 3.0028484e+29 7300063049546987091731236782080 0 0 428 
nomask -7.6253035e-31 5981032044175043787508993228800 622706113392358543314615533568 320 0 
nomask 2.2256583e+31 0 8258911473897786896656020696727552 320 428 
nomask 1.2400289e+33 7400454516343697675828540211200 0 0 428 
nomask -1.1866389e-32 382773623069777164012659587153920 9830580530535230807080330854400 320 0 
nomask 5.643839e+30 0 7933531943217906654616020320256 320 428 
nomask 1.9059465e+31 7349576873225216007011030794240 0 0 428 
nomask -3.0254217e-30 367643030899137212175341322240 9863055507090943937387464381956096 320 0 
nomask 2.241442e+31 0 518301417482165276145619864387584 320 428 
nomask 7.623539e+31 1837393651622326057395332055040 0 0 428 
nomask -1.9125427e-28 22880957656752594665812787200 9943627996480530494259200 320 0 
nomask 1.4205918e+30 0 32130461579116370223092394360832 320 428 
nomask 4.8044797e+30 1849871088343364233978959626240 0 0 428 
nomask -2.9760224e-30 6005597416829613052339022725120 2490629915682172358223883927552 320 0 
nomask 2.2730712e+31 0 1983415071923544521458409537536 320 428 
nomask 7.445344e+28 117932035966022279493247303680 0 0 428 
nomask -4.7815108e-29 369184411319145864373091696640 38524456053069229387699137282048 320 0 
nomask 2.2730093e+31 0 514070892495367830990962380767232 320 428 
nomask 3.0027513e+29 7374247108105378644775674304266240 0 0 428 
nomask -3.0349234e-27 1543722060964212949876613274664960 616540766624056093532403106054144 320 0 
nomask 9.187216e+28 0 31601666167495236260841723527168 320 428 
nomask 3.002847e+29 116690978593009138967511040 0 0 428 
nomask -1.8214056e-31 1543746529622801949971109327667200 39053239337653235340700899344384 320 0 
nomask 1.4503418e+30 0 128521894824613992929365212528640 320 428 
nomask 4.6534143e+27 7419487069979607206933299200 0 0 428 
nomask -4.6431535e-29 1495257916596431289484344033280 9829279905803251815134865129472 320 0 
nomask 9.126289e+28 0 472144603357492352982712320 320 428 
nomask 7.240855e+25 29002949459797742812467025674240 0 0 428 
nomask -3.0223016e-27 6149633493342905488535839152537600 9765645299646877949694239047680 320 0 
nomask 1.4501476e+30 0 127996179680423373316337369612288 320 428 
nomask 2.9904679e+29 115244371728899604649764622172160 0 0 428 
nomask -2.9969107e-27 94902719924383538937740069437440 37996671227875429529524197392384 320 0 
nomask 1.440128e+30 0 27341889160568822038528 320 428 
nomask 4.6340715e+27 29197903859783346949753080381440 0 0 428 
nomask -7.555631e-28 24800969665720812870321579522785280 9727947766043839124307547512635392 320 0 
nomask 5.7216724e+30 0 126936535345560762492354142666752 320 428 
nomask 2.8962952e+26 465513981809280951836286648320 0 0 428 
nomask -1.21396934e-26 22689061343242134839025991680 154540795579641394143088602148503552 320 0 
nomask 9.090796e+31 0 7900543370470439495271935115264 320 428 
nomask 7.445344e+28 7301029434624041535927767531520 0 0 428 
nomask -4.741991e-29 23726450671305889060533892546560 9697338752436938521111508811776 320 0 
nomask 9.091294e+31 0 121382420050223157877109948416 320 428 
nomask 1.1961876e+30 448226172583598371330760638464000 0 0 428 
nomask -4.801309e-29 1325962052081407880069120 38796615062641722288126086348800 320 0 
nomask 3.5861092e+32 0 489644503905564415588044898304 320 428 
nomask 1.2060525e+30 1843561583598213522853250623078400 0 0 428 
nomask -1.21511825e-29 23726453693620438097106829312000 2449008256791239514697255773798400 320 0 
nomask 5.643063e+30 0 7900674746705992928801780137984 320 428 
nomask 7.718612e+31 116005559781961759763326618828800 0 0 428 
nomask -1.883185e-31 5906949447738377941254615859200 622722345936847597361331961856 320 0 
nomask 1.4207857e+30 0 31602183587746031322128497770496 320 428 
nomask 2.9657585e+29 28804090229414783422946670018560 0 0 428 
nomask -1.2101879e-29 361465419960906457092592762880 155182337057943366007875363143680 320 0 
nomask 2.2572255e+31 0 8225003372602434145349844208713728 320 428 
nomask 4.745059e+30 115241180164735822028743397867520 0 0 428 
nomask -1.2088616e-26 5906755641817920971015045775360 9729533335851192543654969344 320 0 
nomask 3.6253683e+29 0 127994101914728774398357666791424 320 428 
nomask 2.9904682e+29 29203347048286161817612194938880 0 0 428 
nomask -4.722116e-29 5956371090822861241059838525440 2457774487696506467091776274432 320 0 
nomask 5.7216724e+30 0 7933529922045051986407868858368 320 428 
nomask 7.1504224e+25 465574664218585826777282641920 0 0 428 
nomask -7.6191084e-28 23726839038725440260156266905600 616440839838121297321394830311424 320 0 
nomask 3.5858113e+32 0 2056316943587647605416846461763584 320 428 
nomask 1.16331624e+27 464121564473186576986300334735360 0 0 428 
nomask -3.030113e-24 1531070410476781932637478201589760 154135175486631186037435564818432 320 0 
nomask 5.7796347e+27 0 8191227730891284929733081926991872 320 428 
nomask 1.8613349e+28 114436555406974913288934208307200 0 0 428 
nomask -4.514995e-32 1537433132136512079739457770618880 9831616381623248263757955072000 320 0 
nomask 1.4645556e+27 0 2047873033159860301512655891333120 320 428 
nomask 1.1172527e+24 465623162922364898033627299840 0 0 428 
nomask -1.8019184e-28 385942846284413306686735321661440 624885073653565348138889634643968 320 0 
nomask 5.7809994e+27 0 30733166881240034269242327040 320 428 
nomask 7.39126e+25 1818258089195220350034312523939840 0 0 428 
nomask -7.5105327e-25 381195491304852227087998145003520 9661192274967263497333081735430144 320 0 
nomask 9.185762e+28 0 127462210066294288741218956345344 320 428 
nomask 4.653337e+27 1818506837771864256133300066713600 0 0 428 
nomask -1.8493728e-28 99202300289333162621435821707755520 2415364039823792244647334149881856 320 0 
nomask 3.624789e+29 0 32764385224590331936664965076746240 320 428 
nomask 4.487902e+24 29403744636774580822757364203520 0 0 428 
nomask -7.492645e-28 6149635814480479148623854588395520 2431920453008732615701536387891200 320 0 
nomask 2.288607e+31 0 31601674252186654933674329374720 320 428 
nomask 1.12666134e+24 7273033904205930506862593719664640 0 0 428 
nomask -4.835604e-26 1489092867153044967657863905280 9796034062005459648911596643680256 320 0 
nomask 2.272575e+31 0 33035647965272150766869229883883520 320 428 
nomask 7.4453434e+28 114768195481508712759425656674058240 0 0 428 
nomask -4.7024715e-29 99202287909932769767633072716513280 616557130039487487345597341499392 320 0 
nomask 9.027664e+31 0 8157451571759884919055032871026688 320 428 
nomask 1.20112e+30 7274027351087457024533200266854400 0 0 428 
nomask -4.8211073e-29 6149634653911692318579846870466560 153067171580841667504537891504128 320 0 
nomask 3.5861092e+32 0 126932387898862983329227342872576 320 428 
