nomask 0.85546875 0.2937651574611664 0.30746063590049744 0.5155866146087646 0.6559258699417114 
nomask 0.01171875 0.058698445558547974 0.03726828098297119 0.5471967458724976 0.5930542945861816 
nomask 0.01171875 0.0066178590059280396 0.18183964490890503 0.279674768447876 0.6895279884338379 
mask 0.00390625 0.5105543732643127 0.11874300241470337 0.990176260471344 0.7986928820610046 
mask 0.00390625 0.24859845638275146 0.3049774467945099 0.9122539758682251 0.8854376077651978 
mask 0.00390625 0.0 0.2178773581981659 0.4868389368057251 0.8982840776443481 
nomask 0.00390625 0.0 0.01539069414138794 0.3570179045200348 0.5569169521331787 
nomask 0.00390625 0.0952012836933136 0.2546267509460449 0.40813741087913513 0.6263175010681152 
nomask 0.00390625 0.018797457218170166 0.31908535957336426 0.4975876808166504 0.5671329498291016 
nomask 0.00390625 0.0 0.008168309926986694 0.6899174451828003 0.41607117652893066 
