nomask 0.99609375 52 5 186 186 
nomask 7.4451017e+28 1318237395137324904368845111689216 0 0 217 
nomask -7.681725e-28 17273475067797273573315842146304 19804567015223425415265891909632 232 0 
nomask 3.551382e+29 0 259572642514920483955620272144384 232 217 
nomask 2.9781378e+29 84948549207257170757057249280 0 0 217 
nomask -4.781357e-29 1070669646251349826098465603584 4983142244563463524379093106688 232 0 
nomask 5.642908e+30 0 58824684942964543914508288 232 217 
nomask 4.7648663e+30 329532248294232924950001889574912 0 0 217 
nomask -1.2052192e-29 3705273815703176085504 317799990245460138783326339072 232 0 
nomask 5.6430644e+30 0 915147540146753009352704 232 217 
nomask 1.9059156e+31 21169054386991516035600321871872 0 0 217 
nomask -7.6819717e-28 4318367945257550374010693353472 1262871532881295750811632009216 232 0 
nomask 2.2570394e+31 0 16223288107675476681800244264960 232 217 
nomask 1.929684e+31 84941958554534515808455884800 0 0 217 
nomask -3.013096e-30 267658646850645250463099781120 1258593296555605289739445992423424 232 0 
nomask 2.2731333e+31 0 62065670432789763683700965376 232 217 
nomask 7.414517e+28 5327457750761170436041222389760 0 0 217 
nomask -4.8211073e-29 62890903225119334685736960 5050959408212416688758682812416 232 0 
nomask 3.586109e+32 0 1042554987584063732009708753518592 232 217 
nomask 1.929684e+31 339767731506667060819040141312 0 0 217 
nomask -1.2088617e-26 242470166717978449543168 321360709199570403328 232 0 
nomask 1.4402826e+30 0 249311949283715272958994808832 232 217 
nomask 1.1961874e+30 84113067260192440277835433639936 0 0 217 
nomask -1.9046851e-28 4336178114329369097451887132672 5017775327131375484667927986176 232 0 
nomask 3.6256596e+29 0 15516671795107404601691734016 232 217 
nomask 2.8601688e+26 1340980833959210938745279741952 0 0 217 
nomask -7.6822173e-28 66635290791179369505548664832 19801416922882095355468934283264 232 0 
nomask 3.5604583e+32 0 1005593261762788658761466642432 232 217 
nomask 1.8613363e+28 5400103519971758364042880614400 0 0 217 
nomask -4.7141206e-26 1114621000550704082148628713439232 313652044157425412191545196544 232 0 
nomask 2.2965614e+28 0 16089764772642742741844491239424 232 217 
nomask 1.8613353e+28 1365972430161746853888 0 0 217 
nomask -4.682673e-29 4300487932385450008516789010432 78908879663902194286154743808 232 0 
nomask 9.1872195e+28 0 16089499361479306019174545883136 232 217 
nomask 1.7951312e+25 21377374836711902223838216192 0 0 217 
nomask -7.3656907e-28 1070634518928267000242543525888 1254279102653413550050403942400 232 0 
nomask 3.6503217e+29 0 61804346274629779880882995200 232 217 
nomask 2.9324677e+26 21314338256289523711299811278848 0 0 217 
nomask -1.8937577e-25 4318367397463038361131848564736 19994190225891497283350953984 232 0 
nomask 1.4400888e+30 0 250361312906914627062530572288 232 217 
nomask 7.4761696e+28 1341367439936064027989989392384 0 0 217 
nomask -1.2089207e-26 17201681119052865671917830406144 4863120180711585577927988194836480 232 0 
nomask 3.6249814e+29 0 56198970681591941038080 232 217 
nomask 7.15054e+25 21231085884314400418275786752 0 0 217 
nomask -7.61874e-28 69092787152740684123450757873664 314681936054579795421634500755456 232 0 
nomask 5.721827e+30 0 993050790971731642858778656768 232 217 
nomask 4.633997e+27 84935342223944110256158670848 0 0 217 
nomask -4.875915e-26 16309334078775250774027927552 310366920300059575996757330362368 232 0 
nomask 5.681591e+30 0 61804334265799387895964893184 232 217 
nomask 7.4145173e+28 21515960428784222920645804032 0 0 217 
nomask -4.7815108e-29 266545477046499579443097370624 315610892547418280072564441088 232 0 
nomask 5.682367e+30 0 3660593581070929025302528 232 217 
nomask 2.9657585e+29 328066925565912455104873675093966848 0 0 217 
nomask -4.8011553e-29 252650676069976528799137792 314732501492605361612467642302464 232 0 
nomask 2.2730712e+31 0 62064601646884877025989885952 232 217 
nomask 1.9217611e+31 84687436379572087901142560800768 0 0 217 
nomask -3.0600685e-27 4264589314629710019181248774144 78676804693398144629262767882240 232 0 
nomask 5.682212e+30 0 248266700686396905687395336192 232 217 
nomask 1.921792e+31 1332075612474673573804971655168 0 0 217 
nomask -1.2002888e-29 266545494165078079845561270272 4998545555001142323351388160 232 0 
nomask 1.4404765e+30 0 61804342271686315885910294528 232 217 
nomask 7.4145163e+28 1340734052531549136825702416384 0 0 217 
nomask -1.9204929e-28 15722727895950060771344384 79203560798277316163924356235264 232 0 
nomask 2.273009e+31 0 4187345565691621913791251685048320 232 217 
nomask 1.9217611e+31 5310720020917299806029625310576640 0 0 217 
nomask -4.8354468e-26 16518857990242083006081662976 78929478810967912415672401920 232 0 
nomask 1.4402438e+30 0 3988925091936966882354683445248 232 217 
nomask 2.9904684e+29 1318273155163069105099832920375296 0 0 217 
nomask -1.8967658e-28 4282609015102373668780574244864 313643750058568014608109404160 232 0 
nomask 3.6256596e+29 0 257427743205053908744073608429568 232 217 
nomask 2.8601688e+26 5309146306914413677450887168 0 0 217 
nomask -1.9284428e-28 4264587945143429986984136802304 5050957358705363123332660068352 232 0 
nomask 3.5859104e+32 0 3846375335551871334687440896 232 217 
nomask 7.476173e+28 336425168550671459969132346212352 0 0 217 
nomask -3.0559119e-24 17907177029068030820944588113444864 78687347357681685180723763347456 232 0 
nomask 3.624786e+29 0 4204472492731503181416322912223232 232 217 
nomask 1.8536286e+28 329559348784331226092211277922304 0 0 217 
nomask -1.1706683e-29 17129866354117001281123716694016 316540228661401644418727936 232 0 
nomask 9.125806e+28 0 4135902610726001150152212039598080 232 217 
nomask 2.7578073e+23 83835439318136251145678487552 0 0 217 
nomask -2.9589472e-27 4421793935318476228007054610006016 313602599799758146288746496000 232 0 
nomask 9.1874575e+28 0 61279696486577814788896718848 232 217 
nomask 4.691797e+27 5364061380053871000450005729280 0 0 217 
nomask -3.0299619e-24 15859142613210256455499776 4882932621932908801710033469440 232 0 
nomask 1.4400498e+30 0 62064601646884877025989885952 232 217 
nomask 7.4453425e+28 20948210740238021586523712905019392 0 0 217 
nomask -4.8557988e-26 1160120959544952442832723652013719552 19594335730349286850058773155807232 232 0 
nomask 3.624981e+29 0 16749388558852156208153748609957888 232 217 
nomask 7.1203173e+25 5344617071478403857804951552 0 0 217 
nomask -7.58694e-28 1105448834418106745244224317292544 310375347873063837028562853953536 232 0 
nomask 1.4403602e+30 0 258502389931548618486543321923584 232 217 
nomask 4.6147296e+27 1327463622014723768260684018614272 0 0 217 
nomask -4.8759147e-26 1066147397131741506405167792128 77604379632549499808601708953600 232 0 
nomask 2.2726983e+31 0 1042555053168289446103341481328640 232 217 
nomask 2.9657585e+29 20884661388134909854539801690112 0 0 217 
nomask -4.7815108e-29 1114620579844518856257675915689984 316548297094321259285577728 232 0 
nomask 2.2571634e+31 0 67271564081094496604653661175414784 232 217 
nomask 1.1912359e+30 81826669378884798246363932393472 0 0 217 
nomask -4.8209535e-29 4440104751324247905836623848275968 77071302847917132500085977907200 232 0 
nomask 2.2572255e+31 0 4118644252897788838887154281086976 232 217 
