nomask 0.99609375 69 76 137 170 
nomask 1.2109655e+30 17702183831933433221328463200256 0 0 259 
nomask -1.1953969e-29 3482670348136092927688441856 93513725919248602488177950602559488 194 0 
nomask 3.58601e+32 0 77133748286635256062947471917056 194 259 
nomask 1.2060718e+30 4456035067154039253118205558784 0 0 259 
nomask -7.5021653e-31 14623851107743450863448145002496 372993007594482333281198509391872 194 0 
nomask 3.611463e+32 0 1190224666605944271155520077824 194 259 
nomask 1.20605235e+30 276314649723911023836083040095830016 0 0 259 
nomask -3.01324e-30 233017267722342363395026541608960 23550309811874588426931933592682496 194 0 
nomask 3.5862086e+32 0 77453127202032725051273790881792 194 259 
nomask 4.8439397e+30 281351242060307110753709823361024 0 0 259 
nomask -2.9762144e-30 233977879876376692833590775382016 375628391230072863678706434965504 194 0 
nomask 1.424263e+33 0 77453136986776077557178673659904 194 259 
nomask 7.8135613e+31 69566653287961390811192360834170880 0 0 259 
nomask -3.000914e-30 232060378757600992110663109181440 1482073940558427999839853823918080 194 0 
nomask 2.272886e+31 0 1195254101132439747717649924096 194 259 
nomask 3.0027993e+29 4439294035998207778595032489000960 0 0 259 
nomask -1.1855169e-29 14384161635618292919659843813376 23713826806769496065931708920233984 194 0 
nomask 9.09179e+31 0 20236482444064664763180929876230144 194 259 
nomask 7.5378263e+28 4440740626962552086948452501553152 0 0 259 
nomask -1.1904666e-29 58015083695731075907131719811072 23636459017206612221129870278656 194 0 
nomask 9.09179e+31 0 77454369864438493301193903702016 194 259 
nomask 1.9375755e+31 4486172836980761182170041548800 0 0 259 
nomask -1.1953969e-29 233017253064116800567647798296576 5927652004399063930865367558127616 194 0 
nomask 1.4403606e+30 0 1249490277957575360587261852778496 194 259 
nomask 4.6919488e+27 4409638452165931446873802445684736 0 0 259 
nomask -1.1707066e-29 895272311966315930693643796480 5928134822775049982235903361286144 194 0 
nomask 2.2729479e+31 0 1249469769135508508210627549855744 194 259 
nomask 2.9203793e+26 4440619608652305384109547714510848 0 0 259 
nomask -1.13615565e-29 15035347699475621438859127155589120 5887898079438822020224182271344640 194 0 
nomask 5.721055e+30 0 20073287328087081158428178417451008 194 259 
nomask 3.0521707e+29 4456152791028090710503737786368 0 0 259 
nomask -4.7027782e-29 234938462713959896617397522530304 23795512466587433831475649183744 194 0 
nomask 1.4060353e+36 0 74079608709761947886849884160 194 259 
nomask 1.8403483e+25 4439655214676075845207267706142720 0 0 259 
nomask -7.194137e-31 58015094689400248027665777295360 5886772755675337021115423726239744 194 0 
nomask 1.4502259e+30 0 5018400736192164897224019327057920 194 259 
nomask 7.5718904e+25 280249467207065400568800473149079552 0 0 259 
nomask -1.8336875e-28 58254291278690855900843834605568 379378617640151710531795812352 194 0 
nomask 5.721209e+30 0 4997960798718514162160091162214400 194 259 
nomask 1.2208683e+30 4410120180090828205848822663872512 0 0 259 
nomask -1.8890307e-28 3758957239584325046839506896945152 92882803162984723499824767949602816 194 0 
nomask 3.584821e+32 0 77132520301344516571884683264000 194 259 
nomask 3.0398408e+29 4485584217610503895242380410880 0 0 259 
nomask -7.4097206e-31 53046090716668374051454976 378123148534201179211239073513472 194 0 
nomask 3.5862094e+32 0 4860856852553909516618793222144 194 259 
nomask 4.7496765e+27 4440258429974437317497312497369088 0 0 259 
nomask -1.1904665e-29 3758896261365983684943934717427712 93912117380858051448881473912832 194 0 
nomask 3.58601e+32 0 1254600105770094404258765769539584 194 259 
nomask 4.8242097e+30 1124573715070932799205670912 0 0 259 
nomask -3.0009143e-30 3743585568866903733918000012591104 372982831461395727140120420155392 194 0 
nomask 3.5860105e+32 0 19123443063823232775284232028160 194 259 
nomask 1.2060524e+30 17516072021176830263096690432016384 0 0 259 
nomask -3.0256141e-30 57535708416037150726399803260928 23549666054039940358437885855137792 194 0 
nomask 5.656804e+33 0 18675841746914334740007878656 194 259 
nomask 1.9454679e+31 71763718723151936610440654618624 0 0 259 
nomask -2.9762144e-30 217666729008426887684292608 6054912761577471739953152 194 0 
nomask 1.424263e+33 0 4840975477154536581135098445824 194 259 
nomask 7.7818705e+31 4456035067154039253118205558784 0 0 259 
nomask -1.883275e-31 235891584514731621265423923675136 376794986735245502928451010560 194 0 
nomask 9.028411e+31 0 4571343228945858072839979008 194 259 
nomask 1.2060523e+30 69844282718601942673518871183360 0 0 259 
nomask -1.19048576e-29 14264317815694811624476864675840 92877643080730345985825786084458496 194 0 
nomask 3.6114626e+32 0 1249450199648803496400861993631744 194 259 
nomask 1.2109847e+30 4440619608652305384109547714510848 0 0 259 
nomask -3.000914e-30 898995444000580480099996925952 92622106602007025455040890404864 194 0 
nomask 1.4243028e+33 0 1210243945731941586736156508160 194 259 
nomask 1.9454676e+31 1131759233784790715000160256 0 0 259 
nomask -7.5021653e-31 14047711004935870963601375232 1507101974767391730284269404160 194 0 
nomask 2.272948e+31 0 1249449729981122576117427620282368 194 259 
nomask 1.8999001e+28 282247282440389441397131837440 0 0 259 
nomask -1.8215554e-31 887767071443373893599274991616 1502151607694195556281402011942912 194 0 
nomask 2.2888559e+31 0 18597259221291200464111534080 194 259 
nomask 1.8403189e+25 278282073475511188537677589774336000 0 0 259 
nomask -1.0884832e-38 3758836690337296354476721895899136 1471934598106827280964123833139200 194 0 
nomask 5.5853706e+36 0 4977361174233350530728476058583040 194 259 
nomask 3.0768335e+29 68898702574882292711855904260096 0 0 259 
nomask 1.21736155e+36 58254302272360028021377892089856 5909270087102374086522481672192 194 0 
nomask -1.18663855e-32 0 73765259496442550420169031680 194 259 
nomask 1.3537504e+33 1139059158052472272826925056 0 0 259 
nomask -1.8915182e-31 58015072702061903786597662326784 5987387197203564509773195902976 194 0 
nomask 3.625372e+29 0 4629974947146782356581384192 194 259 
nomask 2.1940872e+31 281290967436792764572317322838016 0 0 259 
nomask -2.8224341e-33 3482499019388822331800420352 1471532562571959518344300246073344 194 0 
nomask 5.7612913e+30 0 312367481422850537076276418576384 194 259 
nomask 3.0645008e+29 4379259572851482960975862396092416 0 0 259 
nomask -1.0976832e-35 60141394550408229839245466910326784 23222627054461528597415035217641472 194 0 
nomask 1.4342075e+33 0 19745285196650995536175906164834304 194 259 
nomask 7.6304286e+28 17705934505399321676864408256512 0 0 259 
nomask -1.8370527e-31 928211553617353549280501106212864 5845892880728035550987567396552704 194 0 
nomask 3.5861107e+32 0 4780938738129398475250592645120 194 259 
nomask 7.4213686e+25 279392228846737482894181096488960 0 0 259 
nomask -1.2003656e-29 55487284979411272671256641536 93263330188126794919723988418560 194 0 
nomask 5.6564866e+33 0 1254579753503921191976609591066624 194 259 
nomask 1.9454986e+31 17515113255959216849907847855603712 0 0 259 
nomask -7.53322e-31 3774205781207018609779569957273600 93909612486559809937231482716160 194 0 
nomask 1.4243028e+33 0 4997801424818788545981360472326144 194 259 
nomask 1.9375759e+31 69572462166853232547459790612201472 0 0 259 
nomask -7.5948497e-31 3758896730429201695420054503424000 92877693178616310816058785908391936 194 0 
nomask 2.2465594e+34 0 78411263948225132016252747776000 194 259 
