nomask 0.99609375 77 79 275 358 
nomask 3.0274616e+29 1805383319358521256834693679022080 0 0 428 
nomask -1.9047157e-28 91526894262266140345583534080 626910342415023541414170460160 320 0 
nomask 2.2728233e+31 0 8191356568533732899993488713580544 320 428 
nomask 7.476292e+28 114442708839396751751433462743040 0 0 428 
nomask -1.185517e-29 385942918819962483564485804032000 154114365490919522166308113219584 320 0 
nomask 2.2728857e+31 0 127464295916680306332031265013760 320 428 
nomask 1.20111986e+30 455738712294629893466133309371187200 0 0 428 
nomask -4.801309e-29 354510519121044124844687360 2482787003023893500681738700980224 320 0 
nomask 2.2730095e+31 0 8098456111106336770411045322752 320 428 
nomask 1.2060524e+30 1843711296971714598530246235914240 0 0 428 
nomask -1.9047158e-28 23924132710171998704895378063360 155186541097481075880830403870720 320 0 
nomask 2.2728852e+31 0 129047561460656100505397420359680 320 428 
nomask 1.9376066e+31 29402197211725474097413740298240 0 0 428 
nomask -4.801309e-29 95300383983487575058467918970880 156229611814935407397971643334656 320 0 
nomask 2.2728855e+31 0 511968225951199400686833549443072 320 428 
nomask 7.445344e+28 7273231200899691614343905767587840 0 0 428 
nomask -1.20032726e-29 95695001549526182313675508940800 9796035096845961239034170192166912 320 0 
nomask 9.092038e+31 0 134306493022257625694650335460589568 320 428 
nomask 1.2011199e+30 7374450594499336179158360847810560 0 0 428 
nomask -1.9047157e-28 375355765121786817175932108800 39434539060169265583474343936 320 0 
nomask 3.62566e+29 0 31998529521027902936005719621632 320 428 
nomask 1.2060715e+30 7324337234284014878905100675317760 0 0 428 
nomask -7.3783063e-31 24121427892775831667920957603840 156233767346324605233931048976384 320 0 
nomask 5.7221385e+30 0 8065602451646918713961070198784 320 428 
nomask 7.445343e+28 29400646764361818335497179627520 0 0 428 
nomask -4.682673e-29 95694983415638888094237888348160 155169918971924284536992781303808 320 0 
nomask 5.7615966e+30 0 2047873033159860301512655891333120 320 428 
nomask 4.653264e+27 7375043258293144054964968803532800 0 0 428 
nomask -2.984289e-27 25002999932707137824459772972236800 9729278570928884021937130866475008 320 0 
nomask 2.3184714e+25 0 130109348238744659630021196906496 320 428 
nomask 7.4762867e+28 29677951231397480621261455360 0 0 428 
nomask -1.15087006e-29 95696542929946190965873259315200 38905416446685561342177131372740608 320 0 
nomask 1.4548459e+27 0 127992064572491268844540993208320 320 428 
nomask 4.653337e+27 465586895147776459158386114560 0 0 428 
nomask -1.1311102e-29 96485711571103326671683830415360 39055321145693543595096905089024 320 0 
nomask 2.312521e+28 0 7867431506178837575230610735104 320 428 
nomask 6.953548e+22 29200237086615203184060263301120 0 0 428 
nomask -7.4922767e-28 1537433518992774356420793676595200 616507328340348462696745320579072 320 0 
nomask 1.4549211e+27 0 514087643975987321100121696894976 320 428 
nomask 1.2060517e+30 7274028898512506131258543890759680 0 0 428 
nomask -1.193696e-26 387527530427280554901523671285760 153485490072291825305525620620394496 320 0 
nomask 3.6249814e+29 0 31998531542200757604213871083520 320 428 
nomask 7.476291e+28 29092135616823722027450374878658560 0 0 428 
nomask -1.8888771e-28 1543771868707981072598611169116160 9728481743742659627555498531749888 320 0 
nomask 2.288731e+31 0 126934457579866163574374439845888 320 428 
nomask 1.1585182e+27 1849773429804498489715940392960 0 0 428 
nomask -3.0348742e-27 363012892233678011132668805120 612202068466076805877479382188032 320 0 
nomask 1.440244e+30 0 31734123730525917282047778357248 320 428 
nomask 2.9905168e+29 1831133632744443996596603180810240 0 0 428 
nomask -4.7221927e-29 384370783327102835200530904514560 9728213720052747785808949473705984 320 0 
nomask 2.288731e+31 0 31734127772871626618464081281024 320 428 
nomask 2.9904688e+29 7223123256672042187629348278763520 0 0 428 
nomask -4.7815108e-29 24800969665720812870321579522785280 38914990791006273156227601971281920 320 0 
nomask 2.2571636e+31 0 514079332913208925428202885611520 320 428 
nomask 4.8242097e+30 1831084501999134858066943121817600 0 0 428 
nomask -3.0348251e-27 382773840676424694645911034265600 2432053430013186946452237368426496 320 0 
nomask 5.7215165e+30 0 31734643171949567011542704062464 320 428 
nomask 4.8044794e+30 115225705914244754775307158814720 0 0 428 
nomask -1.9204928e-28 382786123362751979278326049013760 2457968772937161448600335548416 320 0 
nomask 2.2728852e+31 0 8259047038003495202713155548479488 320 428 
nomask 4.6148057e+27 7222922865128182866697348983029760 0 0 428 
nomask -1.9126351e-28 23627416979320333156828430991360 155207270246278553023631796994048 320 0 
nomask 2.2729471e+31 0 133223495183085505177019196429565952 320 428 
nomask 4.824209e+30 7274623109731363113790495470387200 0 0 428 
nomask -4.8354468e-26 6200243190142727770943066692648960 38642645607159791057811405447102464 320 0 
nomask 9.125076e+28 0 514087643975987321100121696894976 320 428 
nomask 2.9905162e+29 115231907703699377822973401497600 0 0 428 
nomask -4.7023178e-29 23825484363291444964239354101760 2457968520290554615074316615680 320 0 
nomask 9.125805e+28 0 507737700964401955532176065822720 320 428 
nomask 1.1078639e+24 7301805413884506676029282058240 0 0 428 
nomask -3.0223016e-27 99607942291705999603013392237854720 38913914556884619428751111545159680 320 0 
nomask 9.027414e+31 0 2064761759500873800678288887119872 320 428 
nomask 7.2106335e+25 29009148226937816823560331591680 0 0 428 
nomask -7.557922e-22 98796645907559932786055502186414080 608079781327992552605748985593856 320 0 
nomask 3.6602498e+26 0 2056284475466910215321101377994752 320 428 
nomask 2.8842984e+26 113941003947258221659738061867581440 0 0 428 
nomask -1.7905306e-31 95300402117374869277905539563520 2466162549075973579068325649973248 320 0 
nomask 9.351683e+22 0 2039395490415771318624824995086336 320 428 
nomask 1.7236569e+22 115632054594205447488368803840 0 0 428 
nomask -7.112642e-28 1524781481649081062500322697543680 39056343859158005708421544804352 320 0 
nomask 9.274123e+25 0 31337791945454028345627616739328 320 428 
nomask 7.391376e+25 460927582457764726706726617743360 0 0 428 
nomask -2.991188e-24 23825103551658266356049321656320 9727948800884340714430121061122048 320 0 
nomask 3.660723e+26 0 31469208604464555239635668697088 320 428 
nomask 1.8613649e+28 1818556161945304533003628078694400 0 0 428 
nomask -2.8772231e-30 99202294099632966194534447212134400 9661457194135670568711910148014080 320 0 
nomask 3.6500327e+29 0 132680957283635848435139784233451520 320 428 
nomask 7.1806446e+25 29205674230488919978773504327680 0 0 428 
nomask -7.618863e-28 379610879697534155750960277749760 154110226128913161676013919272960 320 0 
nomask 2.2728233e+31 0 31337270482857523947924539572224 320 428 
nomask 7.180411e+25 1818257895767089211693644570951680 0 0 428 
nomask -4.8557202e-26 94509680006539528773605471027200 612285243771392111979328341803008 320 0 
nomask 3.6252712e+29 0 8225135832186637681039258415005696 320 428 
nomask 2.9781374e+29 1818506644343733117792632113725440 0 0 428 
nomask -4.7023948e-29 6124280481338340900505905088430080 39062585240933221135193259114496 320 0 
nomask 2.2728852e+31 0 2030918335736870432032959179522048 320 428 
nomask 1.1961876e+30 455802243377446019181841132426362880 0 0 428 
nomask -4.8012323e-29 6200242416430203217580394880696320 609618611920348099855312203318034432 320 0 
nomask 9.0286555e+31 0 520420867845718871250238435229696 320 428 
