nomask 0.99609375 79 74 252 346 
nomask 2.99042e+29 452518929287651762201542679194501120 0 0 433 
nomask -1.1953584e-29 23924137243643822259754783211520 9843206381336745428518248522973184 320 0 
nomask 2.2571015e+31 0 32238337108983530415360105775104 320 433 
nomask 1.1961876e+30 1849967991303592719098744668160 0 0 433 
nomask -1.200308e-29 1489116762327448288062645207040 39508425928977463836722902073344 320 0 
nomask 8.965023e+31 0 497466976185395040224758726656 320 433 
nomask 1.9217611e+31 1818357704682756595478308312842240 0 0 433 
nomask -3.013144e-30 23627418490477607675114899374080 9911279848177568202677495672078336 320 0 
nomask 3.5863073e+32 0 520084834447109470295265489453056 320 433 
nomask 1.9296532e+31 7222725568434421759216036935106560 0 0 433 
nomask -4.7815878e-29 95696536885317092892727385784320 623692896745602842392255778521088 320 0 
nomask 3.5860098e+32 0 2097425231468149789062685307961344 320 433 
nomask 1.9375758e+31 7273829280681171363689216406978560 0 0 433 
nomask -3.013192e-30 23825099018186442801189916508160 627981055608577413022702263861248 320 0 
nomask 1.4404768e+30 0 2006553347788173820939682709504 320 433 
nomask 2.9781374e+29 116005571871219955909618365890560 0 0 433 
nomask -4.741991e-29 5906950958895652459541084241920 9979624469826175620472854368223232 320 0 
nomask 9.092037e+31 0 2182755883307472381911413407778603008 320 433 
nomask 7.4453444e+28 29096904780825068954959423754731520 0 0 433 
nomask -4.741991e-29 96091130272839307855351481630720 39517881013370533577412602494976 320 0 
nomask 5.721828e+30 0 8355530185442935126756359827095552 320 433 
nomask 4.8242088e+30 7273232748324740721069249391493120 0 0 433 
nomask -1.1854978e-29 5931611156669197746847004753920 634168628258483436308853161984 320 0 
nomask 3.585911e+32 0 32371818608571592613128910667776 320 433 
nomask 1.215917e+30 29203350070600710854185131704320 0 0 433 
nomask -7.3478516e-31 23924134221329273223181846446080 156991076183105208180214383771648 320 0 
nomask 3.6115624e+32 0 32238333019414156250247350714368 320 433 
nomask 4.691799e+27 1831133632744443996596603180810240 0 0 433 
nomask -2.9392845e-30 99202294099632966194534447212134400 2460734330097120089354966891757568 320 0 
nomask 9.125807e+28 0 2088916178979266915576387576266752 320 433 
nomask 1.9533582e+31 116027332535973019234763077058560 0 0 433 
nomask -7.145309e-34 95696536885317092892727385784320 623659198693959721863154078056448 320 0 
nomask 2.2728877e+31 0 8355530185442935126756359827095552 320 433 
nomask 1.8921931e+28 7350547791774094006066966691840 0 0 433 
nomask -1.7674795e-31 23825095995871893764616979742720 10012163488433825266638417559552 320 0 
nomask 3.6507104e+29 0 495381295804570832719677751296 320 433 
nomask 7.7537376e+28 116810281253788237673469784883200 0 0 433 
nomask -1.1559155e-29 1476761540450986777897148088320 10012687975706061942349254098944 320 0 
nomask 2.272762e+31 0 515804952872548209853035247042560 320 433 
nomask 1.2159361e+30 457820643101355129727731745423360 0 0 433 
nomask -3.0350218e-27 384364545269873623713989420646400 155914766956934937144886479028224 320 0 
nomask 1.4399732e+30 0 1989868032540623103558808502272 320 433 
nomask 3.0151781e+29 29399084227739966427288871895040 0 0 433 
nomask -1.1707066e-29 5906950581106333829969467146240 2511722688455550795334239662374912 320 0 
nomask 5.721984e+30 0 7992841993863336193038340849664 320 433 
nomask 2.9082899e+26 117599443850316275306134482452480 0 0 433 
nomask -1.1855169e-29 366101650479128559977590947840 156986855747511069783851161092096 320 0 
nomask 9.028159e+31 0 8026343234980325026088704016384 320 433 
nomask 1.20605235e+30 117938056983287938290894766080 0 0 433 
nomask -1.20034645e-29 23726449160148614542247424163840 156970023079967006179751331102720 320 0 
nomask 9.02816e+31 0 7892468625536171206856318910464 320 433 
nomask 1.9296839e+31 1818258282623351488374980476928000 0 0 433 
nomask -7.563915e-31 22688680602444453473880637440 628014753660220533551803964325888 320 0 
nomask 5.656963e+33 0 32505291929020906480672205438976 320 433 
nomask 1.9296533e+31 464047239713796669584639399034880 0 0 433 
nomask -4.801386e-29 369184340483648621328413491200 2503172505122687256226407907328 320 0 
nomask 1.4242627e+33 0 8093214850994329408581268406272 320 433 
nomask 1.937576e+31 29202573335761608454940382986240 0 0 433 
nomask -3.025566e-30 23825482852134170445952885719040 9945684471079740734970339000320 320 0 
nomask 2.2730717e+31 0 123847368735829790736296968192 320 433 
nomask 7.4453444e+28 460815829354999550385816778833920 0 0 433 
nomask -4.801309e-29 90367860244543028972560056320 39784844012546657972950212280320 320 0 
nomask 9.028407e+31 0 133686338854938919749465631950372864 320 433 
nomask 1.20112e+30 1843909560806131397714898048778240 0 0 433 
nomask -7.523954e-28 1543721964250147380706279298170880 9879209543295030368415015501824 320 0 
nomask 5.721517e+30 0 522228979311706742252292813094912 320 433 
nomask 1.2011197e+30 116014916867805576993138844631040 0 0 433 
nomask -7.587186e-28 24023166402157554608600839618560 39514732044952426440591205728256 320 0 
nomask 5.7609764e+30 0 520084834447109470295265489453056 320 433 
nomask 1.16333454e+27 464084426272008015578053361008640 0 0 433 
nomask -4.6829032e-29 1470572123596548848701365288960 2494704321745345101794427875098624 320 0 
nomask 3.611264e+32 0 130021192253499870913365352120320 320 433 
nomask 1.8252371e+25 116819589982599270318115022438400 0 0 433 
nomask -7.334996e-28 24598540163071818381044731105771520 619455055944207999309147560476672 320 0 
nomask 2.2882354e+31 0 8286920690565101782938081357201408 320 433 
nomask 1.884486e+28 1805582163477331471041349350850560 0 0 433 
nomask 3.1162904e+38 96091130272839307855351481630720 619471741387254592969188208279552 320 0 
nomask 5.762226e+30 0 33284893376577995529237960004206592 320 433 
nomask 1.1360684e+24 462504087084094326066433228800 0 0 433 
nomask -1.136194e-29 6200340291064559217958379092705280 627913790371511145248107024875520 320 0 
nomask 3.650226e+29 0 8059716677054371199365471535104 320 433 
nomask 8.39779e+31 460915348128470226659478591242240 0 0 433 
nomask -1.153326e-26 23825102040500991837762853273600 2477551162828566926138209285963776 320 0 
nomask 3.585018e+32 0 129487274434286370452515642671104 320 433 
nomask 1.8844862e+28 1818556355373435671344296031682560 0 0 433 
nomask -2.9516103e-30 99202306479033359048337196203376640 155295714510916476952597841687085056 320 0 
nomask 2.2723908e+31 0 33147146734223396562093294108016640 320 433 
nomask 1.1681704e+27 115238133671670393163223138304000 0 0 433 
nomask -1.1756562e-29 6149536392421074041520526752481280 2460330738674722482707395457843200 320 0 
nomask 9.091544e+31 0 128419438795859369530816223772672 320 433 
nomask 2.9324214e+26 7273033904205930506862593719664640 0 0 433 
nomask -1.9047157e-28 23825488896763268519098759249920 9910741726281038060480733760192512 320 0 
nomask 1.424223e+33 0 8355529138513175340487494531547136 320 433 
nomask 1.2060718e+30 1818457126742161702581636148756480 0 0 433 
nomask -1.205296e-29 24699552975427407198025812394639360 157003622981945146746146910109696 320 0 
nomask 3.5606568e+32 0 8252748379740798074040402009128960 320 433 
nomask 1.9296532e+31 113662854971679746763414002728960 0 0 433 
nomask -7.5948493e-31 24496735069091086920687714377400320 152723757765661382964367687942144 320 0 
nomask 2.2303334e+34 0 8184002783994192515269635117940736 320 433 
