nomask 0.99609375 81 108 258 358 
nomask 2.9904686e+29 457646847925527330637575985561600 0 0 433 
nomask -1.9204929e-28 22157646755980086943416320 2503106305218442958463685361664 320 0 
nomask 2.272885e+31 0 491193289217579136274004967424 320 433 
nomask 1.1961875e+30 462491903378568522381781893120 0 0 433 
nomask -1.1953585e-29 23726449160148614542247424163840 39512625916724731407522349449216 320 0 
nomask 9.0286555e+31 0 7959341775138690901266166448128 320 433 
nomask 1.2011394e+30 7152087506911607444174264074240 0 0 433 
nomask -1.2052768e-29 1445837690221892850572685475840 38979730489854772224861405184000 320 0 
nomask 3.5862082e+32 0 2046033674285981396286665589260288 320 433 
nomask 4.8242103e+30 115241252700284998906493880238080 0 0 433 
nomask -7.6502945e-28 1482902978061958751497559736320 39515774885142838544343746215936 320 0 
nomask 1.4403602e+30 0 2039923339288060542402563145728 320 433 
nomask 1.9217608e+31 29395995422270851049747497615360 0 0 433 
nomask -4.781434e-29 366095416955371172045908869120 2519661393241235105535265603584 320 0 
nomask 1.4404377e+30 0 1998210626264876990919358808064 320 433 
nomask 7.4145163e+28 462467724862176229798287769600 0 0 433 
nomask -1.896735e-28 23429733429296948994180477091840 9811939194267044887428832690176 320 0 
nomask 1.4503025e+30 0 8218307531433109187178774352887808 320 433 
nomask 2.965758e+29 1812828845651734736922728202240 0 0 433 
nomask -3.0221542e-27 1512080313560078630050191659499520 154362553264702642511654420480 320 0 
nomask 9.1255605e+28 0 8355531232372694913025225122643968 320 433 
nomask 2.9905164e+29 1843611681484178353086250447011840 0 0 433 
nomask -7.5237084e-28 93453602078402644831601950720 40157981753704807923762331648 320 0 
nomask 5.721672e+30 0 127499306262318132929151107072 320 433 
nomask 1.2011198e+30 1874436460997933498808989122560 0 0 433 
nomask -1.180529e-29 5956371846401498500203072716800 619337407212452017345409973223424 320 0 
nomask 2.2730095e+31 0 129487274434286370452515642671104 320 433 
nomask 4.6339974e+27 7251705261183764665599755550720 0 0 433 
nomask -4.7223465e-29 97579688951940439706815918118010880 613295466172744700807023165440 320 0 
nomask 2.3124602e+28 0 2063253705841165919866654931550208 320 433 
nomask 4.8242073e+30 28906499539797791792095559680 0 0 433 
nomask -1.8730693e-28 1537433422278708787250459700101120 155918954675974082220347661221888 320 0 
nomask 5.7808483e+27 0 2088882546360733781689089956773888 320 433 
nomask 3.0151775e+29 118714839046055166232095621120 0 0 433 
nomask -2.852475e-30 1501423343829136240882441256960 2519398127212773226401658568704 320 0 
nomask 9.188429e+28 0 479705064826784966089113600 320 433 
nomask 4.4878288e+24 116014904778547380846847097569280 0 0 433 
nomask -7.4291684e-28 382779861127006375499201071022080 2503303371342660539834569850880 320 0 
nomask 3.625466e+29 0 128417312219784803672183592189952 320 433 
nomask 3.0027985e+29 453255851787707241576383119360 0 0 433 
nomask -3.0947867e-24 6124381450822795114334576548249600 152702786453910664266159736487936 320 0 
nomask 2.2962587e+28 0 489107928334362285418357981184 320 433 
nomask 1.8690724e+28 29201790556293407982549760737280 0 0 433 
nomask -1.8809578e-28 23825487385605994000812290867200 2494569529538772619678021073240064 320 0 
nomask 1.450264e+30 0 517949130453700475130964611170304 320 433 
nomask 1.7951319e+25 29399860962579068826533620613120 0 0 433 
nomask -7.587063e-28 5906951336684971089112701337600 9909666529417737562356075231969280 320 0 
nomask 3.6256596e+29 0 517957473175223771960984935071744 320 433 
nomask 1.20113905e+30 29679459437192947114201579520 0 0 433 
nomask -1.8967658e-28 94905790595965360095843823124480 2485961041215341608557640417280 320 0 
nomask 2.2728852e+31 0 7825465120909849999477403811840 320 433 
nomask 4.8044797e+30 1793004305821929730767038342758400 0 0 433 
nomask -1.20525764e-29 1458192723203695045952374046720 627997741051624006682742911664128 320 0 
nomask 3.5862086e+32 0 129485156037350552924108521209856 320 433 
nomask 4.8044807e+30 1830835946850622090308623532032000 0 0 433 
nomask -1.9284122e-28 1543771288423587657576607310151680 2503303371342660539834569850880 320 0 
nomask 2.2729471e+31 0 129489392831222187980922764132352 320 433 
nomask 1.9296839e+31 1830984693083467474282279379927040 0 0 433 
nomask -1.2003081e-29 382780006198104729254702035763200 9910741726281038060480733760192512 320 0 
nomask 2.288917e+31 0 1998243470618913254481172889600 320 433 
nomask 7.4454653e+28 462394811523680722476188303360 0 0 433 
nomask -4.7815108e-29 5808109183883960378217107292160 39516817725333250648096286703616 320 0 
nomask 5.722137e+30 0 33147676480681848414139133655515136 320 433 
nomask 1.19618744e+30 1843859849776428844163234130821120 0 0 433 
nomask -2.9969107e-27 23923745853909722023559472087040 156986888464066063104753201577984 320 0 
nomask 9.125319e+28 0 130557220290510440572396672909312 320 433 
nomask 2.9904679e+29 7350547791774094006066966691840 0 0 433 
nomask -7.4921544e-28 384364545269873623713989420646400 623659133260849735221349997084672 320 0 
nomask 1.4303406e+30 0 2071796783547241847091074768568320 320 433 
nomask 4.672606e+27 114761844849107178758615424166789120 0 0 433 
nomask -1.1558387e-29 381201608469499477111622158254080 628031504536377113853648693100544 320 0 
nomask 2.2729476e+31 0 32104851519826094052478545821696 320 433 
nomask 1.1266614e+24 115238109493154000870639644180480 0 0 433 
nomask -2.9591927e-27 24497131209903658242375682097152000 2443581432912781860265964626509824 320 0 
nomask 5.8336623e+24 0 2097459256685342842800807413284864 320 433 
nomask 3.015176e+29 455764114824236029469374239400263680 0 0 433 
nomask -4.250591e-38 384358331391160804520031430901760 39371753469272960574754931450314752 320 0 
nomask 9.12727e+28 0 130021216790916115904041882484736 320 433 
nomask 7.3010613e+25 29204120760810715180284006891520 0 0 433 
nomask -2.728976e-30 24800965023445665550145548651069440 627947357556934292493600563396608 320 0 
nomask 3.6857554e+26 0 522229142894481708856803015524352 320 433 
nomask 1.3335047e+33 116816483043242860721136027566080 0 0 433 
nomask -4.673888e-26 1470572312491208163487173836800 619387856140251718176356402462720 320 0 
nomask 9.124109e+28 0 32238330974629469167690973184000 320 433 
nomask 4.6726795e+27 28488432492715518842241006216151040 0 0 433 
nomask -1.160846e-29 401664302956206769093475660107612160 155287138062324307838053340554461184 320 0 
nomask 5.7204357e+30 0 33695503416085209323282335275155456 320 433 
nomask 1.1633536e+27 7324535304690300539749084535193600 0 0 433 
nomask -4.6630285e-29 384358403926709981397781913272320 155269918161635343287756959374114816 320 0 
nomask 1.4403606e+30 0 8059716165858199428726377152512 320 433 
nomask 1.1266613e+24 28889311520787205323210902365798400 0 0 433 
nomask -7.618863e-28 382786292612366725326410507878400 616757410570106644705428782314422272 320 0 
nomask 5.721672e+30 0 33421582619875210364828677396496384 320 433 
nomask 2.9904684e+29 457783456543143783734317783449600 0 0 433 
nomask -1.8888772e-28 24800565787782996015006893683507200 9946471713184267519175688192000 320 0 
nomask 3.6111643e+32 0 33147682762260407131752325428805632 320 433 
nomask 4.82421e+30 113659760121581533312726754918400 0 0 433 
nomask -1.2102072e-29 6099028438818230526304642484142080 38447910619730218466855041892352 320 0 
nomask 3.5862086e+32 0 2037457618292472201592988942467072 320 433 
