nomask 0.99609375 92 106 269 357 
nomask 1.1961681e+30 1818159053992077519612320594001920 0 0 428 
nomask -7.681971e-28 1476761918240305407468765184000 2466162031655722784007038875729920 320 0 
nomask 2.2569772e+31 0 2030950545147482424598060876169216 320 428 
nomask 2.978138e+29 7251510321895351806645334179840 0 0 428 
nomask -1.860014e-31 95300390028116673131613792501760 9697858193860588250606434516992 320 0 
nomask 3.586308e+32 0 487591276512654203822930919424 320 428 
nomask 1.19618775e+30 7250345975215335466921445294080 0 0 428 
nomask -4.8408285e-29 1247756804864081920 624835465987020371638020154064896 320 0 
nomask 9.028655e+31 0 7812005790934014611077201920 320 428 
nomask 7.781871e+31 116014916867805576993138844631040 0 0 428 
nomask -3.013192e-30 95694989460267986167383761879040 154118537191691557347932730556416 320 0 
nomask 3.5862082e+32 0 128519800889536556665720298012672 320 428 
nomask 3.112699e+32 7323940319758919003854461143613440 0 0 428 
nomask -7.59473e-31 23825091462400070209757574594560 39323361004988222687311174828032 320 0 
nomask 2.2731335e+31 0 31866067915651512578383361867776 320 428 
nomask 1.20112e+30 29001389945490439940831654707200 0 0 428 
nomask -3.0131441e-30 22688680602444453473880637440 620712855461279371452985523568640 320 0 
nomask 3.5862086e+32 0 33170758810840760350316867398664192 320 428 
nomask 4.82421e+30 7373850967292807323087706584514560 0 0 428 
nomask -4.781511e-29 376890912018038081442000404480 10005802747380968537980928 320 0 
nomask 2.2729474e+31 0 31866065894478657910175210405888 320 428 
nomask 1.9296838e+31 116021106568002003894513340252160 0 0 428 
nomask -4.7815108e-29 24121427892775831667920957603840 9897848194897870776673209679872 320 0 
nomask 2.2729474e+31 0 2081682824607561991174345273114624 320 428 
nomask 1.9296838e+31 29400649786676367372070116392960 0 0 428 
nomask -1.1904282e-29 23923747365066996541845940469760 155165779609917924046698587357184 320 0 
nomask 2.2730717e+31 0 511959882549655330323584314769408 320 428 
nomask 1.2011007e+30 464096854029433653965969340497920 0 0 428 
nomask -7.4402957e-31 99607917532905213895407894255370240 9832137844219752661461032239104 320 0 
nomask 1.440477e+30 0 2098572068368826285401265043144704 320 428 
nomask 7.7818686e+31 469750857289311790741585920 0 0 428 
nomask -1.904685e-28 23825485874448719482525822484480 9726353076830888745421709294698496 320 0 
nomask 9.125804e+28 0 127994134253494449089688090181632 320 428 
nomask 4.8637443e+30 7301030190202678795071001722880 0 0 428 
nomask -1.8059981e-31 96880298913996443561162052730880 39320232229409196301092711825408 320 0 
nomask 3.626048e+29 0 7651078291037926056435646464 320 428 
nomask 7.210632e+25 460878064856193311495730652774400 0 0 428 
nomask -1.1706874e-29 385936729119766056663111308410880 2449075262713717475133893038309376 320 0 
nomask 9.188188e+28 0 127996195849806210662002581307392 320 428 
nomask 1.9375748e+31 29207224677852575740690064998400 0 0 428 
nomask -4.8153308e-26 6225595428434767805610328944803840 151999135336286474280309794799616 320 0 
nomask 9.124108e+28 0 7586526589541556186867826688 320 428 
nomask 3.002847e+29 7322944551739818826095839160565760 0 0 428 
nomask -4.7023945e-29 384364545269873623713989420646400 2465897112487315712628210463145984 320 0 
nomask 5.721828e+30 0 31734129794044481286672232742912 320 428 
nomask 1.7876057e+25 117149162050492149709720780800 0 0 428 
nomask -3.0348251e-27 1406000595355181115370373120 38906471983997183267202150829129728 320 0 
nomask 1.4402828e+30 0 31734633066085293670501946753024 320 428 
nomask 2.9904684e+29 29095317122724685454756865627914240 0 0 428 
nomask -4.7419146e-29 384364569448390016006572914769920 38640517975088521765800189758537728 320 0 
nomask 2.2728855e+31 0 7867432516765264909334686466048 320 428 
nomask 1.2011199e+30 28411050311570773258812071608320 0 0 428 
nomask -1.20032726e-29 349988922388986715963392000 156233718838176093196935413891072 320 0 
nomask 3.5862082e+32 0 495845525385338186578234703872 320 428 
nomask 4.82421e+30 1843561777026344661193918576066560 0 0 428 
nomask -4.8012323e-29 23726452182463163578820360929280 155178230034702680208911592587264 320 0 
nomask 2.2571636e+31 0 1958643577416730962354092638208 320 428 
nomask 3.1000717e+32 7349382689515440407199843614720 0 0 428 
nomask -3.0254699e-30 23726443115519516469101550632960 39437566871848036121857490944 320 0 
nomask 9.029151e+31 0 8259046003162993612590581999992832 320 428 
nomask 2.9904692e+29 460902823656979019101228635258880 0 0 428 
nomask -1.2102072e-29 93717386292138689251378284462080 154130987616476313510145735786496 320 0 
nomask 3.5862082e+32 0 530723829134543393740559136933806080 320 428 
nomask 3.0873954e+32 116813351925370058831573538570240 0 0 428 
nomask -1.8967657e-28 1476737361934594485313653964800 618550771488115832499724091392 320 0 
nomask 5.721827e+30 0 32130983041712874620795471527936 320 428 
nomask 1.9296835e+31 457746173270866868570569844981760 0 0 428 
nomask -1.9047158e-28 1482927156578351044081053859840 9831356660911423399010492219392 320 0 
nomask 9.028158e+31 0 31734119688180207945631475433472 320 428 
nomask 1.2060523e+30 1849967802408933404312936120320 0 0 428 
nomask -2.9513705e-30 24800965023445665550145548651069440 155169935141307121882657992998912 320 0 
nomask 9.092287e+31 0 516190439875218450169572221779968 320 428 
nomask 3.0151309e+29 29204117738496166143711070126080 0 0 428 
nomask -1.8889999e-28 98796652097260129212956876682035200 2415364557244043039708620924125184 320 0 
nomask 1.4501478e+30 0 2064761500790748403147645499998208 320 428 
nomask 4.8440143e+30 457746173270866868570569844981760 0 0 428 
nomask -4.592332e-32 95696506662171602526998018129920 39440602578733270207928729600 320 0 
nomask 3.625565e+29 0 8191358638214736080238635810553856 320 428 
nomask 2.9203777e+26 7350741219905232346734919680000 0 0 428 
nomask -2.8031713e-30 96089570758532004983716110663680 156225440114163372216347025997824 320 0 
nomask 5.819989e+27 0 123448058707694066607903997952 320 428 
nomask 8.208632e+31 29201799623237055092268571033600 0 0 428 
nomask -1.1836771e-26 23825103551658266356049321656320 9727415858026021801304743590494208 320 0 
nomask 5.77994e+27 0 7933530427338265653459906723840 320 428 
nomask 7.5379415e+28 28691256588752035546480478729011200 0 0 428 
nomask -1.0929081e-35 24800575072333290655358955426938880 603840945278416711779172690690048 320 0 
nomask 3.625761e+29 0 8191227730891284929733081926991872 320 428 
nomask 2.9083834e+26 7400646433317561498210024816640 0 0 428 
nomask -4.6828264e-29 6124381063966532837653240642273280 612218819946696295986638698315776 320 0 
nomask 2.2728238e+31 0 31734131815217335954880384204800 320 428 
nomask 2.8048937e+23 7273033904205930506862593719664640 0 0 428 
nomask -3.0348742e-27 5956371090822861241059838525440 616490900247385719500890238353408 320 0 
nomask 1.440244e+30 0 516198524566637123002178069331968 320 428 
nomask 3.0028474e+29 457758552671259722373318836224000 0 0 428 
nomask -4.6826733e-29 6174986505347470076565773216645120 9765645299646877949694239047680 320 0 
nomask 9.027912e+31 0 32900553677151566625382769144889344 320 428 
nomask 1.20112e+30 113656653182225123715747760046080 0 0 428 
nomask -1.20034645e-29 6099028438818230526304642484142080 152015741292460428278482205671424 320 0 
nomask 3.5861092e+32 0 2013963508958817863787940774150144 320 428 
