nomask 0.99609375 41 36 152 225 
nomask 2.8721634e+26 4130268756487545761052808697610240 0 0 275 
nomask -3.0095325e-27 848049075692377798976986939392 398833233931544546377004901990400 183 0 
nomask 3.6254658e+29 0 82239200996613114391468127027200 183 275 
nomask 7.4453425e+28 16588277513343994402849589035008 0 0 275 
nomask -7.5238317e-28 848062740745239697833471246336 1578843779731391595418537164800 183 0 
nomask 2.2726993e+31 0 1203086920712141836124160000 183 275 
nomask 2.9905172e+29 261773537530920743094509887291392 0 0 275 
nomask -1.9047157e-28 52120726110014799315399081984 25097956188022496404102656819200 183 0 
nomask 2.2729474e+31 0 1321209988380789457029598648729600 183 275 
nomask 1.2011199e+30 263571695155057089595425675018240 0 0 275 
nomask -1.9126044e-28 13140365299526714453586345984 398790679742694111430055244595200 183 0 
nomask 5.721982e+30 0 333015368191237641378318201651200 183 275 
nomask 1.9296836e+31 265384149989283381056447478497280 0 0 275 
nomask -1.1953585e-29 851574821366947647414639525888 396067128542616176319521410252800 183 0 
nomask 2.2730712e+31 0 5118673617188493570568146124800 183 275 
nomask 2.9781378e+29 4202706127948586640583365230592 0 0 275 
nomask -1.9205236e-28 3188571972766656815985328128 6273821540503270476674708275200 183 0 
nomask 5.721982e+30 0 84554747703925735239499747688448000 183 275 
nomask 1.9296836e+31 1047207753487415068888901275877376 0 0 275 
nomask -7.5237084e-28 882829991319683617770443403952128 400134475847308058867164774400 183 0 
nomask 9.125803e+28 0 20389919844304281200548747673600 183 275 
nomask 2.9904679e+29 1054258905208679684262192325066752 0 0 275 
nomask -7.5237084e-28 851574767354880999593072394240 25266850916927356834723712204800 183 0 
nomask 2.2727612e+31 0 5139950062288319649466757939200 183 275 
nomask 4.6533397e+27 66344253802831867604678914080768 0 0 275 
nomask -1.8968271e-28 3420403348407402939840511082496 99700319183270417728478694604800 183 0 
nomask 2.2728855e+31 0 81897432472804927567168956006400 183 275 
nomask 1.8844567e+28 16586944927635659349145317015552 0 0 275 
nomask -2.984289e-27 56498425706277079663664264153923584 98357233765297351655038543462400 183 0 
nomask 3.661197e+26 0 21226184987349935941263893410611200 183 275 
nomask 2.990515e+29 16701550755324739428293007114240 0 0 275 
nomask -4.495586e-32 13625201462836494184359602946048 6250262846517770741288995389440000 183 0 
nomask 5.819839e+27 0 1321231681043465167031852282675200 183 275 
nomask 2.8722097e+26 67006843265637619923242975232 0 0 275 
nomask -1.801857e-28 844509016820146277824044466176 101339980483638977743133081600 183 0 
nomask 1.4646303e+27 0 1208281365316591562417766400 183 275 
nomask 4.711139e+27 4203150755281231507723992956928 0 0 275 
nomask -4.7951357e-26 3378036715425384885154983444480 6316376378679096818200582553600 183 0 
nomask 9.124591e+28 0 5076283382999385754113251737600 183 275 
nomask 7.445341e+28 16589167632202350502275918594048 0 0 275 
nomask -1.8651807e-28 56732221650071159272494836698054656 1551842388493733472713958227968000 183 0 
nomask 9.186734e+28 0 81217926437218331447725024870400 183 275 
nomask 7.1806437e+25 16521528112004561493391847869906944 0 0 275 
nomask -2.9968616e-27 219808474326208978561437699932160 99708308482886136594251225497600 183 0 
nomask 9.187217e+28 0 77992334498048188546337996800 183 275 
nomask 4.4690134e+24 1074418684482551437559070720 0 0 275 
nomask -7.6719657e-25 198428267180262756798431232 400030259121989229384355020800 183 0 
nomask 3.6250774e+29 0 1263772350556066696598546022400 183 275 
nomask 4.6341474e+27 16700662364852516059156825767936 0 0 275 
nomask -1.1987447e-26 13625197141871162358634232414208 1589565602925446686555766784000 183 0 
nomask 2.2884826e+31 0 4791569904430768439322214400 183 275 
nomask 7.4454653e+28 65165462823930036228366955242848256 0 0 275 
nomask -7.6504173e-28 217093511561827176954303948521472 1573843901493209522356000233881600 183 0 
nomask 2.2728852e+31 0 82237876372814669455985685299200 183 275 
nomask 4.80448e+30 16700664093238648789446973980672 0 0 275 
nomask -3.047447e-27 207597957237084626750319624192 25094623850113859438957612236800 183 0 
nomask 3.625562e+29 0 4895379216112907477581824000 183 275 
nomask 4.804479e+30 66550502066038506480243572736 0 0 275 
nomask -7.6186173e-28 844522789897141472323663036416 6334400642046140820226048000 183 0 
nomask 9.126045e+28 0 20304808869301845728344565350400 183 275 
nomask 1.1488843e+27 16698439660285824906026224189440 0 0 275 
nomask -3.047496e-27 51457886652358567554711552000 100386484700071156621602979840000 183 0 
nomask 3.625562e+29 0 21226179668076329636895524703436800 183 275 
nomask 2.9781372e+29 4218057276791320142476538441367552 0 0 275 
nomask -7.639528e-25 13624978501025371976930483503104 25096628966922485890315347558400 183 0 
nomask 5.780089e+27 0 20474693170103191493120150732800 183 275 
nomask 4.6341465e+27 263571750463413336964710417825792 0 0 275 
nomask -4.7949003e-26 13140795708182814281699426304 397464409255056599302327500800 183 0 
nomask 2.296622e+28 0 78654615960142934666798694400 183 275 
nomask 1.7089587e+22 266243624561506172438449225728 0 0 275 
nomask -4.8356825e-26 54499910547329222447141637586944 25266175618520306475458153676800 183 0 
nomask 1.424064e+33 0 81898777875015897129090337996800 183 275 
nomask 4.5067203e+24 265412384905147663076308681752576 0 0 275 
nomask -1.1757353e-23 3516822981406024013119266842738688 6207542430367138782827815895040000 183 0 
nomask 9.211545e+25 0 5328333326619705890108151850598400 183 275 
nomask 7.1805224e+25 263585937056790787186246947962880 0 0 275 
nomask -1.155858e-29 3392140346268464052764399370240 6316877008555862036463799500800 183 0 
nomask 3.7168763e+23 0 328946186217652373455574034022400 183 275 
nomask 1.723657e+22 4203816616038865852003591913472 0 0 275 
nomask -1.1329346e-26 3392140130220197461478130843648 25263508189812457556359197491200 183 0 
nomask 3.6853754e+26 0 19829564236818978295303372800 183 275 
nomask 4.581979e+24 4175055406597167458792257880064 0 0 275 
nomask -1.8977523e-22 833904071606246400047148171264 98343883635250279168019424870400 183 0 
nomask 5.7791796e+27 0 1263772512887414545242600243200 183 275 
nomask 2.8722097e+26 4130836441456068759391408874323968 0 0 275 
nomask -7.4291684e-28 14182828869490600593533402634780672 98626194523835122191026645630976000 183 0 
nomask 1.4546565e+27 0 1321210736403640343581400498176000 183 275 
nomask 1.10315976e+24 16700664093238648789446973980672 0 0 275 
nomask -2.9841907e-27 54499920917646018828882526863360 393343577342538241208987575910400 183 0 
nomask 1.440244e+30 0 5097480285738765997425295360000 183 275 
nomask 1.1078272e+24 4159152992454171896316892513566720 0 0 275 
nomask -7.736841e-25 13681615986208810854797266649088 1573587911450906124628256201113600 183 0 
nomask 5.7606645e+30 0 1321210403949039949558377453977600 183 275 
nomask 1.853629e+28 65446937944619079250172197208064 0 0 275 
nomask -3.0095325e-27 875580669757984678249918875303936 100033598670408533636284416000 183 0 
nomask 9.091044e+31 0 5241352564609416858543052134809600 183 275 
nomask 2.978138e+29 16407357505770791963145798923845632 0 0 275 
nomask -1.9205236e-28 3531321292679284407944607443189760 1562694039105194778209143907942400 183 0 
nomask 9.028406e+31 0 328946269331302471961329795072000 183 275 
