nomask 0.99609375 64 104 268 363 
nomask 2.978089e+29 7272239301443214203398642844303360 0 0 428 
nomask -7.650171e-28 369190455948243937518965227520 620762721837949745484498391269376 320 0 
nomask 1.4304178e+30 0 2039394843640457824798216527282176 320 428 
nomask 7.414517e+28 1837636759048864186730933125120 0 0 428 
nomask -1.1854594e-29 24121814749038108349256863580160 39054278220500534799690750754816 320 0 
nomask 2.273009e+31 0 1966858002868012810570662150144 320 428 
nomask 1.19616825e+30 7300641067204490336305393172480 0 0 428 
nomask -4.801232e-29 22785013927215942442711777280 156233751176941767888265837281280 320 0 
nomask 2.2571636e+31 0 129047553375964681832564814512128 320 428 
nomask 1.9296839e+31 460902968728077372856729600000000 0 0 428 
nomask -7.681971e-28 92682959092063147429178900480 616457655996272136813214993219584 320 0 
nomask 5.7218266e+30 0 516190213503858727330259258048512 320 428 
nomask 1.9296838e+31 7273631210274885702845232547102720 0 0 428 
nomask -2.9883963e-30 95300371894229378912176171909120 156237922877713803069890454618112 320 0 
nomask 5.7222926e+30 0 31601668188668090929049874989056 320 428 
nomask 7.414517e+28 29001386923175890904258717941760 0 0 428 
nomask -4.7814337e-29 1464382612294781262112678215680 2465830365274963149722216585756672 320 0 
nomask 5.722137e+30 0 2056284087401722119025136297312256 320 428 
nomask 2.9780894e+29 1862201753914114821989345525760 0 0 428 
nomask -1.1953585e-29 6005596283461657163624171438080 157738140450264135238521192448 320 0 
nomask 3.6258538e+29 0 31998533563373612272422022545408 320 428 
nomask 4.8242088e+30 7323344561115012914597165940080640 0 0 428 
nomask -1.1904281e-29 1507588865509170849673442754560 9831101993131735204783408021504 320 0 
nomask 9.092038e+31 0 2090094137559549206217469066215424 320 428 
nomask 1.9375756e+31 116810305432304629966053279006720 0 0 428 
nomask -2.9884442e-30 5906853867040764659635490652160 9698121956918122451770200293376 320 0 
nomask 9.028904e+31 0 33035650034953153947114376980856832 320 428 
nomask 2.9904206e+29 1843611488056047214745582494023680 0 0 428 
nomask -4.6825962e-29 1537408663477923079644961717616640 155194835990876634207084003459072 320 0 
nomask 2.3125207e+28 0 122932643839340746433905033216 320 428 
nomask 4.8242076e+30 7418918910262136952743526400 0 0 428 
nomask -4.815252e-26 23825100529343717319476384890880 153451447959151516633346169603358720 320 0 
nomask 3.6852806e+26 0 31998525478682193599589416697856 320 428 
nomask 1.8613349e+28 465587036818770945247742525440 0 0 428 
nomask -4.5638837e-29 97274880212260462377494401515520 39316096909748545147214820802560 320 0 
nomask 5.7813017e+27 0 123446029639632934852064444416 320 428 
nomask 1.7016089e+22 29002952482112291849039962439680 0 0 428 
nomask -7.428923e-28 24800570430058143335182924555223040 38795592349177260174801446633472 320 0 
nomask 1.4645924e+27 0 2056350058483698489339200013336576 320 428 
nomask 2.9904671e+29 29008380559042361534034393169920 0 0 428 
nomask -4.8892984e-23 92299119241377399079153172480 38789359052093463420862338170880 320 0 
nomask 1.4641756e+27 0 7219847784823515726741504 320 428 
nomask 1.8613654e+28 28884542356785858395701853489725440 0 0 428 
nomask -7.4287995e-28 23825484363291444964239354101760 39057402953733851849492910833664 320 0 
nomask 9.1877e+28 0 121384441223077826085261410304 320 428 
nomask 1.1031417e+24 29672638569104252270396047360 0 0 428 
nomask -3.0095327e-27 1412021520387119544470077440 2448476607483547589225095238778880 320 0 
nomask 2.2968646e+28 0 1975168055059981148385397702656 320 428 
nomask 2.9781368e+29 1831083921714741443044939262853120 0 0 428 
nomask -3.0094834e-27 382779933662555552376951553392640 155169902802541447191327569608704 320 0 
nomask 5.721362e+30 0 1958644082709944629406130503680 320 428 
nomask 1.2011392e+30 115222586885630149032036416880640 0 0 428 
nomask -4.7815108e-29 21780595307113463708385280 39322322122140923228321323417600 320 0 
nomask 9.028655e+31 0 2016399728648605761149201285120 320 428 
nomask 1.20112e+30 116813388193144647270448779755520 0 0 428 
nomask -3.0727887e-27 364560270059119907779840573440 39057390826696723840244002062336 320 0 
nomask 5.721671e+30 0 7554438496672082495541346304 320 428 
nomask 4.8044797e+30 1849579623884041519476370309120 0 0 428 
nomask -1.1904281e-29 5907044272857353963730506874880 628307315312179629627801600 320 0 
nomask 1.4404767e+30 0 511968193612433725995503126052864 320 428 
nomask 1.853629e+28 116011773660674578957284608573440 0 0 428 
nomask -4.7815108e-29 5882289249964832653948695347200 616474213444297578774391769006080 320 0 
nomask 5.7615966e+30 0 2056284087401722119025136297312256 320 428 
nomask 2.9904686e+29 7375043258293144054964968803532800 0 0 428 
nomask -4.7419143e-29 6030258370181795598788177428480 2474203338599070163524915298304 320 0 
nomask 3.62566e+29 0 128521878655231155583700000833536 320 428 
nomask 1.2011197e+30 116017987539387398151242598318080 0 0 428 
nomask -4.7419913e-29 367648981080905627928310579200 156715426985802021913881477120 320 0 
nomask 2.2728855e+31 0 7867558334775468005292114968576 320 428 
nomask 1.8613359e+28 29292603174916265778295603200 0 0 428 
nomask -1.18058655e-29 6174987279059994629928445028597760 155174042164547807681621763555328 320 0 
nomask 9.028408e+31 0 2047839918263809417590302339760128 320 428 
nomask 1.8844567e+28 1843710716687321183508242376949760 0 0 428 
nomask -7.3027046e-28 6149635427624216871942518682419200 2432385872524322773328989819764736 320 0 
nomask 2.3335242e+25 0 516198686260465496458830186283008 320 428 
nomask 3.0027968e+29 7273036999056028720313280967475200 0 0 428 
nomask -4.4764018e-32 95694971326380691947946141286400 620696427368316628257130441342976 320 0 
nomask 9.213684e+25 0 511968258289965075378163972833280 320 428 
nomask 1.12197486e+24 465623210146029726730079436800 0 0 428 
nomask -1.7465139e-28 1531119637936156640337472237076480 39319201431253315514935466262528 320 0 
nomask 9.274596e+25 0 121901877264285814467411836928 320 428 
nomask 7.4515862e+25 29202567291132510381794509455360 0 0 428 
nomask -1.8776332e-25 95300420251262163497343160156160 2431986941510959781076886878158848 320 0 
nomask 1.4643275e+27 0 31734123730525917282047778357248 320 428 
nomask 4.6534117e+27 28894080684788552250719951241871360 0 0 428 
nomask -1.14595886e-29 401670641209207910240483143623639040 38374555687455847543417640300052480 320 0 
nomask 9.124355e+28 0 537226071433718655430368402497077248 320 428 
nomask 2.8963886e+26 7324536078402825093111756347146240 0 0 428 
nomask -7.429045e-28 1537408953620119787155963647098880 9659863539763221779948645478563840 320 0 
nomask 3.6502246e+29 0 127464304001371725004863870861312 320 428 
nomask 2.7931334e+23 7273033904205930506862593719664640 0 0 428 
nomask -3.0222034e-27 23825488896763268519098759249920 9796564935182775381791827017334784 320 0 
nomask 3.625369e+29 0 2056316943587647605416846461763584 320 428 
nomask 2.990468e+29 460952486329648788067725564968960 0 0 428 
nomask -7.4921544e-28 24699551428002358091300468770734080 9765386589521480419050851926016 320 0 
nomask 9.090797e+31 0 32900025908495755662870259416694784 320 428 
nomask 4.8242097e+30 451469913985755559747165261660160 0 0 428 
nomask -1.1953777e-29 6098929403615087695882650554204160 152015757461843265624147417366528 320 0 
nomask 9.0286555e+31 0 2022407807451793263988096425263104 320 428 
