nomask 0.99609375 72 36 161 148 
nomask 7.59936e+28 1294909497387831923085139771392 0 0 240 
nomask -1.883305e-31 254113239275660568951221387264 345649119020751989514235281408000 224 0 
nomask 1.4243822e+33 0 71178177844715366473015744266240 224 240 
nomask 1.9375758e+31 82017173269581218578171953152 0 0 240 
nomask -1.8755713e-31 258437500819291337334112387072 21897262792578856613447687208960 224 0 
nomask 5.6568054e+33 0 260229383098540297562357760 224 240 
nomask 7.813439e+31 1263976703676640214185871329460224 0 0 240 
nomask -1.8910087e-31 1029400684856976474616054677504 1373312796214957728528203482398720 224 0 
nomask 5.657122e+33 0 71771233028257342515819011112960 224 240 
nomask 7.8134394e+31 1290562839360024837808072488386560 0 0 240 
nomask -7.501925e-31 1080640240395740852399794034835456 5493251765144224329134817788559360 224 0 
nomask 9.029399e+31 0 287089646923725867117057398538240 224 240 
nomask 3.1127486e+32 322631976559885313370860044681216 0 0 240 
nomask -1.2151375e-29 67263782728506778196341814198272 5549903407226800212938808360960 224 0 
nomask 2.288917e+31 0 276892806543434331616884817920 224 240 
nomask 4.80448e+30 1303269370546194535656879816704 0 0 240 
nomask -1.2003081e-29 979968982689162804697497600 88187959065981611820086061957120 224 0 
nomask 9.028903e+31 0 287080289837882049887245172736000 224 240 
nomask 1.9138692e+31 80662335392589564476081381048320 0 0 240 
nomask -1.1904473e-29 4152127545215915382092771360768 22113952368344432786968412160 224 0 
nomask 9.028408e+31 0 17869114405836539611894366863360 224 240 
nomask 4.8242094e+30 324859098390405610904637352706048 0 0 240 
nomask -1.19539696e-29 66987580050962333676111281520640 345695795646647310346670686863360 224 0 
nomask 5.781151e+27 0 287084986514691252721588906229760 224 240 
nomask 4.525532e+24 81216940992670152141640411643904 0 0 240 
nomask -4.5641907e-29 16084378469766580521731620864 352798440354272591235029170913280 224 0 
nomask 3.6502257e+29 0 271531916482980492104171520 224 240 
nomask 2.7391982e+20 327042756919859123290325624291328 0 0 240 
nomask -4.80246e-29 4322421499900412665977582034878464 5475919413802296684876492963840 224 0 
nomask -2.9900556e-33 0 1143586546450105858141744917381120 224 240 
nomask 7.331294e+25 82735256649007770156138496 0 0 240 
nomask 7.430185e+31 259516450585014703828779401216 5474316264828692097719347445760 224 0 
nomask -3.0010587e-30 0 68644050610399449615213527040 224 240 
nomask 3.0288069e+26 322614611549412368837394565169152 0 0 240 
nomask -3.1370762e-27 16608788384917900344909914701824 345695759378872721907795445678080 224 0 
nomask 1.4499157e+30 0 71179342946974020071882867343360 224 240 
nomask 1.4344811e+33 82315286367564631185736213725184 0 0 240 
nomask -1.8291657e-25 16354377264667458462325669888 5564190289501247137130741760 224 0 
nomask 2.2879871e+31 0 17943092732421263696382425825280 224 240 
nomask 1.1729867e+27 20305868506949837399425130954752 0 0 240 
nomask -4.371779e-35 1067347511053278032684862373101568 1335283133137012492727801421496320 224 0 
nomask 2.2726403e+31 0 16264614225683784809840640 224 240 
nomask 4.6919488e+27 20433645619222550726388406550528 0 0 240 
nomask -1.1707066e-29 948801192765437306208256 5586170048447283199465142353920 224 0 
nomask 2.2887316e+31 0 4467203232490068303435981127680 224 240 
nomask 2.9324212e+26 81214766135120665423755115233280 0 0 240 
nomask -1.20034645e-29 266841058228803735558901727232000 1387512119581288492109943275520 224 0 
nomask 1.4243422e+33 0 17869113272468583723179515576320 224 240 
nomask 1.9375759e+31 20638635199099980311582212096 0 0 240 
nomask -3.025566e-30 67264857463560415601678127988736 21898432428309333767174215434240 224 0 
nomask 1.4243422e+33 0 273415686781390686736644833280 224 240 
nomask 7.7819953e+31 1255103014075350811536926839930880 0 0 240 
nomask -7.563915e-31 3778612429170605748649984 5531132150061963550524727130849280 224 0 
nomask 5.6571217e+33 0 4189696031182996006502400 224 240 
nomask 7.7503045e+31 5212808798421368791293440819200 0 0 240 
nomask -4.8012323e-29 16151805599000614033504075776 22302351375175173065932800 224 0 
nomask 2.2730712e+31 0 71772389063572349004967323893760 224 240 
nomask 7.7186118e+31 1286345731334204930711653187584 0 0 240 
nomask -1.210188e-29 66987584282202702327313392992256 343281594963393288177365947514880 224 0 
nomask 5.761906e+30 0 17016223789430434658978365440 224 240 
nomask 2.9781378e+29 81756322589904332782002367365120 0 0 240 
nomask -4.781434e-29 16539194001144417535380957429760 340951462981635267320870275645440 224 0 
nomask 2.273009e+31 0 4780953349999456328143639396629872640 224 240 
nomask 4.7846727e+30 20508696686737772761881955625074688 0 0 240 
nomask -1.8889079e-28 251318332885597498172768256 87866493554064220947543490560 224 0 
nomask 5.7612865e+30 0 1072562668209878912540344320 224 240 
nomask 3.0028476e+29 82010834673169586796883869696 0 0 240 
nomask -7.587063e-28 4221249616783247501186035613696 86061866972778377708098281107619840 224 0 
nomask 2.3123389e+28 0 4669121714639325316369248902184960 224 240 
nomask 1.1266606e+24 20223070495293574827195305390243840 0 0 240 
nomask -1.8019797e-28 4134796649118443098944315588608 1392178857342568570162165170831360 224 0 
nomask 9.187219e+28 0 67318534692823464400650240 224 240 
nomask 6.790574e+19 322623378679456214128169534357504 0 0 240 
nomask -1.1808168e-29 1106504756380910251973496064993918976 340988637450588417167992490557440 224 0 
nomask 2.2165558e+37 0 18676488019126088095521003326668800 224 240 
nomask 7.3613937e+25 318195301008855358094472258781184 0 0 240 
nomask 4.869527e+36 15881535120453018498633826304 88656029119223259369308160 224 0 
nomask -1.20032666e-29 0 17646279531925391718838268067840 224 240 
nomask 3.0167178e+26 1290632841000683803295804674801664 0 0 240 
nomask -7.55735e-28 17572810004741443023716338519506944 5454629776771700709623976689664000 224 0 
nomask 3.6496447e+29 0 72363141243427959179192775475200 224 240 
nomask 1.4999812e+36 81208250024952942572503448944640 0 0 240 
nomask -1.8291028e-25 15377613994056913050927104 85815774599588296087748235755520 224 0 
nomask 1.4641764e+27 0 288263943063237635239054116126720 224 240 
nomask 4.69187e+27 4985752984794015722573753491652608 0 0 240 
nomask -4.6236622e-29 1120099041417757784075146710168371200 5417937234007282038275966647664640 224 0 
nomask 9.0256835e+31 0 297602184316449810565460099459973120 224 240 
nomask 4.672607e+27 323803768069551363021906903040 0 0 240 
nomask -1.175637e-29 69157652135291952950238851530489856 21663996336533103459132310825205760 224 0 
nomask 1.4403993e+30 0 17233554842604606689724334080 224 240 
nomask 1.8690124e+28 80317745343361679325538613714747392 0 0 240 
nomask -4.840906e-29 270155744233759188873794807660544 21517254019126312694796455887503360 224 0 
nomask 3.5860098e+32 0 4650181522180455705674294231040000 224 240 
nomask 1.9296841e+31 79555324437420087770061285097472 0 0 240 
nomask -7.53298e-31 69440466345936914143631068404645888 5513201552711255959909580144640 224 0 
nomask 1.4243819e+33 0 18448314392791367293383619903488000 224 240 
nomask 1.937607e+31 20084434209264024732899489917960192 0 0 240 
nomask -7.563915e-31 17289692498786856912156771359916032 21518442441564026659860359046758400 224 0 
nomask 1.4244216e+33 0 18524670534414489548739397885624320 224 240 
