nomask 0.99609375 158 223 417 550 
nomask 0.00390625 849 154 862 264 
nomask 0.00390625 848 188 862 324 
nomask 8.911913e+25 0 1046307097707173072080599301226496 864 864 
nomask 2.9410475e+29 4961881397440130363918622130176 0 0 864 
nomask -4.8553264e-26 66962618097446194749868264711520256 19501891735846093740082842254180352 864 0 
nomask 2.2504397e+28 0 16604016699097293701284407388667904 864 864 
nomask 4.7451357e+30 19409177633426190146511996967471546368 0 0 864 
nomask -1.2002504e-29 16215116085533436140845459832832 78550963818478790845449026842656768 864 0 
nomask 5.6828327e+30 0 1000959701447664713481483976704 864 864 
nomask 2.941e+29 4978422638908266026280339099353088 0 0 864 
nomask -7.4712305e-31 16672200347437316152746637258653696 19637191541356012368529003043094528 864 0 
nomask 3.586209e+32 0 16082203985284045950548296335360 864 864 
nomask 7.813438e+31 19817608455227724099747840 0 0 864 
nomask -1.20527675e-29 64862528885202191446354943803392 19898457084385190528491192320 864 0 
nomask 2.2887313e+31 0 940906028311466942228594688 864 864 
nomask 1.8999e+28 77777335171616644675838473666560 0 0 864 
nomask -1.8292891e-31 4133957740433363738935740906602496 78005427782996489823216343330062336 864 0 
nomask 3.5861104e+32 0 66961544339204619593152324083646464 864 864 
nomask 4.563093e+24 19775179920517501476923443186237440 0 0 864 
nomask -1.7830968e-31 992636183427670472873421570048 1244471439946869611980592196354048 864 0 
nomask 3.61077e+32 0 1037784141664670265647820567478272 864 864 
nomask 3.0645015e+29 1248695498125005415443094044672 0 0 864 
nomask -1.1481579e-32 248163062229611298851609640960 314213681844060965632248643584 864 0 
nomask -7.5055393e-37 0 232170351400366190144520192 864 864 
nomask 1.8478457e+25 78549324398387162349544931328 0 0 864 
nomask -1.9223332e-31 235230507139026969012731904 19636117783114437211813062415220736 864 0 
nomask 2.217076e+37 0 257302631698655581948526236532736 864 864 
nomask 7.6622107e+25 19500820066628334877446115518578688 0 0 864 
nomask -1.1312253e-29 66687731809555322042429036191285248 1236082181428609626617502568022016 864 0 
nomask 9.125323e+28 0 1042045946095892964814087105019904 864 864 
nomask 1.2208486e+30 19845432485819586177087131615232 0 0 864 
nomask -7.4294134e-28 257315198482550476018797307232256 4994650918495923131899824832512 864 0 
nomask 2.2721422e+31 0 63527675307587404423665498980352 864 864 
nomask 1.2060521e+30 78559556585963920153311707136 0 0 864 
nomask -2.9637923e-30 241900134657317779323607842816 4927407914331056707594251927552 864 0 
nomask 2.2730098e+31 0 63259215346570409247813018845184 864 864 
nomask 7.5377054e+28 19636117783114437211813062415220736 0 0 864 
nomask -1.8967348e-28 1029210657358610846174055814397952 312198482782993587581982081024 864 0 
nomask 9.064148e+28 0 16604014610073477407205193496395776 864 864 
nomask 1.1961873e+30 1227525539877069078157399821385728 0 0 864 
nomask -1.18050974e-29 258380682231353280405351658684416 4909432105119199986721743339257856 864 0 
nomask 3.5891343e+26 0 246078166351919058066339790848 864 864 
nomask 7.290842e+28 1256920519386083202426111787008 0 0 864 
nomask -7.554893e-28 243993222660266178225912152064 19710682289419335669044150796288 864 0 
nomask 9.064389e+28 0 3920406887080673615556064051200 864 864 
nomask 1.1714286e+30 77771027298921350444462150516736 0 0 864 
nomask -4.8147796e-26 62991824378209408307808272646144 4910741294489689813369749504 864 0 
nomask 3.5645758e+26 0 67507013525924799204850163043532800 864 864 
nomask 7.352619e+28 19579608285320805796492804620288 0 0 864 
nomask -3.047299e-27 16672467742485801794886015469486080 1227424875041921407215280387522560 864 0 
nomask 5.7036235e+27 0 16535562522173061166563978469441536 864 864 
nomask 7.3526184e+28 19501893824869910034162056146452480 0 0 864 
nomask -4.7614817e-29 246078166351919058066339790848 313282088660398069060740443013120 864 0 
nomask 1.4206693e+30 0 15948499320823102781955627810816 864 864 
nomask 2.9409997e+29 20111772822085478278424734728192 0 0 864 
nomask -7.502285e-31 242948631062184740193703034880 1252070070001773091196239872 864 0 
nomask 1.4243426e+33 0 15815060884494997872481526611968 864 864 
nomask 7.813438e+31 306913237396643273269837824 0 0 864 
nomask -7.563915e-31 4133890108287311218121191144292352 305898451577244161251536273408 864 0 
nomask 9.028409e+31 0 63259235747193615244680342011904 864 864 
nomask 2.9565043e+26 19579604205196164597119339986944 0 0 864 
nomask -7.2245916e-31 66415001394242864824738544495886336 19501352767701489867645658047971328 864 0 
nomask 9.028163e+31 0 16603749304048808059145029177835520 864 864 
nomask 2.8636924e+23 1244638822980150175077605314658304 0 0 864 
nomask -2.9554973e-33 16604010432025844819046765711851520 4961358121454896544271782903808 864 0 
nomask 2.216752e+37 0 16082205005315206250391662493696 864 864 
nomask 2.980683e+26 316352017791760790398873632768 0 0 864 
nomask 7.608762e+34 64326710596821324925485434535936 312132850153023044535390830592 864 0 
nomask -4.7464796e-32 0 239819255152319219171592241152 864 864 
nomask 4.6948777e+24 1198656212005861111870726864896 0 0 864 
nomask -1.2205092e-29 1012131059764567491281174334013440 78314189811656375837567999803392 864 0 
nomask 2.2167507e+37 0 15681371520501459201539350462464 864 864 
nomask 2.2099355e+31 19638793822623109927286058415816704 0 0 864 
nomask -2.9147763e-30 4133957740433363738935740906602496 78014026205024356253260723922141184 864 0 
nomask 3.6251775e+29 0 16672467742485801794886015469486080 864 864 
nomask 7.6304243e+28 19500283187507547299088145204641792 0 0 864 
nomask -4.3718523e-35 64327767349103395563212774572032 19714872577425847425592329240576 864 0 
nomask 1.4342074e+33 0 16604011476537752966086372657987584 864 864 
nomask 3.0274616e+29 1268454694060656817883578368 0 0 864 
nomask -7.3789062e-31 1016409184694354987941299404931072 19574361245032223402217286139904 864 0 
nomask 9.028906e+31 0 240859750687772578145284128768 864 864 
nomask 4.7111414e+27 4894374715220326430102897295360 0 0 864 
nomask -1.1953777e-29 3887050083084338212756795686912 19311158524615413619073986068480 864 0 
nomask 1.4305345e+30 0 255176038094665338903771620573184 864 864 
nomask 4.8242088e+30 19502967583111485190877996774326272 0 0 864 
nomask -1.1854786e-29 1080129730790472596837731881506045952 78016157009316976214058894039711744 864 0 
nomask 2.2661584e+28 0 16604017743609201848324014334803968 864 864 
nomask 2.965758e+29 78320514004850234866438181486592 0 0 864 
nomask -4.7417602e-29 4302926735526971505359095657150808064 77457802723697894721769767545339904 864 0 
nomask 3.6010942e+29 0 4151004958158254535600807056769024 864 864 
nomask 2.9409994e+29 19364987560045261258800412200271872 0 0 864 
nomask -1.208783e-26 15815074144900081770445286670336 4841380587535558135769792155484160 864 0 
nomask 5.664788e+27 0 16467103122689287896645514819534848 864 864 
nomask 2.965758e+29 76714054690120087950955024220160 0 0 864 
nomask -3.0473976e-27 16535557299613520431365943738761216 314295539344675028062382850048 864 0 
nomask 9.064144e+28 0 16535832006245363102782570572546048 864 864 
nomask 2.953427e+29 19045856580070706758283132141568 0 0 864 
nomask -4.78128e-29 16262017387572249257980068787912704 299647732502900480473823182848 864 0 
nomask 5.6825226e+30 0 247684896612426159627717083922432 864 864 
