nomask 0.99609375 55 11 185 181 
nomask 3.0151305e+29 82955231250177635139366927990784 0 0 217 
nomask -7.650294e-28 16519126537942308069734088704 1274262872216732402421071872 232 0 
nomask 1.4304565e+30 0 4022308487578967324126150131712 232 217 
nomask 1.19618744e+30 84950748944594472473668354048 0 0 217 
nomask -1.1953584e-29 1075139649469374917471941689344 4983405606219846681623015718912 232 0 
nomask 2.2571015e+31 0 236319490355176893696704512 232 217 
nomask 4.7846733e+30 1318128993176931699800007558299648 0 0 217 
nomask -1.2052384e-29 3705273815703176085504 317799990245460138783326339072 232 0 
nomask 2.2572877e+31 0 14706158531086587166457856 232 217 
nomask 1.9217612e+31 84106292137667864992283086553088 0 0 217 
nomask -4.8407518e-29 1079574388415689179769784500224 315709685192109675998817026048 232 0 
nomask 3.5861084e+32 0 1013939174720384193123896524800 232 217 
nomask 7.750304e+31 1362242847765319785040052224 0 0 217 
nomask -1.8909187e-31 16588700720612568783638233088 316755282974192294479875123707904 232 0 
nomask 9.0294e+31 0 3862836439811684661175779328 232 217 
nomask 1.1961877e+30 5327739864934857068646288588800 0 0 217 
nomask -1.2102264e-29 62890903225119334685736960 5051222257492036454646099738624 232 0 
nomask 1.4243421e+33 0 1042554987584063732009708753518592 232 217 
nomask 3.100072e+32 84941941435956015405991985152 0 0 217 
nomask -1.8967964e-28 15585764640255251360776192 1269806219595039637504 232 0 
nomask 2.2728855e+31 0 249307834257834286127058518016 232 217 
nomask 4.824209e+30 334136702197286457307142922698752 0 0 217 
nomask -1.1953777e-29 273246116636019613875017089024 312541430887836064483480600313856 232 0 
nomask 2.2728857e+31 0 15777724753847702745109233664 232 217 
nomask 4.6533394e+27 21310970415629668532162050129920 0 0 217 
nomask -1.19543525e-29 66915765860974588574696472576 78659990537530693874172175581184 232 0 
nomask 1.4242629e+33 0 1009790780302681499095172907008 232 217 
nomask 1.8767199e+28 5400244303161345673905991319552 0 0 217 
nomask -7.461091e-28 1114621000550704082148628713439232 78937676839182174119763378176 232 0 
nomask 5.721053e+30 0 16089502435739886367313579999232 232 217 
nomask 3.0151783e+29 21454342198984766914560 0 0 217 
nomask -7.4096007e-31 267663012088162853091394191360 313536791409210068937547448320 232 0 
nomask 1.4501872e+30 0 249307898304929710046621728768 232 217 
nomask 7.2407354e+25 21172433183541611472314978795520 0 0 217 
nomask -4.6235084e-29 273250498992115716905775398912 79205684087584809945283919085568 232 0 
nomask 5.7614425e+30 0 62588278719675091339609899008 232 217 
nomask 4.749675e+27 84678461314287268894149542150144 0 0 217 
nomask -2.9590454e-27 4336247958129650739504597696512 1262871532881295750811632009216 232 0 
nomask 2.2725134e+31 0 1005626181969836553416956968960 232 217 
nomask 3.0151301e+29 337585626305220758745752010752 0 0 217 
nomask -7.587431e-28 17273200074952243108135758200832 4897505203242776300443586269282304 232 0 
nomask 1.4400894e+30 0 225792709467889949736960 232 217 
nomask 2.8722106e+26 21231088024136712968583774208 0 0 217 
nomask -1.8968271e-28 1070634724351209005072110321664 78670492211673163117112716165120 232 0 
nomask 2.2728855e+31 0 997215261210385740697868173312 232 217 
nomask 4.6725316e+27 5328444328677305630840686903296 0 0 217 
nomask -4.85572e-26 4300419731968704405100612812800 4931755909279704559199357788749824 232 0 
nomask 9.027164e+31 0 249311965295489128938885611520 232 217 
nomask 7.445345e+28 84941967113823766009687834624 0 0 217 
nomask -4.7815878e-29 267667343088523454914760802304 79429454455507812495931736064 232 0 
nomask 2.2729471e+31 0 3660593581070929025302528 232 217 
nomask 2.978138e+29 328076116032764109768034526192205824 0 0 217 
nomask -4.8012323e-29 1014967941797508743490961408 1250333881506075194008236506218496 232 0 
nomask 9.028655e+31 0 62064601646884877025989885952 232 217 
nomask 1.9217612e+31 21171859094893021975285640200192 0 0 217 
nomask -1.9126043e-28 4246709027860353647247922036736 78674697800147079371311386984448 232 0 
nomask 9.028406e+31 0 248262617684063630815240650752 232 217 
nomask 1.929684e+31 5292402736553930280126656806912 0 0 217 
nomask -3.0131441e-30 266545511283656580248025169920 79452063080192456101745131520 232 0 
nomask 9.092533e+31 0 61804346274629779880882995200 232 217 
nomask 2.990469e+29 337436078403441242821124685824 0 0 217 
nomask -1.2052768e-29 15722727895950060771344384 79203560798277316163924356235264 232 0 
nomask 3.5862082e+32 0 4187345565691621913791251685048320 232 217 
nomask 1.9375759e+31 5273958153510681153386220917620736 0 0 217 
nomask -7.5555084e-28 16518857990242083006081662976 78929478810967912415672401920 232 0 
nomask 2.288669e+31 0 997231272984241720588670861312 232 217 
nomask 1.2060522e+30 5236186591259520362456101926469632 0 0 217 
nomask -1.1904473e-29 4264659158429991661233959337984 1237785566545654936293244665856 232 0 
nomask 2.2728857e+31 0 15955442129859118285739868028928 232 217 
nomask 1.8613359e+28 21095797758425719746076868608 0 0 217 
nomask -1.20036555e-29 1057189450425422901876048789504 1262772131789197827649528922112 232 0 
nomask 5.6970514e+33 0 15385501342207485338749763584 232 217 
nomask 3.0151313e+29 336416158426537872137893261082624 0 0 217 
nomask -3.0223507e-27 4476794257267007705236147028361216 78685240464430619922772382449664 232 0 
nomask 9.026918e+31 0 4204472492731503181416322912223232 232 217 
nomask 3.0027995e+29 82959745076956621261047987175424 0 0 217 
nomask -4.6502598e-32 1061676572221948395713424523264 79133055693618413618331648 232 0 
nomask 2.2729486e+31 0 16543339711220256822092947758514176 232 217 
nomask 1.7951021e+25 83835439318136251145678487552 0 0 217 
nomask -1.8652113e-28 274073461780351533055098123976704 315701262999061430576254812160 232 0 
nomask 5.761287e+30 0 245122852936870678047850758144 232 217 
nomask 1.2307141e+30 1341085462711005398604634390528 0 0 217 
nomask -1.17856944e-26 253742035601462636270583808 19532255161537347955901956358144 232 0 
nomask 2.2724512e+31 0 15516407600838780933493489664 232 217 
nomask 3.0027989e+29 20948208496471700381771964650356736 0 0 217 
nomask -1.8968579e-28 290030239886238110708180913003429888 19594335730349286850058773155807232 232 0 
nomask 5.681129e+30 0 16749119925863631280634095500001280 232 217 
nomask 1.15370114e+27 338412330339529437040607232 0 0 217 
nomask -4.7024712e-29 274073549427473455115713290174464 78126880960785469518840080629760 232 0 
nomask 2.2728855e+31 0 15955446228873225416591913517056 232 217 
nomask 4.6725313e+27 331856860320698585409685853044736 0 0 217 
nomask -3.0601669e-27 4264659432327247667673381732352 19669727896662302471803537195008 232 0 
nomask 9.027661e+31 0 1038273714913673413758870041395200 232 217 
nomask 2.990469e+29 5257205843568078788591290941440 0 0 217 
nomask -3.0008182e-30 1110025416536389062325742499528704 316548265821325446824853504 232 0 
nomask 9.0286555e+31 0 66996483900844970824528876579848192 232 217 
nomask 1.1961877e+30 325018035867910346202235973664768 0 0 217 
nomask -1.20525764e-29 17833656659904275322785401709527040 306144542264360513828108191662080 232 0 
nomask 9.028903e+31 0 16543079473012623298558283808243712 232 217 
