nomask 0.7109375 81 8 232 157 
nomask 0.01171875 83 77 206 156 
nomask -4.8012323e-29 1409984540296093645719321182208 15250778078791452209600524189696 303 0 
nomask 2.2730093e+31 0 49847273829035390949963581095936 303 166 
nomask 4.80448e+30 111675492996320111578155319296 0 0 166 
nomask -1.20032726e-29 22466344991284974008325466226688 15249163218348970105723248705536 303 0 
nomask 2.2730714e+31 0 2929944272033333525302214656 303 166 
nomask 4.8242097e+30 108659096864698410396602312901525504 0 0 166 
nomask -3.0131441e-30 21483341650757864716083658752 242387755415564386082625842839552 303 0 
nomask 3.5863077e+32 0 772454039268397756786845679616 303 166 
nomask 4.82421e+30 6912613504563146635122950799360 0 0 166 
nomask -2.9885404e-30 5593139181134665839369215016960 976408548963394412085248 303 0 
nomask 1.4243026e+33 0 762846648521226693941007482880 303 166 
nomask 3.1253754e+32 110937115726548773616331259904 0 0 166 
nomask -7.563915e-31 90611193145191249402241499529216 949771734343732352974081113456640 303 0 
nomask 9.028905e+31 0 47278906961132596804412506112 303 166 
nomask 3.0027997e+29 439347522608555362406483682656256 0 0 166 
nomask -1.2003656e-29 21483343048098728299582193664 3813097058939229343827791708160 303 0 
nomask 5.6972105e+33 0 3203223276500741870993972544929792 303 166 
nomask 1.2109849e+30 439441662871054573194947227287552 0 0 166 
nomask -4.702548e-29 1409961377973938885647606480896 15195540959147329108276412416 303 0 
nomask 2.2728236e+31 0 12359270115684217203117269188608 303 166 
nomask 1.2060522e+30 111919830884386870470377472 0 0 166 
nomask -1.1953969e-29 87757729245162620217521602560 15146011263890499173298407997440 303 0 
nomask 2.2728238e+31 0 45975585938900562514804736 303 166 
nomask 7.506998e+28 6934290416087684480578631755628544 0 0 166 
nomask -2.9762144e-30 86663125074356213807195357184 240750268112979464998401970536448 303 0 
nomask 1.4243424e+33 0 12461814537694666955685367906304 303 166 
nomask 1.8844569e+28 27841670702945931216548379230208 0 0 166 
nomask -4.722423e-29 23483415221793207940724626122866688 59781393566970153931854856585216 303 0 
nomask 3.5857127e+32 0 199389158029168456308742762266624 303 166 
nomask 4.8439388e+30 110210274902947181018411433984 0 0 166 
nomask -4.6696692e-32 22465981548515719394690529755136 949694371553757754009304141135872 303 0 
nomask 9.092042e+31 0 2929944463418303290038812672 303 166 
nomask 1.8767495e+28 110598851295774536872787731021824 0 0 166 
nomask -2.9514664e-30 22122226853701193998723448832 239048361989170558783974704939008 303 0 
nomask 9.028656e+31 0 48479062202490404477964648448 303 166 
nomask 1.22084945e+30 1745716881036580983472775164329984 0 0 166 
nomask -1.8731e-28 91359890973363930728220629925888 60782157712270283961534513152 303 0 
nomask 5.7215177e+30 0 3064231201883537791567490187264 303 166 
nomask 4.8242088e+30 433475432159036253667910102286336 0 0 166 
nomask -7.618863e-28 1461759262911262085541289902735360 234750744818202220410429824823197696 303 0 
nomask 2.2726993e+31 0 189112492193185761773228130304 303 166 
nomask 1.2011199e+30 1733478280607160237739874426290176 0 0 166 
nomask -1.2052768e-29 85931946904714058029823164416 3787309070324611610721581531136 303 0 
nomask 9.028903e+31 0 49231566737958772559613712662528 303 166 
nomask 1.9296529e+31 1745387939574618760562112662077440 0 0 166 
nomask -1.9126043e-28 1421660407547843916773374033920 60593734218216889316457284894720 303 0 
nomask 3.58591e+32 0 199389095316141563799854324383744 303 166 
nomask 4.8044804e+30 440841099611788724073645735936 0 0 166 
nomask -1.2052768e-29 5616588036417548888959491244032 59937062952888873363176235988942848 303 0 
nomask 2.2730714e+31 0 759648382138813260175813640192 303 166 
nomask 4.80448e+30 428502867302487084428876568179245056 0 0 166 
nomask -3.025518e-30 1392447800670851652426292789248 3826009589649461963695596823904256 303 0 
nomask 1.4243819e+33 0 775652452634467969869746798592 303 166 
nomask 1.9296843e+31 109110224053956702852147937542144 0 0 166 
nomask -1.1953969e-29 360944343465085698811708267560960 239923970677597801760677691392 303 0 
nomask 1.4243421e+33 0 49642575373606897312657909481472 303 166 
nomask 3.1127486e+32 436417406938267426615555856007168 0 0 166 
nomask -7.59473e-31 362444795474797706561005994115072 956373359088231464635049418162176 303 0 
nomask 9.092535e+31 0 12359270115684217203117269188608 303 166 
nomask 3.0027998e+29 6933913122428640950959497705160704 0 0 166 
nomask -1.2003657e-29 5593143473765798767876714266624 956451022900735147642490892320768 303 0 
nomask 1.4243421e+33 0 52090836078726088470355036650602496 303 166 
nomask 1.9375759e+31 1757908045030228780578804194082816 0 0 166 
nomask -7.5555084e-28 5663198498416669855513218908160 15148435122379894641836532170752 303 0 
nomask 2.272823e+31 0 198570301494427589250631637925888 303 166 
nomask 1.2011198e+30 436440896215826811408591750168576 0 0 166 
nomask -1.19539696e-29 22465982979392763704193029505024 15150040575868342869380541972480 303 0 
nomask 2.2728857e+31 0 12917901805048644927060711286243328 303 166 
nomask 3.0027995e+29 1733713448111146593094713319882752 0 0 166 
nomask -3.0008661e-30 362444772580764997608965998116864 963026659366890003620090538360832 303 0 
nomask 1.4243422e+33 0 3102660960850431082041119342592 303 166 
nomask 3.0151313e+29 6983056537280369041933307618525184 0 0 166 
nomask -7.5873084e-28 23674341930668261030242612842332160 238130879436409026267408413459742720 303 0 
nomask 2.2726993e+31 0 200207901680460916850854698418176 303 166 
nomask 4.844016e+30 27354572707117758532137562153156608 0 0 166 
nomask -4.6889285e-32 362444726792699579704886006120448 956476609815707291268973548535808 303 0 
nomask 2.2730724e+31 0 51671616852915510397608109203783680 303 166 
nomask 1.1537013e+27 439476965469491777240621056524288 0 0 166 
nomask -1.1855169e-29 23579438289542402944957441646788608 60600162303473371477522167889920 303 0 
nomask 3.611363e+32 0 198570364207454481759520075808768 303 166 
nomask 4.863591e+30 27651913512837782233041548083200 0 0 166 
nomask -3.0222034e-27 1404124115071678270199876812800 237449380485097638157251692724224 303 0 
nomask 1.440244e+30 0 3089817136964636222598764560384 303 166 
nomask 1.2011198e+30 431587749198019199412805822266212352 0 0 166 
nomask -7.618863e-28 23579070519800966339386945931575296 59536001406032644743952059399667712 303 0 
nomask 9.027662e+31 0 797530844520015625580045391626240 303 166 
nomask 2.990469e+29 439453521979997810351665154359296 0 0 166 
nomask -1.20032726e-29 23483419617447488059516305354522624 3772886337806826450434970492076032 303 0 
nomask 9.092286e+31 0 198570364207454481759520075808768 303 166 
nomask 1.9296839e+31 27356820351672992607616209273225216 0 0 166 
nomask -1.9204929e-28 362450702135236616187324961652736 3773401688376618331476597638430720 303 0 
nomask 3.5860094e+32 0 797543537636658669379065219121152 303 166 
nomask 4.8242877e+30 433463664626223852319352159207424 0 0 166 
nomask -3.025566e-30 5846940713555409071980856450482176 15046888621409871936955701264384 303 0 
nomask 9.028904e+31 0 794255769574002755397376146407424 303 166 
nomask 1.9296839e+31 1726447396420875989498609958767296512 0 0 166 
nomask -3.025566e-30 94698873966873031493585868083429376 236447439439305937622220791603003392 303 0 
nomask 1.4142408e+33 0 3229476655352277567935835828912128 303 166 
