nomask 0.99609375 348 409 699 846 
nomask 4.8833987e+30 1560786973264088797581945077760 0 0 1440 
nomask -1.1904665e-29 318964906661283762419149087703040 518515567810777631172256491110400 1080 0 
nomask 3.585911e+32 0 1722510245498118812279410608046080 1080 1440 
nomask 1.2060717e+30 97895409746210455386579334594560 0 0 1440 
nomask -3.000914e-30 322970609829027659311787519508480 2059857344505605847301061408194560 1080 0 
nomask 1.4343646e+33 0 427069203072446905483876620042240 1080 1440 
nomask 1.9375758e+31 24377367281087387542702570183065600 0 0 1440 
nomask -7.5331e-31 308898287514248322087408107520 8297146494786858430285071746334720 1080 0 
nomask 1.424382e+33 0 7003679960679217606954855987937280 1080 1440 
nomask 4.8636697e+30 1577064464765090149294552802918400 0 0 1440 
nomask -7.502285e-31 79743817544468102206937314099200 33299420443360801277632850165760 1080 0 
nomask 1.424382e+33 0 1647456789636603332497055416320 1080 1440 
nomask 3.1253756e+32 24806130137098188572779326996480 0 0 1440 
nomask -1.8987124e-31 1286555346982067911264255491440640 130527212994947273848772446126080 1080 0 
nomask 1.4243426e+33 0 26581281015082369901007156019200 1080 1440 
nomask 1.9454677e+31 1534197206439778699900667622850560 0 0 1440 
nomask -7.502285e-31 321638897947386595806665842360320 130936071513712810297317406896291840 1080 0 
nomask 1.424382e+33 0 112058928114756528573126019960012800 1080 1440 
nomask 1.9454676e+31 6223194114900750875388026573291520 0 0 1440 
nomask -1.8755713e-31 21096608908832828673064612795514880 33299427243568536609921957888000 1080 0 
nomask 1.4243426e+33 0 1722537772739031437385718667673600 1080 1440 
nomask 1.9533904e+31 1581800412065609555177436610560 0 0 1440 
nomask -1.8678376e-31 19852717293358657583447392911360 131796247255638533780621230080 1080 0 
nomask 5.761599e+30 0 101663836134283041058691481600 1080 1440 
nomask 7.630427e+28 24804819397057203274053813534720 0 0 1440 
nomask -1.8138517e-31 4942291316494886759630288977920 129998308722578398138201165938032640 1080 0 
nomask 3.6115628e+32 0 1729584311199368403334079038095360 1080 1440 
nomask 7.3913816e+25 24720975140950978427001605833359360 0 0 1440 
nomask -1.1724194e-32 336176763454031422778585920957317120 522164831289866350799024553984000 1080 0 
nomask -7.506573e-37 0 6889928696962349442359895722557440 1080 1440 
nomask 1.2307341e+30 395450262396271185644885114880 0 0 1440 
nomask -1.7445745e-37 5188837473780670861020424317173760 8238311750280706056824813267189760 1080 0 
nomask 1.4168683e+36 0 1647484734240265713622607462400 1080 1440 
nomask 4.9623936e+30 24971288482418137711410853969920 0 0 1440 
nomask -4.6508593e-32 4724930453474525334617456640 132299360731190339054823077314560 1080 0 
nomask 3.586111e+32 0 6589717080183697638558290411520 1080 1440 
nomask 7.8770494e+28 6179573339156702725702692907253760 0 0 1440 
nomask -7.317156e-31 5210060650114333522034061119324160 2095305083176608957687461314560 1080 0 
nomask 9.028411e+31 0 6975383697874219242736182267740160 1080 1440 
nomask 7.845003e+31 1555798691930173366821945228656640 0 0 1440 
nomask -2.9762624e-30 5146138153385591177838343445544960 128744565737960855588339491799040 1080 0 
nomask 5.6555365e+33 0 26469863011442818010121680977920 1080 1440 
nomask 1.9533595e+31 6221852569918724521392855129784320 0 0 1440 
nomask -1.8755713e-31 19935960761311777425755367014400 8296475395885873957337608853913600 1080 0 
nomask 1.4243822e+33 0 432410031826115002690768805560320 1080 1440 
nomask 1.2208497e+30 24806788057196581971750499123200 0 0 1440 
nomask -1.1954161e-29 4963177729540976427356588605440 531896225985204928968130560 1080 0 
nomask 3.58601e+32 0 6946970797906144459094732895682560 1080 1440 
nomask 4.8242094e+30 392849143092539385848549867520 0 0 1440 
nomask -7.5331e-31 324307564670832664011811250503680 32724178576253457461231919122350080 1080 0 
nomask 1.4344042e+33 0 26581281015082369901007156019200 1080 1440 
nomask 1.9375758e+31 386233697213882566765018475397120 0 0 1440 
nomask -7.5331e-31 79075345223721401356142279393280 525674064891269107928486400491520 1080 0 
nomask 5.6163984e+33 0 430627425370374996424070497566720 1080 1440 
nomask 1.945468e+31 1566368826030650111694362954956800 0 0 1440 
nomask -3.0008661e-30 322975771186698776519220280688640 33077465062983423027301350113280 1080 0 
nomask 1.4243819e+33 0 427069175871615964154720189153280 1080 1440 
nomask 3.1253756e+32 98865105715726746216478801920 0 0 1440 
nomask -7.59473e-31 5252845163511921448134083535175680 32725066411375382444897823338004480 1080 0 
nomask 1.424382e+33 0 26469868111598619509338511769600 1080 1440 
nomask 7.7819953e+31 24715608961022873011020920059330560 0 0 1440 
nomask -7.5331e-31 320301902304335179112907465031680 32958622755743420991143002515701760 1080 0 
nomask 1.4345232e+33 0 111148009279661495331908294698598400 1080 1440 
nomask 7.781871e+31 6222857259810373455114786444410880 0 0 1440 
nomask -1.8755713e-31 1281186800581670599646960230072320 2045596928072980858433977838469120 1080 0 
nomask 1.4243426e+33 0 6918450400254189542627068650455040 1080 1440 
nomask 7.813438e+31 98563917768047766731892184842240 0 0 1440 
nomask -7.5020454e-31 5188754892057932985701500138291200 2065426871752842509197493467569192960 1080 0 
nomask 1.4242632e+33 0 1708248958638903700879321249873920 1080 1440 
nomask 4.942586e+30 1538160602958322986137826210097397760 0 0 1440 
nomask -4.4959609e-32 5231454538862983964833458180587520 8204441272110856630746938311043973120 1080 0 
nomask 9.02866e+31 0 1736715498645594785617252334960640 1080 1440 
nomask 7.391263e+25 1566368826030650111694362954956800 0 0 1440 
nomask 3.2391753e+35 83361012182305662234129255754629120 32734017878428202574329351724072960 1080 0 
nomask -7.507957e-37 0 27901533050643696725878717494067200 1080 1440 
nomask 4.9821247e+30 96135027239776105163218068669726720 0 0 1440 
nomask 1.9477784e+37 20755015651312076391407474505154560 8214966303915131277035836538880 1080 0 
nomask -1.8917089e-34 0 110693437697235903694965336283545600 1080 1440 
nomask 5.6690907e+36 390059351662229703817559935486525440 0 0 1440 
nomask -1.7866492e-34 334807721696023097965761620418232320 2045708777889811603925221653872640 1080 0 
nomask 9.028912e+31 0 27900648697228132232344836432199680 1080 1440 
nomask 5.209161e+30 6153159152764490447985653232823173120 0 0 1440 
nomask -2.8584048e-33 5210231362529321303819821378437120 8087615484110651294578800071005962240 1080 0 
nomask 9.02891e+31 0 107212952382046727937643732008960 1080 1440 
nomask 3.1759313e+32 24378709478889356488597495967907840 0 0 1440 
nomask -7.409961e-31 1350140771884211894676014595015966720 32507623404043692229655799885987840 1080 0 
nomask 2.2621515e+34 0 7142337889382360770188008720066150400 1080 1440 
nomask 7.876573e+31 24644246091802801931353168281600 0 0 1440 
nomask -1.1722508e-32 83018751742803581030923180619857920 516370979007463194880140204803358720 1080 0 
nomask 5.6571235e+33 0 1729640780124402602662829563576320 1080 1440 
nomask 1.2257822e+30 97509479569468631641206350193623040 0 0 1440 
nomask -7.5022857e-31 1297209694855139011204983249960960 32504945971852475318129994623877120 1080 0 
nomask 1.4243424e+33 0 448235656751724346450391709379461120 1080 1440 
nomask 1.9454986e+31 1538418472058206327275989072168878080 0 0 1440 
nomask -7.53322e-31 83360996514627040028535151562588160 8297815852834662658166523061862400 1080 0 
nomask 3.58611e+32 0 110237090444566462090690569437184000 1080 1440 
nomask 1.9375758e+31 1538289955313027915522750419587563520 0 0 1440 
nomask -7.563915e-31 1313190400639817421241381961072640 516371313251273801932814427566899200 1080 0 
nomask 5.656963e+33 0 27247155656474173817363040829440 1080 1440 
