nomask 0.99609375 1035 1208 2038 2794 
nomask 4.8438617e+30 4385131257857505316458176509378560 0 0 4032 
nomask -4.7815108e-29 919233223326127218077738867884032 363995342413441989765920583271317504 3024 0 
nomask 2.2729474e+31 0 297705472980017856706447732113408 3024 4032 
nomask 1.2011199e+30 1099920255782317173556698415104 0 0 4032 
nomask -1.20032726e-29 911804654635385472393137948196864 365427300172152233484962683158528 3024 0 
nomask 9.092038e+31 0 297705453939436197776038230491136 3024 4032 
nomask 4.8242094e+30 1076802734748452115929053337776816128 0 0 4032 
nomask -3.0008182e-30 900574291085968409704167112704000 91655240310821157835752519996801024 3024 0 
nomask 3.5862086e+32 0 1195793387791218156746664503672832 3024 4032 
nomask 4.82421e+30 1096428703401047053912145557192704 0 0 4032 
nomask -1.186714e-32 58830944571830534530168409101959168 1445959314104843263132407198350573568 3024 0 
nomask 8.921844e+34 0 303925155141234110691790653751296 3024 4032 
nomask 5.041008e+33 1084319276410145637877509688827838464 0 0 4032 
nomask -2.990906e-33 223279104735013392529835799085056 5767758372956485587676921388335104 3024 0 
nomask 5.6572826e+33 0 4573961252107989257121033093120 3024 4032 
nomask 7.8134384e+31 17362913033871166912557848985600 0 0 4032 
nomask -1.883305e-31 223279090454577148332028672868352 23231378952040046743862403108175872 3024 0 
nomask 2.262849e+34 0 312487206916288224768044179057016832 3024 4032 
nomask 7.845006e+31 17305148712104695515325723796570112 0 0 4032 
nomask -1.8755714e-31 3602295793421994195827184334012416 5827550902241411666861761757184 3024 0 
nomask 1.4345234e+33 0 4783252150685960691717080711430144 3024 4032 
nomask 3.1253752e+32 274950717563414849430343385691979776 0 0 4032 
nomask -1.883275e-31 3632127738979613368496308038402048 1461983385064497531836674093350912 3024 0 
nomask 2.2730721e+31 0 19530759955963461620739619562717184 3024 4032 
nomask 1.21098454e+30 275978969750533746849298117558272 0 0 4032 
nomask -7.409481e-31 53145916031422064073633693696 5866087254464556290967154458624 3024 0 
nomask 9.028905e+31 0 4593304698018932028448790544384 3024 4032 
nomask 1.8844568e+28 17423064444799345926833578306437120 0 0 4032 
nomask -1.160865e-29 233410804864122426138452921621151744 5808158526795750859114187512086528 3024 0 
nomask 3.5856144e+32 0 77806107057271150745154835338756096 3024 4032 
nomask 4.8834743e+30 4370662730417426118964848623616 0 0 4032 
nomask -1.8601938e-31 14469079664548760622529456562503680 23307147595609388336722036654080 3024 0 
nomask 2.2460525e+34 0 19371973081601630635185066800578560 3024 4032 
nomask 1.1729873e+27 69460841596207808939117116391424 0 0 4032 
nomask -7.34833e-31 224214944563404407424238158348288 367922987291351560119159317594112 3024 0 
nomask 1.4344045e+33 0 1148383816890614534719087312896 3024 4032 
nomask 1.9384046e+28 4399221371587658577309918560256 0 0 4032 
nomask -1.1657954e-29 213493972207563267876725981184 1470231371927371632227647488 3024 0 
nomask 5.7216736e+30 0 298958076685032252625921454899200 3024 4032 
nomask 4.8637443e+30 1096516785131801265986500061822976 0 0 4032 
nomask -4.7224233e-29 58114987017926870672706000975298560 1441939288589814854032678321127424 3024 0 
nomask 2.2725139e+31 0 297705472980017856706447732113408 3024 4032 
nomask 4.844016e+30 70112346838168983792997367808 0 0 4032 
nomask -1.1855169e-29 225150855793976643307676148695040 1461670053252718173017915397242880 3024 0 
nomask 9.028656e+31 0 74427577321939806257615286042624 3024 4032 
nomask 3.0151309e+29 4398991992080486150032953704448 0 0 4032 
nomask -4.7815108e-29 213497625991055435675033665536 92609552511833237338376154120192 3024 0 
nomask 9.028407e+31 0 18373831660797874936350995644416 3024 4032 
nomask 1.20112e+30 17528980980024823276747358208 0 0 4032 
nomask -1.20034645e-29 223282660563638197783810227044352 369029417938515789388827328512 3024 0 
nomask 9.092038e+31 0 1143490536158813629870994620416 3024 4032 
nomask 4.8044797e+30 1073996651418191277730913329348608 0 0 4032 
nomask -3.0131923e-30 893116418940053570119343196340224 23071652539216837496181402296647680 3024 0 
nomask 1.4243422e+33 0 18451217344805182853167963963392 3024 4032 
nomask 4.8242103e+30 4385245044373499084585358204076032 0 0 4032 
nomask -1.1915288e-32 13896904782932856095502011203584 92614455461610411918822821855232 3024 0 
nomask 8.922097e+34 0 4612955470818213473417410117632 3024 4032 
nomask 5.0410082e+33 1107145710258248632781091373056 0 0 4032 
nomask -2.990906e-33 13897128807276436948601303728128 23521909923438161527541071872 3024 0 
nomask 2.2467503e+34 0 4593459105235822417238342762496 3024 4032 
nomask 1.2552011e+33 69455329347817548585566396743680 0 0 4032 
nomask -4.746856e-32 13780149721254825349163954208768 1471809391473078523242443276550144 3024 0 
nomask 8.986746e+34 0 19371662339308956890902000325099520 3024 4032 
nomask 1.2552011e+33 274958175378439019293136981103476736 0 0 4032 
nomask -1.8910388e-31 900574291085968409704167112704000 22911938312365889963962482523373568 3024 0 
nomask 2.2627855e+34 0 19531073135450587708115102245847040 3024 4032 
nomask 3.1380026e+32 4355533054480331173496094720000000 0 0 4032 
nomask -4.7275218e-32 3503472306029514817279258263552 91985640252324235145031746322432 3024 0 
nomask 2.2731343e+31 0 18451517233966311007117614514176 3024 4032 
nomask 1.8921932e+28 4399565440848417218225365843968 0 0 4032 
nomask -1.8292891e-31 58114979706343513643428752352346112 5807218988334372596987739462696960 3024 0 
nomask 9.092041e+31 0 4823028687394732674382349702529024 3024 4032 
nomask 7.3611585e+25 17304211001539156510518587902918656 0 0 4032 
nomask -1.8545918e-34 58353644410283663311378302766153728 364055472874970198542013258432249856 3024 0 
nomask -1.1869642e-35 0 19371351597016283146618933849620480 3024 4032 
nomask 7.630434e+28 1076772669517688011541007000196349952 0 0 4032 
nomask 1.2538085e+36 3632127510492633461331394018934784 92012535073917474348452787781632 3024 0 
nomask -7.507004e-34 0 5040523988563274907211308115163086848 3024 4032 
nomask 7.7536233e+28 17599184636585950156186995130368 0 0 4032 
nomask -7.720267e-31 904332045079266620671359776194560 93226153187985210254471938965504 3024 0 
nomask 8.919814e+34 0 1153239313968185999535825223680 3024 4032 
nomask 1.3840143e+33 1088824313979266744826206657445888 0 0 4032 
nomask -1.1460547e-29 226083182635051585541525458649088 90571021173856670070856207447929913344 3024 0 
nomask 5.721364e+30 0 1210728743882156534238099007340544 3024 4032 
nomask 1.2208489e+30 4307450992898586448946840139882037248 0 0 4032 
nomask -7.317036e-31 3765120556106293426091557463298932736 361519815766752445192190818523283456 3024 0 
nomask 9.026677e+31 0 80321309045918611564009655720019492864 3024 4032 
nomask 1.211004e+30 68267895536997867235807324482306048 0 0 4032 
nomask -2.9762144e-30 3765060659615432642252336744072478720 358934244916150705309684445925605376 3024 0 
nomask 3.586209e+32 0 1210729048531463077124651033296896 3024 4032 
nomask 3.0274621e+29 17302337408303917758223628271353856 0 0 4032 
nomask -4.801309e-29 225150870074412887505483274911744 23071657413605742182366234711949312 3024 0 
nomask 9.028407e+31 0 77803586998207427987596476627812352 3024 4032 
nomask 4.8242097e+30 4307330731975530031394654789560172544 0 0 4032 
nomask -3.0008661e-30 235323763664155424062119139161931776 364075438371923793155086831507734528 3024 0 
nomask 9.028904e+31 0 1255060228855940544955883379486621696 3024 4032 
nomask 1.9296839e+31 17107139701842139292053278878701977600 0 0 4032 
nomask -3.025518e-30 59069587341020613110286213646909440 5742949790423750684449926782285512704 3024 0 
nomask 1.4243819e+33 0 4902578409669904667960815399206912 3024 4032 
