nomask 0.99609375 882 1148 1849 2614 
nomask 3.1127482e+32 69453544293287023859675619655680 0 0 4032 
nomask -4.781434e-29 226079384039010628924829885005824 1461865942756825249070868087177216 3024 0 
nomask 2.2729474e+31 0 18607500058988976288056091869184 3024 4032 
nomask 1.1961875e+30 17785797719937298137612288 0 0 4032 
nomask -1.1953777e-29 54058957478046941642345152512 371380595075669221576173158400 3024 0 
nomask 2.2730095e+31 0 70861226023808925339651932160 3024 4032 
nomask 1.2011199e+30 17013788498682079973387884560384 0 0 4032 
nomask -1.20032726e-29 809053848890648384545751040 373961002965450870646659612672 3024 0 
nomask 9.028903e+31 0 285877208241937877077843771392 3024 4032 
nomask 1.20112e+30 4385598285244435561542432300466176 0 0 4032 
nomask -4.8010012e-29 908046615033362377469802760372224 23070409570046142519049136394731520 3024 0 
nomask 2.2255338e+31 0 4842915280177932679838948055318528 3024 4032 
nomask 7.6869224e+31 4355767025147756110368050654478336 0 0 4032 
nomask -3.0501695e-30 13955626829296262740767959678976 367913200432378869888675483746304 3024 0 
nomask 5.6432174e+30 0 4390968594986512605461348352 3024 4032 
nomask 4.7846733e+30 4398418543312555081840541564928 0 0 4032 
nomask -1.21511825e-29 213490499718671856495891578880 23227001750803638549882894167310336 3024 0 
nomask 3.560855e+32 0 19451209929038983084274601840082944 3024 4032 
nomask 1.9138077e+31 4458171904930972387489886502912 0 0 4032 
nomask -1.1855361e-29 215321812263866508291197632512 23713811347849651276480512 3024 0 
nomask 9.027913e+31 0 74740733008338819970086092144640 3024 4032 
nomask 1.9454983e+31 277850706529060753429331340951552 0 0 4032 
nomask -7.4712305e-31 904332216444501551045045290795008 370448034987468957444807453573120 3024 0 
nomask 5.819838e+27 0 74427572561794391525012910637056 3024 4032 
nomask 4.7304807e+27 4427895148775109880474943619072 0 0 4032 
nomask -7.1316673e-31 13229804398120013454152564736 93231037097180725904509105078272 3024 0 
nomask 3.6113643e+32 0 18528894587719143141880425873408 3024 4032 
nomask 1.7677582e+22 1103710354963708492557031959429120 0 0 4032 
nomask -7.6518906e-28 58114036512090456866663679991480320 92000339581364929421166998716416 3024 0 
nomask 5.583252e+36 0 74739538211839722086889865347072 3024 4032 
nomask 7.5996024e+28 17785794315215979845517312 0 0 4032 
nomask -2.8221063e-33 13897129699803702210964249116672 371418862182167345387456692224 3024 0 
nomask 2.296625e+28 0 71167065366705495042271739904 3024 4032 
nomask 4.7112137e+27 70562152688384175268631150592 0 0 4032 
nomask -7.1316673e-31 13343823013039965354873323520 5904318362362981186945224278016 3024 0 
nomask 9.028411e+31 0 71167032826648949018622689280 3024 4032 
nomask 1.7604082e+22 69921442786828165010166109962240 0 0 4032 
nomask -2.9638403e-30 224214887441659430633009653481472 369086837192581001404980658176 3024 0 
nomask 2.27301e+31 0 297705415858272879915219227246592 3024 4032 
nomask 1.9533901e+31 68534126966576836443468409602048 0 0 4032 
nomask -2.9761663e-30 900603480297651550021933099646976 5727513590263557188381188502323200 3024 0 
nomask 9.027665e+31 0 4409934799373337818050854912 3024 4032 
nomask 7.7818705e+31 280399210585481966705153409024 0 0 4032 
nomask -3.00077e-30 3307506664581917890528149504 5904471877052606313371831107584 3024 0 
nomask 2.2731335e+31 0 70862383520106062466596732928 3024 4032 
nomask 1.9296529e+31 4457255725693180571926445162496 0 0 4032 
nomask -1.904685e-28 13286696038411229229710573568 1489197431046087264354435072 3024 0 
nomask 2.2729471e+31 0 4593533780017016034938106937344 3024 4032 
nomask 4.8044797e+30 276807931893359573252488298496 0 0 4032 
nomask -1.1953777e-29 896845212208648547933683892355072 5807061789292196467526894069219328 3024 0 
nomask 2.2730093e+31 0 1185830289194692866392483640115200 3024 4032 
nomask 1.2011199e+30 17063685499634642891509262947713024 0 0 4032 
nomask -1.20032726e-29 857617734770247985710193704960 370467608705414337905775121268736 3024 0 
nomask 8.965521e+31 0 4612878415964312489416458240000 3024 4032 
nomask 1.2011201e+30 1114399948738484803210473111552 0 0 4032 
nomask -3.0130478e-30 53375271133552081832861761536 374679430468888117276311552 3024 0 
nomask 2.2414418e+31 0 1153257685154395983173117804544 3024 4032 
nomask 3.0874453e+32 4438919854741708383442698240 0 0 4032 
nomask -3.0377477e-30 3459716826245476420653793935360 5904011928001907775667307544576 3024 0 
nomask 8.965766e+31 0 70862416060162608490245783552 3024 4032 
nomask 3.100072e+32 17300922616924332593076019730055168 0 0 4032 
nomask -7.563674e-31 893101681529849557982388940701696 5847619751472250954198109638361088 3024 0 
nomask 3.5609546e+32 0 5020080879487243523003115658763304960 3024 4032 
nomask 7.718489e+31 277850677968188265033717088518144 0 0 4032 
nomask -1.8524601e-31 3488792017570479471553507491840 5826940413591972210607115993088 3024 0 
nomask 3.5860113e+32 0 18607194219646079718353472061440 3024 4032 
nomask 1.9612821e+31 70110561783638459067106590720 0 0 4032 
nomask -2.9761183e-30 13955394772207294526402158657536 1476156050426469439161961021440 3024 0 
nomask -1.876614e-37 0 18451518424002664690268208365568 3024 4032 
nomask 2.000711e+31 4369974591895908837133954056192 0 0 4032 
nomask -1.7830367e-31 857632015206492183517319921664 1471652954054168750997977947963392 3024 0 
nomask 5.7216754e+30 0 18606889570339536831801446105088 3024 4032 
nomask 2.0678807e+31 17422598331360335310408978593218560 0 0 4032 
nomask -1.1254316e-38 3765120556106293426091557463298932736 22914438873873993976781511573110784 3024 0 
nomask -4.7465527e-32 0 4842993270400407658796266700144640 3024 4032 
nomask 2.9565543e+26 17183010540021360696206789531664384 0 0 4032 
nomask 4.673952e+33 904317421912552562116862530289664 23311424586264525579956338556928 3024 0 
nomask -1.8875948e-37 0 19291796695702899923969083711684608 3024 4032 
nomask 2.0007108e+31 1114571983368864123668196753408 0 0 4032 
nomask -7.0703973e-31 3617269916137190155632364140625920 370389428077122769644361460219904 3024 0 
nomask 1.4402837e+30 0 1153220273386527069126323601408 3024 4032 
nomask 2.0678183e+31 17420719254437578786156082494439424 0 0 4032 
nomask -2.9392364e-30 3488792910097744733916452880384 5767758372956485587676921388335104 3024 0 
nomask 3.611265e+32 0 297705396817691220984809725624320 3024 4032 
nomask 1.953359e+31 68262265617812954692325884808921088 0 0 4032 
nomask -1.1855361e-29 58592287179473741891496107311104000 23072905257165341845683333029167104 3024 0 
nomask 5.696259e+33 0 19371664776503409233994416532750336 3024 4032 
nomask 1.9454679e+31 69468174600219204513076428668928 0 0 4032 
nomask -7.5331e-31 234365434433549596693142128784572416 361439758803381879292503229609279488 3024 0 
nomask 8.965771e+31 0 74739552492275966284696991563776 3024 4032 
nomask 1.9454676e+31 68724547787144487775647319600398336 0 0 4032 
nomask -4.8211073e-29 868556772065119821559612047360 22911933437976985277777650108071936 3024 0 
nomask 3.5606568e+32 0 78441220433996141884079219480199168 3024 4032 
nomask 4.82421e+30 17184891444839956477778997786181632 0 0 4032 
nomask -7.5021653e-31 57874450548647321509780803085664256 367991419141833756010908148039680 3024 0 
nomask 9.028904e+31 0 77165958436807618777298566190727168 3024 4032 
nomask 4.80448e+30 1084529616040160656125398073923862528 0 0 4032 
nomask -3.025566e-30 58592283523682063376857482999627776 23072912568748698874960581652119552 3024 0 
nomask 1.4243819e+33 0 1210728972369136441403013026807808 3024 4032 
