mask 0.99609375 63 58 131 173 
mask 1.9296528e+31 67167691259734709396390293798912 0 0 274 
mask -1.2003656e-29 220098503563910219321453670563840 1567780477829881737650004784316416 184 0 
nomask 3.58601e+32 0 81600974488715897044337772462080 184 274 
nomask 1.2060524e+30 267712437556364187515612037120 0 0 274 
nomask -1.8678076e-31 221917150516184576913108319076352 6269931414365106526832452182212608 184 0 
nomask 1.4243424e+33 0 1259177461700070970843218313216 184 274 
nomask 1.2060525e+30 16612726148872433538872192995950592 0 0 274 
nomask -3.01324e-30 13642710004916319057821707534336 6314879464930806299430179060056064 184 0 
nomask 3.5862086e+32 0 5330579630476206012963044221517824 184 274 
nomask 4.863669e+30 266848600716992311230322719064064 0 0 274 
nomask -4.8011553e-29 13756371963771735015241245786112 100987069366404414512824320000 184 0 
nomask 5.682523e+30 0 81941479515037393197842147835904 184 274 
nomask 1.9296839e+31 1052816309744169202258194716426240 0 0 274 
nomask -1.2003081e-29 55025515660380791197436001386496 24910822163012236969662179165863936 184 0 
nomask 2.2730712e+31 0 5057909246490941944009823617024 184 274 
nomask 1.1912358e+30 4181422818076830675601856332300288 0 0 274 
nomask -4.8011553e-29 842019947762284672713870016512 98670012342398509329121164656640 184 0 
nomask 5.722137e+30 0 341146305691382248901796137598451712 184 274 
nomask 1.9217608e+31 4240649428633856213421320770158592 0 0 274 
nomask -1.904685e-28 891284513698315498889529545195520 6336306640016300420251529510912 184 0 
nomask 2.2728852e+31 0 1321854496958371506208363878809600 184 274 
nomask 4.824287e+30 269491976362836921660779528192 0 0 274 
nomask -4.7617125e-29 55026388051475370604214198730752 25172968457859178865931673665536 184 0 
nomask 9.002736e+28 0 327755338901417852623289384435712 184 274 
nomask 1.9217607e+31 1060105189474306116770916686888960 0 0 274 
nomask -7.439815e-31 13699654377808013702452347928576 400075296105643357633732480598016 184 0 
nomask 5.6829886e+30 0 82276700137706694492438073966592 184 274 
nomask 2.9409997e+29 66260154273727466118825891594240 0 0 274 
nomask -1.8993204e-34 916363799229406332816503493695111168 24839088345029170880304688136192 184 0 
nomask 5.414685e+33 0 1327281874524854544139817041526784 184 274 
nomask 4.9801625e+33 1070905469427588129006324547584 0 0 274 
nomask -7.3013287e-37 891313208761569871727620370989056 24910141121905311986004383489851392 184 0 
nomask 8.3574516e+37 0 20315778563019332733213299703808 184 274 
nomask -1.1250754e-38 67162331789344902841601527644160 0 0 274 
nomask -1.266167e-32 3396496149678425528225083949056 100699854781908492615966487740416 184 0 
nomask 3.477882e+29 0 20485038633084773891066667466752 184 274 
nomask -7.627837e-34 268663674689006797785451523473408 0 0 274 
nomask -1.875361e-31 55479287629046144228277079769088 397372331401116185139757424050176 184 0 
nomask 8.879911e+28 0 327755338901417852623289384435712 184 274 
nomask 5.000442e+33 66267279380276819839524316119040 0 0 274 
nomask -1.8985621e-31 894943634758537356202588162228224 24564847980763552080967673839616000 184 0 
nomask 2.2574107e+31 0 1264456689638600604620513345536 184 274 
nomask 4.824132e+30 4181880159550094168277164377505792 0 0 274 
nomask -7.47087e-31 849138102988175609294539980800 1578677632409193337787326404755456 184 0 
nomask 5.6828345e+30 0 82278014768977661675751243513856 184 274 
nomask 4.804325e+30 4254591847556616768260174512128 0 0 274 
nomask -4.8014625e-29 213170778758137962586651492352 25004703418745877239542702931968 184 0 
nomask 1.4242232e+33 0 81941463987896397522448685203456 184 274 
nomask 1.2060524e+30 265026325173870380329200189964288 0 0 274 
nomask -7.5021653e-31 221009599627530408067308407750656 24910141121905311986004383489851392 184 0 
nomask 3.5861096e+32 0 5057826758554402418482053382144 184 274 
nomask 3.0028e+29 4153181092333406766534511957114880 0 0 274 
nomask -3.0008661e-30 3410677501229079764455426883584 1578805161993904485018966159261696 184 0 
nomask 3.5608556e+32 0 1327238978209997158252810942283776 184 274 
nomask 4.8439397e+30 67171271191318043217033892462592 0 0 274 
nomask -4.7815108e-29 55252389479897407840650470096896 1583951795911901548773787041792 184 0 
nomask 5.722137e+30 0 316124442966454582274762473472 184 274 
nomask 1.9296527e+31 265033443329096271265780859928576 0 0 274 
nomask -1.20032726e-29 887668602064738307652433276305408 1578634901717173239104517240258560 184 0 
nomask 5.722137e+30 0 327760659535065704058115913154560 184 274 
nomask 2.9780894e+29 263937608225802079379205618137038848 0 0 274 
nomask -1.9046543e-28 220098517466557144889689179684864 24739883495139462666822615442653184 184 0 
nomask 5.721982e+30 0 5308872438929995882095988657094656 184 274 
nomask 4.7846724e+30 4211949916532467193495132057894912 0 0 274 
nomask -1.9126044e-28 884009981499805770795852987629568 391966443397771161952856544641024 184 0 
nomask 2.2729471e+31 0 329112141887329290305103441428480 184 274 
nomask 4.80448e+30 66708563296341281202819326541824 0 0 274 
nomask -4.7617125e-29 3396551543037269589163440603136 395998300405305837455755182080 184 0 
nomask 8.940839e+28 0 5244000292284320019015405691469824 184 274 
nomask 4.7648657e+30 266869955182669984040064728956928 0 0 274 
nomask -2.975926e-30 3550617907901847721300624037380096 6271123236302225248233594615234560 184 0 
nomask 1.4306118e+30 0 21581812408418320694708810660446208 184 274 
nomask 1.1763999e+30 16614099952831030489632262299058176 0 0 274 
nomask -1.9783274e-34 3550561407544742211991514969538560 6228556179645366323171001647497216 184 0 
nomask 5.306159e+36 0 84595974240769662843772709363515392 184 274 
nomask 4.9599612e+33 16496557855585893453875659178770432 0 0 274 
nomask 1.2952253e+36 880379777945189095412653342326784 1568035702622141319317481228075008 184 0 
nomask 5.2032893e+36 0 21148992235209717413309601862909952 184 274 
nomask -1.115892e-38 4211246588385750908309340160 0 0 274 
nomask -5.218891e-32 56575717014885816454647394447917056 6293073256806466746579012288512 184 0 
nomask 1.381249e+30 0 5057828052482818724764841934848 184 274 
nomask -7.5976277e-34 16727068635343532598635784967290880 0 0 274 
nomask -7.686812e-31 905820287164874111843735940628480 1538762741945191552245058243716448256 184 0 
nomask 2.178121e+31 0 1316406416537227567752293872828416 184 274 
nomask 4.959958e+33 1045669904339725511022970218217472 0 0 274 
nomask -2.8969758e-36 230027599380905667985029911344578560 391998242982530305158668015894528 184 0 
nomask 2.2579079e+31 0 84941974922672313685138724249141248 184 274 
nomask 4.7845956e+30 66719268334473968744161349730304 0 0 274 
nomask -7.5018046e-31 14202245630178968847966059878154240 6227704878261710093598757052481536 184 0 
nomask 5.6829886e+30 0 20315778563019332733213299703808 184 274 
nomask 1.9138073e+31 263182528333307669799509541519360 0 0 274 
nomask -1.9205543e-28 211398245582342565560158519296 391966443397771161952856544641024 184 0 
nomask 1.424223e+33 0 1332665858907968334571673300762624 184 274 
nomask 4.8242874e+30 65986245658654025597375798055010304 0 0 274 
nomask -3.0008661e-30 3550560962660040593807978677665792 24739197154101744492630517854765056 184 0 
nomask 9.092287e+31 0 5243917149620001842508544448921600 184 274 
nomask 1.2011393e+30 16223801575305525581193974644736 0 0 274 
nomask -1.2003465e-29 216453980282960208655679630606336 24253662118862402998740451328 184 0 
nomask 3.5862082e+32 0 79226610669080202902212406411264 184 274 
