nomask 0.99609375 75 109 246 357 
nomask 1.9375753e+31 28684101295324966048491561790996480 0 0 428 
nomask -1.9125736e-28 5956371846401498500203072716800 2466096060573746413692975159705600 320 0 
nomask 5.721827e+30 0 125878879844787145185191954219008 320 428 
nomask 2.9781378e+29 1849870899448704919193151078400 0 0 428 
nomask -1.1904281e-29 5981033555332318305795461611520 9726353076830888745421709294698496 320 0 
nomask 9.092038e+31 0 7933531943217906654616020320256 320 428 
nomask 4.824287e+30 28607570270492778340879370813440 0 0 428 
nomask -1.20032726e-29 1331841681538925157416960 9896548580752319118831819685888 320 0 
nomask 3.5862082e+32 0 491714216489570514925894238208 320 428 
nomask 1.929684e+31 1837637136838182816302550220800 0 0 428 
nomask -1.2239682e-26 5931612290037153635561856040960 2457709557518550250904910561280 320 0 
nomask 2.2349664e+28 0 33170752601797750809581426107744256 320 428 
nomask 1.1863034e+30 460940155286288718850143561973760 0 0 428 
nomask -4.8010012e-29 5882189135795395817470164992000 2490760028684691624123634286592 320 0 
nomask 5.665393e+27 0 1966857750221405977044643217408 320 428 
nomask 4.537585e+27 7322945325452343379458510972518400 0 0 428 
nomask -3.0346281e-27 23825102040500991837762853273600 38914990791006273156227601971281920 320 0 
nomask 3.6008996e+29 0 2157550982472513024455054168315396096 320 428 
nomask 7.321671e+28 29201787533978858945976823971840 0 0 428 
nomask -7.5552624e-28 5882189513584714447041782087680 2480953410500533583727296512 320 0 
nomask 9.064148e+28 0 127464287831988887659198659166208 320 428 
nomask 1.1961873e+30 29203347048286161817612194938880 0 0 428 
nomask -1.896735e-28 389099569206074634095144594309120 9831358682084278067218643681280 320 0 
nomask 5.7218266e+30 0 516190342858921426095580951609344 320 428 
nomask 3.0027995e+29 7349967507380678984063107727360 0 0 428 
nomask -1.18549775e-29 23726449160148614542247424163840 39058441836581151308482762244096 320 0 
nomask 2.2730095e+31 0 31866063873305803241967058944000 320 428 
nomask 1.15368254e+27 7324534530977775986386412723240960 0 0 428 
nomask -7.4922767e-28 400041710187914635459559880004730880 38646896731940323281343542630285312 320 0 
nomask 2.3123995e+28 0 2047840047618872116355624033320960 320 428 
nomask 1.2060712e+30 1854966030357118457542082560 0 0 428 
nomask -1.19876436e-26 381201584290983084819038664130560 154097743365362730822470490652672 320 0 
nomask 3.649934e+29 0 31734129794044481286672232742912 320 428 
nomask 7.4762905e+28 1849968180198252033884553216000 0 0 428 
nomask -4.6232782e-29 23923742831595172986986535321600 155165747271152249355368163966976 320 0 
nomask 2.312521e+28 0 1966889962663777251612057141248 320 428 
nomask 1.7876053e+25 116813388193144647270448779755520 0 0 428 
nomask -1.18862765e-26 23726444626676790987388019015680 622722345936847597361331961856 320 0 
nomask 3.6501275e+29 0 127466349428300649231513150291968 320 428 
nomask 7.445342e+28 7274226195206267238739855938682880 0 0 428 
nomask -1.2430644e-23 1524781868505343339181658603520000 38000822716918918029067300110336 320 0 
nomask 3.6246894e+29 0 120864999799428096590335705088 320 428 
nomask 4.61488e+27 29201013821454305583305012019200 0 0 428 
nomask -7.523831e-28 381201632648015869404205652377600 616474213444297578774391769006080 320 0 
nomask 2.296925e+28 0 31602189651264595326752952156160 320 428 
nomask 4.633996e+27 29481474222398637238617374720 0 0 428 
nomask -3.047496e-27 90367866147501132559616573440 155157436208373853683449352683520 320 0 
nomask 2.2727612e+31 0 126936486837412250455358507581440 320 428 
nomask 2.9781378e+29 29486031306054606446248591360 0 0 428 
nomask -4.7617893e-29 94907338021014466821187447029760 9829020185091426950387402276864 320 0 
nomask 3.5859107e+32 0 1958643956386641212643121037312 320 428 
nomask 4.8044804e+30 451407726841594583222418375966720 0 0 428 
nomask -3.037892e-30 5857529693600487789307478671360 616523885788373904657922096365568 320 0 
nomask 5.6569626e+33 0 7933531943217906654616020320256 320 428 
nomask 7.781872e+31 1830984693083467474282279379927040 0 0 428 
nomask -3.0219572e-27 5857528938021850530164244480000 2474331935721948428268552060928 320 0 
nomask 5.664939e+27 0 122419242248635630920369438720 320 428 
nomask 1.1912356e+30 1849773618699157804501748940800 0 0 428 
nomask -7.6816024e-28 381201535933950300233871675883520 2474266752897385378555667415040 320 0 
nomask 5.703776e+27 0 7900546402229721497584162308096 320 428 
nomask 7.3526184e+28 29199457329461551748242577817600 0 0 428 
nomask -1.9045927e-28 5882192535899263483614718853120 616457526641209438047893299658752 320 0 
nomask 1.4304953e+30 0 8225136867027139271161831963492352 320 428 
nomask 7.3216713e+28 460964914087074426455641544458240 0 0 428 
nomask -1.8809577e-28 95298854692325762552561915658240 154118553361074394693597942251520 320 0 
nomask 3.625563e+29 0 514087579298455971717460850114560 320 428 
nomask 1.20605205e+30 7350354363642955665399013703680 0 0 428 
nomask -1.8888772e-28 367655049321836115422410178560 39176823730786141948786769920 320 0 
nomask 2.2726993e+31 0 1958643324770124128828073705472 320 428 
nomask 7.537825e+28 7350547036195456746923732500480 0 0 428 
nomask -2.9143926e-30 95300396072745771204759666032640 155178213865319842863246380892160 320 0 
nomask 3.6114626e+32 0 1983415071923544521458409537536 320 428 
nomask 4.544351e+24 7273231974612216167706577579540480 0 0 428 
nomask -7.397982e-28 24699557617702554518201843266355200 9729544524937792683438532827545600 320 0 
nomask 3.6851872e+26 0 8191360190475488465422496133283840 320 428 
nomask 3.0274591e+29 7172414911525339351481464714690560 0 0 428 
nomask 7.690516e+37 1531119637936156640337472237076480 618696485418607068631143546880 320 0 
nomask 1.4505375e+30 0 33035654174315160307604671174803456 320 428 
nomask 4.5255325e+24 7419674488899396095977717760 0 0 428 
nomask -1.1015087e-29 23726447648991340023960955781120 2473941596714390630569300983808 320 0 
nomask 1.4742642e+27 0 1950397571139594923385156534272 320 428 
nomask 1.3335444e+33 29202564268817961345221572689920 0 0 428 
nomask -1.1583157e-26 366101697702793388674043084800 616474148766766229391730922225664 320 0 
nomask 3.6250785e+29 0 2047872515739609506451369117089792 320 428 
nomask 1.8690419e+28 113956923856163431650073264605102080 0 0 428 
nomask -7.672469e-25 98798242850210610926610122056663040 153498206192375364731709384424423424 320 0 
nomask 1.4397791e+30 0 131597976001911753359469821978214400 320 428 
nomask 1.1633535e+27 115247430311223229661576628797440 0 0 428 
nomask -4.64323e-29 99202300289333162621435821707755520 9660129493772130441450047439634432 320 0 
nomask 9.126047e+28 0 31734651256640985684375309910016 320 428 
nomask 1.8101841e+25 460877871428062173155062699786240 0 0 428 
nomask -1.9047464e-28 23528770143597053934458875412480 612285243771392111979328341803008 320 0 
nomask 9.028159e+31 0 33171290718858577673319671320805376 320 428 
nomask 1.20111986e+30 7274027351087457024533200266854400 0 0 428 
nomask -4.7816646e-29 99202281720232573340731698220892160 616540572591462045384420565712896 320 0 
nomask 1.4241835e+33 0 33035662453039173028585259562696704 320 428 
nomask 1.9376068e+31 7103734252020208572902187991040 0 0 428 
nomask -7.59497e-31 6073675426813665938274708420034560 2375310382579436740986112311296 320 0 
nomask 2.2465594e+34 0 1988531268791739011420413166092288 320 428 
