nomask 0.99609375 73 99 261 371 
nomask 4.8439388e+30 1818209151878042349845320417935360 0 0 433 
nomask -1.1954161e-29 5981130269397887476129438105600 628014622794000560268195802382336 320 0 
nomask 9.02816e+31 0 8287052080249954959680675948527616 320 433 
nomask 1.2011199e+30 1837588024226760971992327782400 0 0 433 
nomask -7.440416e-31 5956467427099111781822197923840 2469473175489137300526971486208 320 0 
nomask 3.6113636e+32 0 8026344257372668567366892781568 320 433 
nomask 3.0027998e+29 28888516144311964466384279678484480 0 0 433 
nomask -1.205296e-29 5696253850738867084868976640 627998002784063953249959235551232 320 0 
nomask 1.4243422e+33 0 524356242433927460623867246018560 320 433 
nomask 4.8439397e+30 29004493862532300501237712814080 0 0 433 
nomask -4.801309e-29 1476761823792975750075860910080 9878941676501022553529559023616 320 0 
nomask 9.028406e+31 0 8321221773749859202906192057729024 320 433 
nomask 1.9296529e+31 460952583043714357238059541463040 0 0 433 
nomask -3.0008182e-30 95300377938858476985322045440000 627981121041687399664506344833024 320 0 
nomask 9.028903e+31 0 517949130453700475130964611170304 320 433 
nomask 2.990469e+29 29003720150007747138565900861440 0 0 433 
nomask -1.200308e-29 23825485874448719482525822484480 2511789953692617063108834901360640 320 0 
nomask 2.2730095e+31 0 33695497134506650605669143501864960 320 433 
nomask 4.8044024e+30 7324137616452680111335773191536640 0 0 433 
nomask -1.1953777e-29 1556398276824298536380578377236480 2503303626940746425154117042176 320 0 
nomask 5.722138e+30 0 515805149171878169778447489957888 320 433 
nomask 4.824209e+30 116813376103886451124157032693760 0 0 433 
nomask -2.9636964e-30 96878745444318238762672555294720 2519923381279267558071136681984 320 0 
nomask 9.0286555e+31 0 130555150968407113025342612176896 320 433 
nomask 4.8242094e+30 7399680048240507054013494067200 0 0 433 
nomask -3.0008182e-30 384358331391160804520031430901760 156970072154799496161104391831552 320 0 
nomask 3.5863077e+32 0 128953348435934121661440423100416 320 433 
nomask 7.476173e+28 467253552772578589081795119022080 0 0 433 
nomask -1.1805866e-29 99606351538755517889360146863226880 623743280240292556581398126788608 320 0 
nomask 3.6506126e+29 0 32104859698964842382704055943168 320 433 
nomask 1.937575e+31 468681745245989909845633925120 0 0 433 
nomask -4.722193e-29 382780030376621121547285529886720 39088692976260027489107243433984000 320 0 
nomask 9.187702e+28 0 128953356615072869991665933221888 320 433 
nomask 1.2060518e+30 471764506086007214241134673920 0 0 433 
nomask -7.2548074e-31 1507613327367552114435649699840 623558366271470306843065300549632 320 0 
nomask 3.625951e+29 0 479713083467907100747759616 320 433 
nomask 7.180527e+25 29198686639251547422143702630400 0 0 433 
nomask -1.8889078e-28 23726449160148614542247424163840 156991059824827711519763363528704 320 0 
nomask 5.761442e+30 0 8059844987293485629778161565696 320 433 
nomask 1.2060521e+30 116030427386071232685450324869120 0 0 433 
nomask -4.855799e-26 1470572501385867478272982384640 152698566018316525869796513808384 320 0 
nomask 3.625078e+29 0 473586716846843347851018240 320 433 
nomask 3.0028473e+29 7272635442255785525086610564055040 0 0 433 
nomask -4.7024712e-29 384364521091357231421405926522880 628014622794000560268195802382336 320 0 
nomask 5.761597e+30 0 8026345279765012108645081546752 320 433 
nomask 2.8962952e+26 7399095230375268477150229954560 0 0 433 
nomask -4.7420677e-29 1406023930486434357953167360 158042079153988145497813972680704 320 0 
nomask 5.721828e+30 0 123325876753662083613904076800 320 433 
nomask 3.0027995e+29 1849870710554045604407342530560 0 0 433 
nomask -2.9637446e-30 1476785718967379070480642211840 2502843805984238735288719900672 320 0 
nomask 9.091544e+31 0 122802459798410052678671400960 320 433 
nomask 1.2060717e+30 112851919621140449659312846929920 0 0 433 
nomask -3.0008661e-30 1399955597322226495305809920 158075662697688789403758531444736 320 0 
nomask 3.5862086e+32 0 526500256432304759297286407716864 320 433 
nomask 4.8439397e+30 1843661585942012044978582317957120 0 0 433 
nomask -4.8211073e-29 5931709381892041435467449630720 627980990175467426380898182889472 320 0 
nomask 3.5860098e+32 0 515813361027181493324859651915776 320 433 
nomask 7.7503035e+31 1849822164626601704454545735680 0 0 433 
nomask -3.013192e-30 366107553437232147034108067840 10039233849760178724216504320 320 0 
nomask 2.2731335e+31 0 123323879893616104554941644800 320 433 
nomask 2.9781378e+29 29198683616936998385570765864960 0 0 433 
nomask -4.8211073e-29 22591962109656705449611755520 40049709062633835665644475908096 320 0 
nomask 2.2730093e+31 0 2080339468654657854464670119755776 320 433 
nomask 1.9296838e+31 464146419988037853762132293713920 0 0 433 
nomask -7.5871856e-28 387515005955789347343273715302400 39513689204762014336838665240576 320 0 
nomask 5.7216724e+30 0 130023302471296940111546963460096 320 433 
nomask 1.2011391e+30 460915299771437442074311602995200 0 0 433 
nomask -1.18547864e-29 95301943497794877930103289937920 39516825904471998978321796825088 320 0 
nomask 9.02816e+31 0 31971367975453344772153363398656 320 433 
nomask 4.6533397e+27 117161310338269331872033013760 0 0 433 
nomask -1.1904857e-29 1470571934701889533915556741120 159109947508970139740415432065024 320 0 
nomask 1.4242629e+33 0 2014928530268378086542499905536 320 433 
nomask 1.884457e+28 117596349000218061855447234641920 0 0 433 
nomask -7.4294134e-28 6124282415619652283912584618311680 619454990511098012667343479504896 320 0 
nomask 2.312218e+28 0 8321359445013271097261978422345728 320 433 
nomask 3.0151288e+29 7222328653909325884165397403402240 0 0 433 
nomask -1.107014e-35 5981032799753681046652227420160 2477752958539765729461995002920960 320 0 
nomask 9.126783e+28 0 33832716124262317293305700441653248 320 433 
nomask 2.9083356e+26 1843760427717023737059906294906880 0 0 433 
nomask -1.126199e-29 95301943497794877930103289937920 623692765879382869108647616577536 320 0 
nomask 2.3125211e+28 0 2006585936544124199181949599744 320 433 
nomask 3.1137773e+29 464009908084486969835724472320000 0 0 433 
nomask -1.1937746e-26 1482903355851277381069176832000 9841325048558409503367312422469632 320 0 
nomask 3.6250785e+29 0 1998210115068705220280264425472 320 433 
nomask 7.5071167e+28 1805830331769581962118333034659840 0 0 433 
nomask -2.9143928e-30 398425480431424428680257081400360960 9705980063072760236999634514345984 320 0 
nomask 3.6251775e+29 0 536923873867423573573976883860602880 320 433 
nomask 1.1633535e+27 464121661187252146156634311229440 0 0 433 
nomask -1.8730999e-28 24901985572926499900753348059463680 156354822157668579697334507922259968 320 0 
nomask 5.761442e+30 0 8059716677054371199365471535104 320 433 
nomask 1.8026581e+25 29092135616823722027450374878658560 0 0 433 
nomask -7.5873084e-28 5956371846401498500203072716800 2494905855724103958550997268168704 320 0 
nomask 5.7216724e+30 0 2088882022895853888554657308999680 320 433 
nomask 3.0028476e+29 460927727528863080462227582484480 0 0 433 
nomask -1.1756179e-29 1537408179907595233793291835146240 39515774885142838544343746215936 320 0 
nomask 3.611165e+32 0 8252748379740798074040402009128960 320 433 
nomask 1.9296839e+31 113659748032323337166435007856640 0 0 433 
nomask -1.20034645e-29 6098929403615087695882650554204160 38445804491502523433786185613312 320 0 
nomask 3.5862086e+32 0 2037457618292472201592988942467072 320 433 
