nomask 0.99609375 54 94 245 372 
nomask 1.2060521e+30 457696558955229884189239903518720 0 0 428 
nomask -1.19539696e-29 22978442058354283110664765440 9831354639738568730802340757504 320 0 
nomask 9.0286555e+31 0 125346971826969822182388032077824 320 428 
nomask 2.9904688e+29 7371128561455496143180922880 0 0 428 
nomask -2.9884442e-30 24023164891000280090314371235840 156204678626600220382215209484288 320 0 
nomask 9.028656e+31 0 491722648570073583856776118272 320 428 
nomask 1.9296838e+31 455802243377446019181841132426362880 0 0 428 
nomask -3.0008182e-30 5956274754546610700297479127040 2466030089491770043378911443681280 320 0 
nomask 9.028904e+31 0 32262407785414820187636129333248 320 428 
nomask 4.8439397e+30 7300448394651989254780674375680 0 0 428 
nomask -3.0008182e-30 5720432736066041142554132480 155178246204085517554576804282368 320 0 
nomask 3.5862086e+32 0 2064727351054195929102718399938560 320 428 
nomask 3.1253754e+32 7349965240644767206633405153280 0 0 428 
nomask -3.0378917e-30 93717362113622296958794790338560 157289256149798018221954870280192 320 0 
nomask 3.5608556e+32 0 1942054043272221143372912394240 320 428 
nomask 1.929684e+31 116788520589035174348325073715200 0 0 428 
nomask -3.025566e-30 367643078122802040871793459200 9795504223668645506153939818512384 320 0 
nomask 1.4243422e+33 0 2064761500790748403147645499998208 320 428 
nomask 7.781747e+31 7323940319758919003854461143613440 0 0 428 
nomask -1.200308e-29 96880311003254639707453799792640 616457655996272136813214993219584 320 0 
nomask 2.2730714e+31 0 31734127772871626618464081281024 320 428 
nomask 1.9296838e+31 464047288070829454169806387281920 0 0 428 
nomask -1.8755115e-31 373802271831749604338208604160 39695278253627927982701019136 320 0 
nomask 5.7620626e+30 0 30991359870614202539059445760 320 428 
nomask 3.0027993e+29 464047191356763884999472410787840 0 0 428 
nomask -1.1755986e-29 5857433357324237248545119272960 154130987616476313510145735786496 320 0 
nomask 3.6258534e+29 0 2056283181916283227667884442386432 320 428 
nomask 4.6533397e+27 7273036225343504166950609155522560 0 0 428 
nomask -1.8255842e-28 1556373904879775105456416300728320 2449274469510273573729301121990656 320 0 
nomask 9.21415e+25 0 2081716974344114465219272373174272 320 428 
nomask 1.2011191e+30 7324336460571490325542428863365120 0 0 428 
nomask -4.847859e-23 95696548974575289039019132846080 38916050467679901441742915621617664 320 0 
nomask 2.2962583e+28 0 127994101914728774398357666791424 320 428 
nomask 1.8690723e+28 1879003429157247162966343680 0 0 428 
nomask -1.8176649e-28 93069779936591207242745774080 9894215136691604672520956936192 320 0 
nomask 3.6857543e+26 0 30733157012231954834632212480 320 428 
nomask 6.9240327e+22 460964962444107211040808532705280 0 0 428 
nomask -7.3023367e-28 1550060120537222958543428837703680 2457839670521069516804660920320 320 0 
nomask 5.780847e+27 0 518317974930190718106796640174080 320 428 
nomask 7.445341e+28 1831233441660111380381266922700800 0 0 428 
nomask -4.9514975e-23 6200342612202132878046394528563200 152408858571885487221966951879278592 320 0 
nomask 3.649351e+29 0 2056317590362961099243454929567744 320 428 
nomask 7.4762905e+28 7274028124799981577895872078807040 0 0 428 
nomask -1.8651192e-28 384364496912840839128822432399360 39325426643645693596041968877568 320 0 
nomask 5.78115e+27 0 121901869369079350919723745280 320 428 
nomask 1.8690423e+28 117913795825482195488609402880 0 0 428 
nomask -1.8967965e-28 91526923777056658280866119680 9794970245969825002905988799397888 320 0 
nomask 5.7216724e+30 0 511968193612433725995503126052864 320 428 
nomask 2.9905168e+29 116024201418100217345200588062720 0 0 428 
nomask -4.7419913e-29 1543771771993915503428277192622080 38639450019690880759304287720308736 320 0 
nomask 2.2728855e+31 0 31866073979170076583007816253440 320 428 
nomask 4.8242094e+30 1793153438911037391422030096629760 0 0 428 
nomask -1.1953777e-29 1531095362705698778583644137062400 2449406411674226314357428554039296 320 0 
nomask 9.028903e+31 0 511968225951199400686833549443072 320 428 
nomask 4.8242097e+30 29201790556293407982549760737280 0 0 428 
nomask -3.013192e-30 364560340894617150824518778880 9727681812034930462806145551564800 320 0 
nomask 1.4243819e+33 0 121901821997840569633595195392 320 428 
nomask 3.1253756e+32 1830885077595931228838283591024640 0 0 428 
nomask -7.5948497e-31 1537458084365428925685623706091520 156246217771109361396144054206464 320 0 
nomask 3.586308e+32 0 127464304001371725004863870861312 320 428 
nomask 7.7503035e+31 1818407028856196872348636324823040 0 0 428 
nomask -7.563915e-31 24598541710496867487770074729676800 2449074227873215885011319489822720 320 0 
nomask 3.586308e+32 0 33035660383358169848340112465723392 320 428 
nomask 3.1253754e+32 464146419988037853762132293713920 0 0 428 
nomask -1.20032726e-29 23726452182463163578820360929280 154114397829685196857638536609792 320 0 
nomask 1.4403993e+30 0 7900674746705992928801780137984 320 428 
nomask 1.9296835e+31 460890444256586165298479644016640 0 0 428 
nomask -7.4711106e-31 1476785530072719755694833664000 39438577458275370225933221888 320 0 
nomask 1.4404768e+30 0 127464263577914631640700841623552 320 428 
nomask 7.1805266e+25 1843859849776428844163234130821120 0 0 428 
nomask -7.3973684e-28 1537433518992774356420793676595200 9796034062005459648911596643680256 320 0 
nomask 9.125804e+28 0 511959979565952354397575584940032 320 428 
nomask 4.7111402e+27 460939961858157580509475608985600 0 0 428 
nomask -7.283471e-25 6124283189332176837275256430264320 9661458228976172158834483696500736 320 0 
nomask 3.716504e+23 0 2056317331652835701712811542446080 320 428 
nomask 4.6533343e+27 1830934982053764920730615461969920 0 0 428 
nomask -2.7252946e-33 23627799302110786283304931819520 2474461543431254027116264554496 320 0 
nomask 2.312341e+28 0 2047872645094672205216690810650624 320 428 
nomask 1.7310365e+22 117953227585614157026143764480 0 0 428 
nomask -1.1380423e-26 24800963476020616443420205027164160 156217129051384976544428214714368 320 0 
nomask 9.27365e+25 0 127464320170754562350529082556416 320 428 
nomask 4.8267414e+27 1843611681484178353086250447011840 0 0 428 
nomask -7.510281e-25 5981034688700274194510312898560 9659864574603723370071219027050496 320 0 
nomask 5.720586e+30 0 31601664146322381592633572065280 320 428 
nomask 4.6534143e+27 28690461212276794689653856041697280 0 0 428 
nomask -4.815409e-26 24902383261164120329166659403120640 38645828776542682274847640592056320 320 0 
nomask 3.624594e+29 0 2064794874396924684600642438692864 320 428 
nomask 7.1805266e+25 1849967802408933404312936120320 0 0 428 
nomask -7.4289223e-28 382780030376621121547285529886720 2448808532574432621040560915873792 320 0 
nomask 5.819533e+27 0 31734649235468131016167158448128 320 428 
nomask 2.8962941e+26 7273033130493405953499921907712000 0 0 428 
nomask -1.21393005e-26 95300408162003967351051413094400 2449141233795693845447956754333696 320 0 
nomask 5.721361e+30 0 2056283958046659420259814603751424 320 428 
nomask 7.4453434e+28 7324337234284014878905100675317760 0 0 428 
nomask -7.587186e-28 1537408276621660802963625811640320 9831358682084278067218643681280 320 0 
nomask 2.272823e+31 0 2039362634229845832233114830635008 320 428 
nomask 1.2011199e+30 1810279333528268708153786124730368000 0 0 428 
nomask -1.1953777e-29 100012012110228944151641840880189440 2421112705060666569538349966171308032 320 0 
nomask 9.028903e+31 0 8360379137339450800176310136078336 320 428 
