nomask 0.99609375 59 112 213 319 
mask 0.02734375 0 9 11 71 
mask -7.7132796e-28 333176539548789349540062822400 2369418076604588297938829360234496 290 0 
nomask 5.602983e+30 0 498818167007086172997068632621056 290 417 
nomask 2.965759e+29 414843688358329123400820195328000 0 0 417 
nomask -3.000722e-30 1387555347746283362212657831608320 37119834626239649056280686828191744 290 0 
nomask 5.643218e+30 0 7980705522854359382473586830737408 290 417 
nomask 2.9657587e+29 409099602752483997894980675829760 0 0 417 
nomask -1.9362699e-28 21322950681607390192497579786240 2369935305845103860114193999986688 290 0 
nomask 5.6825226e+30 0 32186604971103840004927386776764416 290 417 
nomask 4.7845956e+30 417704446594304220849537307115520 0 0 417 
nomask -3.0255662e-30 1366252580553471086541196492800 38309689143954672002965539127296 290 0 
nomask 5.6569626e+33 0 1948476711088903737416676802560 290 417 
nomask 3.1127488e+32 26180220560490619303600438776954880 0 0 417 
nomask -7.625664e-31 86724992030263735562822641254400 37802554160135635974770273550336 290 0 
nomask 9.029152e+31 0 124188336509204126527770656243712 290 417 
nomask 1.9296839e+31 25995679194695232990125548728483840 0 0 417 
nomask -3.013192e-30 85647995151975694981237298954240 9478966891885842435094826597744640 290 0 
nomask 3.5863077e+32 0 129270924614598681057954169784107008 290 417 
nomask 1.929684e+31 104440157099864065425964709969920 0 0 417 
nomask -3.0008182e-30 5596081169882657068645271312793600 606749368830281674718573494272 290 0 
nomask 2.2731338e+31 0 124704573259400716955540023934976 290 417 
nomask 7.7819943e+31 6636421304722112317089039557591040 0 0 417 
nomask -7.53298e-31 83993899579847539103073566720 2418847497313332088460847498657792 290 0 
nomask 3.611562e+32 0 2019921968544551973026814241013760 290 417 
nomask 4.8439388e+30 6616909883102005916592316088320 0 0 417 
nomask -7.4402957e-31 21591847943205432063236138598400 604792281797984320523565344489472 290 0 
nomask 3.586308e+32 0 500866856071218902271347361054720 290 417 
nomask 3.015131e+29 1670952938239220700866735505408000 0 0 417 
nomask -7.316917e-31 22475518354594143150479368037335040 596581330620058118402197419982848 290 0 
nomask 2.2730102e+31 0 1995240908338137596065225824534528 290 417 
nomask 3.138051e+32 6680428967777996772978196480 0 0 417 
nomask -7.440416e-31 86367397250766848381733002280960 2369158453740196958250415335407616 290 0 
nomask 1.4343649e+33 0 500866982101735597096438824173568 290 417 
nomask 1.9533902e+31 105141334075240550347294292049920 0 0 417 
nomask -4.6310757e-32 346894336793471449856766136811520 38051566830402730075796747059200 290 0 
nomask 1.4346029e+33 0 30660928593374910908341722021888 290 417 
nomask 3.0521724e+29 417715665425910244608278580428800 0 0 417 
nomask -7.4404156e-31 21591839726287751870053466767360 610734960844079058445966245888 290 0 
nomask 9.029154e+31 0 31048090402207766876032314900480 290 417 
nomask 7.8134375e+31 417749497214972160005732732764160 0 0 417 
nomask -1.205296e-29 5619059440542719856002163047137280 9412371358620163298164982893510656 290 0 
nomask 8.964778e+31 0 1908305099275810538463449579520 290 417 
nomask 4.80448e+30 1659059223794397075388682469376000 0 0 417 
nomask -3.00077e-30 331779620746710257479691796480 38056623804885109932591704702976 290 0 
nomask 2.2730717e+31 0 2003467550315392303910480907337728 290 417 
nomask 4.8242094e+30 105141290251679589316986708951040 0 0 417 
nomask -1.9363007e-28 85649364638255727178349270794240 602684761590197105728759529472 290 0 
nomask 3.5606564e+32 0 124190345120563950302665849700352 290 417 
nomask 4.8044807e+30 106180197864839771906333736960 0 0 417 
nomask -1.2102264e-29 21591846573719152031039026626560 2385483690689744431647998972264448 290 0 
nomask 3.586208e+32 0 1908304976199134078673321197568 290 417 
nomask 4.7846736e+30 6500181917229485920389780429864960 0 0 417 
nomask -3.0255178e-30 21502098659843522025503064064000 9545043179422738892647842252324864 290 0 
nomask 1.4243819e+33 0 31047584310914164219024408313856 290 417 
nomask 7.718613e+31 420587773964174248906659714826240 0 0 417 
nomask -7.563915e-31 1387554383627942219545891003432960 2417191069970890094920335360 290 0 
nomask 1.4243819e+33 0 124704557505586130102403591045120 290 417 
nomask 1.2501503e+33 105487248506255042919215923200 0 0 417 
nomask -1.9064162e-31 5353261611249537094024995799040 9448614174859498365660942041088 290 0 
nomask 3.6117605e+32 0 1916339052408399798883709878272 290 417 
nomask 1.9375758e+31 417625608008135327326195312230400 0 0 417 
nomask -7.563915e-31 5308386627197012067109180538880 604792344813242667936111076048896 290 0 
nomask 1.424382e+33 0 517091990258149110164234220651675648 290 417 
nomask 1.937576e+31 6684351659227922696856365799833600 0 0 417 
nomask -7.4713504e-31 348324803558580920641739858903040 596516676964993673130276840013824 290 0 
nomask 9.028905e+31 0 124704565382493423528971807490048 290 417 
nomask 7.813561e+31 26545052140987833664468418560 0 0 417 
nomask -3.01324e-30 87082575853870382486335384453120 9512635708113646155482152304640 290 0 
nomask 2.2625315e+34 0 7633093874279841489601821671424 290 417 
nomask 7.568654e+28 1642876312557669609360861429760 0 0 417 
nomask -1.8215553e-31 21412341159563931794587317698560 9642702155182940684835172122624 290 0 
nomask 3.5862094e+32 0 30918527092591839968724120502272 290 417 
nomask 2.0007103e+31 1648111397089356328069503039569920 0 0 417 
nomask -2.8504599e-36 5800605515729984999684177701560647680 37389330217186794563059566533148672 290 0 
nomask 1.4504979e+30 0 8079819954159704068803110312607744 290 417 
nomask 7.908134e+31 103988528133552852267530174490214400 0 0 417 
nomask 7.608131e+34 5330736300915567515927282974720 600711098591114146999260898394112 290 0 
nomask 2.2177294e+37 0 7914755265834157750012034295005184 290 417 
nomask 3.0768343e+29 1665358312888033169224908144640 0 0 417 
nomask -1.7984743e-31 22292425620429884654851944905441280 600565470329073276606075264565248 290 0 
nomask 9.028659e+31 0 7600832523539495461989830885376 290 417 
nomask 5.455402e+33 1676400994321287786612654080000 0 0 417 
nomask -1.8292891e-31 1327096827985038020801934131200 2369353044857973768191634390908928 290 0 
nomask 2.2730105e+31 0 123672099759007536100001288552448 290 417 
nomask 1.9612816e+31 103273439806984897885361413501747200 0 0 417 
nomask -7.4714703e-31 90269703311274365152110257352212480 37388289709240962087104447023939584 290 0 
nomask 1.4241047e+33 0 32318763595642434271637808315629568 290 417 
nomask 4.8637464e+30 26466237178457270696526605189120 0 0 417 
nomask -7.5021653e-31 84931375849305567005273122406400 37794456699437993462643768164352 290 0 
nomask 9.029154e+31 0 118764931253374300814347075584 290 417 
nomask 1.2109654e+30 1636218559115751923197601665515520 0 0 417 
nomask -1.21024565e-29 1327096913577930522814253629440 592419172806211519756627920027648 290 0 
nomask 5.6568035e+33 0 1986948352400651494697135530573824 290 417 
nomask 7.7819953e+31 6571682598703942606969446072320 0 0 417 
nomask -1.8987124e-31 22383967079273186267271207164313600 598667538870549555938372616192 290 0 
nomask 1.4243822e+33 0 32054464494959649793030135927013376 290 417 
nomask 1.9375761e+31 25818359951746224471340353375436800 0 0 417 
nomask -1.8987124e-31 89166847289075805572808125563535360 588305599756550776183817452388352 290 0 
nomask 5.6165575e+33 0 7914629739439529704220937028632576 290 417 
