nomask 0.99609375 59 112 210 312 
mask 0.02734375 0 10 11 70 
mask -7.6814787e-28 1338293662217688762377096396800 9477672306418353191755317440937984 290 0 
nomask 1.4007456e+30 0 498810132561646877897487858794496 290 417 
nomask 2.965759e+29 420598992795780272665400988139520 0 0 417 
nomask -1.20026956e-29 1387555260099161440152042665410560 148475224868893677134137391113568256 290 0 
nomask 1.420669e+30 0 1995208644525863720841811266109440 290 417 
nomask 2.9534275e+29 102995710618808025972871979335680 0 0 417 
nomask -1.9362392e-28 5330824975152199600690283151360 2386389598043746834405435870543872 290 0 
nomask 1.4206305e+30 0 8046650234531826442631114989240320 290 417 
nomask 4.764866e+30 414821163047995153822722482503680 0 0 417 
nomask -3.013192e-30 1366252580553471086541196492800 38050570401630111614917366775808 290 0 
nomask 5.656804e+33 0 1948476711088903737416676802560 290 417 
nomask 3.1127488e+32 26180220560490619303600438776954880 0 0 417 
nomask -3.0379399e-30 86365983940925855154313447342080 38058644231605873847339222827008 290 0 
nomask 2.2730714e+31 0 7729758788278066495593520300032 290 417 
nomask 4.8242094e+30 25994961189472447469566107236433920 0 0 417 
nomask -3.0008661e-30 85649397505926447951079958118400 9479226010628166995482874770096128 290 0 
nomask 3.5862086e+32 0 129799534914893852718378295020748800 290 417 
nomask 4.8242097e+30 105158162322649585985406202019840 0 0 417 
nomask -3.0008182e-30 348319018848534064641138889850880 152695586341129019411348324352 290 0 
nomask 2.2730717e+31 0 498818293037602867822160095739904 290 417 
nomask 7.7819943e+31 6636421304722112317089039557591040 0 0 417 
nomask -3.013192e-30 83993899579847539103073566720 604695742422196084503504595451904 290 0 
nomask 3.6115616e+32 0 2019921968544551973026814241013760 290 417 
nomask 4.843939e+30 26466938355432647181447934771200 0 0 417 
nomask -7.409481e-31 5375611627339662550892376227840 152230528196074674133293638615040 290 0 
nomask 3.611661e+32 0 502931708549117742863606234480640 290 417 
nomask 3.015131e+29 1659419979348228276880706539356160 0 0 417 
nomask -7.316917e-31 22475878759559486663728931442524160 2386325574541265863258972606169088 290 0 
nomask 2.2730102e+31 0 496745343099006384717774716928000 290 417 
nomask 3.138051e+32 1681020168564887595987763200 0 0 417 
nomask -7.440416e-31 86367397250766848381733002280960 2369158201679163568600232409169920 290 0 
nomask 1.4242237e+33 0 500866982101735597096438824173568 290 417 
nomask 1.9533902e+31 105859339298026070906735784099840 0 0 417 
nomask -4.6311506e-32 86723578720422742335403086315520 9577419332148432965778303614976 290 0 
nomask 1.4244221e+33 0 123157918881614530006536412987392 290 417 
nomask 7.599483e+28 105864937757938842528529524981760 0 0 417 
nomask -7.4404156e-31 87082559420035022099970040791040 610734960844079058445966245888 290 0 
nomask 9.028906e+31 0 124190352997471243729234066145280 290 417 
nomask 3.1253748e+32 1659509905295320311071867058257920 0 0 417 
nomask -1.205296e-29 5619059440542719856002163047137280 9412371358620163298164982893510656 290 0 
nomask 9.027913e+31 0 475059786551835433152452493312 290 417 
nomask 4.8242097e+30 1647570964935584902316388264181760 0 0 417 
nomask -2.9884442e-30 331779620746710257479691796480 38056623804885109932591704702976 290 0 
nomask 2.2731335e+31 0 1995208014373280246716353950515200 290 417 
nomask 1.2011006e+30 26464117213695780855397272780800 0 0 417 
nomask -1.9283813e-28 5330822920922779552394615193600 602669007775610252592326639616 290 0 
nomask 8.901392e+31 0 124190337243656656876097633255424 290 417 
nomask 4.8044807e+30 106180208563951334657873674240 0 0 417 
nomask -1.2102071e-29 21591846573719152031039026626560 9542192873257168728379312356458496 290 0 
nomask 2.2571636e+31 0 7665357686553716713016380096512 290 417 
nomask 1.1912359e+30 6500182618406461296874701759447040 0 0 417 
nomask -1.21018795e-29 86366000374761215540678791004160 37916904042512667981931499080384512 290 0 
nomask 3.5609543e+32 0 31176135437942885812316789538816 290 417 
nomask 1.9296533e+31 105146943491043562226664928706560 0 0 417 
nomask -3.013192e-30 1387554383627942219545891003432960 9668764279883560379681341440 290 0 
nomask 1.4243422e+33 0 30918533000272310038650282835968 290 417 
nomask 3.1127486e+32 104786060831766995246346403840 0 0 417 
nomask -7.5947294e-31 21412695856510460133639318405120 9513393860440638462672985128960 290 0 
nomask 9.029153e+31 0 1916339052408399798883709878272 290 417 
nomask 1.9375758e+31 1670502607326785153426011581317120 0 0 417 
nomask -7.5331e-31 21233546508788048268436722155520 604792344813242667936111076048896 290 0 
nomask 3.586308e+32 0 517083730722206998107040093694853120 290 417 
nomask 4.82421e+30 6638399324969649381052110308638720 0 0 417 
nomask -7.4713504e-31 1399020730706273877464393659187200 596516739980252020542822571573248 290 0 
nomask 2.27301e+31 0 31176141345623355882242951872512 290 417 
nomask 7.8135603e+31 105479031588574849736544092160 0 0 417 
nomask -3.0009143e-30 21681595857081062068772101160960 9512888753760447483986105597952 290 0 
nomask 8.984969e+34 0 1900238776977312353239424827392 290 417 
nomask 3.0397926e+29 6526805218050427523708684861440 0 0 417 
nomask -1.8215553e-31 85649370116200847307137718681600 38571820803318968053356501663744 290 0 
nomask 3.5862094e+32 0 124188320755389539674634223353856 290 417 
nomask 2.0086022e+31 1648111572383600172190733371965440 0 0 417 
nomask -7.126264e-37 5800605874732596392444457422306672640 148500116400062971869001722938523648 290 0 
nomask 5.762378e+30 0 8046781810391255840026602485317632 290 417 
nomask 7.908134e+31 103988528133552852267530174490214400 0 0 417 
nomask 7.6081304e+34 5330735958543997507878004981760 600711098591114146999260898394112 290 0 
nomask 5.5856995e+36 0 7914755265834157750012034295005184 290 417 
nomask 3.0768343e+29 1665358312888033169224908144640 0 0 417 
nomask -4.5155196e-32 5550219638042695007638328002478080 151173809575032326300784685744128 290 0 
nomask 3.5861107e+32 0 1892173562368902306126555512832 290 417 
nomask 3.359118e+32 419111204470562204230059294720 0 0 417 
nomask -1.8215854e-31 5330737328030277540075116953600 2385936644366745633026717421404160 290 0 
nomask 2.2730105e+31 0 123672107635914829526569504997376 290 417 
nomask 1.9612815e+31 410152854710736523425008267663769600 0 0 417 
nomask -7.4714703e-31 90269703311274365152110257352212480 37388289709240962087104447023939584 290 0 
nomask 3.5855154e+32 0 32318763595642434271637808315629568 290 417 
nomask 4.843939e+30 26466234439484710632132381245440 0 0 417 
nomask -7.502285e-31 84931375849305567005273122406400 37794460637891640175927876386816 290 0 
nomask 9.029154e+31 0 118764931253374300814347075584 290 417 
nomask 3.027462e+29 1647706467386076408027435205918720 0 0 417 
nomask -1.2102264e-29 1321487412182026141431297474560 148104777447738293086020547117056 290 0 
nomask 5.656645e+33 0 1986948352400651494697135530573824 290 417 
nomask 1.937576e+31 6571857892947786728199778467840 0 0 417 
nomask -1.8987124e-31 22383967079273186267271207164313600 2394733170740545636299222024192 290 0 
nomask 5.697528e+33 0 128217857979838599172120543708053504 290 417 
nomask 1.9376071e+31 26001448478848630708058248529838080 0 0 417 
nomask -7.5948497e-31 22292069422526393400511909477744640 148108826178087114342083799810048 290 0 
nomask 5.6571217e+33 0 1970430162730044244084521858760704 290 417 
