nomask 0.99609375 82 101 288 386 
nomask 2.9904688e+29 7221335207027799366494790856212480 0 0 428 
nomask -1.20032726e-29 369190408724579108822513090560 39326473611184411727864426135552 320 0 
nomask 9.0286555e+31 0 2047839142133433224998372178395136 320 428 
nomask 4.80448e+30 29204114716181617107138133360640 0 0 428 
nomask -2.9884442e-30 5907047672961221629875060736000 616407724942070413399041278738432 320 0 
nomask 1.4344834e+33 0 1966890088987080668375066607616 320 428 
nomask 1.9375759e+31 114439613989298538300746214932480 0 0 428 
nomask -3.025566e-30 90753205349545192021997649920 155174058333930645027286975250432 320 0 
nomask 3.5863077e+32 0 7933529922045051986407868858368 320 428 
nomask 1.9454679e+31 460940300357387072605644526714880 0 0 428 
nomask -1.9204929e-28 1489092678258385652872055357440 9764868158684258023660001951744 320 0 
nomask 2.273009e+31 0 2047805768527256943545375239700480 320 428 
nomask 1.9296839e+31 468705923762382202429128048640 0 0 428 
nomask -1.20523846e-29 6149631559061594105129159622656000 157729992597193754024410611712 320 0 
nomask 5.722292e+30 0 491730670099840548307877232640 320 428 
nomask 2.9781378e+29 460840733226883611746815726059520 0 0 428 
nomask -4.8012323e-29 367643007287304797827115253760 156233751176941767888265837281280 320 0 
nomask 2.2730093e+31 0 33170760880521763530562014495637504 320 428 
nomask 4.8044797e+30 1849870332764726974835725434880 0 0 428 
nomask -1.8967657e-28 366095487790868415090587074560 39436556285420702017781760000 320 0 
nomask 5.721827e+30 0 129577407882161661935886851375104 320 428 
nomask 1.2011392e+30 29003732239265943284857647923200 0 0 428 
nomask -4.7418375e-29 24219680316450461617522265292800 156711384640092685497578553344 320 0 
nomask 5.7219825e+30 0 1991629244728219536148960116736 320 428 
nomask 1.20111986e+30 1862201942808774136775154073600 0 0 428 
nomask -1.1854786e-29 370731765532755346672037396480 156208866496755092909505038516224 320 0 
nomask 5.761752e+30 0 499976929023583420802832269312 320 428 
nomask 1.2060522e+30 464071998514582377190137381519360 0 0 428 
nomask -4.7617893e-29 6200241255861416387536387162767360 38797670114871859092781149454336 320 0 
nomask 3.6257567e+29 0 31469730067061059637338745864192 320 428 
nomask 4.8242085e+30 7371316718245047980607406080 0 0 428 
nomask -1.18547864e-29 5956273621178654811582627840000 9829798336640474210525715103744 320 0 
nomask 3.62566e+29 0 1983382733157869830127986147328 320 428 
nomask 1.2060714e+30 1849968557987570663456170311680 0 0 428 
nomask -1.1706683e-29 1507589054403830164459251302400 9793641510765783285521552542531584 320 0 
nomask 3.6258538e+29 0 29383699379693811998392320 320 428 
nomask 2.860169e+26 7348414037702474185573610291200 0 0 428 
nomask -1.8889079e-28 1489092678258385652872055357440 620646560991646254225617573642240 320 0 
nomask 9.187944e+28 0 128521878655231155583700000833536 320 428 
nomask 1.20111956e+30 29006830111678705772117832499200 0 0 428 
nomask -4.794979e-26 23627416979320333156828430991360 2407906342499884600896776044544 320 0 
nomask 3.6250778e+29 0 28627241837945789647683584 320 428 
nomask 2.990468e+29 7349576117646578747867796602880 0 0 428 
nomask -4.741991e-29 23726063815043612379197986570240 620762786515481094867159238049792 320 0 
nomask 5.7219825e+30 0 7933402082861994222242288893952 320 428 
nomask 7.1805284e+25 29199466396405198857961388113920 0 0 428 
nomask -1.1904473e-29 88252814999113345259274240 9794440407633010860148331974230016 320 0 
nomask 2.2729476e+31 0 30604295399937161243444379648 320 428 
nomask 4.824209e+30 1843512259424773245982922611097600 0 0 428 
nomask -1.18549775e-29 96091130272839307855351481630720 2448875797207035979007841567506432 320 0 
nomask 3.585911e+32 0 7933531943217906654616020320256 320 428 
nomask 1.9375759e+31 1800303807476549234315346575360 0 0 428 
nomask -7.563915e-31 21309096528589447569080320 2490888373160963055341252116480 320 0 
nomask 1.424382e+33 0 7834313578368671650564831969280 320 428 
nomask 1.9454679e+31 467290884401888288830710045736960 0 0 428 
nomask -4.8012323e-29 95298848647696664479416042127360 38794557508675670052227898146816 320 0 
nomask 2.2730712e+31 0 127466333258917811885847938596864 320 428 
nomask 7.750303e+31 1830785655536526121734955755110400 0 0 428 
nomask -1.20525764e-29 22785381386357890736979968000 628354994957463398087917568 320 0 
nomask 2.2730712e+31 0 516198459889105773619517222551552 320 428 
nomask 2.978138e+29 116027320446714823088471329996800 0 0 428 
nomask -1.2003081e-29 23726063815043612379197986570240 620696168658191230726487054221312 320 0 
nomask 2.2730714e+31 0 511959947227186679706245161549824 320 428 
nomask 1.921792e+31 1837684549397670827540495728640 0 0 428 
nomask -7.587063e-28 5832672667591936495189051310080 2448551729899335857664425984 320 0 
nomask 5.761286e+30 0 518309534512349623669556135329792 320 428 
nomask 1.2011198e+30 116024213507358413491492335124480 0 0 428 
nomask -4.722116e-29 23825482852134170445952885719040 9831357671497850733114567950336 320 0 
nomask 2.2728855e+31 0 2064761112725560306851680419315712 320 428 
nomask 2.9904686e+29 29487548366287228319773491200 0 0 428 
nomask -4.7221927e-29 1537433035422446510569123794124800 2490499802679653092324133568512 320 0 
nomask 2.2730095e+31 0 31602191672437449994961103618048 320 428 
nomask 3.0027515e+29 29203337981342514707893384642560 0 0 428 
nomask -7.6507856e-28 379610903876050548043543771873280 608063159202435761261911363026944 320 0 
nomask 1.4501476e+30 0 2039362375519720434702471443513344 320 428 
nomask 1.2060713e+30 114849263320088767923633520640 0 0 428 
nomask -2.8701608e-33 1543746239480605242460107398184960 38919120244212713635631333376 320 0 
nomask 9.127021e+28 0 7933402588155207889294326759424 320 428 
nomask 4.653262e+27 7350936159193645205689341050880 0 0 428 
nomask -4.564037e-29 24800963476020616443420205027164160 38791432775442353002425738067968 320 0 
nomask 2.2970467e+28 0 122932691210579527720033583104 320 428 
nomask 1.1826017e+27 7349771812513628865965452165120 0 0 428 
nomask -1.1886866e-26 23627424535106705748260772904960 38368168651880033306893699040411648 320 0 
nomask 2.3122177e+28 0 125878904098861401203689771761664 320 428 
nomask 3.002798e+29 113653546242868714118768765173760 0 0 428 
nomask -1.8059981e-31 99202300289333162621435821707755520 2415363781113666847116690762760192 320 0 
nomask 5.76098e+30 0 8123540883363278192442422511796224 320 428 
nomask 1.1585368e+27 1837636570154204871945124577280 0 0 428 
nomask -1.9047464e-28 1537408953620119787155963647098880 38638390343017252473788974069972992 320 0 
nomask 2.2887309e+31 0 127994142338185867762520696029184 320 428 
nomask 2.9083373e+26 1818258282623351488374980476928000 0 0 428 
nomask -3.0475451e-27 1476762012687635064861669457920 9728479674061656447310351434776576 320 0 
nomask 2.2727612e+31 0 511968064257371027230181432492032 320 428 
nomask 1.20111986e+30 457758504314226937788151847976960 0 0 428 
nomask -4.7221927e-29 1518443228647939915492839181516800 9831616381623248263757955072000 320 0 
nomask 3.5858117e+32 0 503499123624951512236243158040576 320 428 
nomask 4.8242097e+30 115241228521768606613910386114560 0 0 428 
nomask -3.013192e-30 6149635427624216871942518682419200 9660660366949446174330277813288960 320 0 
nomask 3.5862086e+32 0 2047806932722821232433270481747968 320 428 
