nomask 0.99609375 78 82 261 347 
nomask 3.0027511e+29 28882165511910430465574047171215360 0 0 433 
nomask -4.7815108e-29 340321756637651596738560 158542141089740491244741591040 320 0 
nomask 2.2729474e+31 0 7925832866079125508629387542528 320 433 
nomask 1.1961875e+30 1837588024226760971992327782400 0 0 433 
nomask -1.1904474e-29 1489116951222107602848453754880 39242509859561125710050587836416 320 0 
nomask 9.0286555e+31 0 499552592666697776399952904192 320 433 
nomask 4.82421e+30 1818258282623351488374980476928000 0 0 433 
nomask -1.2102072e-29 353005333979919701843640320 632235712719238823049459291652096 320 0 
nomask 8.965521e+31 0 31222027057368381129702244352 320 433 
nomask 1.929684e+31 464072046871615161775304369766400 0 0 433 
nomask -7.564035e-31 369190385112746694474287022080 39512638185432853902860614631424 320 0 
nomask 1.424382e+33 0 509989013960763465826150907904 320 433 
nomask 3.1253756e+32 1862056871710420381274189332480 0 0 433 
nomask -4.7274468e-32 366095393343538757697682800640 40154902595513908214842261504 320 0 
nomask 3.5864075e+32 0 493287404335237559324143255552 320 433 
nomask 4.8440168e+30 28804096274043881496092543549440 0 0 433 
nomask -7.502285e-31 23825099018186442801189916508160 9910741726281038060480733760192512 320 0 
nomask 1.4345232e+33 0 33832182190084826296184399711961088 320 433 
nomask 1.9376067e+31 1856337511659900923971545491046400 0 0 433 
nomask -4.741991e-29 1482902600272640121925942640640 158542157064620859077213290496 320 0 
nomask 2.2728857e+31 0 129489376472944691320471743889408 320 433 
nomask 4.8242088e+30 464047191356763884999472410787840 0 0 433 
nomask -1.1854978e-29 92682917771356422319783280640 40160034525832074396375711744 320 0 
nomask 2.2887932e+31 0 2031613589917842918603826921472 320 433 
nomask 1.2060521e+30 7467656683844403484877127680 0 0 433 
nomask -2.9637444e-30 5906853111462127400492256460800 621523232456914608360997781504 320 0 
nomask 9.028904e+31 0 127881284182774234013152271400960 320 433 
nomask 7.180411e+25 1843810332174857428952238165852160 0 0 433 
nomask -1.1707259e-29 100010421357278462437988595505561600 39097307114323548909330895206350848 320 0 
nomask 5.781151e+27 0 520093340751407733729796015783936 320 433 
nomask 4.843936e+30 1849968180198252033884553216000 0 0 433 
nomask -4.6826733e-29 381201584290983084819038664130560 2494367733827573816354235356282880 320 0 
nomask 5.8192323e+27 0 128953348435934121661440423100416 320 433 
nomask 1.8767486e+28 465611168111498409134784512000 0 0 433 
nomask -2.8277752e-30 1543746529622801949971109327667200 2519594426542733151813901484032 320 0 
nomask 2.3125816e+28 0 30700622937042697085903699968 320 433 
nomask 1.126661e+24 1849822164626601704454545735680 0 0 433 
nomask -7.429291e-28 94904255260174449516791946280960 156986839389233573123400140849152 320 0 
nomask 3.6253694e+29 0 128417320398923552002409102311424 320 433 
nomask 3.0027983e+29 1831183343774146550148267098767360 0 0 433 
nomask -7.6722176e-25 95698096399624395764362756751360 2460532534385921286031181174800384 320 0 
nomask 2.3117335e+28 0 7992841993863336193038340849664 320 433 
nomask 4.6726807e+27 29396757045537208266127562506240 0 0 433 
nomask -1.8572613e-28 5907046917382584370731826544640 9945158961415160517981313695744 320 0 
nomask 3.650322e+29 0 1973182333895943558198613508096 320 433 
nomask 1.1219573e+24 1862104095375249077726326292480 0 0 433 
nomask -7.5556317e-28 5882288494386195394805461155840 156982635311916931387487938412544 320 0 
nomask 5.761131e+30 0 31971370020238031854709740929024 320 433 
nomask 3.0028476e+29 460927679171830295877060594237440 0 0 433 
nomask -1.18056745e-29 94509655828023136481021976903680 9811414706994808211717996150784 320 0 
nomask 9.091295e+31 0 1964741718305752650791715340288 320 433 
nomask 4.80448e+30 115231919792957573969265148559360 0 0 433 
nomask -1.20032726e-29 1470571840254559876522652467200 9945420693855107085197637582848 320 0 
nomask 3.5862082e+32 0 1998210242867748162940038021120 320 433 
nomask 4.82421e+30 7349965240644767206633405153280 0 0 433 
nomask -1.2102265e-29 5857529315811169159735861575680 2469604552905282354774227812352 320 0 
nomask 3.5608552e+32 0 31092700416490547376000335872 320 433 
nomask 7.7818715e+31 117158299829636502473209282560 0 0 433 
nomask -1.8909488e-31 23726444626676790987388019015680 625760154127592607835014299648 320 0 
nomask 2.2731957e+31 0 128955450474592442529396524318720 320 433 
nomask 2.9904688e+29 1825014440124131569432149360640 0 0 433 
nomask -1.205296e-29 358370569862693006405344952320 2469932229651387334433727053824 320 0 
nomask 9.028903e+31 0 534728236024323653929377214993793024 320 433 
nomask 1.9296839e+31 1837684927186989457112112824320 0 0 433 
nomask -3.0095325e-27 23726063815043612379197986570240 155914799673489930465788519514112 320 0 
nomask 3.625369e+29 0 7992840971470992651760152084480 320 433 
nomask 3.0028474e+29 1825015384597428143361192099840 0 0 433 
nomask -7.5238317e-28 1454238738874211224298455040 158537971645964486969628033024 320 0 
nomask 1.4501476e+30 0 30961313016045263233449197568 320 433 
nomask 7.210631e+25 7349966751802041724919873536000 0 0 433 
nomask -1.8731306e-28 94509673961910430700459597496320 619370843531655191307295349800960 320 0 
nomask 1.4343245e+33 0 31703877421827953077070350778368 320 433 
nomask 7.3010673e+25 29204114716181617107138133360640 0 0 433 
nomask -4.6536935e-26 6124282415619652283912584618311680 38715936906943625791708967469056 320 0 
nomask 3.6849028e+26 0 128415234718542727794904021336064 320 433 
nomask 4.6726786e+27 1805532645875760055830353385881600 0 0 433 
nomask -9.498368e-39 369184269648151378283735285760 39901357281755855140264345600 320 0 
nomask 3.6862328e+26 0 2054609468547050644413125912166400 320 433 
nomask 2.8048908e+23 117170412699665063113182412800 0 0 433 
nomask -4.3862365e-29 93066739913167859908639457280 2528137238426799758305992242102272 320 0 
nomask 9.274361e+25 0 30490767813457359067414528 320 433 
nomask 8.271516e+31 115225718003502950921598905876480 0 0 433 
nomask -1.1809655e-23 1458216996167416995928772444160 9811415729387151752996184915968 320 0 
nomask 2.2961983e+28 0 1998210115068705220280264425472 320 433 
nomask 2.8963404e+26 7223321327078327848473332138639360 0 0 433 
nomask -1.806058e-31 24699557617702554518201843266355200 615166569915683495469680670277632 320 0 
nomask 3.6249845e+29 0 8252747856275918180905969361354752 320 433 
nomask 1.1219939e+24 29204897495649817579528755609600 0 0 433 
nomask -7.3974907e-28 381189204890590231016289672888320 2460196469933029893725421303758848 320 0 
nomask 1.4501478e+30 0 30961330987785677044979859456 320 433 
nomask 2.816653e+23 116343164696489537814166067468042240 0 0 433 
nomask -1.2038326e-26 89758057786312998602670080 2477417679284194176857884103540736 320 0 
nomask 5.760821e+30 0 2088848128544880808100143365619712 320 433 
nomask 7.47617e+28 114442745107171340190308703928320 0 0 433 
nomask -1.8809886e-28 6174887857000589522825117192683520 39786933782496856345568048316416 320 0 
nomask 9.027416e+31 0 8252748903205677967174834656903168 320 433 
nomask 1.2011199e+30 459009448913625010982838787500933120 0 0 433 
nomask -1.20032726e-29 97273356965727747944734271733760 155261408716547800494419837156589568 320 0 
nomask 3.5861092e+32 0 2048266955404657971041302216704 320 433 
