nomask 0.99609375 64 87 248 354 
nomask 4.8439382e+30 28887723862686821823008344238981120 0 0 428 
nomask -1.20034645e-29 372279285029191729408565575680 620746099712392954140660768702464 320 0 
nomask 3.5861092e+32 0 125349041507973002427535129051136 320 428 
nomask 3.0028484e+29 1854824174895191631090155520 0 0 428 
nomask -7.4402957e-31 6005790844960751393006975713280 39053247422344654013533505191936 320 0 
nomask 1.4243424e+33 0 491714500717003202642665537536 320 428 
nomask 1.9375759e+31 1810126621245022463643074568766095360 0 0 428 
nomask -1.205296e-29 23074400545286194301407068160 620763045225606492397802625171456 320 0 
nomask 3.5862086e+32 0 32394341864676142142930955534336 320 428 
nomask 1.9454677e+31 115228837032117556664869647810560 0 0 428 
nomask -4.6890032e-32 5981033555332318305795461611520 155178246204085517554576804282368 320 0 
nomask 2.2465599e+34 0 516181967118611681041001293545472 320 428 
nomask 3.1380024e+32 1830935175481896059071283414958080 0 0 428 
nomask -1.8987424e-31 379616972683665013482000796876800 2465697905690759614032802379464704 320 0 
nomask 5.697212e+33 0 30216757216872307086543814656 320 428 
nomask 1.9612822e+31 29396757045537208266127562506240 0 0 428 
nomask -1.8756312e-31 367643054510969626523567390720 38907560636204856076149523837091840 320 0 
nomask 2.2465596e+34 0 2073172425677547521894804212416512 320 428 
nomask 4.883399e+30 464109475214990430694553272975360 0 0 428 
nomask -1.8755713e-31 24022383622689354136210217369600 157742182795973471654824116224 320 0 
nomask 9.029154e+31 0 511968193612433725995503126052864 320 428 
nomask 7.8134375e+31 1843611681484178353086250447011840 0 0 428 
nomask -4.6889285e-32 6005596661250975793195788533760 2490890394333817723549403578368 320 0 
nomask 3.586309e+32 0 8065602451646918713961070198784 320 428 
nomask 3.1253752e+32 467228890685858450646631113031680 0 0 428 
nomask -1.8755413e-31 366101650479128559977590947840 155169951310689959228323204694016 320 0 
nomask 1.4244218e+33 0 7966643807509508574657344700416 320 428 
nomask 2.990421e+29 7323345334827537467959837752033280 0 0 428 
nomask -2.9390447e-30 1550035458450502820108264831713280 155190696628870273716789809512448 320 0 
nomask 3.6259512e+29 0 518318136624019091563448757125120 320 428 
nomask 3.125374e+32 117944137030134632959107399680 0 0 428 
nomask -7.5871856e-28 1537433228850577648909791747112960 2465630641058156256065521727832064 320 0 
nomask 5.7609764e+30 0 511968225951199400686833549443072 320 428 
nomask 1.945467e+31 7400067660081420994492634234880 0 0 428 
nomask -1.8214354e-31 24121814749038108349256863580160 39054286305191953472523356602368 320 0 
nomask 1.4504193e+30 0 495861915833956511578712965120 320 428 
nomask 1.16333484e+27 1830984886511598612622947332915200 0 0 428 
nomask -1.1657379e-29 23923742831595172986986535321600 2474332441015162095320589926400 320 0 
nomask 2.2729476e+31 0 7999630359084121065793278443520 320 428 
nomask 4.844016e+30 29007603824203259134789644451840 0 0 428 
nomask -7.834153e-25 1556423712623543228178414195179520 2421180524367778779811330039792795648 320 0 
nomask 3.6496428e+29 0 127994126168803030416855484334080 320 428 
nomask 7.4762905e+28 1843512065996642107642254658109440 0 0 428 
nomask -4.6825962e-29 382779982019588336962118541639680 2465896853777190315097567076024320 320 0 
nomask 9.188186e+28 0 7900676767878847597009931599872 320 428 
nomask 4.6340715e+27 7349576873225216007011030794240 0 0 428 
nomask -1.9126351e-28 5906951336684971089112701337600 2448875279786785183946554793263104 320 0 
nomask 2.2728852e+31 0 511968193612433725995503126052864 320 428 
nomask 2.9904688e+29 465574758665915484170186915840 0 0 428 
nomask -1.18549775e-29 1489092206021737365907533987840 9895510708491446993946044006400 320 0 
nomask 1.4242629e+33 0 30345603038754173582355464192 320 428 
nomask 1.9375759e+31 455814969401049872891067095423385600 0 0 428 
nomask -1.2052768e-29 24800571977483192441908268179128320 9729279605769385612059704414961664 320 0 
nomask 3.5862086e+32 0 2064761500790748403147645499998208 320 428 
nomask 7.781871e+31 464059570757156738802221402030080 0 0 428 
nomask -1.883275e-31 1470572218043878506094269562880 616474148766766229391730922225664 320 0 
nomask 2.2465596e+34 0 31734637108431003006918249676800 320 428 
nomask 1.2552011e+33 1843611294627916076404914541035520 0 0 428 
nomask -1.9064761e-31 382779957841071944669535047516160 155178213865319842863246380892160 320 0 
nomask 1.4243822e+33 0 489660957515834448970027892736 320 428 
nomask 1.9454676e+31 29394429863334450104966253117440 0 0 428 
nomask -1.8987424e-31 22784637613636838767858810880 2465631934608783243718738663440384 320 0 
nomask 2.246623e+34 0 2064728127184572121694648561303552 320 428 
nomask 7.8134394e+31 7274226968918791792102527750635520 0 0 428 
nomask -7.5021653e-31 384358403926709981397781913272320 9728479674061656447310351434776576 320 0 
nomask 8.9655225e+31 0 31602701007996826383415272013824 320 428 
nomask 7.8135618e+31 464084426272008015578053361008640 0 0 428 
nomask -1.8832751e-31 23924516544119726349658347274240 2490889636393997222971346780160 320 0 
nomask 9.028906e+31 0 511968128934902376612842279272448 320 428 
nomask 7.5069987e+28 116017999628645594297534345379840 0 0 428 
nomask -2.9762142e-30 366101579643631316932912742400 157293444019952890749244699312128 320 0 
nomask 3.5862086e+32 0 2008153848694773138943274647552 320 428 
nomask 3.0521242e+29 29292589057685007228463415568629760 0 0 428 
nomask -4.6236622e-29 387508888791142097319649702051840 2449141751215944640509243528577024 320 0 
nomask 2.2968046e+28 0 511959914888421005014914738159616 320 428 
nomask 4.8439358e+30 7222525950603086991646709451325440 0 0 428 
nomask -9.774589e-39 381201511755433907941288181760000 618631618402302560825782566912 320 0 
nomask 5.7230754e+30 0 132142624975984653951399273087107072 320 428 
nomask 2.9083362e+26 7351324526613196405311715409920 0 0 428 
nomask -1.1361173e-29 6225594267865980975566321226874880 620679740565228487530631971995648 320 0 
nomask 9.187946e+28 0 7966648355148431578125685489664 320 428 
nomask 5.293774e+33 29398316559844511137762933473280 0 0 428 
nomask -2.9843871e-27 375362022257376619455840256000 2448743078912707045787783974092800 320 0 
nomask 1.4240246e+33 0 32130463600289224891300545822720 320 428 
nomask 3.0151789e+29 29096115594050024525034175563038720 0 0 428 
nomask -1.1904857e-29 6149634653911692318579846870466560 612285243771392111979328341803008 320 0 
nomask 2.2726381e+31 0 511959979565952354397575584940032 320 428 
nomask 4.6534152e+27 465598889958642948057228902400 0 0 428 
nomask -4.682673e-29 98798236660510414499708747561041920 2414965367520554649925874595397632 320 0 
nomask 3.6504188e+29 0 511968355306262099452155243003904 320 428 
nomask 4.6532632e+27 7222527498028136098372053075230720 0 0 428 
nomask -7.618863e-28 23825102040500991837762853273600 9728745628070565108811753395847168 320 0 
nomask 2.272823e+31 0 127992040318417012826043175665664 320 428 
nomask 3.0028482e+29 460915348128470226659478591242240 0 0 428 
nomask -1.8967964e-28 6200240095292629557492379444838400 156237906708330965724225242923008 320 0 
nomask 1.4343641e+33 0 514071086527961879138944921108480 320 428 
nomask 1.929684e+31 7241118126394699975258520434360975360 0 0 428 
nomask -1.2052768e-29 6276003959978206213722885377228800 2421112969979834976609728794583891968 320 0 
nomask 3.5862082e+32 0 130630915936237500079922240028672 320 428 
