nomask 0.99609375 81 94 188 223 
nomask 0.01171875 0 1 93 59 
nomask 0.00390625 96 157 194 224 
mask 0.00390625 0 75 14 183 
mask 1.2159364e+30 7164259800543657369148588032 0 0 322 
mask -7.502525e-31 23292631744673652994912271990784 29069069370213914244299181426475008 309 0 
nomask 5.696419e+33 0 386754318246900785234361400164352 309 322 
nomask 4.8834755e+30 6974443629903331989402155697045504 0 0 322 
nomask -1.8756312e-31 88007116293871577684974239744 29586739492526590131711086952448 309 0 
nomask 8.921335e+34 0 24073266224292642818155201167360 309 322 
nomask 1.2208498e+30 28287960415053798462104608255770624 0 0 322 
nomask -3.013192e-30 1461696371154604116243954794496 1821235820881167109107202815604817920 309 0 
nomask 1.424382e+33 0 97087196254375088757107868041216 309 322 
nomask 3.1253758e+32 7023407381453303871875795826769920 0 0 322 
nomask -7.6256646e-31 1431928188191078919414831120384 7396098681057762440997750439936 309 0 
nomask 3.5863077e+32 0 23024357157275250791483965440 309 322 
nomask 1.9454676e+31 27699621384115979245321079419305984 0 0 322 
nomask -1.8755714e-31 1484584148387878172688725147910144 7370712267037264810571033831538688 309 0 
nomask 1.4244218e+33 0 6238893888085615598667548713811968 309 322 
nomask 4.8439397e+30 28392246717151419179585853456384 0 0 322 
nomask -7.409721e-31 23101358334914116088677389041664 29668795429784167843541024768 309 0 
nomask 3.5860113e+32 0 388355037732955129342351699345408 309 322 
nomask 1.9533591e+31 110807725869087779108669367055810560 0 0 322 
nomask -3.000914e-30 372670154056274098465316857184256 7319492357676437126400098300854272 309 0 
nomask 2.2886078e+31 0 1629734880752634840818220052470824960 309 322 
nomask 7.6304267e+28 112794927835689267003444261027840 0 0 322 
nomask -1.8138516e-31 356499511224847377061745000448 463796020395008926087276050513920 309 0 
nomask 1.4243427e+33 0 388348663369339756306370767355904 309 322 
nomask 1.150181e+24 445119198470571460431176993341440 0 0 322 
nomask -2.9394282e-30 23752582821494085441691374644625408 460657059918183741521673442033664 309 0 
nomask 1.4342459e+33 0 96294658488074414531616037666816 309 322 
nomask 4.9032037e+30 114130353982508169229762560 0 0 322 
nomask -1.1384721e-32 92406956756194372170776913641472 29378833662451329225812015579136 309 0 
nomask 5.721058e+30 0 96294652405666384595513002426368 309 322 
nomask 7.568772e+28 441999148011416687895125138866176 0 0 322 
nomask -7.2244717e-31 92406962593039344997658397769728 29386643474361767182109264314368 309 0 
nomask 9.028658e+31 0 5943869022238248416406776315904 309 322 
nomask 1.14547695e+24 448143524672171872110889144418304 0 0 322 
nomask -2.9268624e-30 372675990901246925346800985440256 1874035722158788801433566183424 309 0 
nomask 2.272886e+31 0 23974396681766031463317367685120 309 322 
nomask 4.8636672e+30 111279822965022756415320184848384 0 0 322 
nomask -2.9638403e-30 92406991777264209132065818411008 7267867603237136895211137165950976 309 0 
nomask 5.655695e+33 0 1414787820645607634787893248 309 322 
nomask 3.0521236e+29 1797954000415971644683818369024 0 0 322 
nomask -7.4099604e-31 353522743088881342609845387264 466984953936208065675416194514944 309 0 
nomask 5.697212e+33 0 23973999804642078132594318245888 309 322 
nomask 7.6611376e+28 112791916023683288332598450847744 0 0 322 
nomask -7.3791456e-31 5703898425275182001204081197056 7445925007337995255049560784896 309 0 
nomask 8.985223e+34 0 5943965580465723652042460758016 309 322 
nomask 4.8834755e+30 1798375894866663787711093014528 0 0 322 
nomask -4.7084876e-32 5703899154880803604564266713088 116733708723510348046601453305856 309 0 
nomask 5.656014e+33 0 90932665310923014638114177024 309 322 
nomask 1.9533594e+31 27898542555022232409981830320619520 0 0 322 
nomask -1.883365e-31 5703899154880803604564266713088 117549712419990515757603241328640 309 0 
nomask 3.542573e+35 0 1485991300078805445259005263872 309 322 
nomask 1.2257823e+30 1792430092049517903623580165341184 0 0 322 
nomask -3.037892e-30 5751525621042206147394196733952 117905804622162488216011145216 309 0 
nomask 5.6569626e+33 0 96691681589820463721138322669568 309 322 
nomask 3.1253758e+32 449558907046477635428856889344 0 0 322 
nomask -7.6256646e-31 1431974791750158834046680956928 7445143417906148465809532387328 309 0 
nomask 1.4244216e+33 0 22830863521748704380913188864 309 322 
nomask 4.8637464e+30 445035241292482318567909292507136 0 0 322 
nomask -7.53322e-31 87260011537437574407508721664 117543459704535741443683014148096 309 0 
nomask 1.4243822e+33 0 1540639503223733340738813876502528 309 322 
nomask 4.8637467e+30 1780477354219403233105330449678336 0 0 322 
nomask -7.2864616e-31 371152037373601609206346970824704 1842378714965714867395776063995904 309 0 
nomask 9.027668e+31 0 96693244768684157299618379464704 309 322 
nomask 4.9032037e+30 7145502096015748480879086796800 0 0 322 
nomask -1.1806058e-29 92787991832865483820942290321408 463746047330634971064738514993152 309 0 
nomask -7.505882e-37 0 5968782185378364823432681488384 309 322 
nomask 3.1384899e+29 445035334682001883798013038559232 0 0 322 
nomask -4.651159e-32 5703899154880803604564266713088 1855234103303673898860466019500032 309 0 
nomask 2.262469e+34 0 1559773201789456657245303304355840 309 322 
nomask 5.3275414e+30 1780285158588137989551821074464768 0 0 322 
nomask -1.8186717e-37 5938241336241556156049079618502656 463845993459382881109813586034688 309 0 
nomask -2.9905282e-33 0 1559773396426513615200600432050176 309 322 
nomask 1.9230524e+28 443218567094374627798893029725569024 0 0 322 
nomask 4.7759167e+33 372682061220018665303544478826496 467034975659846260186778011959296 309 0 
nomask 1.4344869e+33 0 24854326912409389712746745283215360 309 322 
nomask 1.1922351e+27 1780381163014251046098472016019456 0 0 322 
nomask -4.399739e-32 1484584148387878172688725147910144 1855134254493454467793039512305664 309 0 
nomask 2.272887e+31 0 23974008928254123036748871106560 309 322 
nomask 4.732432e+24 445071383036554062618059014668288 0 0 322 
nomask -1.8138816e-31 92788026853935320782231195090944 28867378666311802647203579447738368 309 0 
nomask 2.288732e+31 0 96691693754636523593344393150464 309 322 
nomask 4.9032033e+30 27900846661248945767101452917932032 0 0 322 
nomask -1.18060574e-29 24045979818857151466664951719919616 29074668689068480702286950937133056 309 0 
nomask 2.245925e+34 0 1559748482883222996922568087175168 309 322 
nomask 1.9691431e+31 112803928250637366054692786798592 0 0 322 
nomask -1.8678976e-31 5987205087791528038522719748227072 29069072484406825571583935469584384 309 0 
nomask 1.4243427e+33 0 95897592809472155789372505980928 309 322 
nomask 1.2257821e+30 6974251621051105876308853813936128 0 0 322 
nomask -1.8601938e-31 23006487715937031163754739400704 1842578217949096771575331950690304 309 0 
nomask 2.2626588e+34 0 6213580949554119596365497810026496 309 322 
nomask 1.9533594e+31 6975019656460010328682061346373632 0 0 322 
nomask -4.7084126e-32 24143515833091077787017328528982016 117555965135445290071523468509184 309 0 
nomask 5.656489e+33 0 24955978840324479278045843437912064 309 322 
nomask 7.813438e+31 110823050715690355107773679220555776 0 0 322 
nomask -1.8910387e-31 386296420683476305484623169389068288 458650957571468475565171574814277632 309 0 
nomask 8.921588e+34 0 6238994320807005903600866604089344 309 322 
