nomask 0.99609375 121 85 233 227 
nomask 0.01171875 0 5 46 222 
mask 0.00390625 290 74 309 180 
mask 0.00390625 298 84 308 146 
mask 1.9296843e+31 1768284418544966790760245888024576 0 0 322 
mask -1.8909488e-31 5987204340675371516681889779810304 29069872831985036683765724548694016 309 0 
nomask 1.4244614e+33 0 386760668280884038525930191192064 309 322 
nomask 1.937576e+31 110033510315336578068116335874801664 0 0 322 
nomask -7.59473e-31 371146037096969543172181286977536 7370512958690939864346775072538624 309 0 
nomask 1.4244216e+33 0 96293070979578601208723839909888 309 322 
nomask 7.7503045e+31 445083430284577977301442255388672 0 0 322 
nomask -1.19154756e-32 1496800805000284183480161206796288 29585954861890728374419540934656 309 0 
nomask 1.3963412e+36 0 97088765515646812271690960076800 309 322 
nomask 5.0612117e+33 110248846453017852875923769177640271872 0 0 322 
nomask -1.8844504e-34 5938240962683477895128664634294272 29277972544898659832885147246526464 309 0 
nomask 2.2468141e+34 0 99820726427756717972595233607647232 309 322 
nomask 3.1253758e+32 27895473401851240687852320064536576 0 0 322 
nomask -4.746931e-32 23006114157858770243339755192320 29277169083127537393418604124307456 309 0 
nomask 3.5427756e+35 0 404168326982600663121133602695282688 309 322 
nomask 3.1379534e+32 1780476980661324972184915465469952 0 0 322 
nomask -1.8987124e-31 371151990678841826591295097798656 463795971735744686598451768590336 309 0 
nomask 5.657122e+33 0 95897586727064125853269470740480 309 322 
nomask 1.2501502e+33 7097872711431859524608414711808 0 0 322 
nomask -4.7274468e-32 371152037373601609206346970824704 1842478174501820382552608315801600 309 0 
nomask 3.586507e+32 0 25057618311467923534205925420171264 309 322 
nomask 1.9454676e+31 111606470740489905227351921296146432 0 0 322 
nomask -1.8755413e-31 96182395158469301311366671309471744 29073071108104969805208126822023168 309 0 
nomask 3.5864075e+32 0 1559748385564694517944919523328000 309 322 
nomask 1.9454368e+31 7072947906676110615470171574239232 0 0 322 
nomask -1.8446965e-31 386290252492488061166730950140231680 7319890974369087018848615818854400 309 0 
nomask 9.028658e+31 0 1553420345568877475324703925075968 309 322 
nomask 7.8451273e+31 7072369638770962710667776019660800 0 0 322 
nomask -3.000914e-30 369621943485044879186571653283840 29275562159585292514485517879869440 309 0 
nomask 1.4063601e+36 0 369946906009693122792374927360 309 322 
nomask 1.22580144e+30 112023868941088890305627950153728 0 0 322 
nomask -4.6312253e-32 369627873719537271298159527591936 116746214154419896674441907666944 309 0 
nomask 1.4345237e+33 0 6213581728102347428186686320803840 309 322 
nomask 2.0164941e+31 7072754403591571458695209754296320 0 0 322 
nomask -1.8447565e-31 1490680616225096393861267428737024 463821031256828023342956959236096 309 0 
nomask 5.656647e+33 0 96691718084268643337756534112256 309 322 
nomask 3.1506783e+32 1768284605324005921220453380128768 0 0 322 
nomask -1.8756314e-31 371158014302853783932986718158848 463783514964099377459435596152832 309 0 
nomask 1.4342857e+33 0 95896029630608462210892449185792 309 322 
nomask 7.8451283e+31 27897009472669049592598735129411584 0 0 322 
nomask -1.8601339e-31 355011138556952197388298092544 467010062116555641908745667084288 309 0 
nomask 3.586408e+32 0 5993499190859515791135700156416 309 322 
nomask 3.0397932e+29 451143709682964671808782941028352 0 0 322 
nomask -3.01324e-30 1490680429446057263401059936632832 117546598227079188472849198219264 309 0 
nomask 5.656804e+33 0 1547042478486479196148423637073920 309 322 
nomask 7.7818715e+31 7023216119717234280623323912077312 0 0 322 
nomask -1.8909787e-31 371152037373601609206346970824704 116289070585335389462966334799216640 309 0 
nomask 3.5862094e+32 0 1547042478486479196148423637073920 309 322 
nomask 1.929684e+31 1755851471805247707048533972484096 0 0 322 
nomask -7.5948497e-31 369621920137664987879045716770816 7421335808455573319711570106777600 309 0 
nomask 5.6163984e+33 0 389943300447364164311325826088960 309 322 
nomask 1.9375762e+31 112803939924327311708455755055104 0 0 322 
nomask -2.9668318e-33 1431904567209079510628825038848 468460176237832243782499696640 309 0 
nomask 3.542878e+35 0 6018510432829114917823048581120 309 322 
nomask 2.0244846e+34 28391493764149924511874400911360 0 0 322 
nomask -7.507474e-34 1490728431659113791674385407410176 7369313215871851027895279964651520 309 0 
nomask 2.2467507e+34 0 95896029630608462210892449185792 309 322 
nomask 3.1380026e+32 7072369638770962710667776019660800 0 0 322 
nomask -4.746856e-32 1484584148387878172688725147910144 1855284125027312093371827836944384 309 0 
nomask 8.921843e+34 0 24853931409909651147582981808324608 309 322 
nomask 3.1380028e+32 1792669729556722284069792535019520 0 0 322 
nomask -1.8987124e-31 372676177680286055807008477544448 7318892096992778792263756491522048 309 0 
nomask 5.657122e+33 0 1547042575805007675126072200921088 309 322 
nomask 1.2501502e+33 112026892426784814630236728590336 0 0 322 
nomask -1.1770469e-32 5775434432459337458993464344576 466959991733653207908559567716352 309 0 
nomask 1.4346029e+33 0 6018414634902643424200243544064 309 322 
nomask 4.8834758e+30 7023406634337147350034965858353152 0 0 322 
nomask -1.8678376e-31 91643415717918996496312159961088 470186344249052514402572510953472 309 0 
nomask 9.029402e+31 0 1479763294406652746757358747648 309 322 
nomask 1.2159173e+30 7072560153390875780079417965936640 0 0 322 
nomask -7.317396e-31 23850510324594029206638654904074240 7268667172267120175571737734283264 309 0 
nomask 5.656013e+33 0 6213581338828233512276092065415168 309 322 
nomask 1.9691736e+31 436963591093388732875864649597190144 0 0 322 
nomask -4.5226078e-35 1484584241777397737918828893962240 29073871455683180917389915901132800 309 0 
nomask -7.506411e-34 0 1547042381167950717170775073226752 309 322 
nomask 3.1137806e+29 7072754403591571458695209754296320 0 0 322 
nomask -1.9300068e-31 96574081263152067672249233357930496 460582221969783407709927843561472 309 0 
nomask 5.5845536e+36 0 386760716940148278014754473115648 309 322 
nomask 1.3840148e+33 445071242952274714772903395590144 0 0 322 
nomask -1.19175364e-32 5703900614092046811284637745152 7318888982799867464979002448412672 309 0 
nomask -1.1916661e-35 0 383577841477346954785237428600832 309 322 
nomask 4.9229372e+30 7024173922629895280567343422373888 0 0 322 
nomask 3.1736152e+35 386290252492488061166730950140231680 1829922137957462686334900754186240 309 0 
nomask 1.424583e+33 0 24853932967006106811225358829879296 309 322 
nomask 1.22086865e+30 1780429352006346704832004978900992 0 0 322 
nomask -4.611816e-32 1484584335166917303148932640014336 29071473527141458908129302706913280 309 0 
nomask 1.4345237e+33 0 96691712001860613401653498871808 309 322 
nomask 1.9075774e+28 6974061106431192806897211867660288 0 0 322 
nomask -1.2003849e-29 92024474141969999454003473154048 28869773480660613329179438598848512 309 0 
nomask 2.2463687e+34 0 99822295980984026924111271334772736 309 322 
nomask 1.9454679e+31 6974827647607784215588759463264256 0 0 322 
nomask -1.8910388e-31 5962626086916194257978003789185024 117552850942533962786769425399808 309 0 
nomask 1.424303e+33 0 6188071038320982143302753679572992 309 322 
nomask 1.937576e+31 27314049678058187629790978893676544 0 0 322 
nomask -7.5948497e-31 95400523158346064445988123793424384 1804410474990812611674482474483712 309 0 
nomask 5.6163984e+33 0 99005960136366160462394934901604352 309 322 
