nomask 0.99609375 41 0 451 404 
nomask 7.8133147e+31 17757362511997182905613702660096 0 0 960 
nomask -1.8755413e-31 14295289711280502267571731431424 22049900255406125174759620608000 768 0 
nomask 1.4243424e+33 0 4467278034775156958616166072320 768 960 
nomask 1.9454986e+31 278465569072115575412331191992320 0 0 960 
nomask -1.883305e-31 3705052252785397208227865262292992 87274020721045443511871256574033920 768 0 
nomask 1.4344838e+33 0 17794841403583284461544973271040 768 960 
nomask 1.9454676e+31 17334064138357467708022515031867392 0 0 960 
nomask -1.883275e-31 56943477984356674901393817993216 87610032077914838343117774520320 768 0 
nomask 5.657122e+33 0 4430285471378927250227582730240 768 960 
nomask 1.9533599e+31 1113742969817176173125331364872192 0 0 960 
nomask -1.19539696e-29 3529373096631717236883276693504 1382745899314312326222934808985600 768 0 
nomask 3.5862086e+32 0 71180498982289026561031180124160 768 960 
nomask 3.1127484e+32 278435771468513714032433034166272 0 0 960 
nomask -1.2151568e-29 14295059410911865680713949904896 21820297098468226465915730625822720 768 0 
nomask 2.2730095e+31 0 288268766677257897609461193768960 768 960 
nomask 1.2060522e+30 69817300245655541040831461414928384 0 0 960 
nomask -7.502285e-31 882357894604560273642400776192 5531282443719858041223726602649600 768 0 
nomask 5.656805e+33 0 18600724928153035992653169206231040 768 960 
nomask 7.5378286e+28 17522006415582967668623554904064 0 0 960 
nomask -4.592557e-32 14176681394655201191926721150976 348063247168456834805789538385920 768 0 
nomask 9.028659e+31 0 1148339800987666657130854660177920 768 960 
nomask 7.8765705e+31 17456233964954463316591759803285504 0 0 960 
nomask -2.918543e-33 228720921560370180140323005530112 22051645642058193795630602649600 768 0 
nomask 1.4344446e+33 0 285901188218237313614278998097920 768 960 
nomask 1.9770342e+31 17456713047749666758758145764360192 0 0 960 
nomask -2.858311e-33 229668018225972672928371317932032 86670339260887927820816698646200320 768 0 
nomask 5.6975305e+33 0 4650254928156222705957782390046720 768 960 
nomask 4.9820465e+30 1113832565727519452522727188987904 0 0 960 
nomask -1.8447264e-31 59522319770089715176490141459939328 1382932170604598548286173536583680 768 0 
nomask 5.6564885e+33 0 1143604970479596785090367439503360 768 960 
nomask 7.8766957e+31 4439922272434257814865106173952 0 0 960 
nomask -7.5025255e-31 3689898938249514689627893807448064 88199582887737206479600861839360 768 0 
nomask 1.424184e+33 0 4612300556978323069262381029785600 768 960 
nomask 1.9454676e+31 278465569072115575412331191992320 0 0 960 
nomask -1.8678376e-31 228720965081699686266973294952448 1382708616042035411059186870517760 768 0 
nomask 1.4243822e+33 0 287084968380803958502151285637120 768 960 
nomask 1.9454677e+31 17455283227004292144540637275881472 0 0 960 
nomask -7.53298e-31 926248033830559852987066368393216 87614710620836746958023887421440 768 0 
nomask 3.611661e+32 0 287089610655951278678182157352960 768 960 
nomask 7.7818705e+31 278487910021262053759479762124800 0 0 960 
nomask -7.53298e-31 229671746553200364444746111778816 344266445511915755712007328004833280 768 0 
nomask 1.4243422e+33 0 1093662605454568260857222922240 768 960 
nomask 3.112699e+32 17757826739511914923216789831680 0 0 960 
nomask -7.563915e-31 922475024704575379917975381344256 21971219784645179048767385543639040 768 0 
nomask 1.4244216e+33 0 1148340018594314187764106107289600 768 960 
nomask -7.563915e-31 14295289711280502267571731431424 87607720007284825364821148958720 768 0 
nomask 1.4243819e+33 0 71772393597044172559826729041920 768 960 
nomask 7.7503045e+31 17640852286131823018901394948096 0 0 960 
nomask -4.7274468e-32 926277802419942043615864333271040 87269239177643703730559458706718720 768 0 
nomask 1.4244614e+33 0 1098286888385588703539830456320 768 960 
nomask 3.1127486e+32 1093864299192571948232134095437561856 0 0 960 
nomask -1.8987124e-31 218736176202571393276839985152 1382820320787767802794929721180160 768 0 
nomask 5.616716e+33 0 285901079414913548297653274542080 768 960 
nomask 1.2501306e+33 4424667107106998583371794898485248 0 0 960 
nomask -1.9205237e-28 14235871309477898147292216557568 1382783182586589241386682747453440 768 0 
nomask 9.028407e+31 0 17869112139100627834464664289280 768 960 
nomask 1.9375759e+31 278435771468513714032433034166272 0 0 960 
nomask -1.2102072e-29 14295288804586137556599850401792 88204252363715467984788164444160 768 0 
nomask 9.0286555e+31 0 17720850609951045601193550151680 768 960 
nomask 2.9904688e+29 4424428494164426326323808092291072 0 0 960 
nomask -1.20034645e-29 14176682301349565902898602180608 5531133890915143795590738707742720 768 0 
nomask 1.4344437e+33 0 18600724928153035992653169206231040 768 960 
nomask 4.8241323e+30 1113832217556883403509524873609216 0 0 960 
nomask -1.2003656e-29 226823173987255527554452744568832 21902510286214621363209146204160 768 0 
nomask 3.611363e+32 0 1153093490738522517386467297198080 768 960 
nomask 1.9454983e+31 1098590815850080484569367627956224 0 0 960 
nomask -1.8678377e-31 14236102516540899445121879113728 348072604254300652035601764188160 768 0 
nomask 5.697211e+33 0 287084932113029370063276044451840 768 960 
nomask 1.2060331e+30 70091761243114479878644061700096 0 0 960 
nomask -7.4714703e-31 228720921560370180140323005530112 87607710940341178255102338662400 768 0 
nomask 1.4344836e+33 0 4631240749437192679957335700930560 768 960 
nomask 4.8833987e+30 1113832449670640769518326417195008 0 0 960 
nomask -7.502285e-31 14759124097843091028626838663462912 1382932170604598548286173536583680 768 0 
nomask 5.656804e+33 0 4612300266836126361751379100303360 768 960 
nomask 7.8135618e+31 4333515106134337462970422583623680 0 0 960 
nomask -1.8833051e-31 914868772932569954495792846733312 346905301561760695228594913280 768 0 
nomask 1.4344838e+33 0 74098658926282221594077437183918080 768 960 
nomask 7.8135618e+31 17761089025836145000044734447616 0 0 960 
nomask -1.883275e-31 3720203478297463432748622824865792 88194931545646239193851179827200 768 0 
nomask 1.4244218e+33 0 1107571580351223541690930298880 768 960 
nomask 7.8134384e+31 70084304588659096845894474006528 0 0 960 
nomask -7.5331e-31 57180244897202380410630847856640 21819695923836648503119732738621440 768 0 
nomask 5.697687e+33 0 285901151950462725175403756912640 768 960 
nomask 3.1253756e+32 4364416410652474214719920160112640 0 0 960 
nomask -7.5640353e-31 238085505839119118866882673309122560 87293091187350634795006077582704640 768 0 
nomask 5.656805e+33 0 73794445993603183138598382773207040 768 960 
nomask 1.2501503e+33 1110096964997634224731503722496 0 0 960 
nomask -1.8909787e-31 14759125026298120492662044837806080 21818502859123787217879798707650560 768 0 
nomask 1.4244218e+33 0 71179365614333137846179893084160 768 960 
nomask 1.2501502e+33 4394124650457749681229483705630720 0 0 960 
nomask -1.8987124e-31 14176914415106931911700145766400 5531281283151071211179718884720640 768 0 
nomask 1.4142804e+33 0 4612299106267339531707371382374400 768 960 
nomask 3.1127488e+32 4394720718586665591831847633944576 0 0 960 
nomask -1.1818617e-32 14819730856801414854780281262440448 350458769947797810954345067315200 768 0 
nomask 1.424541e+33 0 4593286378259293043261934340669440 768 960 
nomask 1.2501503e+33 1093986350176925172444196949893054464 0 0 960 
nomask -1.8987125e-31 60007203552317248634844279830740992 1367444908203149618673201286270156800 768 0 
nomask 5.657281e+33 0 4669122875208112146413256620113920 768 960 
