nomask 0.99609375 71 65 237 334 
nomask 1.1777662e+27 1830389514723954800046988035358720 0 0 428 
nomask -7.4613367e-28 359032254203682086547619840 620663118439671696186794349428736 320 0 
nomask 3.585316e+32 0 507729422240389234551587677929472 320 428 
nomask 4.6919488e+27 29291850547758058428589670400 0 0 428 
nomask -2.9392365e-30 91528399516582555044995399680 157705627990047245858959785984 320 0 
nomask 3.6106703e+32 0 1773473642302432878788608 320 428 
nomask 4.6918736e+27 114749131204903717903192210161008640 0 0 428 
nomask -2.9515623e-30 91910745918868095869722296320 157293492528101402786240334397440 320 0 
nomask 1.4242632e+33 0 128521870570539736910867394985984 320 428 
nomask 4.730409e+27 460915251414404657489144614748160 0 0 428 
nomask -1.9126043e-28 369184434930978278721317765120 9727685951396936823296439745511424 320 0 
nomask 2.2728852e+31 0 125507562789742798785050836992 320 428 
nomask 1.9296838e+31 1843413417649761553901598634147840 0 0 428 
nomask -1.2003081e-29 381195370412270265625080674385920 155174106842079157064282610335744 320 0 
nomask 9.0286555e+31 0 509848872603942829656206248771584 320 428 
nomask 7.4453444e+28 1861813197599904307581162618880 0 0 428 
nomask -4.8014628e-29 21309464022319041001553920 39689179206634837393650221056 320 0 
nomask 9.028407e+31 0 507721078838845164188338443255808 320 428 
nomask 1.20605235e+30 470435203744640370143786833018880 0 0 428 
nomask -4.741991e-29 23923741320437898468700066938880 2490824706216041006784481067008 320 0 
nomask 1.4403605e+30 0 2047873033159860301512655891333120 320 428 
nomask 1.2060715e+30 7273034677918455060225265531617280 0 0 428 
nomask -1.1854978e-29 23170729442839105579945820160 626845791206977575516333146112 320 0 
nomask 3.611264e+32 0 124994192779863537462267609088 320 428 
nomask 3.0151303e+29 29202576358076157491513319751680 0 0 428 
nomask -2.9391404e-30 23627413957005784120255494225920 39060507475238622217213556293632 320 0 
nomask 9.09204e+31 0 491714279651222223307398971392 320 428 
nomask 2.9445108e+26 29673397099220563207158497280 0 0 428 
nomask -1.8494956e-28 1524731673905312939778324803092480 9794967820120267839097536512 320 0 
nomask 2.2966837e+28 0 31999059068315826006541402636288 320 428 
nomask 1.2159356e+30 117170400893748855939069378560 0 0 428 
nomask -1.7150158e-37 381201584290983084819038664130560 154106070597523963840054513631232 320 0 
nomask 9.029412e+31 0 126934441410483326228709228150784 320 428 
nomask 2.9204256e+26 7350936914772282464832575242240 0 0 428 
nomask -1.1361364e-29 384364424377291662251071950028800 2490694593213521740884730707968 320 0 
nomask 3.6751783e+29 0 489660989096660303160780259328 320 428 
nomask 3.1261086e+29 7350158668775905547301358141440 0 0 428 
nomask -7.334382e-28 5696250899259815291340718080 2496870146731045722920058880 320 0 
nomask 3.6252727e+29 0 118040052181629489739988992 320 428 
nomask 7.5379443e+28 7323150793729066444573900800 0 0 428 
nomask -1.9261322e-25 384370855862652012078281386885120 151310967308214481660257303028301824 320 0 
nomask 2.287987e+31 0 1880525302837150770077368320 320 428 
nomask 2.9204256e+26 29003717127693198101992964096000 0 0 428 
nomask -1.8494034e-28 94904249215545351443646072750080 156229563306786895360976008249344 320 0 
nomask 2.296865e+28 0 126936511091486506473856325124096 320 428 
nomask 7.3611557e+25 7399288658506406817818182942720 0 0 428 
nomask -1.8890306e-28 1464406413021854925124555243520 9830318788650551274124716539904 320 0 
nomask 1.4240645e+33 0 127466333258917811885847938596864 320 428 
nomask 4.691949e+27 29735724865863092671610880 0 0 428 
nomask -7.347971e-31 21969479878365084207022080 2512087910464331905851457536 320 0 
nomask 3.5856148e+32 0 27464762346945999011840 320 428 
nomask 7.537826e+28 452518780734847047955909691299594240 0 0 428 
nomask -2.9638883e-30 1399979393622081580627394560 39329586217380600768417677443072 320 0 
nomask 1.4243026e+33 0 7867428474419555572918383542272 320 428 
nomask 7.568655e+28 29400631652789073152632495800320 0 0 428 
nomask -4.8211073e-29 5906853489251446030063873556480 2457709810165157084430929494016 320 0 
nomask 9.028407e+31 0 1983447158042612379262813995008 320 428 
nomask 7.7503035e+31 468645288576742156184584192000 0 0 428 
nomask -3.0131441e-30 95300383983487575058467918970880 9830318788650551274124716539904 320 0 
nomask 9.092534e+31 0 121384433327871362537573318656 320 428 
nomask 2.9905173e+29 29665799992141246665420963840 0 0 428 
nomask -4.8409056e-29 1325961601721445143019520 157713775843117627073070366720 320 0 
nomask 9.028655e+31 0 32899477443029912897906278718767104 320 428 
nomask 1.9296838e+31 29405295084138236584673924874240 0 0 428 
nomask -3.0095816e-27 364554154594524591589288837120 39175813144358807844711038976 320 0 
nomask 1.4501476e+30 0 31602183587746031322128497770496 320 428 
nomask 7.476291e+28 462467677638511401101835632640 0 0 428 
nomask -1.8888464e-28 1476761540450986777897148088320 2474072215010123563521089208320 320 0 
nomask 2.3122787e+28 0 491730575357362985735620132864 320 428 
nomask 1.1219752e+24 29201790556293407982549760737280 0 0 428 
nomask -7.4294134e-28 1464406507469184582517459517440 624968054926286606092756053917696 320 0 
nomask 9.090798e+31 0 7933528911458624652303793127424 320 428 
nomask 1.1360692e+24 29395983333012654903455750553600 0 0 428 
nomask -1.1533259e-26 24699156834614835876337844674887680 9699677249429789637942750216192 320 0 
nomask 9.123626e+28 0 2064794745041861985835320745132032 320 428 
nomask 1.17298654e+27 1812732320480824881374560256000 0 0 428 
nomask 2.9912286e+35 23528377242705679179977095905280 9730792621282128399905587200 320 0 
nomask 1.4505768e+30 0 2030917818316619636971672405278720 320 428 
nomask 1.08649144e+21 462479814120372376090034831360 0 0 428 
nomask -2.8706438e-27 23825484363291444964239354101760 39321275154602205096498866159616 320 0 
nomask 9.186733e+28 0 7900675757292420262905855868928 320 428 
nomask 2.06788e+31 464071950157549592604970393272320 0 0 428 
nomask -7.316034e-25 1470548133974815870903679713280 151986765758415904846422848045056 320 0 
nomask 9.123623e+28 0 493783929073576614263743578112 320 428 
nomask 4.6726798e+27 457808263700962275924982754181120 0 0 428 
nomask -3.0689371e-24 24800971213145861977046923146690560 38645828776542682274847640592056320 320 0 
nomask 5.719502e+30 0 32764912993246142899177474804940800 320 428 
nomask 7.2407363e+25 459445457536804485557974466560 0 0 428 
nomask -1.857292e-28 1518443615504202192174175087493120 612218690591633597221317004754944 320 0 
nomask 9.125563e+28 0 7834446975777079752302828453888 320 428 
nomask 1.17296825e+27 7273231200899691614343905767587840 0 0 428 
nomask -7.587554e-28 5907048050750540259446677831680 2449141233795693845447956754333696 320 0 
nomask 3.585613e+32 0 8258912508738288486778594245214208 320 428 
nomask 7.476171e+28 7172615303069198672413464010424320 0 0 428 
nomask -2.9638884e-30 24800963476020616443420205027164160 9765645299646877949694239047680 320 0 
nomask 3.5859115e+32 0 32900023838814752482625112319721472 320 428 
nomask 1.20605235e+30 28892496121538266963968080362864640 0 0 428 
nomask -2.9885402e-30 6200241642717678664217723068743680 38642653885883803778791993834995712 320 0 
nomask 1.4243422e+33 0 129047601884113193869560449597440 320 428 
