nomask 0.99609375 47 75 246 367 
nomask 7.7501783e+31 7222129036077991116596069919621120 0 0 433 
nomask -3.0254699e-30 95696548974575289039019132846080 2477819700311952104102157594132480 320 0 
nomask 2.2413801e+31 0 127883378042293806550882862497792 320 433 
nomask 1.9217612e+31 29483755715705673635961241600 0 0 433 
nomask -1.8754813e-31 1470595829876292854320338042880 2519397616016601455762564186112 320 0 
nomask 8.966017e+31 0 1894346992191126265095258112 320 433 
nomask 7.7187365e+31 7222525950603086991646709451325440 0 0 433 
nomask -3.0254699e-30 1476761823792975750075860910080 158079915849837921121023794610176 320 0 
nomask 9.029399e+31 0 2097458602354242976382766603567104 320 433 
nomask 3.1000719e+32 7349966751802041724919873536000 0 0 433 
nomask -3.0008663e-30 23171114610855364635383562240 158058960896364699083266863398912 320 0 
nomask 3.5862086e+32 0 524347703413074203868434679201792 320 433 
nomask 7.781871e+31 7323939546046394450491789331660800 0 0 433 
nomask -1.2052768e-29 381201535933950300233871675883520 627964239299310846079053454114816 320 0 
nomask 2.288917e+31 0 7992843016255679734316529614848 320 433 
nomask 4.824209e+30 468572469685576306255388999680 0 0 433 
nomask -2.9761183e-30 22495627309145690584016486400 2502843805984238735288719900672 320 0 
nomask 5.722293e+30 0 2071729518310175579316479529582592 320 433 
nomask 1.2060523e+30 1831133826172575134937271133798400 0 0 433 
nomask -1.1953777e-29 1562736723253570821728729846251520 158067319976165492573738207543296 320 0 
nomask 3.625757e+29 0 2006553347788173820939682709504 320 433 
nomask 1.9375753e+31 29398322604473609210908807004160 0 0 433 
nomask -4.7815108e-29 92681383002249489685088829440 10103646564263325229167673344 320 0 
nomask 9.027911e+31 0 125411597071687210700164300800 320 433 
nomask 2.9904686e+29 117602587057447273341988718510080 0 0 433 
nomask -1.15581955e-29 5931612667826472265133473136640 156991076183105208180214383771648 320 0 
nomask 9.126531e+28 0 495381136055767154394960756736 320 433 
nomask 1.21096505e+30 1849628169811485419429167104000 0 0 433 
nomask -1.8493113e-28 381189180712073838723706178764800 9879731985782579961569474510848 320 0 
nomask 9.21415e+25 0 128953372973350366652116953464832 320 433 
nomask 4.824206e+30 116813388193144647270448779755520 0 0 433 
nomask -1.9018042e-25 1476737550829253800099462512640 627947422990044279135404644368384 320 0 
nomask 5.720587e+30 0 2014928274670292201222952714240 320 433 
nomask 7.4762915e+28 469738959139384248080793600 0 0 433 
nomask -4.603557e-29 1501447427898198876073031106560 634004406488302118499782754304 320 0 
nomask 9.188187e+28 0 30961840187097401705015279616 320 433 
nomask 1.1681703e+27 116813388193144647270448779755520 0 0 433 
nomask -1.8809886e-28 22591954730959075965791109120 2526167239151716626839109632 320 0 
nomask 2.2728855e+31 0 123847320811188687238881869824 320 433 
nomask 1.2060716e+30 459421373467741850367384616960 0 0 433 
nomask -1.22406676e-26 5931710137470678694610683822080 2460532272653481339463964850913280 320 0 
nomask 5.7210516e+30 0 495381231905049361389790953472 320 433 
nomask 1.20111986e+30 464059619114189523387388390277120 0 0 433 
nomask -1.1854786e-29 23924132710171998704895378063360 39514723865813678110365695606784 320 0 
nomask 3.6259505e+29 0 122802475773290420511143100416 320 433 
nomask 4.8044018e+30 1862104284269908392512134840320 0 0 433 
nomask -4.8012323e-29 95301955587053074076395036999680 9909665482487977776087209936420864 320 0 
nomask 2.2729471e+31 0 128955458653731190859622034440192 320 433 
nomask 4.80448e+30 1866960656756166619289354240 0 0 433 
nomask -1.2003081e-29 366107577049064561382334136320 158517459899572190075965931520 320 0 
nomask 3.5862082e+32 0 30308531479574524942394327040 320 433 
nomask 1.9217613e+31 7222922865128182866697348983029760 0 0 433 
nomask -3.0131441e-30 22688676175225875783588249600 40052853941482568637353117614080 320 0 
nomask 9.029152e+31 0 129487225359453880471162581942272 320 433 
nomask 7.718612e+31 116017987539387398151242598318080 0 0 433 
nomask -4.8013093e-29 364560199223622664735162368000 2503041127706542201979151581184 320 0 
nomask 3.5860098e+32 0 497474995575339692125551853568 320 433 
nomask 1.9375759e+31 464059570757156738802221402030080 0 0 433 
nomask -1.2052768e-29 95301949542423976003249163468800 623692831312492855750451697549312 320 0 
nomask 3.6259505e+29 0 32104853564610781135034923352064 320 433 
nomask 1.8613357e+28 465562480513060023092631306240 0 0 433 
nomask -4.741991e-29 5857433357324237248545119272960 9878154434396495769324209831936 320 0 
nomask 1.4503027e+30 0 33147138358785318271942371743629312 320 433 
nomask 2.9904684e+29 464109185072793723183551343493120 0 0 433 
nomask -1.9261008e-25 384364448555808054543655444152320 2520054247499240841679298625536 320 0 
nomask 1.4401274e+30 0 520093275318297747087991934812160 320 433 
nomask 7.445343e+28 7350160179933180065587826524160 0 0 433 
nomask -3.0728378e-27 1476761351556327463111339540480 39633474512867672422336167936 320 0 
nomask 9.186974e+28 0 32104849475041406969922168291328 320 433 
nomask 2.7578533e+23 464109233429826507768718331740160 0 0 433 
nomask -1.1835592e-26 1537433422278708787250459700101120 627964173866200859437249373143040 320 0 
nomask 9.187216e+28 0 31971376154592093102378873520128 320 433 
nomask 1.8999001e+28 457746124913834083985402856734720 0 0 433 
nomask -2.8874384e-24 98796645907559932786055502186414080 615200333400436602640586451714048 320 0 
nomask 9.212018e+25 0 8355529661978055233621927179321344 320 433 
nomask 4.634069e+27 115231895614441181676681654435840 0 0 433 
nomask -1.8097761e-28 381201584290983084819038664130560 39248807796397339983693381369856 320 0 
nomask 3.685093e+26 0 517949163170255468451866651656192 320 433 
nomask 6.894631e+22 465586753476781973069029703680 0 0 433 
nomask -1.1684131e-26 384358283034128019934864442654720 39779588915900855803059959234560 320 0 
nomask 5.819381e+27 0 7992844038648023275594718380032 320 433 
nomask 7.3611552e+25 460890347542520596128145667522560 0 0 433 
nomask -7.574779e-25 5857531582547080937165564149760 9704905913139219525143841281671168 320 0 
nomask 9.02642e+31 0 2071762889196268766636560825188352 320 433 
nomask 7.445344e+28 28692847341702517260133724103639040 0 0 433 
nomask -4.8760722e-26 398425406155022071557440587452907520 2477954230786084639651348072103936 320 0 
nomask 5.7207416e+30 0 536932517319520369009728763908325376 320 433 
nomask 4.614805e+27 29205668185859821905627630796800 0 0 433 
nomask -1.8967657e-28 6174889791281900906231796722565120 9841321907769130144560716535824384 320 0 
nomask 3.650515e+29 0 32105383163844735517136703717376 320 433 
nomask 2.9904197e+29 460877968142127742325396676280320 0 0 433 
nomask -3.0728378e-27 366101697702793388674043084800 619421357892564878780045860012032 320 0 
nomask 9.027909e+31 0 133684161241038564310225817209667584 320 433 
nomask 1.1961876e+30 28489224774340661485616941655654400 0 0 433 
nomask -1.1953777e-29 99606345349055321462458772367605760 157016235213895071953883517419520 320 0 
nomask 1.4243023e+33 0 33558282332470023063108047744270336 320 433 
nomask 4.804481e+30 1805879849371153377329328999628800 0 0 433 
nomask -1.2052768e-29 98796658286960325639858251177656320 38546253541400526719544852706492416 320 0 
nomask 2.2730714e+31 0 33421054967276278085320568440094720 320 433 
