nomask 0.99609375 32 48 151 219 
nomask 1.9454676e+31 279893394938772098039872768442368 0 0 261 
nomask -4.7815108e-29 14369747990860346325581439172608 1493477823648585989483528586264576 193 0 
nomask 2.2729474e+31 0 5036473683953669200617173378138112 193 261 
nomask 1.20112e+30 1115791337944560360095651725312 0 0 261 
nomask -4.8012323e-29 233723721130016420091303452213248 23814545265786400471801959284736 193 0 
nomask 9.028159e+31 0 298596767038232741727663292416 193 261 
nomask 4.8242097e+30 69206150912211036293268574520213504 0 0 261 
nomask -3.013192e-30 13249902739106531664461824 381103757862544141574392793530368 193 0 
nomask 3.5863077e+32 0 76221847213744518498795651072 193 261 
nomask 4.8242103e+30 1104222930444281448217388567756800 0 0 261 
nomask -1.1953777e-29 890671974975138499264503611392 95280968219256313621393358979072 193 0 
nomask 3.560756e+32 0 4995197674238425506874495202230272 193 261 
nomask 7.781871e+31 4417609888995971141789305173704704 0 0 261 
nomask -3.025566e-30 230864176655564215730277745426432 1493477981413405449192635885420544 193 0 
nomask 9.028904e+31 0 4858086596677079352430131412992 193 261 
nomask 4.8242094e+30 279855946648120805479242482581504 0 0 261 
nomask -3.0008661e-30 890657563198076496645369888768 23564147215491523700133754073776128 193 0 
nomask 3.5862086e+32 0 5056991314254043289439643210088448 193 261 
nomask 4.8439394e+30 279908473417172968954082938060800 0 0 261 
nomask -7.502165e-31 13974612110641726197122203648 24255022524948837694439424 193 0 
nomask 9.028905e+31 0 78696158500181150816592124182528 193 261 
nomask 7.78187e+31 278004560322378281759421675601920 0 0 261 
nomask -7.5021658e-31 230860458075300944856850672648192 1493437593619623763661167301492736 193 0 
nomask 3.58611e+32 0 1204483862531145846155624054784 193 261 
nomask 1.215917e+30 70449334299725545859365717671936 0 0 261 
nomask -7.3478516e-31 222664333835973424546247081984 378508763229661116322982626590720 193 0 
nomask 2.2730721e+31 0 303635226892520697719854989312 193 261 
nomask 7.5994815e+28 276824752975361383972069957787713536 0 0 261 
nomask -7.317036e-31 938688069711285156884258760949760 1483260500645916848567513348308992 193 0 
nomask 1.4503031e+30 0 1214561321474944520817620287488 193 261 
nomask 1.9533584e+31 283332810131734973485416448 0 0 261 
nomask -1.18058655e-29 3622242375512770385446950666240 1503290479889340976539321489162240 193 0 
nomask 9.027171e+31 0 74336117566742418695733116928 193 261 
nomask 4.8834746e+30 70454948626789699923167376572416 0 0 261 
nomask -1.8215255e-31 54968853219851673594929086464 375933962493668933837306751614976 193 0 
nomask 9.092537e+31 0 310917443584320916237336348459008 193 261 
nomask 4.7304087e+27 279893453269442894445730448015360 0 0 261 
nomask -7.4096007e-31 222664262631541300027377844224 95567137116565130054461292544 193 0 
nomask 3.611562e+32 0 1229646889033349937903314141184 193 261 
nomask 7.813561e+31 4387149612706088002909032157282304 0 0 261 
nomask -1.1953969e-29 14429245275072680300414603624448 1483098002881873348186995217661952 193 0 
nomask 3.585812e+32 0 1151660568480546898896224256 193 261 
nomask 1.2060717e+30 1111598727105145376109255213449216 0 0 261 
nomask -1.2003656e-29 54968849659630067368985624576 95263278838874393737737441116160 193 0 
nomask 9.092287e+31 0 4817856567714853530068846641152 193 261 
nomask 1.2109848e+30 276063111440926107395343607922688 0 0 261 
nomask -1.9047157e-28 230864089159558021121491226066944 95572057637972839487678447616 193 0 
nomask 3.6111643e+32 0 312204922834726737334727935524864 193 261 
nomask 3.0028482e+29 17783762631464184512893681664 0 0 261 
nomask -1.1953969e-29 905560536914646896746642276352 23973564808575875078095103852544 193 0 
nomask 9.02816e+31 0 292835682334878201840402432 193 261 
nomask 1.2011199e+30 1096756837905024684057833943072768 0 0 261 
nomask -3.0008661e-30 879472372255137175359834816512 23982424289218659367651872079872 193 0 
nomask 1.4243422e+33 0 301115900673372654959899705344 193 261 
nomask 4.82421e+30 17730859675156220779963269251072 0 0 261 
nomask -1.1953969e-29 14310015561131364339634503942144 94629705184225418194643236945920 193 0 
nomask 1.4243025e+33 0 77729380616682661522972499509248 193 261 
nomask 7.781871e+31 69978970353091028124502060957696 0 0 261 
nomask -7.5948497e-31 931087291653159491599322002227200 375934041376078663691860401192960 193 0 
nomask 2.27301e+31 0 1199435465342038406533138612224 193 261 
nomask 1.2060522e+30 279840955665726129173818832322560 0 0 261 
nomask -3.000914e-30 13916520864748339034140442624 23726988275782168407669367684202496 193 0 
nomask 3.5862086e+32 0 1274546637095430903029846054535168 193 261 
nomask 3.0274621e+29 69986436678952968074285046300672 0 0 261 
nomask -1.1904857e-29 57239128953792714864815142600704 1488686091948943542158446559232 193 0 
nomask 9.02816e+31 0 19432658218734280741002921639936 193 261 
nomask 4.844016e+30 4403316716416032239641075646464 0 0 261 
nomask -3.0009143e-30 230867851487824389299311558524928 377219920176343325162097082368 193 0 
nomask 9.091296e+31 0 1248799497442016106573177450135552 193 261 
nomask 7.301064e+25 278019492974102161658987646287872 0 0 261 
nomask -1.1657954e-29 14310015561131364339634503942144 378528957126551959088716918554624 193 0 
nomask 2.2886697e+31 0 78374318268483344237701846007808 193 261 
nomask 4.7882096e+27 70188629799731990405312049831739392 0 0 261 
nomask -4.5249778e-29 3769923852996602605496061260726272 23566093402304378671681396461797376 193 0 
nomask 1.4500319e+30 0 5036473999483308120035387976450048 193 261 
nomask 7.56877e+28 1096696990636787571647854701182976 0 0 261 
nomask -1.1239902e-32 57239107079791166212618512760832 24051395497778933467919155200 193 0 
nomask 5.7209035e+30 0 4995116898650862135811558034374656 193 261 
nomask 7.3310488e+25 17668927683555366706530484224 0 0 261 
nomask -2.852811e-30 59831376162515270796128805489475584 375883319986622367213863722549248 193 0 
nomask 2.2887318e+31 0 74021839723875842411307466752 193 261 
nomask 3.0167145e+26 277982015518115470895428520640512 0 0 261 
nomask -1.8494649e-28 14429246186489411494256129867776 5932393273646049070420839263895552 193 0 
nomask 2.2726998e+31 0 1264287979710063318327718437715968 193 261 
nomask 1.2159361e+30 69217663986690147695833937919082496 0 0 261 
nomask -1.1806058e-29 241278949350623880006036809182085120 5933202291640238458723069335699456 193 0 
nomask 3.5853165e+32 0 20310684507155287836897666297495552 193 261 
nomask 7.50712e+28 17615609206663297131286747938816 0 0 261 
nomask -1.1954161e-29 240296545126361545293491163723988992 23231339173544878144104038576160768 193 0 
nomask 9.028656e+31 0 1204464604130332893383736950784 193 261 
nomask 7.5378267e+28 272910068730035925021453346641281024 0 0 261 
nomask -1.9047464e-28 14369751636527271100947544145920 371774044029937520891245131120771072 193 0 
nomask 1.4241833e+33 0 81573569592909605667924136861630464 193 261 
nomask 3.0028e+29 17426744279594561061202916339089408 0 0 261 
nomask -3.0009143e-30 60076028995196388100642777715441664 94637307476463132927251215024128 193 0 
nomask 3.6113636e+32 0 5036394801543939346063523800154112 193 261 
nomask 1.20605235e+30 274913373554704756827625709985857536 0 0 261 
nomask -3.01324e-30 60076043927848111980542343686127616 93602629705053042674995705336037376 193 0 
nomask 1.4243422e+33 0 20228293407840649352701755084767232 193 261 
