nomask 0.99609375 31 49 152 223 
nomask 4.824209e+30 276055674280399565648489462366208 0 0 261 
nomask -1.9046542e-28 3577562220953637490766305558528 378528957126551959088716918554624 193 0 
nomask 5.682368e+30 0 309625073624511844157618487558144 193 261 
nomask 1.1961875e+30 280807039172456977314806235136 0 0 261 
nomask -1.9125736e-28 57954948363138508448794442465280 5993866345408825940311774593024 193 0 
nomask 2.2728852e+31 0 297339578633163184778873143296 193 261 
nomask 1.1961876e+30 68714926401102283117146402835136512 0 0 261 
nomask -1.20525764e-29 13306644640150485720891392 378539290722226570035245013270528 193 0 
nomask 9.028903e+31 0 1224578540141000279209153658880 193 261 
nomask 1.1961877e+30 1104222930444281448217388567756800 0 0 261 
nomask -1.1953969e-29 55202165222372478347816992768 6035519955359145231570954092544 193 0 
nomask 3.5862086e+32 0 1248799260794786917009516501401600 193 261 
nomask 3.1127484e+32 1112077855235067053824235226005504 0 0 261 
nomask -3.025566e-30 57240058598858532583171910795264 95278443982144958275676572483584 193 0 
nomask 3.6115616e+32 0 1204464141928713382517211660288 193 261 
nomask 4.8242097e+30 17609520942898922269891442507776 0 0 261 
nomask -3.0008661e-30 54967945363342085979346305024 1503695935475352428945080320000000 193 0 
nomask 1.4344834e+33 0 313487215566692820495217062838272 193 261 
nomask 1.9454676e+31 1119634126991375061439762470535168 0 0 261 
nomask -7.5021653e-31 866150571723794754498985984 6090808686410642401901150208 193 0 
nomask 2.2731338e+31 0 78694891451474865027824127836160 193 261 
nomask 7.78187e+31 277997064831180943606709850472448 0 0 261 
nomask -3.0008182e-30 57954029655073465056535989190656 1514115986271027296063974973374464 193 0 
nomask 3.6114626e+32 0 19351887561321517793975356882944 193 261 
nomask 1.9454674e+31 17732259611255334520547579002880 0 0 261 
nomask -7.3785465e-31 890671918011592799649408221184 94627180947114062848926450450432 193 0 
nomask 2.2731338e+31 0 4837969733389488397783387865088 193 261 
nomask 3.0151307e+29 17545722048786039645982233525747712 0 0 261 
nomask -2.9143928e-30 232764356587427932950047515213824 1493599775854028344623470833827840 193 0 
nomask 2.3125211e+28 0 304892588623197571243592122368 193 261 
nomask 1.9454664e+31 1126011536161464548744757248 0 0 261 
nomask -7.4924e-28 14488735267951164724515558129664 378407517656772848003373393248256 193 0 
nomask 5.720898e+30 0 1214541369771702301745945247744 193 261 
nomask 1.2110037e+30 1123257549879408910648446287872 0 0 261 
nomask -7.1931777e-31 890671918011592799649408221184 94622093031686487230216052670464 193 0 
nomask 1.4503806e+30 0 19271738102885377451557782552576 193 261 
nomask 7.270842e+25 277974549192253530945645535297536 0 0 261 
nomask -1.175637e-29 222664262631541300027377844224 95567137116565130054461292544 193 0 
nomask 2.2730098e+31 0 1219569661190361018674580553728 193 261 
nomask 1.9375754e+31 17426268301320862389404251023474688 0 0 261 
nomask -7.618863e-28 3607369877293149279421712039936 93594855054750068210188002929934336 193 0 
nomask 1.4401667e+30 0 17764497134851716450091008 193 261 
nomask 3.0028476e+29 69952765299235742792939512791040 0 0 261 
nomask -1.1805482e-29 3577503890282841084908625985536 378478432943119987247104363855872 193 0 
nomask 1.440438e+30 0 19352205556035741270144756744192 193 261 
nomask 1.8613359e+28 70447438552924662668991131549696 0 0 261 
nomask -7.618863e-28 3547754564614125702110899077120 6035519955359145231570954092544 193 0 
nomask 2.2728852e+31 0 78052478036785537658811567833088 193 261 
nomask 1.2011393e+30 17783308703209390705102290944 0 0 261 
nomask -1.1953777e-29 901827430947222621470244995072 94604383930702134882921722413056 193 0 
nomask 9.09179e+31 0 4685294184667312120745951232 193 261 
nomask 1.1961876e+30 4356325819675801662723700041973760 0 0 261 
nomask -1.20032726e-29 13625778927497503587268820992 95286036414081456776465344364544 193 0 
nomask 3.5862082e+32 0 74649143613556153049986105344 193 261 
nomask 1.9296841e+31 17730857852322758392280216764416 0 0 261 
nomask -1.1953969e-29 3562629341375574792739953311744 23818977471183096674535144947712 193 0 
nomask 1.4243025e+33 0 77729370756381445291153293312000 193 261 
nomask 7.7818705e+31 69978963061757178573769851011072 0 0 261 
nomask -7.5948497e-31 927279407132899320804141797736448 95278443982144958275676572483584 193 0 
nomask 9.092288e+31 0 298601677930440044684494503936 193 261 
nomask 1.2060523e+30 277914614428010223926879774048256 0 0 261 
nomask -3.000914e-30 222660702409935074083915956224 94913122740732729378705449479569408 193 0 
nomask 3.5862086e+32 0 20392747455645450126150395265810432 193 261 
nomask 1.21098485e+30 279945775881147270500069024989184 0 0 261 
nomask -4.761789e-29 14250517365502299170959813246976 1498783040394364925025592541184 193 0 
nomask 2.2728855e+31 0 4838049540202457274070088024064 193 261 
nomask 1.9376065e+31 4403082938024481019289594232832 0 0 261 
nomask -1.20032726e-29 14369743433776690356373807955968 379744157287698670878883577856 193 0 
nomask 5.7218284e+30 0 1248819612456497219484358092521472 193 261 
nomask 2.8962947e+26 17495209233639128277986951823360 0 0 261 
nomask -1.8652113e-28 14310016472548095533476030185472 375944138324524085074727547174912 193 0 
nomask 1.4403605e+30 0 77728103707675159502385296965632 193 261 
nomask 1.8998701e+28 70190533712826785092506711094198272 0 0 261 
nomask -2.8831674e-27 15018771126243713174248807517388800 23566739607004885640184893804642304 193 0 
nomask 5.7802427e+27 0 1259118578753236759863400643690496 193 261 
nomask 1.8767786e+28 1096667008671998219037007400665088 0 0 261 
nomask -7.162363e-31 57239103434124241437252407787520 1522894003329508372226506752 193 0 
nomask 2.3120378e+28 0 1238480258365975993573846957424640 193 261 
nomask 4.5066422e+24 70840288208357071958048768 0 0 261 
nomask -1.8098989e-28 59586715863508291551665050278166528 23652355636155907335634022301696 193 0 
nomask 9.18746e+28 0 18426886859302164103075725312 193 261 
nomask 7.45147e+25 279893365773436699836943928655872 0 0 261 
nomask -4.6940047e-26 14310251618064743544589800964096 373359319522496211060738175795200 193 0 
nomask 2.272451e+31 0 313492244320313098723012223434752 193 261 
nomask 1.8690424e+28 69217663986690147695833937919082496 0 0 261 
nomask -7.555754e-28 241278964283275603885936375152771072 23567383287468281253342674360991744 193 0 
nomask 1.440012e+30 0 81241445619220137410583670504292352 193 261 
nomask 7.1806446e+25 4463631997144612687244043485184 0 0 261 
nomask -1.8888771e-28 59342074230315967157075752530214912 23396116323699932401804427428626432 193 0 
nomask 3.625563e+29 0 298601754964043296495582052352 193 261 
nomask 1.1633348e+27 17300096727161404663009027458859008 0 0 261 
nomask -4.8557988e-26 14369751636527271100947544145920 92943500910535934801428415634210816 193 0 
nomask 9.027164e+31 0 81242722883198483215516364471009280 193 261 
nomask 7.4453444e+28 4387267207338413557118114176434176 0 0 261 
nomask -4.7815878e-29 14958082029765667034931534030176256 23659324404040479173858002206720 193 0 
nomask 2.2728855e+31 0 5015796711185640805596331398660096 193 261 
nomask 2.978138e+29 69215745140943629128739710685937664 0 0 261 
nomask -4.801309e-29 14958084829637865262412702649679872 23565437100655426281795031972970496 193 0 
nomask 3.5861092e+32 0 1259118815400465949427061592424448 193 261 
