nomask 0.99609375 53 126 245 379 
nomask 0.00390625 1 71 5 137 
nomask -3.0252775e-30 370737904609183077210815201280 2449007998081114117166612386676736 320 0 
nomask 3.502252e+29 0 2039395231705645921094181607964672 320 428 
nomask 1.9138385e+31 1849919634270808133931756421120 0 0 428 
nomask -7.5326195e-31 369196453353677181968386621440 156196351394438987364631186505728 320 0 
nomask 1.410843e+30 0 7125352514348089463537664 320 428 
nomask 1.9138384e+31 28890902273737687036864147740426240 0 0 428 
nomask -7.5943687e-31 96089600981677495349445478318080 153481251365597312163464366019051520 320 0 
nomask 8.902633e+31 0 2081650227131761902313278495784960 320 428 
nomask 7.6552307e+31 1831034790969432304515279203860480 0 0 428 
nomask -7.618617e-28 23074781286083875666552422400 2449008256791239514697255773798400 320 0 
nomask 1.4304566e+30 0 2056283311271345926433206135947264 320 428 
nomask 1.9296836e+31 116822672743439287622510523187200 0 0 428 
nomask -1.9125736e-28 378032385254863334437546423746560 156229579476169732706641219944448 320 0 
nomask 3.6009004e+29 0 30345605012555789469277487104 320 428 
nomask 7.4143954e+28 7348412526545199667287141908480 0 0 428 
nomask -4.7616355e-29 346978436814587409276600320 39323356962642513350894871904256 320 0 
nomask 5.722137e+30 0 8225135832186637681039258415005696 320 428 
nomask 7.4143954e+28 28890908463437883463765522236047360 0 0 428 
nomask -1.1904281e-29 1556373614737578397945414371246080 156242078409103000905849860259840 320 0 
nomask 1.4404378e+30 0 2056284604821972914086423071555584 320 428 
nomask 1.9296835e+31 1831084308571003719726275168829440 0 0 428 
nomask -2.9884444e-30 1550034878166109405086260972748800 2490889636393997222971346780160 320 0 
nomask 5.722138e+30 0 31866073979170076583007816253440 320 428 
nomask 1.2011198e+30 1843512259424773245982922611097600 0 0 428 
nomask -1.1854978e-29 22784639089376364664622940160 154122741231229267220887771283456 320 0 
nomask 2.2730095e+31 0 7900413510114527062898203688960 320 428 
nomask 1.20605235e+30 116810293343046433819761531944960 0 0 428 
nomask -7.5555084e-28 99203866283482858627483569099898880 155194835990876634207084003459072 320 0 
nomask 3.6256596e+29 0 32130473706153498232341303132160 320 428 
nomask 4.8242082e+30 1849968557987570663456170311680 0 0 428 
nomask -3.0348251e-27 384358452283742765982948901519360 2420567766331253223712099921486151680 320 0 
nomask 3.6253687e+29 0 127464295916680306332031265013760 320 428 
nomask 1.861366e+28 7400067660081420994492634234880 0 0 428 
nomask -4.7023945e-29 6030356973193957916980239400960 2431588786627972981416714097917952 320 0 
nomask 1.4503027e+30 0 30604309216548472451898540032 320 428 
nomask 1.1537012e+27 116018011717903790443826092441600 0 0 428 
nomask -3.0094834e-27 5931610023301241858132153466880 39435541751390136139861983232 320 0 
nomask 1.4402828e+30 0 7933660792987391752885676015616 320 428 
nomask 3.0028476e+29 457820643101355129727731745423360 0 0 428 
nomask -4.8759936e-26 5956371846401498500203072716800 607930246875512779893871229272064 320 0 
nomask 5.681437e+30 0 29257869526681020719431680 320 428 
nomask 1.1961682e+30 7239081170336458239138990419397836800 0 0 428 
nomask -1.19042806e-29 95695001549526182313675508940800 2449274986930524368790587896233984 320 0 
nomask 5.7222926e+30 0 7933661803573819086989751746560 320 428 
nomask 1.2011005e+30 116791651706907976237887562711040 0 0 428 
nomask -1.2101686e-29 22785393192274097911093002240 9794705326801417931527160386813952 320 0 
nomask 8.902136e+31 0 31734121709353062613839626895360 320 428 
nomask 1.9217613e+31 117170412699665063113182412800 0 0 428 
nomask -1.8909187e-31 23726447648991340023960955781120 155144985783589097521236347453440 320 0 
nomask 8.902633e+31 0 7834317620714380986981134893056 320 428 
nomask 7.686922e+31 451358064168924814255921446256640 0 0 428 
nomask -7.594489e-31 20718510314867769999360 9963039104152339162390461415424 320 0 
nomask 3.5611527e+32 0 129047512952507588468401785274368 320 428 
nomask 1.2349583e+33 7324932992927920968162395878850560 0 0 428 
nomask -4.8012323e-29 95301961631682172149540910530560 9796033027164958058789023095193600 320 0 
nomask 2.2730093e+31 0 31734127772871626618464081281024 320 428 
nomask 1.9375758e+31 1830785655536526121734955755110400 0 0 428 
nomask -4.801232e-29 5931611534458516376418621849600 622738641642988359789553123328 320 0 
nomask 2.2729471e+31 0 127994118084111611744022878486528 320 428 
nomask 4.8242094e+30 29001386923175890904258717941760 0 0 428 
nomask -2.9884922e-30 23429733429296948994180477091840 620679611210165788765310278434816 320 0 
nomask 2.2730717e+31 0 8191227730891284929733081926991872 320 428 
nomask 1.2060717e+30 29402185122467277951121993236480 0 0 428 
nomask -7.4711106e-31 1537408179907595233793291835146240 155680586484211899340332990464 320 0 
nomask 1.440477e+30 0 8259178980167447943341282980528128 320 428 
nomask 7.781869e+31 1843710716687321183508242376949760 0 0 428 
nomask -1.2003273e-29 5931709759681360065039066726400 155190680459487436371124597817344 320 0 
nomask 3.585911e+32 0 31734119688180207945631475433472 320 428 
nomask 1.9533591e+31 117167390385116026540245647360 0 0 428 
nomask -1.8291992e-31 382779957841071944669535047516160 155178197695937005517581169197056 320 0 
nomask 2.273134e+31 0 126934441410483326228709228150784 320 428 
nomask 4.7111414e+27 7324136069027631004610429567631360 0 0 428 
nomask -7.100733e-31 24699559165127603624927186890260480 2432319125311970210422995942375424 320 0 
nomask 1.4646309e+27 0 8258914578419291667023741342187520 320 428 
nomask 7.8133074e+31 114439626078556734447037961994240 0 0 428 
nomask -7.4291684e-28 1543771675279849934257943216128000 2432252636809743045047645452107776 320 0 
nomask 9.124112e+28 0 33171292788539580853564818417778688 320 428 
nomask 1.8921926e+28 116822709011213876061385764372480 0 0 428 
nomask -7.0388635e-31 23825094484714619246330511360000 156221300752157011726052832051200 320 0 
nomask 3.6753725e+29 0 7618865848666651489021722624 320 428 
nomask 1.14547666e+24 115225693824986558629015411752960 0 0 428 
nomask -4.583989e-29 94113545238597305158783624806400 608029785596259479808914424332288 320 0 
nomask 5.721519e+30 0 509848840265177154964875825381376 320 428 
nomask 3.0151298e+29 1818556548801566809684963984670720 0 0 428 
nomask -7.7372183e-25 398425480431424428680257081400360960 9593636852182958705609262978039808 320 0 
nomask 2.2720172e+31 0 8157318594755430588304331890491392 320 428 
nomask 3.0151787e+29 460964962444107211040808532705280 0 0 428 
nomask -2.9390925e-30 6225496780087887251869672920842240 153472724279864209553458326489006080 320 0 
nomask 1.4404381e+30 0 31998535584546466940630174007296 320 428 
nomask 1.8844564e+28 1843512259424773245982922611097600 0 0 428 
nomask -1.2102071e-29 369190432336411523170739159040 2465963600989542878003560953413632 320 0 
nomask 3.535502e+32 0 8225134797346136090916684866519040 320 428 
nomask 1.9296532e+31 454638992129293348665740031426560 0 0 428 
nomask -1.8909486e-31 24699556070277505411476499642449920 154135110809099836654774718038016 320 0 
nomask 3.5356012e+32 0 528562154950133793057163997352034304 320 428 
nomask 7.7186137e+31 450148770760303158508031836160 0 0 428 
nomask -1.9140897e-31 374857189946678295495347640729600 149479549214025201254767001600 320 0 
nomask 1.4041788e+33 0 492902389227434331774437078073344 320 428 
