nomask 0.99609375 165 67 343 300 
nomask 1.9533279e+31 11024951261071018476094661591040 0 0 480 
nomask -4.8209532e-29 34322594202786958010178600960 10984417988178515069187766458777600 480 0 
nomask 8.965023e+31 0 142948245770714055389967632302080 480 480 
nomask 1.1961683e+30 2756237248583776674666239754240 0 0 480 
nomask -3.00077e-30 2196573210087199462722235269120 2755945406335135330592033341440 480 0 
nomask 2.2572258e+31 0 2178040802285490655742058823680 480 480 
nomask 4.80448e+30 681865425084346088844741165711360 0 0 480 
nomask -3.0255178e-30 8435861347734278391579279360 43806172074272425660707200040960 480 0 
nomask 2.2572877e+31 0 35737059175942602070062205501440 480 480 
nomask 1.9296529e+31 688533039576636225669647643904573440 0 0 480 
nomask -3.025518e-30 9338242848994257217716493945405440 691447588737259170316713763799040 480 0 
nomask 9.029152e+31 0 35738228811673079223788733726720 480 480 
nomask 1.25015015e+33 2774806065831068406611013795840 0 0 480 
nomask -7.563795e-31 142358676827004393034046924390400 698343791605087277683625164800 480 0 
nomask 5.7226027e+30 0 2187288943134548082839204659200 480 480 
nomask 4.7846727e+30 10911049525828322243515514880 0 0 480 
nomask -1.210188e-29 34847494534516932225294925824000 43207286845965358068708912660480 480 0 
nomask 3.5862082e+32 0 36745097961361483060855540694384640 480 480 
nomask 1.9138694e+31 11025819420925229231670747463680 0 0 480 
nomask -1.2102264e-29 143540144918941024943622586368000 693719721180558564135052247040 480 0 
nomask 9.028655e+31 0 581272690272556963209286778880000 480 480 
nomask 1.9296839e+31 44104465453318688299847138672640 0 0 480 
nomask -4.7081126e-32 574179148776353380478613832335360 11024366443205779899231397478400 480 0 
nomask 3.6262418e+29 0 546840405088679861669760860160 480 480 
nomask 2.9204252e+26 693683240899478396125776445440 0 0 480 
nomask -1.1558771e-29 8435860240929633969006182400 11024946727599194921235256442880 480 0 
nomask 1.4403608e+30 0 544510023482629556323819192320 480 480 
nomask 1.1313651e+24 2708371504362816961496012449382400 0 0 480 
nomask -3.0227927e-27 148192601301014765889307508704542720 681995844001766115040108467978240 480 0 
nomask -7.505306e-37 0 571802485239798392545183719751680 480 480 
nomask 4.7304857e+27 693719792016055807179730452480 0 0 480 
nomask 7.869008e+34 581272690272556963209286778880000 43333962638905660664640322676981760 480 0 
nomask -7.5330987e-31 0 8971552033050411291765469347840 480 480 
nomask 4.45622e+21 11023201340947126300364274401280 0 0 480 
nomask -1.9685611e-28 522734356546013405412065280 175215403746795062290767056732160 480 0 
nomask 2.2167505e+37 0 551473329950363955803109457920 480 480 
nomask 1.424421e+33 44098621808138126086073902694400 0 0 480 
nomask -1.8291341e-25 549143125433056758068863303680 176160929526779335409664000 480 0 
nomask 5.719968e+30 0 142948254837657702499686442598400 480 480 
nomask 4.711214e+27 2708968907145837726648985253314560 0 0 480 
nomask -1.0976466e-35 574179330115226322672990038261760 681865352548796911966990683340800 480 0 
nomask 3.585717e+32 0 8435860794331956180292730880 480 480 
nomask 3.0275097e+29 172114133720552097292164719506882560 0 0 480 
nomask -1.1707066e-29 8934414398555827827875921264640 683684498859970319577372235986370560 480 0 
nomask 1.4403606e+30 0 35885607447185024148190695260160 480 480 
nomask 1.8921632e+28 700824331714903333999320288460800 0 0 480 
nomask -4.8211073e-29 551473259114866712758431252480 44608036134650540678184960 480 0 
nomask 2.2571017e+31 0 8897417301687774564627932774400 480 480 
nomask 1.1961876e+30 700128093508453796224696320 0 0 480 
nomask -7.4711106e-31 143544787194088345119653458083840 173999000720986116634615323033600 480 0 
nomask 2.2572258e+31 0 35292577197738077657114156728320 480 480 
nomask 1.1961876e+30 2708446651191764206845512185282560 0 0 480 
nomask -1.2003081e-29 2090901870084851546487521280 176427091961907510893137436344320 480 0 
nomask 2.2730714e+31 0 576527849858700682039232991068160 480 480 
nomask 1.9217611e+31 172138032153010501558371647100026880 0 0 480 
nomask -1.2102072e-29 144134365204741654585292976291840 43807359843890197033871348858880 480 0 
nomask 3.5862082e+32 0 143544787194088345119653458083840 480 480 
nomask 3.1127486e+32 2800512097332654079255511040 0 0 480 
nomask -7.563795e-31 8934556636234291861589757788160 174003661130020731030083815342080 480 0 
nomask 5.722448e+30 0 34176956420455258151788216320 480 480 
nomask 1.1961875e+30 10832594700622982372186122428088320 0 0 480 
nomask -4.8013093e-29 35293157482131492679118015692800 10835279096226920263975973997772800 480 0 
nomask 9.028655e+31 0 2400250261127487812757359280028385280 480 480 
nomask 1.1912358e+30 176422431552872896497668944035840 0 0 480 
nomask -4.7617893e-29 143540090517279142285309724590080 2782307927943513808243261440 480 0 
nomask 5.7615966e+30 0 576546854172585024009859372154880 480 480 
nomask 4.8242088e+30 2727611703853082138566962205163520 0 0 480 
nomask -1.1953777e-29 2306150133418063180875689550151680 171673402211051650637524799324160 480 0 
nomask 1.4403995e+30 0 2268157898683493213994536392458240 480 480 
nomask 7.2708404e+25 2727312277106079987212970979491840 0 0 480 
nomask -4.603787e-29 2215069916798297775184596172800 696108070307422742662956554649600 480 0 
nomask 3.6255636e+29 0 144726255286024977029229120061440 480 480 
nomask 7.071147e+22 10835576201836348755241949787586560 0 0 480 
nomask -1.8576297e-28 9600850114860361577466321418888151040 43039271012553775890200586155458560 480 0 
nomask 5.582602e+36 0 2315657222777578193875912894709760 480 480 
nomask 1.1826208e+27 174017696758786456874802154045440 0 0 480 
nomask 7.9912734e+37 142948272971544996719124063191040 691354235485468528651842952888320 480 0 
nomask -3.00072e-30 0 9224451980867538477869770305699840 480 480 
nomask 7.1886363e+22 2719680181824597204959263457280 0 0 480 
nomask -1.9369147e-28 146980373276345342962718039290675200 43509057397900287285012599930880 480 0 
nomask 5.62479e+36 0 142356410091092615604344350310400 480 480 
nomask 2.2952354e+34 174013036349751842479333661736960 0 0 480 
nomask -4.6133036e-26 2224318907673322118817880473600 10833492980863988826248096105103360 480 0 
nomask 2.3117941e+28 0 2287135374414639739853239002071040 480 480 
nomask 1.8921922e+28 170940102335794824773957262570946560 0 0 480 
nomask -4.51537e-32 149411913437558999404520088356782080 2727834242917956799505442118041600 480 0 
nomask 9.089814e+31 0 9224453141436325307913778023628800 480 480 
nomask 1.8767798e+28 43806176607744249215566605189120 0 0 480 
nomask -1.175637e-29 9148394685707024958845979690270720 10834086031514058978736039966801920 480 0 
nomask 5.721984e+30 0 35440549718058908268098192670720 480 480 
nomask 1.8767495e+28 10910142746390179082737826723266560 0 0 480 
nomask -7.6502945e-28 35589678273694745368230541393920 172852540098470975349366215147520 480 0 
nomask 2.2570394e+31 0 576537424551192029902296663982080 480 480 
nomask 1.1961876e+30 2727611413710885431055960275681280 0 0 480 
nomask -1.2003081e-29 37049327142003537136950703156101120 10877850300708266286831265382400 480 0 
nomask 5.6826773e+30 0 36897225317939165229387206822461440 480 480 
nomask 1.1912358e+30 2715494762222807327503503013498060800 0 0 480 
nomask -1.2101687e-29 150018036734444005508166884807147520 683703290789766671649945204692090880 480 0 
nomask 2.2572255e+31 0 37201461461993940285746415591751680 480 480 
