nomask 0.99609375 60 43 181 185 
nomask 1.8921634e+28 22476405831874025528215036539961344 0 0 203 
nomask -1.1657954e-29 71820238379978965597431005184 1173634797468562073608882487296 249 0 
nomask 9.027665e+31 0 3852987603472977947823295688605696 249 203 
nomask 7.5069972e+28 89971498190577724367610839040 0 0 203 
nomask -1.1855553e-29 296622482776421212874814460526592 292353662646435835111789809369088 249 0 
nomask 9.026922e+31 0 932894190906560675894928605184 249 203 
nomask 3.0275095e+29 1414832226166295376891781683609600 0 0 203 
nomask -2.9638883e-30 4394916408050000287953321984 74602162530790723507936716390400 249 0 
nomask 1.4243028e+33 0 3794155370717999949001412050944 249 203 
nomask 1.8921637e+28 357430630775812395170392965120 0 0 203 
nomask -1.18058655e-29 4615534931283219496765325574144 73837224414038252039381712896 249 0 
nomask 2.2728857e+31 0 3917193748048924833233016323047424 249 203 
nomask 1.9375754e+31 1449251947612203965811957694464 0 0 203 
nomask -1.1953969e-29 1176607060453326646780998004506624 4581662776528197553609644254953472 249 0 
nomask 5.7218284e+30 0 925025670536007684168383201280 249 203 
nomask 1.8690425e+28 361067267193539841758021038374912 0 0 203 
nomask -4.6827497e-29 1139472573208219890263720460288 74103493135026135612190944657408 249 0 
nomask 2.288731e+31 0 15732861866568134678256667764719616 249 203 
nomask 4.6726066e+27 361125402169469197497602955804672 0 0 203 
nomask -4.7222695e-29 4653990265406392388520020803584 74328078254314167188624244736 249 0 
nomask 1.4502253e+30 0 936805263977258376620849233920 249 203 
nomask 3.0027989e+29 365533892883385290086940672 0 0 203 
nomask -1.1756179e-29 300302106916312279395018800627712 18648073092318318864227828236288 249 0 
nomask 3.6256603e+29 0 58061444864741435948062998528 249 203 
nomask 3.0027989e+29 353707981285941573212279295442944 0 0 203 
nomask -1.17064906e-29 282464684919356666831261663232 18276042010149100280502049308672 249 0 
nomask 1.440438e+30 0 60706489766049583274174506336256 249 203 
nomask 7.180528e+25 361106023844159412251075649994752 0 0 203 
nomask -1.8731e-28 19297945069979109118859871176884224 292432531909097401356347112423424 249 0 
nomask 5.780999e+27 0 60957822270517188191194336722944 249 203 
nomask 4.824207e+30 22943234768635897723836432384 0 0 203 
nomask -7.4287995e-28 4615610774850117624702280138752 73592997951336213687943873691648 249 0 
nomask 1.4501476e+30 0 888111752296708926318051328 249 203 
nomask 3.0151783e+29 22938508325422587788811829248 0 0 203 
nomask -1.1607691e-29 277029384887637916747038720 18395298792695096050088513896448 249 0 
nomask 9.126531e+28 0 14699171150400063236772724736 249 203 
nomask 1.7951612e+25 89672062129593129268782487830528 0 0 203 
nomask -1.1607884e-29 74770891929645018672278840279040 295356656651858315574289367040 249 0 
nomask 3.6257574e+29 0 60456181089524930427715586097152 249 203 
nomask 1.206052e+30 1424889539374257784334120336228352 0 0 203 
nomask -1.21393005e-26 75079167220289179989728519258112 72795990522734595502403994498629632 249 0 
nomask 2.2725131e+31 0 58061426141296201132868108288 249 203 
nomask 3.039792e+29 358610998611846324626352167190528 0 0 203 
nomask -1.16575704e-29 70918355848459620852940406784 1173604240805938855210821615616 249 0 
nomask 1.450303e+30 0 14393126140142129727934562304 249 203 
nomask 4.7304078e+27 22871329592075257410018909093888 0 0 203 
nomask -4.6829032e-29 4451210574441569675630346240 74097580241063468597940295041024 249 0 
nomask 9.027664e+31 0 60456188758648098608019413139456 249 203 
nomask 7.537946e+28 362284766040949362453192376320 0 0 203 
nomask -2.9638884e-30 297855471055549451628613988253696 1169446308726181588741357268107264 249 0 
nomask 9.027419e+31 0 60204890765234750502366804443136 249 203 
nomask 3.0151305e+29 5620028607358085233460424795488256 0 0 203 
nomask -2.9762142e-30 4451210574441569675630346240 296429770933830993874647485775872 249 0 
nomask 1.4243026e+33 0 3809861255646235199970205499392 249 203 
nomask 7.5686553e+28 22725063215541022773154129379328 0 0 203 
nomask -1.8967964e-28 283678145243812518993107877888 74099543536594522755720017870848 249 0 
nomask 5.721827e+30 0 932878373340026304018285330432 249 203 
nomask 4.8242088e+30 22637313210480493357927190923051008 0 0 203 
nomask -1.1953777e-29 74462663673771026736495489712128 18400222369769067805145475055616 249 0 
nomask 5.7614425e+30 0 232241899961113090083870736384 249 203 
nomask 1.861366e+28 22636077814021132446832075380621312 0 0 203 
nomask -1.8809886e-28 73847378327800260468420366041088 294411472451414646955877108547584 249 0 
nomask 5.761441e+30 0 15733113168396109610452472286937088 249 203 
nomask 7.4761706e+28 363601049076472499875799132798976 0 0 203 
nomask -3.0095325e-27 4692370343897294269608590573568 295333619324841398958496415744 249 0 
nomask 9.125319e+28 0 242829947008245786854688087343104 249 203 
nomask 7.4762905e+28 361125251658204655476270704885760 0 0 203 
nomask -7.5238317e-28 18308319564509440654584179589120 1173665593791284297641437954048 249 0 
nomask 3.650128e+29 0 15733111205100578556294692564107264 249 203 
nomask 1.1585178e+27 1424812176584283185369343363907584 0 0 203 
nomask -1.8730999e-28 4596346214890679570080406175744 1169635644038957624082239288508416 249 0 
nomask 5.721828e+30 0 245833789170758648257664016973824 249 203 
nomask 4.48783e+24 361125326913836926486936830345216 0 0 203 
nomask -7.575282e-25 19219342067184683898305151284281344 292432501232604728635131804254208 249 0 
nomask 3.649449e+29 0 979330095152669456602452111392768 249 203 
nomask 7.5071167e+28 1434521808771153523534182393839616 0 0 203 
nomask -1.7149872e-37 74462644859862958983828958347264 294395704734180868251208709570560 249 0 
nomask 3.6263422e+29 0 979330156505654802044882727731200 249 203 
nomask 2.781419e+23 22572143770766329099587195764736 0 0 203 
nomask -7.429414e-28 76877363452378270248537973107720192 18400216617926691669917604773888 249 0 
nomask 3.6503217e+29 0 971304449786646786811098264764416 249 203 
nomask 2.0007096e+31 1434599171561128122498959366160384 0 0 203 
nomask -1.1836182e-26 18769491958412465189309286187008 4581791372385481600944216100306944 249 0 
nomask 9.026919e+31 0 242822093826121570223569196023808 249 203 
nomask 3.0151787e+29 1415102845419941931247168835813376 0 0 203 
nomask -1.2139891e-26 77507430095733730941094795835080704 4614461100846105549938248919285760 249 0 
nomask 5.7205874e+30 0 979314634200362405109936794107904 249 203 
nomask 4.6726816e+27 90278932955180593156751458566144 0 0 203 
nomask -1.175637e-29 1206160173013049348400464309256192 18326156355638964566678086866698240 249 0 
nomask 5.7614425e+30 0 60205880082123445761560492900352 249 203 
nomask 1.8921935e+28 5620181526802859927133991729102848 0 0 203 
nomask -7.492523e-28 1196315532221884817100596205060096 4614334959108235320300901727469568 249 0 
nomask 2.2726993e+31 0 979314511494391714225075561431040 249 203 
nomask 7.4761706e+28 22481357050432399861960762768490496 0 0 203 
nomask -1.1855362e-29 4804834613728583722448294315556864 292408911009739406020559822127104 249 0 
nomask 5.7216736e+30 0 3885091902820658299376768332595200 249 203 
nomask 3.0027993e+29 89296613812095128372770555991949312 0 0 203 
nomask -1.1855169e-29 4844290840705745530655208206499840 18327672019788938376484032891322368 249 0 
nomask 3.5861092e+32 0 61207156968399482139067222589440 249 203 
