nomask 0.99609375 74 85 263 358 
nomask 1.8767495e+28 7221732121552895241545430387916800 0 0 428 
nomask -7.5873084e-28 369190408724579108822513090560 39327500366994583177605368774656 320 0 
nomask 2.2727614e+31 0 2039394972995520523563538220843008 320 428 
nomask 7.4453434e+28 115235014643055787419952396369920 0 0 428 
nomask -4.742068e-29 24121814749038108349256863580160 616424347067627204742878901305344 320 0 
nomask 9.027913e+31 0 31998016143122817211135248302080 320 428 
nomask 3.0028482e+29 28688081272551268546075362475376640 0 0 428 
nomask -1.20034645e-29 1424063185983555665573969920 156233815854473117270926684061696 320 0 
nomask 1.4243025e+33 0 32789652957456423634234628898816 320 428 
nomask 3.0151313e+29 29203356115229808927331005235200 0 0 428 
nomask -3.01324e-30 372273098729099170173335633920 622690007171172906030908571648 320 0 
nomask 3.5862086e+32 0 129573244266081045427094839885824 320 428 
nomask 3.1253754e+32 116018023807161986590117839503360 0 0 428 
nomask -7.5331e-31 23825091462400070209757574594560 156225440114163372216347025997824 320 0 
nomask 3.611562e+32 0 127464287831988887659198659166208 320 428 
nomask 4.8440168e+30 7272636215968310078449282376007680 0 0 428 
nomask -7.5331005e-31 1482903166956618066283368284160 9795772247358557347900488876556288 320 0 
nomask 1.4345232e+33 0 33305873795771376294254799107391488 320 428 
nomask 4.82421e+30 1856388189830259169226549173944320 0 0 428 
nomask -2.9884442e-30 24417365377631120298456687575040 2490825211509254673836518932480 320 0 
nomask 2.2730098e+31 0 514087514620924622334800003334144 320 428 
nomask 1.9454985e+31 116804103642850006918387036323840 0 0 428 
nomask -2.9884442e-30 1507564781440108214482852904960 9830843283006337674140020899840 320 0 
nomask 9.028656e+31 0 2024646871835472550985222586368 320 428 
nomask 4.8242094e+30 1862057060605079696059997880320 0 0 428 
nomask -2.9761183e-30 96485723660361522817975577477120 2465698164400885011563445766586368 320 0 
nomask 3.611562e+32 0 2073205799283723803347801151111168 320 428 
nomask 7.4760516e+28 7323941867183968110579804767518720 0 0 428 
nomask -1.18058655e-29 25002998385282088717734429348331520 616540701946524744149742259273728 320 0 
nomask 2.2969862e+28 0 129579526071313354218029583433728 320 428 
nomask 1.9375747e+31 117167402191032233714358681600 0 0 428 
nomask -1.1756179e-29 382779909484039160084368059269120 155157468547139528374779776073728 320 0 
nomask 3.6253702e+29 0 1975136600557430374396040577024 320 428 
nomask 3.0151298e+29 29204129827754362290002817187840 0 0 428 
nomask -2.8648972e-30 24220073217341836372004044800000 39054290347537662808939659526144 320 0 
nomask 3.65071e+29 0 7650950980833701349965168640 320 428 
nomask 1.8101842e+25 29201022888397952693023822315520 0 0 428 
nomask -4.7026247e-29 384358331391160804520031430901760 2465896595067064917566923688902656 320 0 
nomask 5.761288e+30 0 124996253428750523408859529216 320 428 
nomask 1.206052e+30 1831134213028837411618607039774720 0 0 428 
nomask -1.2089011e-26 387527554605796947194107165409280 38372432194746584611896718805434368 320 0 
nomask 3.6248847e+29 0 1975136600557430374396040577024 320 428 
nomask 3.0151781e+29 7300253455363576395826253004800 0 0 428 
nomask -1.1706874e-29 5906950958895652459541084241920 620712920138810720835646370349056 320 0 
nomask 5.721983e+30 0 31733610352620831557177307037696 320 428 
nomask 7.240738e+25 29399084227739966427288871895040 0 0 428 
nomask -1.8968579e-28 366101650479128559977590947840 616457526641209438047893299658752 320 0 
nomask 9.091294e+31 0 7867429990299196574074497138688 320 428 
nomask 1.20607155e+30 29202564268817961345221572689920 0 0 428 
nomask -1.1855169e-29 23267447935626853604214702080 155149157484361132702860964790272 320 0 
nomask 3.585812e+32 0 7747587321046717108745928704 320 428 
nomask 1.20112e+30 457770980428685360761234815713280 0 0 428 
nomask -1.2102264e-29 23528770143597053934458875412480 2466162031655722784007038875729920 320 0 
nomask 5.656804e+33 0 509857054311658526562803366494208 320 428 
nomask 4.8439403e+30 464084474629040800163220349255680 0 0 428 
nomask -1.205296e-29 5956177662691722900391885537280 155169935141307121882657992998912 320 0 
nomask 3.5861092e+32 0 127994109999420193071190272638976 320 428 
nomask 7.781871e+31 460890492613618949883646632263680 0 0 428 
nomask -1.8909787e-31 1470571934701889533915556741120 9831357671497850733114567950336 320 0 
nomask 2.2731338e+31 0 7867430495592410241126535004160 320 428 
nomask 2.9904686e+29 29199466396405198857961388113920 0 0 428 
nomask -1.20034645e-29 1507589243298489479245059850240 38911811760985388299681661020274688 320 0 
nomask 3.5862082e+32 0 2098538824117712702713589798010880 320 428 
nomask 4.8242097e+30 1831331896578860795781254993674240 0 0 428 
nomask -7.5871856e-28 6149635814480479148623854588395520 2432186407017641277202938348961792 320 0 
nomask 2.2886068e+31 0 7999632380256975734001429905408 320 428 
nomask 1.2060522e+30 1843512452852904384323590564085760 0 0 428 
nomask -4.7419913e-29 5981129513819250216986203914240 155182401735474715390536209924096 320 0 
nomask 9.027912e+31 0 514079203558146226662881192050688 320 428 
nomask 1.1633538e+27 116024213507358413491492335124480 0 0 428 
nomask -4.7422212e-29 381195346233753873332497180262400 39322318079795213891905020493824 320 0 
nomask 1.4242232e+33 0 7933532448511120321668058185728 320 428 
nomask 4.7111423e+27 29095317122724685454756865627914240 0 0 428 
nomask -2.9591927e-27 25003004574982285144635803843952640 2421180524367778779811330039792795648 320 0 
nomask 3.624982e+29 0 33171292788539580853564818417778688 320 428 
nomask 7.5379434e+28 28486046363289796271761138154209280 0 0 428 
nomask -2.755826e-36 95694977371009790021092014817280 9832396554345150192104419360768 320 0 
nomask 9.188439e+28 0 8326598838846044429007966886166528 320 428 
nomask 1.817739e+25 29204900517964366616101692375040 0 0 428 
nomask -1.12623734e-29 1550060120537222958543428837703680 624901825134184838248048950771712 320 0 
nomask 2.3124605e+28 0 7999632885550189401053467770880 320 428 
nomask 1.2603081e+30 29399090272369064500434745425920 0 0 428 
nomask -1.1735404e-26 5906950958895652459541084241920 154114381660302359511973324914688 320 0 
nomask 5.7205874e+30 0 2056284216756784817790457990873088 320 428 
nomask 1.8767792e+28 455827596389450583769871066490470400 0 0 428 
nomask -2.9144408e-30 400048023682114990898961865538273280 2432385355104071978267703045521408 320 0 
nomask 2.2724527e+31 0 2131542543114148791838574762887479296 320 428 
nomask 1.1681704e+27 116036629175525855733116567552000 0 0 428 
nomask -1.1756562e-29 6200242029573940940899058974720000 2431987200221085178607530265280512 320 0 
nomask 2.2728857e+31 0 7900547412816148831688238039040 320 428 
nomask 7.2708427e+25 7323540310383724915353134364098560 0 0 428 
nomask -1.9047464e-28 5931613045615790894705090232320 9796300016014368310412998604750848 320 0 
nomask 9.027663e+31 0 2064794227621611190774033970888704 320 428 
nomask 1.2060523e+30 1831133439316312858255935227822080 0 0 428 
nomask -1.1904666e-29 99202275530532376913830323725271040 39064663006627820053172961935360 320 0 
nomask 1.4343644e+33 0 532894113191926224243766199924555776 320 428 
nomask 1.9376068e+31 7273631210274885702845232547102720 0 0 428 
nomask -3.025614e-30 96484170190683318019486080040960 9727685951396936823296439745511424 320 0 
nomask 5.656963e+33 0 1999875756298569242169934086144 320 428 
