nomask 0.99609375 68 76 257 364 
nomask 1.8613357e+28 7272438145562024417605298516131840 0 0 428 
nomask -1.9047158e-28 23924135732486547741468314828800 616540572591462045384420565712896 320 0 
nomask 5.7216724e+30 0 507729422240389234551587677929472 320 428 
nomask 2.9904684e+29 459397100504019900390986219520 0 0 428 
nomask -1.1854978e-29 5956370335244223981916604334080 39052200454805935881711047933952 320 0 
nomask 2.2887313e+31 0 122413218206103944034355511296 320 428 
nomask 2.9904686e+29 1818159247420208657952988546990080 0 0 428 
nomask -1.20525764e-29 87498689042950006652272640 39588284215741003402555890335744 320 0 
nomask 9.0286555e+31 0 497907121697099758892725829632 320 428 
nomask 2.9904692e+29 29201805667866153165414444564480 0 0 428 
nomask -7.5024056e-31 1495257822149101632091439759360 622690007171172906030908571648 320 0 
nomask 5.6566463e+33 0 518292977064324181708379359543296 320 428 
nomask 7.813438e+31 1843661585942012044978582317957120 0 0 428 
nomask -1.883305e-31 382773695605326340890410069524480 2465897112487315712628210463145984 320 0 
nomask 9.02841e+31 0 31733614394966540893593609961472 320 428 
nomask 1.2109846e+30 460815829354999550385816778833920 0 0 428 
nomask -7.4405355e-31 91138556357505458658491760640 9863324565621357369256586988486656 320 0 
nomask 1.4243424e+33 0 8292823197134895213391204604444672 320 428 
nomask 7.5378277e+28 29600267618011134941397600174080 0 0 428 
nomask -7.4402957e-31 372266983264503853982783897600 9858633778141508452407574528 320 0 
nomask 5.722294e+30 0 128521878655231155583700000833536 320 428 
nomask 1.9454982e+31 116807210582206416515366031196160 0 0 428 
nomask -2.9761185e-30 6054920456901934033952183418880 2490760533977905291175672152064 320 0 
nomask 5.721984e+30 0 32394349949367560815763561381888 320 428 
nomask 3.0027993e+29 460890637684717303639147597004800 0 0 428 
nomask -1.1756178e-29 5956275510125247959440713318400 9727686986237438413419013293998080 320 0 
nomask 5.722138e+30 0 1991628739435005869096922251264 320 428 
nomask 4.653264e+27 7373854062142905536538393832325120 0 0 428 
nomask -7.397491e-28 1556373904879775105456416300728320 2449208239718171805884594018844672 320 0 
nomask 2.3337013e+25 0 32130995168750002630044380299264 320 428 
nomask 1.2011189e+30 29486037209012710033305108480 0 0 428 
nomask -1.8413921e-28 1543771578565784365087609239633920 9726620065680298997045684804255744 320 0 
nomask 9.125079e+28 0 31998531542200757604213871083520 320 428 
nomask 4.6533382e+27 1862347958380424466205161553920 0 0 428 
nomask -4.484844e-29 6055017926546140463429394104320 156213022028144290745464444157952 320 0 
nomask 3.6616706e+26 0 31120217535305764356403232768 320 428 
nomask 1.8102131e+25 7323742249352633343010477283737600 0 0 428 
nomask -7.5240767e-28 5720334968322450481930567680 2497060865312180796760522752 320 0 
nomask 3.625466e+29 0 31378410524679932626220351488 320 428 
nomask 3.002847e+29 1831134213028837411618607039774720 0 0 428 
nomask -4.815252e-26 23924138754801096778041251594240 9727946731203337534184973964148736 320 0 
nomask 3.6495464e+29 0 121382412155016694329421856768 320 428 
nomask 7.5071177e+28 28888513049461866252933592430673920 0 0 428 
nomask -4.6628747e-29 1537433615706839925591127653089280 9796300016014368310412998604750848 320 0 
nomask 9.126047e+28 0 127994142338185867762520696029184 320 428 
nomask 1.7951316e+25 116807186403690024222782537072640 0 0 428 
nomask -7.587309e-28 6005696397631094000102701793280 38639454159052887119794581914255360 320 0 
nomask 1.4501863e+30 0 514087546959690297026130426724352 320 428 
nomask 2.990468e+29 118190306892890159185920000 0 0 428 
nomask -1.8809578e-28 23363776833179764882753454080 2473293810814469469856757448704 320 0 
nomask 9.091046e+31 0 118541451763202702341832704 320 428 
nomask 1.1961876e+30 115231907703699377822973401497600 0 0 428 
nomask -4.801309e-29 5857529693600487789307478671360 156246153093578012013483207426048 320 0 
nomask 9.0286555e+31 0 31734125751698771950255929819136 320 428 
nomask 1.20112e+30 464071998514582377190137381519360 0 0 428 
nomask -1.2003657e-29 95300420251262163497343160156160 38641577651762150051315503408873472 320 0 
nomask 5.6564866e+33 0 31866587357075162307878287572992 320 428 
nomask 7.781871e+31 29092927898448864670826310318161920 0 0 428 
nomask -1.8910087e-31 1531119928078353347848474166558720 2466096319283871811223618546827264 320 0 
nomask 2.2889178e+31 0 487591308093480058013683286016 320 428 
nomask 7.476171e+28 7297924762003543716378475233280 0 0 428 
nomask -1.2003656e-29 22977686479717023967430574080 155630242544819424304598095348367360 320 0 
nomask 1.4243025e+33 0 2081650097776699203547956802224128 320 428 
nomask 1.2060525e+30 460964720658943288114973591470080 0 0 428 
nomask -3.0222034e-27 95298854692325762552561915658240 154126864423852790365516753534976 320 0 
nomask 5.7213623e+30 0 127994126168803030416855484334080 320 428 
nomask 3.0027993e+29 1831034210685038889493275344896000 0 0 428 
nomask -7.587186e-28 95301937453165779856957416407040 9831617392209675597862030802944 320 0 
nomask 2.3122784e+28 0 514087514620924622334800003334144 320 428 
nomask 2.769613e+23 7274027351087457024533200266854400 0 0 428 
nomask -3.0096798e-27 94508120492232225901970100060160 154131003785859150855810947481600 320 0 
nomask 9.090796e+31 0 31601660103976672256217269141504 320 428 
nomask 1.1219575e+24 29496997716971809219454758960496640 0 0 428 
nomask -2.9134385e-24 1550060604107550804395098720174080 153494017158024927915531660150439936 320 0 
nomask 9.211782e+25 0 33035652104634157127359524077830144 320 428 
nomask 2.884251e+26 7222924412553231973422692606935040 0 0 428 
nomask -1.7750933e-31 1524781481649081062500322697543680 38797666072526149756364846530560 320 0 
nomask 2.3184733e+25 0 32900547468108557084647327853969408 320 428 
nomask 6.924029e+22 465647435886086848010025697280 0 0 428 
nomask -2.8830692e-27 24800963476020616443420205027164160 156217129051384976544428214714368 320 0 
nomask 1.4741882e+27 0 31866599484112290317127196344320 320 428 
nomask 7.4213636e+25 115235026732313983566244143431680 0 0 428 
nomask -1.1964752e-23 94904267349432645663083693342720 153058860518063271832619080220672 320 0 
nomask 5.720121e+30 0 7933659277107750751729562419200 320 428 
nomask 4.653414e+27 455815018918651444306278091388354560 0 0 428 
nomask -4.7952146e-26 6426527039110477475821802857745612800 2432385613814197375798346432643072 320 0 
nomask 3.649353e+29 0 530723895364335495508403844036952064 320 428 
nomask 4.4690866e+24 1850016348336377304265732915200 0 0 428 
nomask -7.4923995e-28 6124381450822795114334576548249600 2431853705796380052795542510501888 320 0 
nomask 3.6502246e+29 0 31602193693610304663169255079936 320 428 
nomask 1.8026579e+25 7272835060087120292655938047836160 0 0 428 
nomask -1.9342417e-25 23825493430235092073958164398080 153493950928232826147686953047293952 320 0 
nomask 5.720896e+30 0 33035654174315160307604671174803456 320 428 
nomask 1.8536288e+28 1818457126742161702581636148756480 0 0 428 
nomask -1.8809886e-28 6174886696431802692781109474754560 2490954313925346605632193560576 320 0 
nomask 9.091046e+31 0 511960011904718029088906008330240 320 428 
nomask 2.990469e+29 7273829280681171363689216406978560 0 0 428 
nomask -4.8211073e-29 1543746916479064226652445233643520 9727950870565343894675268158095360 320 0 
nomask 9.028655e+31 0 32129956285902703171054528888832 320 428 
