nomask 0.99609375 69 73 251 356 
nomask 7.537825e+28 113912395152950336521585143106764800 0 0 428 
nomask -4.7420677e-29 91526917874098554693809602560 156254496495122082376732442099712 320 0 
nomask 2.2728855e+31 0 503498961931123138779591041089536 320 428 
nomask 7.476171e+28 29098416513661614173580165120 0 0 428 
nomask -4.7420677e-29 5956467427099111781822197923840 156217112882002139198763003019264 320 0 
nomask 2.2728236e+31 0 489669042207253121802633740288 320 428 
nomask 1.20111986e+30 114430305260487505656100977377280 0 0 428 
nomask -1.20032726e-29 21875042636770856612659200 2490629915682172358223883927552 320 0 
nomask 3.5862086e+32 0 7966513441860382475231575408640 320 428 
nomask 1.2060525e+30 29203347048286161817612194938880 0 0 428 
nomask -4.8012323e-29 370731789144587761020263464960 9897069032762396182430821122048 320 0 
nomask 2.2729474e+31 0 516181934779846006349670870155264 320 428 
nomask 1.9296838e+31 29401411409942724588450181283840 0 0 428 
nomask -1.2003081e-29 94509637694135842261584356311040 9897069032762396182430821122048 320 0 
nomask 2.2730095e+31 0 7867431506178837575230610735104 320 428 
nomask 2.9904688e+29 116797841407104403139262058332160 0 0 428 
nomask -4.801309e-29 91141578672054495231428526080 156233767346324605233931048976384 320 0 
nomask 2.2729474e+31 0 511959850210889655632253891379200 320 428 
nomask 4.8242094e+30 1874581154306968624738336768000 0 0 428 
nomask -1.8967657e-28 370731576638096031886228848640 632302228101434263335862272 320 0 
nomask 9.126046e+28 0 7900546907522935164636200173568 320 428 
nomask 1.201139e+30 116807198492948220369074284134400 0 0 428 
nomask -4.7221163e-29 5956272865600017552439393648640 626845664883674158753323679744 320 0 
nomask 2.2728855e+31 0 1983382606834566413364976680960 320 428 
nomask 7.4452226e+28 468645288576742156184584192000 0 0 428 
nomask -4.7023945e-29 1464382423400121947326869667840 39057394869042433176660304986112 320 0 
nomask 1.4403991e+30 0 7933658266521323417625486688256 320 428 
nomask 1.1585181e+27 116804079464333614625803542200320 0 0 428 
nomask -2.971618e-27 1537408470049791941304293764628480 9831877112921500462609493655552 320 0 
nomask 9.274122e+25 0 497923606888195646465461190656 320 428 
nomask 3.0028457e+29 29735730630470615705845760 0 0 428 
nomask -1.1459205e-29 23726447648991340023960955781120 620613187385469972772620634947584 320 0 
nomask 3.650129e+29 0 514087482282158947643469579943936 320 428 
nomask 2.8842995e+26 472796737553902527630540800 0 0 428 
nomask -1.801857e-28 23924128176700175150035972915200 618436891030085620646690160640 320 0 
nomask 3.6857543e+26 0 7554440470473698382463369216 320 428 
nomask 4.7112146e+27 116810269164530041527178037821440 0 0 428 
nomask -4.7747837e-26 5931707115156129658037747056640 157750267487392144487429963776 320 0 
nomask 1.4402051e+30 0 31999038856587279324459888017408 320 428 
nomask 7.4453425e+28 116036629175525855733116567552000 0 0 428 
nomask -7.7692786e-25 5981034688700274194510312898560 38369236607277674313389601078640640 320 0 
nomask 9.185762e+28 0 1804961825734588899524608 320 428 
nomask 4.6341468e+27 29393653128495347705721504399360 0 0 428 
nomask -1.8571999e-28 1476737456381924142706558238720 2474202075366035995894820634624 320 0 
nomask 2.31246e+28 0 7554439977023294410732863488 320 428 
nomask 1.153701e+27 117149162050492149709720780800 0 0 428 
nomask -3.0348251e-27 90754722409777813895522549760 155161591739763051519408758325248 320 0 
nomask 1.4402826e+30 0 31734641150776712343334552600576 320 428 
nomask 2.9781374e+29 117167378579199819366132613120 0 0 428 
nomask -1.904685e-28 95698066176478905398633389096960 39318158506060306719529311928320 320 0 
nomask 2.2887309e+31 0 489660957515834448970027892736 320 428 
nomask 1.1961875e+30 114755481837305251904002442668277760 0 0 428 
nomask -1.2003081e-29 1411997631853544090600734720 2499806248623170054056960499646464 320 0 
nomask 3.5862082e+32 0 7650947033230469576121122816 320 428 
nomask 4.82421e+30 7449194627497373228436522270720 0 0 428 
nomask -1.9284122e-28 22688673223746823990059991040 39433508735725772610178383872 320 0 
nomask 2.2729471e+31 0 30475958818872193573514641408 320 428 
nomask 1.9296838e+31 7349577628803853266154264985600 0 0 428 
nomask -1.20032726e-29 95301931408536681783811542876160 9897068022175968848326745391104 320 0 
nomask 1.4404765e+30 0 31734129794044481286672232742912 320 428 
nomask 1.8536592e+28 116017975450129202004950851256320 0 0 428 
nomask -1.9205236e-28 382780006198104729254702035763200 9796034062005459648911596643680256 320 0 
nomask 2.2887928e+31 0 133766057918707200081840373789360128 320 428 
nomask 1.19618744e+30 7375239007561856055720937227550720 0 0 428 
nomask -4.815252e-26 1476737550829253800099462512640 38794557508675670052227898146816 320 0 
nomask 9.124834e+28 0 127466341343609230558680544444416 320 428 
nomask 1.8613657e+28 468669514316799277464530452480 0 0 428 
nomask -7.5553856e-28 5931804584800336087514957742080 39433504788122540836334338048 320 0 
nomask 5.780696e+27 0 7867560355948322673500266430464 320 428 
nomask 6.8947476e+22 7350353608064318406255779512320 0 0 428 
nomask -1.2038523e-26 1531095169277567640242976184074240 2465829847854712354660929811513344 320 0 
nomask 2.2884826e+31 0 511959947227186679706245161549824 320 428 
nomask 2.8049397e+23 28892486836987972323616018619432960 0 0 428 
nomask -1.1601855e-23 24699164571740081409964562794414080 153502478013965928757692992577339392 320 0 
nomask 2.3179978e+25 0 132140513901361410101349234174328832 320 428 
nomask 2.8842979e+26 28283219172403181354070978393538560 0 0 428 
nomask -2.7494624e-33 381201535933950300233871675883520 2458098380646467047448048041984 320 0 
nomask 1.4680093e+24 0 507737797980698979606167335993344 320 428 
nomask 2.6702458e+20 466751923988388644661493760 0 0 428 
nomask -4.5724427e-26 381201584290983084819038664130560 39054270135809116126858144907264 320 0 
nomask 9.273649e+25 0 485529743362544339889944526848 320 428 
nomask 4.826817e+27 116011761571416382810992861511680 0 0 428 
nomask -1.8894162e-22 94904279438690841809375440404480 2432119918515414111827587858694144 320 0 
nomask 5.719964e+30 0 33170762950202766710807161592610816 320 428 
nomask 1.1537011e+27 449324548810279766940192979046891520 0 0 428 
nomask -3.094837e-24 1593651215701688585544968457473228800 9594167725360274438489493351694336 320 0 
nomask 2.2962587e+28 0 8491311048600919087042541210105282560 320 428 
nomask 7.150539e+25 1837879110896765056923300003840 0 0 428 
nomask -2.9968125e-27 6073675813669928214956044326010880 151986684911501718118096789569536 320 0 
nomask 2.2968644e+28 0 485529774943370194080696893440 320 428 
nomask 2.8721634e+26 457708793284524384236487930019840 0 0 428 
nomask -4.8354468e-26 1464406790811173554696172339200 612268621645835320635490719236096 320 0 
nomask 5.7609746e+30 0 2047839400843558622529015565516800 320 428 
nomask 7.4145163e+28 1818506837771864256133300066713600 0 0 428 
nomask -7.6187405e-28 401664228679804411970659166160158720 616557194717018836728258188279808 320 0 
nomask 2.272823e+31 0 132680973841083873877100961009238016 320 428 
nomask 1.1961875e+30 28892493026688168750517393115054080 0 0 428 
nomask -4.8012323e-29 1550085072766139804489594773176320 9728216824574252556176670119165952 320 0 
nomask 9.028655e+31 0 129047601884113193869560449597440 320 428 
