nomask 0.99609375 64 87 248 360 
nomask 1.2159171e+30 7221930191959180902389414247792640 0 0 428 
nomask -2.9885402e-30 369190361500914280126060953600 622754747864173997073260085248 320 0 
nomask 3.5861096e+32 0 7768214151916029905283498115072 320 428 
nomask 4.8242094e+30 1854823990427750893994639360 0 0 428 
nomask -7.5021653e-31 1476761634898316435290052362240 39050122689111336963731345113088 320 0 
nomask 3.58611e+32 0 30217258562482742364737634304 320 428 
nomask 1.9375759e+31 113644225424799485327831780556800 0 0 428 
nomask -7.5331e-31 90367866147501132559616573440 39061538273394503003370801856512 320 0 
nomask 1.424382e+33 0 514079106541849202588889921880064 320 428 
nomask 1.9454679e+31 29201019866083403656450885550080 0 0 428 
nomask -1.2102072e-29 91910757724784303043835330560 616457720673803486195875840000000 320 0 
nomask 9.028903e+31 0 522523437373590277480375996383232 320 428 
nomask 7.7503035e+31 29201025910712501729596759080960 0 0 428 
nomask -7.53274e-31 23627407912376686047109620695040 39320244356446324310341620596736 320 0 
nomask 2.2731954e+31 0 487591308093480058013683286016 320 428 
nomask 4.80448e+30 463984955855570123889558536847360 0 0 428 
nomask -1.20525764e-29 5648085712613596703689277440 620696362690785278874469594562560 320 0 
nomask 2.2730714e+31 0 133225589700260723585108058566557696 320 428 
nomask 4.8242094e+30 29204891451020719506382882078720 0 0 428 
nomask -2.988396e-30 382773647248293556305243081277440 39437566871848036121857490944 320 0 
nomask 3.625951e+29 0 31734647214295276347959006986240 320 428 
nomask 1.9376062e+31 1843562357310738076215922435031040 0 0 428 
nomask -4.7617125e-29 6055017926546140463429394104320 2474397623839725145033474572288 320 0 
nomask 9.028407e+31 0 130105176537972624448396579569664 320 428 
nomask 1.9454675e+31 116810317521562826112345026068480 0 0 428 
nomask -7.4094813e-31 95694995504897084240529635409920 616474278121828928157052615786496 320 0 
nomask 2.2731338e+31 0 128521854401156899565202183290880 320 428 
nomask 1.861336e+28 1856288187486460647101217479065600 0 0 428 
nomask -7.285862e-31 401664179162202840555448170195189760 39064671091319238726005567782912 320 0 
nomask 5.82014e+27 0 511968322967496424760824819613696 320 428 
nomask 7.813433e+31 29486031306054606446248591360 0 0 428 
nomask -2.9969109e-27 23825487385605994000812290867200 2448742302782330853195853812727808 320 0 
nomask 1.4401279e+30 0 127464263577914631640700841623552 320 428 
nomask 1.2109844e+30 1849968180198252033884553216000 0 0 428 
nomask -7.1621225e-31 24121426381618557149634489221120 156221316921539849071718043746304 320 0 
nomask 9.188672e+28 0 497907279601229029846487662592 320 428 
nomask 2.9083365e+26 460965010801139995625975520952320 0 0 428 
nomask -1.1607883e-29 1537432938708380941398789817630720 622722345936847597361331961856 320 0 
nomask 3.6257574e+29 0 1991693795936265502046797430784 320 428 
nomask 1.2110037e+30 460977486915598418599058488688640 0 0 428 
nomask -1.942351e-25 385949181055708087343610782023680 153489728778986338447586875221737472 320 0 
nomask 5.720586e+30 0 1958611743944269938075707113472 320 428 
nomask 3.0151787e+29 1830785462108394983394287802122240 0 0 428 
nomask -1.1756178e-29 382779957841071944669535047516160 156242046070337326214519436869632 320 0 
nomask 1.4503028e+30 0 7867561366534750007604342161408 320 428 
nomask 1.8767494e+28 29400634675103622189205432565760 0 0 428 
nomask -1.1904473e-29 95300396072745771204759666032640 156229595645552570052306431639552 320 0 
nomask 2.2729476e+31 0 126936535345560762492354142666752 320 428 
nomask 1.20111986e+30 116393654248730249520207626240 0 0 428 
nomask -1.19539696e-29 5956371090822861241059838525440 38787277244053155166466332426240 320 0 
nomask 9.09179e+31 0 30474956127651323017127002112 320 428 
nomask 1.9296839e+31 455789517353842165472615169429340160 0 0 428 
nomask -3.0008182e-30 94905814774481752388427317248000 9797362797209501366296032900546560 320 0 
nomask 3.5863077e+32 0 8225133245085383705732824543789056 320 428 
nomask 1.937576e+31 116017975450129202004950851256320 0 0 428 
nomask -1.9363315e-28 1458216807272757681142963896320 39058433751889732635650156396544 320 0 
nomask 9.028406e+31 0 127466325174226393213015332749312 320 428 
nomask 1.929684e+31 1849870710554045604407342530560 0 0 428 
nomask -7.5020454e-31 23627803835582609838164336967680 616391038138982272672542809391104 320 0 
nomask 5.7226027e+30 0 121384441223077826085261410304 320 428 
nomask 7.445465e+28 7250539403346473807589398282240 0 0 428 
nomask -4.8211073e-29 5882191780320626224471484661760 2466029054651268453256337895194624 320 0 
nomask 5.722137e+30 0 133763930286635930789829158100795392 320 428 
nomask 4.8044794e+30 1843909173949869121033562142801920 0 0 428 
nomask -7.587063e-28 379616948505148621189417302753280 2474332188368555261794570993664 320 0 
nomask 9.125803e+28 0 509857151327955550636794636664832 320 428 
nomask 2.990468e+29 116024201418100217345200588062720 0 0 428 
nomask -1.8967657e-28 23825484363291444964239354101760 2457774487696506467091776274432 320 0 
nomask 5.721672e+30 0 509857086650424201254133789884416 320 428 
nomask 1.15851795e+27 460890395899553380713312655769600 0 0 428 
nomask -4.7223462e-29 5882288116596876765233844060160 9831358682084278067218643681280 320 0 
nomask 5.721828e+30 0 507729454579154909242918101319680 320 428 
nomask 1.8844566e+28 1831232281091324550337259204771840 0 0 428 
nomask -2.9211311e-27 99200715726082877334683950828748800 9661458228976172158834483696500736 320 0 
nomask 1.4547321e+27 0 8225136867027139271161831963492352 320 428 
nomask 3.015177e+29 460915299771437442074311602995200 0 0 428 
nomask -6.8010597e-37 381201560112466692526455170007040 156246201601726524050478842511360 320 0 
nomask 3.6261484e+29 0 8225268809191092011789959395540992 320 428 
nomask 1.8102131e+25 7350741219905232346734919680000 0 0 428 
nomask -4.5246706e-29 1531119637936156640337472237076480 39323352920296804014478568980480 320 0 
nomask 5.781151e+27 0 31866591399420871644294590496768 320 428 
nomask 3.2390158e+32 116018011717903790443826092441600 0 0 428 
nomask -1.17853015e-26 23627806857897158874737273733120 2432053171303061548921593981304832 320 0 
nomask 2.2567296e+31 0 126404603073669183471052402982912 320 428 
nomask 3.0151787e+29 28691253493901937333029791481200640 0 0 428 
nomask -7.6189856e-28 24800573524908241548633611803033600 9729542455256789503193385730572288 320 0 
nomask 5.720898e+30 0 8259047038003495202713155548479488 320 428 
nomask 4.6340724e+27 29402197211725474097413740298240 0 0 428 
nomask -4.7221927e-29 1537433615706839925591127653089280 612202262498670854025461922529280 320 0 
nomask 3.6257567e+29 0 31734647214295276347959006986240 320 428 
nomask 7.4761706e+28 7323739154502535129559790035927040 0 0 428 
nomask -7.618863e-28 23825490407920543037385227632640 9728745628070565108811753395847168 320 0 
nomask 9.02791e+31 0 8259044968322492022468008451506176 320 428 
nomask 1.1961876e+30 7273828506968646810326544595025920 0 0 428 
nomask -1.2003465e-29 98798205712009432365201875082936320 9831876102335073128505417924608 320 0 
nomask 9.0286555e+31 0 32900021769133749302379965222748160 320 428 
nomask 4.8044804e+30 28135053751156206549986181120 0 0 428 
nomask -1.20525764e-29 1493090603499637604144241023385600 37112183816932872000536313856 320 0 
nomask 3.5862082e+32 0 490774724817399365071890966118400 320 428 
