nomask 0.99609375 45 111 245 364 
nomask 4.7845947e+30 7272636215968310078449282376007680 0 0 428 
nomask -1.920462e-28 369184340483648621328413491200 9831616381623248263757955072000 320 0 
nomask 1.420553e+30 0 32629266100297709632236739174072320 320 428 
nomask 2.9781378e+29 1825257358656010383981941882880 0 0 428 
nomask -1.1903897e-29 5956468182677749040965432115200 612168888892494572572464983834624 320 0 
nomask 2.2571634e+31 0 30216755243070691199621791744 320 428 
nomask 1.1961683e+30 452544232782054755374361617293639680 0 0 428 
nomask -1.21018795e-29 95300408162003967351051413094400 38918178099751170733754131310182400 320 0 
nomask 9.028903e+31 0 134306451628637562089747393521123328 320 428 
nomask 4.804403e+30 460878064856193311495730652774400 0 0 428 
nomask -4.7617893e-29 357526976828837294998814720 39323365047333932023727477751808 320 0 
nomask 2.2728855e+31 0 1983349510129071221456496492544 320 428 
nomask 1.9376066e+31 117932000548273657970908200960 0 0 428 
nomask -1.20032726e-29 379610734626435801995459313008640 39055325188039252931513208012800 320 0 
nomask 5.721828e+30 0 31468691184213760178348894453760 320 428 
nomask 2.9904684e+29 1843412450509105862198258869207040 0 0 428 
nomask -1.1904473e-29 22591965061135757243140014080 39322326164486632564737626341376 320 0 
nomask 2.2730095e+31 0 511959882549655330323584314769408 320 428 
nomask 3.0151307e+29 1843909560806131397714898048778240 0 0 428 
nomask -1.20032726e-29 6225494458950313591781657484984320 39324395845489812809884723314688 320 0 
nomask 5.722138e+30 0 1991661709817197644242392973312 320 428 
nomask 1.9296836e+31 7398710640848903573244026552320 0 0 428 
nomask -7.502046e-31 22345421640283523351838720 9986216366989207318124560384 320 0 
nomask 2.2889794e+31 0 114288500132408348114944 320 428 
nomask 4.824209e+30 7398514190403216196003136798720 0 0 428 
nomask -2.9636966e-30 5906853867040764659635490652160 155182369396709040699205786533888 320 0 
nomask 2.2730714e+31 0 31998521436336484263173113774080 320 428 
nomask 1.1961682e+30 467216414571400027673548145295360 0 0 428 
nomask -1.86515e-28 384352117512447985326073441157120 9765647320819732617902390509568 320 0 
nomask 9.126047e+28 0 2064795003751987383365964132253696 320 428 
nomask 1.9296832e+31 116024201418100217345200588062720 0 0 428 
nomask -7.769153e-25 23825100529343717319476384890880 2466029830781644645848268056559616 320 0 
nomask 3.6249803e+29 0 31998521436336484263173113774080 320 428 
nomask 3.0028473e+29 472678401690669680856924160 0 0 428 
nomask -1.16571875e-29 1384852291744807602094080 39682093258833803343587966976 320 0 
nomask 1.4503803e+30 0 7683412122208577669553979392 320 428 
nomask 1.7876055e+25 116819602071857466464406769500160 0 0 428 
nomask -1.8809578e-28 24022778034738003408978465259520 2474202328012642829420839567360 320 0 
nomask 1.4403603e+30 0 7966775183745062008187189723136 320 428 
nomask 4.824286e+30 29204900517964366616101692375040 0 0 428 
nomask -4.855799e-26 1537458374507625633196625635573760 9660393378100035922706302303731712 320 0 
nomask 1.4401276e+30 0 122415239378958612242506973184 320 428 
nomask 1.8613661e+28 116024213507358413491492335124480 0 0 428 
nomask -4.7419143e-29 384364472734324446836238938275840 9830837219487773669515566514176 320 0 
nomask 3.6257567e+29 0 30346617572784739460275240960 320 428 
nomask 4.6148048e+27 7466136672132729817823969280 0 0 428 
nomask -3.0601669e-27 91141572769096391644372008960 620629809511026764116458257514496 320 0 
nomask 2.272761e+31 0 127994109999420193071190272638976 320 428 
nomask 2.9905172e+29 7399677781504595276583791493120 0 0 428 
nomask -4.7617125e-29 5931709381892041435467449630720 2448676072990229085351146709581824 320 0 
nomask 9.028407e+31 0 1966890088987080668375066607616 320 428 
nomask 1.1961876e+30 28689665835801553832827233354383360 0 0 428 
nomask -1.20032726e-29 23726453693620438097106829312000 2449340699302375341574008225136640 320 0 
nomask 3.5862082e+32 0 511968161273668051304172702662656 320 428 
nomask 1.9375759e+31 29400634675103622189205432565760 0 0 428 
nomask -3.0008661e-30 5907047672961221629875060736000 616457461963678088665232452878336 320 0 
nomask 1.4243422e+33 0 487599203299943605701774934016 320 428 
nomask 7.7818715e+31 1843561583598213522853250623078400 0 0 428 
nomask -3.025566e-30 382786099184235586985742554890240 9897587463599618577821671096320 320 0 
nomask 9.028904e+31 0 31866589378248016976086439034880 320 428 
nomask 4.8439388e+30 1843511872568510969301586705121280 0 0 428 
nomask -7.471351e-31 5857432601745599989401885081600 39059476677082741431056310730752 320 0 
nomask 9.028905e+31 0 32900015560090739761644523931828224 320 428 
nomask 1.2109848e+30 29098495533775550668612669129359360 0 0 428 
nomask -1.1855169e-29 384358355569677196812614925025280 616507457695411161462067014139904 320 0 
nomask 1.4403993e+30 0 127466349428300649231513150291968 320 428 
nomask 1.9375752e+31 116014892689289184700555350507520 0 0 428 
nomask -7.65054e-28 1476761540450986777897148088320 622722345936847597361331961856 320 0 
nomask 2.2726993e+31 0 127994101914728774398357666791424 320 428 
nomask 1.8690425e+28 116027320446714823088471329996800 0 0 428 
nomask -2.852475e-30 1543771675279849934257943216128000 620712855461279371452985523568640 320 0 
nomask 2.2971073e+28 0 128519833228302231357050721402880 320 428 
nomask 1.8998699e+28 29005276642000500973628335063040 0 0 428 
nomask -7.207796e-28 24699161476889983196513875546603520 153075466474237225830791491092480 320 0 
nomask 5.871737e+24 0 133768193829502482094832177865818112 320 428 
nomask 1.2110028e+30 28891697650212927893690770427740160 0 0 428 
nomask -1.8256149e-28 381201511755433907941288181760000 9831617392209675597862030802944 320 0 
nomask 9.124113e+28 0 511976439997680772284761090555904 320 428 
nomask 2.9083356e+26 1862347391696446521847735910400 0 0 428 
nomask -4.5048726e-29 1543746819764998657482111257149440 616407724942070413399041278738432 320 0 
nomask 2.3124605e+28 0 1991662215110411311294430838784 320 428 
nomask 1.1922353e+27 1830935175481896059071283414958080 0 0 428 
nomask -2.9716671e-27 5981034688700274194510312898560 9727684916556435233173866197024768 320 0 
nomask 5.7213623e+30 0 7966645828682363242865496162304 320 428 
nomask 3.0028474e+29 7223520171197138062679987810467840 0 0 428 
nomask -7.555631e-28 1606657409895233362034746624290324480 2421452331434564435046007991103913984 320 0 
nomask 1.4400892e+30 0 2148904285734874621721473609988308992 320 428 
nomask 1.861366e+28 116825803861312089512073012183040 0 0 428 
nomask -4.7023178e-29 382780030376621121547285529886720 9795502153987642325908792721539072 320 0 
nomask 9.126289e+28 0 7933661298280605419937713881088 320 428 
nomask 4.6340718e+27 115557246083148821292843609463193600 0 0 428 
nomask -3.0728378e-27 23924138754801096778041251594240 154579092956924241399290484542668800 320 0 
nomask 2.2727612e+31 0 133225589700260723585108058566557696 320 428 
nomask 2.9904688e+29 114758688102007001038914431400017920 0 0 428 
nomask -4.7419913e-29 6225495232662838145144329296936960 2466096577993997208754261933948928 320 0 
nomask 3.6113628e+32 0 8258915095839542462085028116430848 320 428 
nomask 1.20112e+30 1805879655943022238988661046640640 0 0 428 
nomask -1.20032726e-29 6099028051961968249623306578165760 153075450304854388485126279397376 320 0 
nomask 3.5862082e+32 0 505610230586961036977612494209024 320 428 
