nomask 0.99609375 57 51 185 221 
nomask 2.9904203e+29 1359480590979046798231834237861888 0 0 297 
nomask -1.9204928e-28 1089111984357130860335481225216 6750838248934441441863501682311168 236 0 
nomask 5.682367e+30 0 87716768705212591897310008442880 236 297 
nomask 4.784673e+30 5421028439194149350856252719104 0 0 297 
nomask -2.9884442e-30 70576204868749275666276610473984 6749914051741714089381280654295040 236 0 
nomask 2.2572255e+31 0 1364874752213046900200954658816 236 297 
nomask 1.1912359e+30 335259630474259890028191787515904 0 0 297 
nomask -1.21018795e-29 67215795438718631601453924352 108423181952599947764000505200640 236 0 
nomask 8.965521e+31 0 22112661610997219751146620452864 236 297 
nomask 1.9217613e+31 85560983358350773716659570999296 0 0 297 
nomask -1.2003081e-29 67499987453657726850414149632 1711009995304101881700332492292096 236 0 
nomask 9.028903e+31 0 345521558014594856888693686272 236 297 
nomask 7.7503035e+31 21456623197708475259063919936798720 0 0 297 
nomask -1.21018795e-29 281136186246255864369821341712384 430774451301779068780410738573312 236 0 
nomask 5.7222926e+30 0 355267670811930425242966271459328 236 297 
nomask 1.2011392e+30 1350204420958188014779529869393920 0 0 297 
nomask -1.20032726e-29 269999967228357312983473324032 1711286464549789551246296047681536 236 0 
nomask 3.6115612e+32 0 92822166577408578141540326999851008 236 297 
nomask 4.8044804e+30 342280559654497049479429769658368 0 0 297 
nomask -1.1904473e-29 17644043415837889215915259592704 108745973243819832349191831552 236 0 
nomask 2.2730098e+31 0 88084448117223113137232076079104 236 297 
nomask 1.9375755e+31 86142990773290201470749785456640 0 0 297 
nomask -2.9884442e-30 1089111427117885881717346009088 27366021534509225465610240000 236 0 
nomask 9.028409e+31 0 356732576322421121695154171805696 236 297 
nomask 1.9454674e+31 342289760788910136422078458363904 0 0 297 
nomask -7.378546e-31 70576204868749275666276610473984 1699428806317535932083378623348736 236 0 
nomask 3.5863084e+32 0 88816900872468461363326026252288 236 297 
nomask 1.8844569e+28 1359809977325710639326033031987200 0 0 297 
nomask -7.47159e-31 73758854366389951446996093958619136 1699659317039265131886636548751360 236 0 
nomask 9.1881885e+28 0 1432813175881852826619369769402368 236 297 
nomask 7.813433e+31 21745390848970293635973120000 0 0 297 
nomask -2.7911365e-36 17498256255609603224907475320832 430682220084264756943242701832192 236 0 
nomask 9.093288e+31 0 22020752978337352739443131285504 236 297 
nomask 1.22086865e+30 5471870625752059966249762816 0 0 297 
nomask -4.4378832e-32 4338187207370574125050892386304 6866923404637929685920912506880 236 0 
nomask 3.6509042e+29 0 5482388508089316085940411695104 236 297 
nomask 3.2137626e+32 1359700134325740454119219228835840 0 0 297 
nomask -1.1707259e-29 70284028729908126776675008512000 1717091304670753378629744328704 236 0 
nomask 2.272886e+31 0 353802720420068675597670260146176 236 297 
nomask 1.9454669e+31 1350571039802244347223051264327680 0 0 297 
nomask -1.9047464e-28 1138531895825382755567718352551936 105757399958877700339882062124154880 236 0 
nomask 1.440167e+30 0 5505278007326444571077004754944 236 297 
nomask 3.0028473e+29 21680681163027529115712079527936 0 0 297 
nomask -1.1755986e-29 1084546801842643531262723096576 27285304141848614426028451823616 236 0 
nomask 5.7617525e+30 0 84589358726106196426830643200 236 297 
nomask 4.6533397e+27 5456403100943881987316042956800 0 0 297 
nomask -1.912635e-28 272277926434377092756603404288 27287466862916240168925549035520 236 0 
nomask 2.2728852e+31 0 22021107821677242047454133616640 236 297 
nomask 1.20111986e+30 343370265516579516302042857472 0 0 297 
nomask -2.9884924e-30 70285183329623722473451176329216 427717760644830298959405234782208 236 0 
nomask 9.09179e+31 0 88449260731657611667373555712000 236 297 
nomask 1.1961876e+30 1325469877220693944031352697347112960 0 0 297 
nomask -1.2003273e-29 4356304726942563936481174355968 1711378740648674916276572195389440 236 0 
nomask 3.5862082e+32 0 1382063791372852831000719261696 236 297 
nomask 4.82421e+30 86138425869395336630986094936064 0 0 297 
nomask -7.6187405e-28 68068367130104315952880418816 27102199368294349843212735086592 236 0 
nomask 5.7218266e+30 0 344085376055624636996090068992 236 297 
nomask 4.8044797e+30 85558709822231260954667889197056 0 0 297 
nomask -1.2003081e-29 4374634554666890601420973670400 27103635572168052022672286023680 236 0 
nomask 3.62595e+29 0 1364852048550736788843531337728 236 297 
nomask 1.8536288e+28 339888336033717801653892013883392 0 0 297 
nomask -1.9126044e-28 4553980365150921631188494390919168 27001882322971094735687426569666560 236 0 
nomask 2.2887928e+31 0 92822183811855062567693841611096064 236 297 
nomask 2.9781376e+29 342308056067801274412693874278400 0 0 297 
nomask -3.0095325e-27 17643760338301440077902569799680 6821688592787692682083571859456 236 0 
nomask 5.721517e+30 0 86021360449955128924233007104 236 297 
nomask 3.0028478e+29 5400819966284699491538001322835968 0 0 297 
nomask -7.5870633e-28 1098205710905748174338607022080 27102920275316891757511767490560 236 0 
nomask 3.625369e+29 0 22204223815574269928546878095360 236 297 
nomask 1.1633534e+27 85563283641954045452321743175680 0 0 297 
nomask -4.7223462e-29 1084528900531898593155129278464 109144122636170151957863992393728 236 0 
nomask 3.585911e+32 0 1370596864045545506681735086080 236 297 
nomask 2.932469e+26 338519395535336127762407386733608960 0 0 297 
nomask -7.493014e-28 4609928683205865394489741103071232 423041549051740003492631712293191680 236 0 
nomask 2.2725136e+31 0 5754599633698313935771939110912000 236 297 
nomask 7.537945e+28 21305282938882021226378288108142592 0 0 297 
nomask 1.2172807e+36 1098205850215559418993140826112 6797900495569851309483796564279296 236 0 
nomask 5.723542e+30 0 359662364902716988002975917015040 236 297 
nomask 1.17778484e+27 1364423277449001872074767073280 0 0 297 
nomask -1.1509851e-29 18365500807752696445500765774020608 6821146509977940834074669088768 236 0 
nomask 9.126049e+28 0 1364897455875357011558377979904 236 297 
nomask 1.4069263e+36 85558691990575421638887562280960 0 0 297 
nomask -4.6940043e-26 4392824236721105143899766128640 1699336709744134779825534919507968 236 0 
nomask 3.585216e+32 0 358203271529777680058288386867200 236 297 
nomask 7.5069977e+28 1335043466707466803821200676147429376 0 0 297 
nomask -4.6310754e-32 73758858931293846311835857649139712 106516301575372921583744453688950784 236 0 
nomask 3.625565e+29 0 23018401407201003147446675545522176 236 297 
nomask 2.8842999e+26 342271465510018998431463042449408 0 0 297 
nomask -1.8730692e-28 283464305064292771965083834122240 6750285310443066102771574571532288 236 0 
nomask 5.761442e+30 0 5505368120704262310364383805440 236 297 
nomask 1.16333484e+27 5326466811645140981467010123694080 0 0 297 
nomask -1.21901805e-26 1133875622525997261745632713900032 107266321707113168549828982258794496 236 0 
nomask 3.610965e+32 0 5731068869431577427506656557662208 236 297 
nomask 7.445345e+28 5401844787209096648064949844705280 0 0 297 
nomask -1.1904666e-29 73459684259832194443403108311629824 6798268163761519067425441604173824 236 0 
nomask 9.028408e+31 0 92823660229437228408178259974422528 236 297 
nomask 1.20113936e+30 1322523842312454628136208859922432 0 0 297 
nomask -1.2003465e-29 18066633126077974237542124624019456 105490442422157334009320463925248 236 0 
nomask 9.0286555e+31 0 5637038088463516759475802492370944 236 297 
