nomask 0.14453125 202 183 313 358 
mask 0.01171875 329 164 437 468 
mask 0.01171875 208 130 378 391 
nomask 0.00390625 168 9 424 295 
nomask 0.00390625 294 4 433 239 
mask 0.00390625 380 90 440 494 
nomask 0.00390625 265 182 394 381 
nomask 1.2552012e+33 39256232251113517580794900764426240 0 0 494 
nomask -4.7854496e-32 1851682692375337060270080 716468629107294671367958924623872 441 0 
nomask 8.922096e+34 0 8905122114232882876167225344 441 494 
nomask 5.0612117e+33 40512418298762678814838282518528 0 0 494 
nomask -7.563915e-31 131879632359168391090763275960320 2874923843155897797550312259584 441 0 
nomask 5.6571217e+33 0 593362766760367406608471168122880 441 494 
nomask 1.2501504e+33 39813090969765450536873481549643776 0 0 494 
nomask -4.7853746e-32 8544846096168491472454755368828928 11096120918471839192920443981611925504 441 0 
nomask 1.4245012e+33 0 35174372084658290455325179904 441 494 
nomask 7.7503045e+31 2514696611158517071388992339968 0 0 494 
nomask -7.6256646e-31 31001788419169938962575785984 180325815697158571005905326833664 441 0 
nomask 5.6571217e+33 0 9156777170406133518195539050496 441 494 
nomask 5.000522e+33 10093853317270230905094023959019520 0 0 494 
nomask -7.59473e-31 7982904625304757651929825280 46536163922114907209728 441 0 
nomask 1.4244216e+33 0 143676454551729531355951792128 441 494 
nomask 3.1127488e+32 161475475001725915102854512640 0 0 494 
nomask -4.727447e-32 2118809422516106738210500169957376 179102768263929295895980761153536 441 0 
nomask 1.4244614e+33 0 2373374773546382476608612727783424 441 494 
nomask 7.750304e+31 623645050992934814463852727391748096 0 0 494 
nomask -7.563915e-31 31267839988997296570169819136 716449518407938203309965169393664 441 0 
nomask 3.586407e+32 0 36627092351681236309549007241216 441 494 
nomask 1.2501502e+33 639566216672039433955638276784128 0 0 494 
nomask -3.0379399e-30 131333709132098014171586919137280 45086264259015355292441068437504 441 0 
nomask 5.656804e+33 0 37085182253919133063448390270976 441 494 
nomask 7.781872e+31 41290191442342053937152 0 0 494 
nomask -4.7081126e-32 31799922791116670520577228800 45061083486450204386925370933248 441 0 
nomask 8.921588e+34 0 33478564932977516928303104 441 494 
nomask 7.781873e+31 40242647172691714881992219688960 0 0 494 
nomask -1.9064761e-31 527518629399727273747702987358208 716411147706886544787274582720512 441 0 
nomask 2.2466864e+34 0 590916634568324175786946267709440 441 494 
nomask 2.0244843e+34 639566283314075240212071532462080 0 0 494 
nomask -4.8047838e-32 2026598236012459833426960187392 45220456151276985295243837440 441 0 
nomask 8.922096e+34 0 36932877538478980463077504319488 441 494 
nomask 5.0410082e+33 40250144401719918730733483458560 0 0 494 
nomask -7.447055e-34 33106407639632262512106761355264 175906247743049104269029423196405760 441 0 
nomask 3.5430807e+35 0 542628283576987302240452608 441 494 
nomask 3.239125e+35 2522366667976329970407850553376768 0 0 494 
nomask -3.015027e-33 7783768631133996488891301888 2865644889432223623962504483307520 441 0 
nomask 8.857702e+34 0 147119930448924263394834080858112 441 494 
nomask 3.2521055e+35 2558265666392587410899752175271936 0 0 494 
nomask -3.0150267e-33 32833962501874572539876314447872 180340260698429963854427950415872 441 0 
nomask 1.4068477e+36 0 147731519485312092002728959541248 441 494 
nomask 2.0164037e+34 160409234968882358194412716032 0 0 494 
nomask -7.5376844e-34 132427713122147995561966285357056 177865275829428627937533571891200 441 0 
nomask 8.92286e+34 0 565169422927154714465406025728 441 494 
nomask 2.0164033e+34 158156167432675830726716881429856256 0 0 494 
nomask -1.2011772e-32 7750447613230868272263462912 2846535085889787900408967710375936 441 0 
nomask 8.857447e+34 0 9118849710672557140404709883904 441 494 
nomask 2.0244848e+34 10093303120622614451981065081847808 0 0 494 
nomask -1.8987124e-31 32834487307906546809288202911744 182076279765653484455659044864 441 0 
nomask 5.657281e+33 0 2298823856039933136096412565504 441 494 
nomask 5.0208047e+33 161475507541782461126503563264 0 0 494 
nomask -4.7853746e-32 32698014831393428361548270665728 177860460829004830321359364030464 441 0 
nomask 1.4245012e+33 0 2151850341967648371077283840 441 494 
nomask 3.1127486e+32 637254640300250243865407127552 0 0 494 
nomask -1.8987124e-31 8072408629634076971017753853952 2846228418886052077040849169416192 441 0 
nomask 2.2629123e+34 0 9532637806467576489205661622599680 441 494 
nomask 3.1126993e+32 635301459590618053509441166245888 0 0 494 
nomask -3.037892e-30 2101339479397639839258257217552384 11270666751447940576484706484224 441 0 
nomask 1.4243819e+33 0 2392943831082728323180811931090944 441 494 
nomask 3.1127488e+32 159891604149536713181234510954496 0 0 494 
nomask -4.727447e-32 2052189298402967040175525330944 179102768263929295895980761153536 441 0 
nomask 1.4245012e+33 0 567548819598244202345461186560 441 494 
nomask 3.1000723e+32 2515164667331875075556936515584 0 0 494 
nomask -7.59473e-31 500277044489367871021262045184 716430109103904290438565261737984 441 0 
nomask 1.4244216e+33 0 588470315748357541957042522030080 441 494 
nomask 1.2501502e+33 635233018219845028152487584989184 0 0 494 
nomask -7.563915e-31 8474966856830910326697249604632576 11151309264285581884262231182409728 441 0 
nomask 5.656963e+33 0 2373412994945095412724600238243840 441 494 
nomask 3.1253758e+32 9883939434661106341162095136997376 0 0 494 
nomask -1.8986823e-31 2118740647935154681571380310310912 45226297386574901719601250304 441 0 
nomask 5.543501e+36 0 37973382445525293089374754257764352 441 494 
nomask 7.781874e+31 161492168050734025234817482752 0 0 494 
nomask -4.862861e-32 525334803207374153558131048710144 11345610693363982397417126363136 441 0 
nomask 3.516814e+35 0 34876352897647004553486270464 441 494 
nomask 8.130137e+34 39968602626074674755363636510720 0 0 494 
nomask -1.9219135e-31 8106529872607785001223045775360 706645580335731367152465660084224 441 0 
nomask 3.5168137e+35 0 147119958443112773846090907648000 441 494 
nomask 5.0410085e+33 158160551945495595949973638993674240 0 0 494 
nomask -1.8693161e-34 137272186940576747502079374451015680 706722247086665322994495295324160 441 0 
nomask 3.543081e+35 0 153143560627007748030870546638962688 441 494 
nomask 8.097939e+34 159921509763104770755657996435456 0 0 494 
nomask -3.0150267e-33 546843979560754194110739105850589184 44285983269042850394234246731399168 441 0 
nomask 8.857702e+34 0 146510879552294715700891497791488 441 494 
nomask 8.097812e+34 2505650179714688606689996295897088 0 0 494 
nomask -3.002943e-33 2018102417728971610943630868480 701810722700883670886748663054336 441 0 
nomask 3.5171188e+35 0 153143493739560000392667568495656960 441 494 
nomask 2.0164037e+34 9954639703879820566177310853562368 0 0 494 
nomask -3.015027e-33 34178829922936057836294334234755072 179126731289294242171824493297664 441 0 
nomask 5.6577574e+33 0 38130558392382564632344394148610048 441 494 
nomask 5.0208047e+33 2494930964997320475715951514672431104 0 0 494 
nomask -1.2011772e-32 551316250878359387439219474759155712 703683928369011764566970433915584512 441 0 
nomask 8.857447e+34 0 153769789578870171589238914900033536 441 494 
