nomask 0.99609375 82 87 261 349 
nomask 1.20112e+30 28686490519600786832422117100748800 0 0 428 
nomask -1.2002888e-29 23924137243643822259754783211520 2449273952090022778668014347747328 320 0 
nomask 2.2730712e+31 0 126934417156409070210211410608128 320 428 
nomask 1.9296839e+31 462503992636764668673528954880 0 0 428 
nomask -1.2003081e-29 95300390028116673131613792501760 9697079031725113656364045959168 320 0 
nomask 2.2730712e+31 0 1958611870267573354838716579840 320 428 
nomask 1.9217611e+31 28802539782051127661030109347840 0 0 428 
nomask -3.0254699e-30 334441856964156677160960 9962258931430437234043997126656 320 0 
nomask 3.5863077e+32 0 7999499488141781299315471286272 320 428 
nomask 4.7846736e+30 457746221627899653155736833228800 0 0 428 
nomask -1.2151568e-29 382779933662555552376951553392640 9831616381623248263757955072000 320 0 
nomask 3.5862082e+32 0 8326467414102342483441126228361216 320 428 
nomask 3.1127486e+32 455751487835835318590570268333178880 0 0 428 
nomask -1.883245e-31 5931514442603628576513028259840 616474342799360277539713462566912 320 0 
nomask 3.5865065e+32 0 7933531437924692987563982454784 320 428 
nomask 4.8044804e+30 7299670148655612337249457274880 0 0 428 
nomask -3.013192e-30 90366360893184717860204707840 155182385566091878044870998228992 320 0 
nomask 3.5863077e+32 0 530732174088348216488992231930200064 320 428 
nomask 7.7503035e+31 29597928346550180633944543723520 0 0 428 
nomask -1.1904281e-29 96091100049693817489622113976320 622722409098499305742836695040 320 0 
nomask 2.2730095e+31 0 8259177945326946353218709432041472 320 428 
nomask 1.9376066e+31 29204894473335268542955818844160 0 0 428 
nomask -1.1953777e-29 24121038014199005950012114862080 2474397371193118311507455639552 320 0 
nomask 8.965273e+31 0 2098571421593512791574656575340544 320 428 
nomask 1.9454676e+31 29399882118780912082544177971200 0 0 428 
nomask -7.4711106e-31 5956274376757292070725862031360 39057411038425270522325516681216 320 0 
nomask 3.586308e+32 0 514079235896911901354211615440896 320 428 
nomask 1.2060525e+30 116014904778547380846847097569280 0 0 428 
nomask -1.8524303e-31 98796627338459343505351378699550720 9765906030945130148545777631232 320 0 
nomask 5.7619085e+30 0 31867108819671666705581364740096 320 428 
nomask 3.1253742e+32 29205677252803469015346441093120 0 0 428 
nomask -1.1904473e-29 24699952211090076733164467362201600 9728213720052747785808949473705984 320 0 
nomask 5.761288e+30 0 514087676314752995791452120285184 320 428 
nomask 4.883474e+30 7350548547352731265210200883200 0 0 428 
nomask -1.806028e-31 390677966934679886238224471818240 616424411745158554125539748085760 320 0 
nomask 5.762064e+30 0 123446037534839398399752536064 320 428 
nomask 1.1778041e+27 29203356115229808927331005235200 0 0 428 
nomask -7.378786e-31 385936680762733272077944320163840 155182369396709040699205786533888 320 0 
nomask 2.27301e+31 0 128521878655231155583700000833536 320 428 
nomask 1.9533898e+31 454639137200391702421240996167680 0 0 428 
nomask -7.5874316e-28 382786171719784763863493037260800 612185575695582713298963453181952 320 0 
nomask 3.6249822e+29 0 7900547918109362498740275904512 320 428 
nomask 4.8637446e+30 114755481837305251904002442668277760 0 0 428 
nomask -2.9513705e-30 382780030376621121547285529886720 38643713562557432064307307485331456 320 0 
nomask 2.273072e+31 0 514079268235677576045542038831104 320 428 
nomask 7.2105154e+25 116017987539387398151242598318080 0 0 428 
nomask -4.741991e-29 1470572218043878506094269562880 2448809049994683416101847690117120 320 0 
nomask 5.721983e+30 0 7933659782400964418781600284672 320 428 
nomask 4.8242088e+30 460940155286288718850143561973760 0 0 428 
nomask -4.7419913e-29 385942942998478875857069298155520 9727416892866523391427317138980864 320 0 
nomask 9.028159e+31 0 126934465664557582247207045693440 320 428 
nomask 1.9296839e+31 457721269398982807209570897756160 0 0 428 
nomask -3.0131441e-30 381195442947819442502831156756480 9796830889191684043293228978405376 320 0 
nomask 3.5862086e+32 0 8360511079503403540804437568126976 320 428 
nomask 4.8242103e+30 115573153612653638429376063209472000 0 0 428 
nomask -1.2102264e-29 24800965023445665550145548651069440 155190680459487436371124597817344 320 0 
nomask 9.028903e+31 0 128521886739922574256532606681088 320 428 
nomask 3.1127484e+32 460878064856193311495730652774400 0 0 428 
nomask -1.8832151e-31 5931708248524085546752598343680 2474202328012642829420839567360 320 0 
nomask 1.4346026e+33 0 127992048403108431498875781513216 320 428 
nomask 1.2011201e+30 7272835060087120292655938047836160 0 0 428 
nomask -3.025566e-30 94904273394061743736229566873600 2432186665727766674733581736083456 320 0 
nomask 1.4344834e+33 0 530723862249439444624481490485379072 320 428 
nomask 7.7503035e+31 7324535304690300539749084535193600 0 0 428 
nomask -4.741991e-29 389093548755492953241854557552640 153481267923045337605425542794838016 320 0 
nomask 2.2887932e+31 0 516198621582934147076169339502592 320 428 
nomask 1.9375755e+31 116027320446714823088471329996800 0 0 428 
nomask -4.7815108e-29 23924131199014724186608909680640 39322314037449504555488717570048 320 0 
nomask 9.028159e+31 0 1983414945600241104695400071168 320 428 
nomask 1.2109847e+30 117164356264650782793195847680 0 0 428 
nomask -7.409601e-31 1531095169277567640242976184074240 2448809049994683416101847690117120 320 0 
nomask 1.4243424e+33 0 8225137384447390066223118737735680 320 428 
nomask 7.568656e+28 7274026577374932471170528454901760 0 0 428 
nomask -1.8732227e-28 24699560712552652731652530514165760 9593638921863961885854410075013120 320 0 
nomask 1.4501091e+30 0 2064794615686799287069999051571200 320 428 
nomask 1.2109842e+30 455764164341837600884585235365232640 0 0 428 
nomask -1.7444889e-37 95298842603067566406270168596480 2449141492505819242978600141455360 320 0 
nomask 5.762379e+30 0 8259046003162993612590581999992832 320 428 
nomask 2.932467e+26 7350741975483869605878153871360 0 0 428 
nomask -2.8156413e-30 95696524796058896746435638722560 39320236271754905637509014749184 320 0 
nomask 9.187947e+28 0 491730670099840548307877232640 320 428 
nomask 3.3338623e+32 116008678810576365506597360762880 0 0 428 
nomask -4.6942404e-26 94904285483319939882521313935360 38371368378710949965891110961152000 320 0 
nomask 5.7205874e+30 0 31733612373793686225385458499584 320 428 
nomask 1.8767791e+28 113950548464961111941657534115348480 0 0 428 
nomask -2.8461334e-33 24800969665720812870321579522785280 38644769099869053989332326941720576 320 0 
nomask 1.4402455e+30 0 33171298997582590394300259708698624 320 428 
nomask 2.9083838e+26 1831084115142872581385607215841280 0 0 428 
nomask -4.6827497e-29 1531095362705698778583644137062400 2431920711718858013232179775012864 320 0 
nomask 5.7218284e+30 0 7867432011472051242282648600576 320 428 
nomask 7.2708427e+25 1830884884167800090497615638036480 0 0 428 
nomask -3.0348742e-27 1470596302112941141284859412480 616507393017879812079406167359488 320 0 
nomask 5.7213623e+30 0 511968064257371027230181432492032 320 428 
nomask 3.0028478e+29 7223122482959517634266676466810880 0 0 428 
nomask -1.8888772e-28 24800568882633094228457580931317760 616524015143436603423243789926400 320 0 
nomask 3.6111643e+32 0 132140530458809435543310410950115328 320 428 
nomask 4.824287e+30 7273830054393695917051888218931200 0 0 428 
nomask -1.2052768e-29 1543746916479064226652445233643520 9728481743742659627555498531749888 320 0 
nomask 1.4243421e+33 0 127989994891488088599393896235008 320 428 
