nomask 0.99609375 69 97 260 363 
nomask 1.2060522e+30 28682513637224582548289003664179200 0 0 428 
nomask -4.7815108e-29 91526917874098554693809602560 156254496495122082376732442099712 320 0 
nomask 2.2729474e+31 0 505626561663626756099476306264064 320 428 
nomask 1.2011199e+30 116393654248730249520207626240 0 0 428 
nomask -1.19539696e-29 23825487385605994000812290867200 9726353076830888745421709294698496 320 0 
nomask 9.028408e+31 0 122932651734547209981593124864 320 428 
nomask 4.8242097e+30 7201604352904385396026994851840 0 0 428 
nomask -1.2052768e-29 346972556914913914357022720 155169870463775772499997146218496 320 0 
nomask 3.5862086e+32 0 1975103377528631765724550922240 320 428 
nomask 4.8440174e+30 115222635242662933617203405127680 0 0 428 
nomask -7.563915e-31 22978064269035653539047669760 39322318079795213891905020493824 320 0 
nomask 9.029399e+31 0 518293041741855531091040206323712 320 428 
nomask 3.1127484e+32 7399872720793008135538212864000 0 0 428 
nomask -1.8909488e-31 5906948692159740682111381667840 9896288860040494254084356833280 320 0 
nomask 9.0294e+31 0 7554314640620685591184408576 320 428 
nomask 4.824287e+30 460853160984309250134731705548800 0 0 428 
nomask -1.20032726e-29 5906950581106333829969467146240 2482918169057470048717935971663872 320 0 
nomask 9.092286e+31 0 133225622815156774469030412118130688 320 428 
nomask 4.8242097e+30 116804043196559026186928301015040 0 0 428 
nomask -1.19042806e-29 90753169931796570499658547200 2480890495574027188087816192 320 0 
nomask 1.440438e+30 0 127992048403108431498875781513216 320 428 
nomask 4.8242085e+30 116014916867805576993138844631040 0 0 428 
nomask -4.7617896e-29 1495257916596431289484344033280 626861897428163212800040108032 320 0 
nomask 2.2728855e+31 0 7933530932631479320511944589312 320 428 
nomask 4.8439385e+30 465501939774749634240991723520 0 0 428 
nomask -7.409481e-31 91525406716824036407341219840 38793522668174079929654349660160 320 0 
nomask 9.092288e+31 0 8259043933481990432345434903019520 320 428 
nomask 4.6533402e+27 1843760427717023737059906294906880 0 0 428 
nomask -2.889693e-30 398425430913822857265046085435392000 38645837055266694995828228979949568 320 0 
nomask 5.781152e+27 0 518309696206177997126208252280832 320 428 
nomask 1.9454664e+31 466740210305901839096217600 0 0 428 
nomask -7.492277e-28 382779982019588336962118541639680 9794703257120414751282013289840640 320 0 
nomask 5.8189283e+27 0 514087579298455971717460850114560 320 428 
nomask 7.537943e+28 29486795739129020970067558400 0 0 428 
nomask -2.8401491e-30 96091106094322915562767987507200 2490305264792391277289555361792 320 0 
nomask 9.188429e+28 0 1872472192244332128223887360 320 428 
nomask 2.793133e+23 116014904778547380846847097569280 0 0 428 
nomask -7.3974907e-28 1543771288423587657576607310151680 2474331683075341594742533128192 320 0 
nomask 1.4501865e+30 0 31734649235468131016167158448128 320 428 
nomask 3.0151781e+29 1818556548801566809684963984670720 0 0 428 
nomask -3.0947867e-24 385942894641446091271902309908480 38528591372729880541577028304896 320 0 
nomask 3.624593e+29 0 28879394994375343936110592 320 428 
nomask 1.8690726e+28 460853112627276465549564717301760 0 0 428 
nomask -4.7222695e-29 95694995504897084240529635409920 2466029830781644645848268056559616 320 0 
nomask 1.450264e+30 0 1966890088987080668375066607616 320 428 
nomask 2.896295e+26 117925908695510756128582533120 0 0 428 
nomask -7.618863e-28 22592345801933438608285368320 616374416013425481328705186824192 320 0 
nomask 2.272823e+31 0 7933659782400964418781600284672 320 428 
nomask 1.2011199e+30 465562527736724851789083443200 0 0 428 
nomask -1.1904473e-29 5906950203317015200397850050560 155149125145595458011530541400064 320 0 
nomask 9.028408e+31 0 31469730067061059637338745864192 320 428 
nomask 4.80448e+30 28411053333885322295385008373760 0 0 428 
nomask -1.2102264e-29 345461307406675259340881920 2490888878454176722393289981952 320 0 
nomask 1.4243422e+33 0 121380343610923244835141844992 320 428 
nomask 1.937576e+31 116017987539387398151242598318080 0 0 428 
nomask -1.2151568e-29 5832770137236142924666261995520 2457709557518550250904910561280 320 0 
nomask 3.5608552e+32 0 489668915883949705039624273920 320 428 
nomask 7.750304e+31 7349771056934991606822217973760 0 0 428 
nomask -1.8832151e-31 384364496912840839128822432399360 39060511517584331553629859217408 320 0 
nomask 2.2732576e+31 0 31866071957997221914799664791552 320 428 
nomask 2.9904688e+29 115207052188848101047141442519040 0 0 428 
nomask -1.2052768e-29 5832771270604098813381113282560 155182369396709040699205786533888 320 0 
nomask 2.2730093e+31 0 132140513901361410101349234174328832 320 428 
nomask 4.8044797e+30 7301414779729043698977205125120 0 0 428 
nomask -7.5555084e-28 5857335509890712189496291491840 153606847344909390681556910080 320 0 
nomask 3.625466e+29 0 2039395102350583222328859914403840 320 428 
nomask 3.0027989e+29 29004499907161398574383586344960 0 0 428 
nomask -1.8967657e-28 1476761540450986777897148088320 155676512557676708733277700096 320 0 
nomask 2.2885452e+31 0 31734123730525917282047778357248 320 428 
nomask 7.2407363e+25 7350742731062506865021388062720 0 0 428 
nomask -1.8731921e-28 382779982019588336962118541639680 620679546532634439382649431654400 320 0 
nomask 2.2728236e+31 0 126936494922103669128191113428992 320 428 
nomask 7.361276e+25 460952389615583218897391588474880 0 0 428 
nomask -2.870595e-27 98796658286960325639858251177656320 2415364557244043039708620924125184 320 0 
nomask 9.272941e+25 0 32764906784203133358442033514020864 320 428 
nomask 1.8767781e+28 28411830068724424694629757091840 0 0 428 
nomask -2.6968225e-36 382773719783842733182993563648000 618631492078999144062773100544 320 0 
nomask 1.4646322e+27 0 8225135832186637681039258415005696 320 428 
nomask 1.1266788e+24 462516176342290472358180290560 0 0 428 
nomask -1.746606e-28 1537457987651363356515289729597440 39054278220500534799690750754816 320 0 
nomask 3.6855658e+26 0 122932667524960137076969308160 320 428 
nomask 1.961524e+28 116800972524977205028824547328000 0 0 428 
nomask -4.6536147e-26 95300414206633065424197286625280 2448941509578886951791261896409088 320 0 
nomask 9.123867e+28 0 505618444633442408575540035321856 320 428 
nomask 4.6726798e+27 7172814147188008886620119682252800 0 0 428 
nomask -7.429291e-28 396802862904331509338735803314995200 2415363781113666847116690762760192 320 0 
nomask 3.6244986e+29 0 131057532619637315025679271919091712 320 428 
nomask 7.2107492e+25 7301611230174731076218094878720 0 0 428 
nomask -1.8572613e-28 6200242416430203217580394880696320 9659863539763221779948645478563840 320 0 
nomask 3.650322e+29 0 31733616416139395561801761423360 320 428 
nomask 4.5066448e+24 457708793284524384236487930019840 0 0 428 
nomask -7.5873084e-28 369190479560076351867191296000 2449074745293466680072606264066048 320 0 
nomask 9.091045e+31 0 2073238267404461193443546234880000 320 428 
nomask 3.002848e+29 7223122482959517634266676466810880 0 0 428 
nomask -4.7420677e-29 24598142474834197952631419762114560 154135126978482674000439929733120 320 0 
nomask 1.4343643e+33 0 131057540898361327746659860306984960 320 428 
nomask 4.82421e+30 113659748032323337166435007856640 0 0 428 
nomask -1.2102264e-29 6098929790471349972563986460180480 37737977271860736231802287423488 320 0 
nomask 1.4243422e+33 0 8055589634087115178834221458259968 320 428 
