nomask 0.99609375 148 94 333 357 
nomask 4.8241326e+30 2448809308704808813632491077238784 0 0 484 
nomask -4.8407515e-29 1999875629975265825406924619776 701927767876424210246870778249216 428 0 
nomask 1.414161e+33 0 35886254354724779495149229047808 428 484 
nomask 1.9296843e+31 38795592349177260174801446633472 0 0 484 
nomask -7.59473e-31 8225136867027139271161831963492352 692359664635256156719514600341504 428 0 
nomask 3.5609543e+32 0 2306195274708167591129073078763520 428 484 
nomask 4.784674e+30 2415031856022781815301225085665280 0 0 484 
nomask -7.656479e-31 491722553827596021284519018496 44312230905496742921687530161045504 428 0 
nomask 5.616556e+33 0 36632268764256700905410709684224 428 484 
nomask 3.1000727e+32 620663377149797093717437736550400 0 0 484 
nomask -4.821184e-29 2008153596048166305417255714816 704163466053382445137756422144 428 0 
nomask 1.4242627e+33 0 145337825395167942295585982251008 428 484 
nomask 3.1127486e+32 2448876314627286774069128341749760 0 0 484 
nomask -1.883245e-31 31866065894478657910175210405888 2788462960804868105783214080000000 428 0 
nomask 9.029154e+31 0 2325368051196547040716320296402944 428 484 
nomask 1.20112e+30 2449007998081114117166612386676736 0 0 484 
nomask -3.013192e-30 8191360707895739260483782907527168 11001364865060377851631331996336128 428 0 
nomask 3.6116607e+32 0 37357484074276486358649318995394560 428 484 
nomask 1.9375448e+31 9864384242294985654771900638822400 0 0 484 
nomask -2.9884922e-30 130632912855017912269575884374016 2816727861335133106456701698048 428 0 
nomask 9.028904e+31 0 2190394707064425303045570560 428 484 
nomask 7.78187e+31 2490824958862647840310499999744 0 0 484 
nomask -2.9884924e-30 514079300574443250736872462221312 2769213972423894330358164210319360 428 0 
nomask 9.092039e+31 0 9377864899490392286148785583685632 428 484 
nomask 4.863668e+30 2465963600989542878003560953413632 0 0 484 
nomask -1.8601039e-31 2064761500790748403147645499998208 2769364933408841248332468119928832 428 0 
nomask 1.4243822e+33 0 2334917211174584642811823415885824 428 484 
nomask 3.0151313e+29 616524015143436603423243789926400 0 0 484 
nomask -4.6118164e-32 8225004407442935735472417757200384 697209432556700070014157835993088 428 0 
nomask 2.2730724e+31 0 9378167406580382815577913960693760 428 484 
nomask 3.1506777e+32 39059484761774160103888916578304 0 0 484 
nomask -7.471471e-31 31120221482908996130247278592 689170140466094289486603378589958144 428 0 
nomask 8.801322e+37 0 538473927075907500402278400 428 484 
nomask 1.230734e+30 38909667571466093565709268555923456 0 0 484 
nomask -1.14332445e-32 8292955656719098749080618810736640 2769514724153594779345730913959936 428 0 
nomask 9.092539e+31 0 145335521484787211716036285956096 428 484 
nomask 3.465496e+35 155182401735474715390536209924096 0 0 484 
nomask -1.8447864e-31 514079203558146226662881192050688 11117409832197281589461866512384 428 0 
nomask 1.4242635e+33 0 8934263896736018772282960773120 428 484 
nomask 7.8766943e+31 38797670114871859092781149454336 0 0 484 
nomask -2.9065529e-33 2056350963969137380696451868262400 171118288020714454375930486539157504 428 0 
nomask 3.5857154e+32 0 35886261211600912621874079334400 428 484 
nomask 7.845128e+31 9727151973698116320048488726396928 0 0 484 
nomask -4.592407e-32 30603807870938037173704720384 701909117173342105555277998718976 428 0 
nomask 9.029155e+31 0 9008862137813682120837512036352 428 484 
nomask 4.7111417e+27 9795768107996550987410194682609664 0 0 484 
nomask -3.025614e-30 2064761630145811101912967193559040 44004261134283483158419225633095680 428 0 
nomask 1.4243422e+33 0 576567432810117959131328514359296 428 484 
nomask 1.9375759e+31 618550582003160707355209891840 0 0 484 
nomask -7.5020454e-31 495861915833956511578712965120 2749739712805693564932699591802880 428 0 
nomask 5.6162393e+33 0 137264232019411234608694427648 428 484 
nomask 7.750305e+31 38101146687573730798995835931590656 0 0 484 
nomask -7.625664e-31 2047872903804797602747334197772288 2788837730226800280056631343972352 428 0 
nomask 5.6569626e+33 0 9301323584281628018813059507159040 428 484 
nomask 1.2450798e+33 155178197695937005517581169197056 0 0 484 
nomask -4.8013858e-29 1958611364974359687786678714368 44168883027837921952464195551232 428 0 
nomask 1.4242627e+33 0 144740984611537570493350769852416 428 484 
nomask 7.781871e+31 2448809567414934211163134464360448 0 0 484 
nomask -1.8909787e-31 7966646333975576909917534027776 11000464950351663278590714116571136 428 0 
nomask 2.273134e+31 0 8934115331086467693244537896960 428 484 
nomask 2.990517e+29 2448543095985774754600445729046528 0 0 484 
nomask -1.20032726e-29 1966890088987080668375066607616 701946637999542574993658766950400 428 0 
nomask 9.092038e+31 0 9377865484610488979629306141474816 428 484 
nomask 4.843939e+30 616557130039487487345597341499392 0 0 484 
nomask -1.9047157e-28 33035660383358169848340112465723392 10924670833506376585879740336832512 428 0 
nomask 9.028159e+31 0 2306194689588070897648552520974336 428 484 
nomask 1.9296838e+31 612218819946696295986638698315776 0 0 484 
nomask -1.1904473e-29 31866583314729452971461984649216 11117409832197281589461866512384 428 0 
nomask 2.2888551e+31 0 2334954512580748852195008974946304 428 484 
nomask 3.0151303e+29 38641590069848169132786385990713344 0 0 484 
nomask -7.378666e-31 7933401072275566888138213163008 176670887720584183308224854753280 428 0 
nomask 9.028905e+31 0 9046165829603269212931354525696 428 484 
nomask 4.6918748e+27 620762786515481094867159238049792 0 0 484 
nomask -2.9145365e-30 33170765019883769891052308689584128 11001666787030271687579939815555072 428 0 
nomask 5.583902e+36 0 9339670014938531958208334779121664 428 484 
nomask 4.883476e+30 9727947766043839124307547512635392 0 0 484 
nomask -4.5603702e-35 2030917559606494239441029018157056 699574001720736010708015120384 428 0 
nomask -1.8873623e-37 0 148816365320830841117207884856295424 428 484 
nomask 7.722794e+28 2474461543431254027116264554496 0 0 484 
nomask -1.8990721e-31 33306929333082998219279818563780608 697096723798074488328885391851520 428 0 
nomask 8.920576e+34 0 145335530627288722551669419671552 428 484 
nomask 5.536058e+33 156225472452929046907677449388032 0 0 484 
nomask -7.3488103e-31 31998529521027902936005719621632 697096796938086575013950461575168 428 0 
nomask -1.8765854e-37 0 35886839474821472975669786836992 428 484 
nomask 4.9032067e+30 154574837692781702815268053165539328 0 0 484 
nomask 3.2231457e+38 33306937611807010940260406951673856 173586895665781928048631305719513088 428 0 
nomask 3.5863135e+32 0 9339670014938531958208334779121664 428 484 
nomask 1.2159169e+30 155186508758715401189499980480512 0 0 484 
nomask -4.5731476e-32 132140522180085422822329822562222080 2750265735772621003920681044279296 428 0 
nomask 3.586309e+32 0 143545063131406672158762584768512 428 484 
nomask 4.730409e+27 153476946429110697253558404314562560 0 0 484 
nomask -1.20034645e-29 8259048072843996792835729096966144 173582102361949815056206896310517760 428 0 
nomask 3.5861096e+32 0 37511466619402729466361389028212736 428 484 
nomask 7.7818705e+31 612285308448923461361989188583424 0 0 484 
nomask -4.8211843e-29 8225268291770841216728672621297664 175491303890653148250046619189248 428 0 
nomask 5.656486e+33 0 2325368490036619560826710714744832 428 484 
nomask 3.1253758e+32 603841009955948061161833537470464 0 0 484 
nomask -7.5948497e-31 32764910923565139718932327707967488 171910350613886025792966681952256 428 0 
nomask 5.657122e+33 0 9109741806861958546330466499166208 428 484 
