nomask 0.99609375 65 92 254 377 
nomask 3.0151301e+29 7272836607512169399381281671741440 0 0 428 
nomask -7.587063e-28 5981130269397887476129438105600 616523950465905254040582943145984 320 0 
nomask 1.4402828e+30 0 8157448984658630943748598999810048 320 428 
nomask 4.614805e+27 29005276642000500973628335063040 0 0 428 
nomask -4.722116e-29 382773743962359125475577057771520 154106086766906801185719725326336 320 0 
nomask 2.2728852e+31 0 31336753062606728886637765328896 320 428 
nomask 2.9904688e+29 454589377813656364284410089963520 0 0 428 
nomask -4.801309e-29 366095605850030486831717416960 620762592482887046719176697708544 320 0 
nomask 2.2729474e+31 0 7966514452446809809335651139584 320 428 
nomask 1.20605235e+30 29002949459797742812467025674240 0 0 428 
nomask -4.7815108e-29 22881726517045586879924142080 622722345936847597361331961856 320 0 
nomask 9.028406e+31 0 8292687115608936112272782978449408 320 428 
nomask 7.750303e+31 7350935403615007946546106859520 0 0 428 
nomask -1.2052576e-29 379616972683665013482000796876800 620679675887697138147971125215232 320 0 
nomask 5.722138e+30 0 31601670209840945597258026450944 320 428 
nomask 2.9904686e+29 116005571871219955909618365890560 0 0 428 
nomask -1.20032726e-29 1439647990025465949198189854720 612218755269164946603977851535360 320 0 
nomask 9.028903e+31 0 131055388430118020291706879454740480 320 428 
nomask 3.0028e+29 29402185122467277951121993236480 0 0 428 
nomask -4.7815108e-29 5672072013932641233655562240 628291648261853527184244736 320 0 
nomask 1.4403991e+30 0 7966514957740023476387689005056 320 428 
nomask 1.9296835e+31 1862347769485765151419353006080 0 0 428 
nomask -2.9636964e-30 6225493298381526761737649767055360 39321283239293623769331472007168 320 0 
nomask 9.028904e+31 0 493792266411602120622368358400 320 428 
nomask 1.2011199e+30 7398901046665492877339042775040 0 0 428 
nomask -3.0008182e-30 364554225430021834633967042560 38794561551021379388644201070592 320 0 
nomask 2.2730717e+31 0 7900413510114527062898203688960 320 428 
nomask 7.4452235e+28 29199460351776100784815514583040 0 0 428 
nomask -4.7221927e-29 1524756819562360924065158691553280 2441541185267631919797291188224 320 0 
nomask 2.3124602e+28 0 126936527260869343819521536819200 320 428 
nomask 4.8242073e+30 29737950004366983886274560 0 0 428 
nomask -7.4921544e-28 5981031666385725157937376133120 9828502764840631889100628033536 320 0 
nomask 5.7609764e+30 0 30732657640423135443360415744 320 428 
nomask 7.4762915e+28 7399485864530731454202306887680 0 0 428 
nomask -1.16571875e-29 370725720903657273526163865600 155157468547139528374779776073728 320 0 
nomask 9.188187e+28 0 7618863874865035602099699712 320 428 
nomask 7.2107497e+25 29006050354525054336300147015680 0 0 428 
nomask -1.2038326e-26 5906851978094171511777405173760 155676528348089635828653883392 320 0 
nomask 5.760976e+30 0 7933530427338265653459906723840 320 428 
nomask 2.9905166e+29 115241240611026802760202133176320 0 0 428 
nomask -1.9342103e-25 1518468277590922330609339093483520 153058844348680434486953868525568 320 0 
nomask 3.6249807e+29 0 1864387624188260288550666240 320 428 
nomask 4.6341474e+27 1849482532029153719570776719360 0 0 428 
nomask -7.5871856e-28 5980937219056067765033102213120 38908612034154471640684249099534336 320 0 
nomask 3.6256596e+29 0 7933532953804333988720096051200 320 428 
nomask 1.158518e+27 1862056305026442436916763688960 0 0 428 
nomask -3.047496e-27 1406023930486434357953167360 620629809511026764116458257514496 320 0 
nomask 2.272761e+31 0 7900672725533138260593628676096 320 428 
nomask 7.445344e+28 1849967991303592719098744668160 0 0 428 
nomask -4.741991e-29 96485711571103326671683830415360 156221268413391337034722408660992 320 0 
nomask 9.028159e+31 0 127462250489751382105381985583104 320 428 
nomask 1.1961876e+30 1793103921309465976211034131660800 0 0 428 
nomask -1.2102072e-29 5832770892814780183809496186880 39066724602939581625487453061120 320 0 
nomask 8.965521e+31 0 487591055446873224487664353280 320 428 
nomask 1.9375759e+31 7323937998621345343766445707755520 0 0 428 
nomask -1.9205544e-28 23726455204777712615393297694720 38913918696246625789241405739106304 320 0 
nomask 3.5859107e+32 0 1966922301429451942942480531456 320 428 
nomask 1.929684e+31 1843412450509105862198258869207040 0 0 428 
nomask -3.013192e-30 23726831482939067668723924992000 622738641642988359789553123328 320 0 
nomask 2.2730098e+31 0 511968225951199400686833549443072 320 428 
nomask 3.002848e+29 7273231200899691614343905767587840 0 0 428 
nomask -1.20034645e-29 6149636588193003701986526400348160 153493967485680851589648129823080448 320 0 
nomask 9.0286555e+31 0 33035660383358169848340112465723392 320 428 
nomask 1.2060524e+30 457832877430649629774979771924480 0 0 428 
nomask -4.7617893e-29 23528378753862953698263564288000 2441281969849020722101866201088 320 0 
nomask 1.4403605e+30 0 511976472336446446976091513946112 320 428 
nomask 4.8242088e+30 7273033904205930506862593719664640 0 0 428 
nomask -2.9760705e-30 369190385112746694474287022080 618631681563954269207287300096 320 0 
nomask 1.4243026e+33 0 127464247408531794295035629928448 320 428 
nomask 4.6533405e+27 1850016348336377304265732915200 0 0 428 
nomask -4.8014625e-29 1537458181079494494855957682585600 620696233335722580109147901001728 320 0 
nomask 3.58601e+32 0 2056317202297773002947489848885248 320 428 
nomask 3.0274138e+29 28691253493901937333029791481200640 0 0 428 
nomask -7.3976134e-28 24800575072333290655358955426938880 9661724182985080820335885657571328 320 0 
nomask 5.780394e+27 0 2122860877046280655682988854099312640 320 428 
nomask 3.0027978e+29 1805730716282045716674337245757440 0 0 428 
nomask -1.1287488e-32 96091124228210209782205608099840 38797666072526149756364846530560 320 0 
nomask 9.125812e+28 0 33306397425065180896277014641639424 320 428 
nomask 1.8026867e+25 468718060244243177417327247360 0 0 428 
nomask -1.817757e-28 384358258855611627642280948531200 156208850327372255563839826821120 320 0 
nomask 2.3123998e+28 0 493792297992427974813120724992 320 428 
nomask 4.7882084e+27 460927679171830295877060594237440 0 0 428 
nomask -4.754746e-26 382780078733653906132452518133760 153485440399947748979642090293035008 320 0 
nomask 2.272451e+31 0 8191227213471034134671795152748544 320 428 
nomask 1.8690726e+28 28894876061263793107546573929185280 0 0 428 
nomask -1.2038523e-26 1593676370643286864472154407677460480 2415430269615894012492041253027840 320 0 
nomask 5.760047e+30 0 528553710651640817656963841700921344 320 428 
nomask 2.8843e+26 29204897495649817579528755609600 0 0 428 
nomask -1.8809885e-28 385936753298282448955694802534400 38908612034154471640684249099534336 320 0 
nomask 3.6256596e+29 0 1991661836140501061005402439680 320 428 
nomask 1.1633348e+27 7323144169571153593665166644346880 0 0 428 
nomask -7.6504173e-28 24022785590524376000410807173120 38642649746521797418301699641049088 320 0 
nomask 2.272823e+31 0 133225614536432761748049823730237440 320 428 
nomask 2.9904688e+29 113953729970862075368964024864604160 0 0 428 
nomask -1.185517e-29 99200703346682484480881201837506560 2432319384022095607953639329497088 320 0 
nomask 3.58601e+32 0 33035130545021355705582455640555520 320 428 
nomask 1.9296841e+31 28415713742919936690853500682240 0 0 428 
nomask -1.2102264e-29 395186657906642088267038502693109760 9525814440549243662261468711092224 320 0 
nomask 3.5862082e+32 0 131053302191666814604598605705641984 320 428 
