nomask 0.99609375 62 34 151 147 
nomask 7.537826e+28 20502163234963625255198785536 0 0 240 
nomask -1.1904665e-29 1016419041066562306012960784384 21752205294640571777061161533440 224 0 
nomask 9.028408e+31 0 71772393597044172559826729041920 224 240 
nomask 1.2060716e+30 1306938960241702356436123648 0 0 240 
nomask -1.1953969e-29 66432974450881746010552250925056 5437614410313147844690119229440 224 0 
nomask 1.4343644e+33 0 4374506200745886204464065413120 224 240 
nomask 1.9375758e+31 5091262923827318504748474574045184 0 0 240 
nomask -7.5331e-31 15949773168556532282295320576 22051063090928866996197041111040 224 0 
nomask 1.424382e+33 0 72067159935011709518349462405120 224 240 
nomask 4.8636697e+30 324867797820603557776178538348544 0 0 240 
nomask -3.0007702e-30 266841109003688159373327064891392 348072604254300652035601764188160 224 0 
nomask 9.029152e+31 0 71179356547389490736461082787840 224 240 
nomask 3.1127484e+32 80660168997520815060600307580928 0 0 240 
nomask -1.2102072e-29 269055130914027112785367256793088 5512765206048238804691834634240 224 0 
nomask 9.028903e+31 0 68355055063303560399012495360 224 240 
nomask 1.929684e+31 20299883417448380274038454353920 0 0 240 
nomask -1.20032726e-29 1020751897317191897150140710912 345677081474959675887046235258880 224 0 
nomask 9.028904e+31 0 4612225700291572531423883223367680 224 240 
nomask 1.9296839e+31 20581538048207831868189618208768 0 0 240 
nomask -1.8731306e-28 271260453394168119325866263052288 87875542788837019905184235520 224 0 
nomask 2.2726998e+31 0 1153093708345170048019718744309760 224 240 
nomask 3.0151301e+29 20582077531354834896458830839808 0 0 240 
nomask -1.8809578e-28 1076203395595096151075321790070784 348072604254300652035601764188160 224 0 
nomask 5.780243e+27 0 4631315315981746510284831577866240 224 240 
nomask 4.36434e+21 324867797820603557776178538348544 0 0 240 
nomask -7.271519e-28 64068838379798315774727159808 350421522943295484229472370032640 224 0 
nomask 9.12508e+28 0 17943094999157175473812128399360 224 240 
nomask 3.016714e+26 322640709840006209452018122096640 0 0 240 
nomask -4.8447256e-32 69441597204162801338512188754624512 21757448254804512971963215380480 224 0 
nomask -4.7457223e-32 0 71772420797875113888983159930880 224 240 
nomask 1.1360884e+24 328077221672192936891943747584 0 0 240 
nomask 1.8258242e+31 1076220862155337943237637944901632 86660776174084448258193102911569920 224 0 
nomask -1.8875954e-37 0 1107571509515726298646252093440 224 240 
nomask 7.100549e+22 324850365110284714823479275290624 0 0 240 
nomask -7.9374766e-28 1076203463294942049494555573616640 1373275658013779167119956508672000 224 0 
nomask 3.585316e+32 0 17720852876686957378623252725760 224 240 
nomask 5.9585523e+36 20717470876291120387222755344384 0 0 240 
nomask -1.1583353e-26 262749035585250772023152476160 5600884183877788703014256640 224 0 
nomask 2.2965017e+28 0 1112195225762768796971433984000 224 240 
nomask 1.8844856e+28 5111264318624200754620761374720 0 0 240 
nomask -1.1886866e-26 269055249388757435019026377998336 21516652844494734732000458000302080 224 0 
nomask 2.2720796e+31 0 68644059464836604995798302720 224 240 
nomask 7.5071196e+28 5090428320127082792434391020732416 0 0 240 
nomask -4.7420677e-29 1029400618743845714441021685760 1373313231428252789794706376622080 224 0 
nomask 2.2729476e+31 0 1153074921637933236682343810334720 224 240 
nomask 3.0151309e+29 322649375420281207113942415966208 0 0 240 
nomask -1.9047157e-28 1033716087241085379544524783616 349190065107586479801772277760 224 0 
nomask 2.2728852e+31 0 17233543774558162463993364480 224 240 
nomask 2.9904688e+29 331424652379401303883776 0 0 240 
nomask -1.1953969e-29 16884993178082529190741503115264 5510436701582865440029865410560 224 0 
nomask 9.092038e+31 0 68064912866596049397083013120 224 240 
nomask 4.8242097e+30 79763156871342103960045730356264960 0 0 240 
nomask -3.013192e-30 4152129925288622748393959063552 21672350110660706115899864477859840 224 0 
nomask 1.4243819e+33 0 1162545017867368042029821145907200 224 240 
nomask 4.8242103e+30 1299402002039906046647787369529344 0 0 240 
nomask -1.2003273e-29 66710268788441302540927543279616 5512765772732216749049260277760 224 0 
nomask 9.028902e+31 0 71179365614333137846179893084160 224 240 
nomask 7.7503035e+31 328833799680259017414803456 0 0 240 
nomask -4.8210306e-29 61775909235134351078850560 87258848949839072936727674880 224 0 
nomask 9.092284e+31 0 3345128325120 224 240 
nomask 4.80448e+30 325723990895915266767635611648 0 0 240 
nomask -1.2003081e-29 16539192943334325372580429561856 5453883531041768991327014061342720 224 0 
nomask 2.2730714e+31 0 298819073185367142948784564076544000 224 240 
nomask 4.80448e+30 321386580214315186112224535079026688 0 0 240 
nomask -7.4926456e-28 271260571868898441559525384257536 1373313521570449497305708306104320 224 0 
nomask 1.4402056e+30 0 282681996935490954793750364160 224 240 
nomask 7.507118e+28 320413723409177708756708381163520 0 0 240 
nomask -1.8730385e-28 269050848898774037768830447517696 5455073114048269786434924938526720 224 0 
nomask 1.4644414e+27 0 275732255465478598370336440320 224 240 
nomask 4.382642e+21 325791889081205966526518132736 0 0 240 
nomask -4.4061115e-29 3399265404156116992 88056045885922094685880320 224 0 
nomask 3.625273e+29 0 3901807622498927247360 224 240 
nomask 2.7621212e+20 80885635481103376102085288163016704 0 0 240 
nomask -3.0279537e-33 1120099249391684384019032893221240832 85467683607572279097202886710394880 224 0 
nomask 2.216817e+37 0 298823845444218588089744300200427520 224 240 
nomask 4.5631653e+24 80331081671404900727240101980012544 0 0 240 
nomask 4.5247923e+30 263832266176190859851205705728 5512911977198526393265076305920 224 0 
nomask 2.217796e+37 0 18238749897602129184778270801920 224 240 
nomask 1.14547695e+24 20366169555164748717382132205355008 0 0 240 
nomask -1.8734375e-28 66709194053387665135591229489152 345695795646647310346670686863360 224 0 
nomask 3.6107686e+32 0 4254056224058769770387865600 224 240 
nomask 3.409625e+32 5157667141710844805026676736 0 0 240 
nomask -4.6738095e-26 13849022677588639744 1372877575579568060214804480 224 0 
nomask 1.4643275e+27 0 288263888661575752580741254348800 224 240 
nomask 1.8767787e+28 79204157618962554784633381418172416 0 0 240 
nomask -7.6397796e-25 1124660048277378953461731848301314048 21671751257166701813191882026516480 224 0 
nomask 2.272141e+31 0 297602184316449810565460099459973120 224 240 
nomask 7.445344e+28 81771546592750739807199442239488 0 0 240 
nomask -4.7617896e-29 1050979746284574564684427952128 86660813312285626819601349885296640 224 0 
nomask 2.2729476e+31 0 1126067791213841152840543764480 224 240 
nomask 1.2011199e+30 5055768165422160894152696615927808 0 0 240 
nomask -7.6504173e-28 255187990857580664331293425664 21607730347831613740108197396480 224 0 
nomask 2.272823e+31 0 1153055989859598071589467911618560 224 240 
nomask 2.9905173e+29 5020830712148439070689424807297024 0 0 240 
nomask -1.1953777e-29 278893243544451351315360081229381632 346914403923156426469744312320 224 0 
nomask 9.092037e+31 0 296385239740230710340023264382812160 224 240 
nomask 1.1961876e+30 79769838033734127157389360929701888 0 0 240 
nomask -1.20525764e-29 69725563936984337220940336713433088 21517848230345169677328407467130880 224 0 
nomask 3.5862082e+32 0 4631241910005979510001343418859520 224 240 
