nomask 0.99609375 64 105 215 318 
mask 0.01171875 149 2 174 25 
mask 0.00390625 178 0 207 17 
nomask 3.586109e+32 0 510772070770595998099243028971520 336 427 
nomask 1.929684e+31 7718279867615632208272457465856 0 0 427 
nomask -3.013192e-30 1634218698414357701343860672692224 38819814334008554276805833182412800 336 0 
nomask 9.028903e+31 0 512878245239703631427665240522752 336 427 
nomask 1.9296839e+31 30333780346419168713494669094289408 0 0 427 
nomask -3.025518e-30 386025157651670037718471016448 619279239595525532010840338726912 336 0 
nomask 3.5863077e+32 0 127695050274741090346025055420416 336 427 
nomask 1.937576e+31 1935844462139574951969810083217408 0 0 427 
nomask -1.19539696e-29 25016763341601431945053697212416 154200962082900705700243333156175872 336 0 
nomask 9.028903e+31 0 31791614485942046427499288592384 336 427 
nomask 7.7818705e+31 483960963210240466549176507826176 0 0 427 
nomask -1.2102071e-29 403582772533367304899688891678720 615017205317281378613201960173568 336 0 
nomask 2.2730095e+31 0 1962294803452300381569540947968 336 427 
nomask 4.824209e+30 121338435970131861459664718782267392 0 0 427 
nomask -2.9761183e-30 1620934363852786285613918170644480 154230646298932093784841936940564480 336 0 
nomask 2.2730717e+31 0 33362853564499911980709388430082048 336 427 
nomask 1.20605235e+30 122657307195405003757192828944384 0 0 427 
nomask -1.8601339e-31 25120337758965460395939355164672 39233548838594226757382434717696 336 0 
nomask 2.2730721e+31 0 512886407831279805677938533203968 336 427 
nomask 7.8134365e+31 481959661391898011602122998059892736 0 0 427 
nomask -1.205296e-29 401925429530889578242242351464448 154836409319300124709293519798272 336 0 
nomask 2.2886695e+31 0 33229111469579973358871869946593280 336 427 
nomask 4.9032037e+30 1935844055940499561454407381942272 0 0 427 
nomask -1.1287863e-32 384406782587933058107745239040 9772616499134620215292975227338752 336 0 
nomask 2.2731964e+31 0 514984161603148777032758652305408 336 427 
nomask 1.1874189e+27 30550914874567319503039441120788480 0 0 427 
nomask -4.5347043e-32 26147084851572824895791015462436864 38555543043455324213127695734669312 336 0 
nomask 3.6506145e+29 0 512886569147318860505019033059328 336 427 
nomask 1.9691728e+31 488840703708409164509812359168 0 0 427 
nomask -7.115334e-34 25016756994740878968250530004992 38964070395353138119407426338816 336 0 
nomask 9.18771e+28 0 127693009626847046783456732250112 336 427 
nomask 1.2208682e+30 121825411489005228212460617465856 0 0 427 
nomask -7.2551666e-31 403582747145925092992476222849024 154819777635673572037293984710656 336 0 
nomask 3.5862094e+32 0 8239749166707005309757426434572288 336 427 
nomask 7.0122343e+22 7690345309673464897933367253663744 0 0 427 
nomask -4.682673e-29 403582645596156245363625547530240 625397140798540030158439448576 336 0 
nomask 3.6256603e+29 0 127695074472146948570087130398720 336 427 
nomask 4.8242082e+30 1922794504444503863627226216923136 0 0 427 
nomask -3.0222036e-27 6510360149011314912464116956266496 2415523296225599600841026091727454208 336 0 
nomask 2.288421e+31 0 31659986647424772085826925363200 336 427 
nomask 1.9454983e+31 122637733477459623296225161248768 0 0 427 
nomask -2.9884442e-30 1544100729776376291136433553408 623458292903279882358269591683072 336 0 
nomask 9.028904e+31 0 31792130697267021874156888129536 336 427 
nomask 1.2011007e+30 122654044909080773680364884328448 0 0 427 
nomask -1.20032726e-29 1614304890293106531355281334468608 155876994560827192274765886783488 336 0 
nomask 3.5861092e+32 0 2051545760377950466573418532700160 336 427 
nomask 1.9375759e+31 488866140735469141853755932672 0 0 427 
nomask -7.563915e-31 100481370076443500514166922280960 153746009684912926541362797477888 336 0 
nomask 3.611661e+32 0 31528352759556033188139043389440 336 427 
nomask 1.9296839e+31 7494133302998084394495671836530966528 0 0 427 
nomask -7.53298e-31 400255164320325990813547376934912 9841604013026988857507892571406336 336 0 
nomask 5.6571217e+33 0 494695199632770415715499900928 336 427 
nomask 1.9296843e+31 122647520336432313526708995096576 0 0 427 
nomask -7.5640353e-31 6202296920125296838317346652160 617137696584855127845018533888 336 0 
nomask 5.656963e+33 0 128223658737317900464761006456832 336 427 
nomask 3.1253758e+32 122654057602801879633971218743296 0 0 427 
nomask -7.5947294e-31 401925429530889578242242351464448 155868719048023679645536244203520 336 0 
nomask 9.092535e+31 0 7882087181663764204365507723264 336 427 
nomask 1.2109847e+30 1942262101294723414201737412608 0 0 427 
nomask -7.4713504e-31 24809194027361740330072553816064 2460134896318722371624980581449728 336 0 
nomask 9.092288e+31 0 510772070770595998099243028971520 336 427 
nomask 3.0151309e+29 30765556965188874090073238123053056 0 0 427 
nomask -2.9269106e-30 101308385047078036897263551250432 2443154640994980029269901406371840 336 0 
nomask 1.4403222e+30 0 7948032674316755468539222032384 336 427 
nomask 4.8834737e+30 1942466390868772355053681901568 0 0 427 
nomask -2.9638403e-30 25120344105826013372742522372096 2426304470925131499472537314656256 336 0 
nomask -1.8764992e-37 0 510772006244180376168410829029376 336 427 
nomask 1.1922551e+27 30664323625420974450896623632384 0 0 427 
nomask -7.379625e-31 100067027978963515873002120019968 39230435439040468594728787509248 336 0 
nomask 2.288732e+31 0 1954067559432348688880391684096 336 427 
nomask 3.594795e+35 7690342060080861773810145643462656 0 0 427 
nomask -2.9673937e-33 1607650130840983717512826343915520 9638885760863831053281923933667328 336 0 
nomask 5.5840674e+36 0 519204898975394894697789067886592 336 427 
nomask 1.9076374e+28 120483273180693717192665778263949312 0 0 427 
nomask 4.7145956e+33 100481344689001288606954253451264 9808647331761532598012914696192 336 0 
nomask 1.4406349e+30 0 2051512593800320794125667762438144 336 427 
nomask 7.3010617e+25 121828673775329458289288562081792 0 0 427 
nomask -1.1559538e-29 6457115168010050762962631110164480 38965110883805041754076650405888 336 0 
nomask 1.434325e+33 0 1962295181536766916320510869504 336 427 
nomask 1.2066861e+27 30868222867545907229446329335808 0 0 427 
nomask -1.8731307e-28 95698682398081255058637324288 9637292732714956824896571762016256 336 0 
nomask 1.440283e+30 0 510771909454556943272162529116160 336 427 
nomask 3.01513e+29 120506618253954560893889825948565504 0 0 427 
nomask -1.8809885e-28 105438543317417076438126825201205248 608228099794525924139017655455580160 336 0 
nomask 2.2725755e+31 0 133453536918967946959493603017097216 336 427 
nomask 1.2060523e+30 121831936061653688366116506697728 0 0 427 
nomask -1.1904473e-29 1614305296492181921870684035743744 9704954615924788520094773494677504 336 0 
nomask 9.0286555e+31 0 7948034186654621607543101718528 336 427 
nomask 4.8439394e+30 7583235487881890672425873415602176 0 0 427 
nomask -1.9205236e-28 6228296437701781751441613914112 9638619395820143722806602572496896 336 0 
nomask 3.5859104e+32 0 33093785638315010066688836083122176 336 427 
nomask 4.824287e+30 120499924093192125200053308934324224 0 0 427 
nomask -1.205296e-29 104588326407920887086671175408943104 615133223812569610249497456148480 336 0 
nomask 9.092038e+31 0 32958476325812445988798845404839936 336 427 
nomask 4.8044797e+30 7584278607107493515980010290151424 0 0 427 
nomask -3.013192e-30 1600994762090247817897267301449728 38441676633180915213947732230144 336 0 
nomask 5.6569626e+33 0 126109281347624329179295377260544 336 427 
