nomask 0.99609375 463 185 716 556 
nomask 0.01171875 1 231 43 562 
mask 0.00390625 6 159 18 359 
nomask 0.00390625 9 103 19 249 
nomask 7.813437e+31 78003296978703869862418173212491776 0 0 864 
nomask -1.1904473e-29 16281965867686006975533378699264 19637193630379828662608216935366656 864 0 
nomask 3.5858117e+32 0 251284405394089458607211937792 864 864 
nomask 3.1253754e+32 77464236917052080485748555743494144 0 0 864 
nomask -1.883245e-31 4133958262689317812455544379670528 1230734510251516576178651879524270080 864 0 
nomask 1.4244218e+33 0 4151003391390392315041396637564928 864 864 
nomask 1.9296532e+31 79377527414897909353679954116608 0 0 864 
nomask -1.2003081e-29 15184538472431541341053255680 5018279063236928530808832 864 0 
nomask 1.4243421e+33 0 259445921172677612829498132135936 864 864 
nomask 3.1127488e+32 311134572177247755628859187265536 0 0 864 
nomask -1.2300054e-29 1033505951452888509797720062427136 1244571843654040246162809893683200 864 0 
nomask 5.6826785e+30 0 4185163108834433098346963071401984 864 864 
nomask 2.9781378e+29 4943792891105559075151646904287232 0 0 864 
nomask -4.8012323e-29 4037197649849314856411936587776 79098563809491590417945035920113664 864 0 
nomask 2.2730093e+31 0 1042012456432838000356689394532352 864 864 
nomask 1.9217611e+31 76916611857753485384301979958771712 0 0 864 
nomask -1.896735e-28 1029210918486587882933957550931968 77787829252193809464389510627328 864 0 
nomask 3.625756e+29 0 63526622635429974985311623577600 864 864 
nomask 1.1961874e+30 1270507509494537307291648 0 0 864 
nomask -1.19040895e-29 1037783619408716192128017094410240 317033610034198286589493248 864 0 
nomask 2.2971673e+28 0 245033670381758898144446251008 864 864 
nomask 7.414515e+28 19711730881452123908024561565696 0 0 864 
nomask -7.5235856e-28 4134024066939531075950781986242560 4943791846593650928112039958151168 864 0 
nomask 9.187942e+28 0 4168183523255594822496446683545600 864 864 
nomask 2.9534266e+29 4978019979567675342511861363900416 0 0 864 
nomask -1.8652114e-28 4168050086859329038186659314663424 19639339057839162681960884298842112 864 0 
nomask 5.7215177e+30 0 266755255695568649501847329552990208 864 864 
nomask 3.002799e+29 19580654837291273435786483073024 0 0 864 
nomask -3.047496e-27 255171876367531315542837694562304 1240240842348965126222269906944 864 0 
nomask 9.124593e+28 0 14383892106175430724157440 864 864 
nomask 7.361153e+25 5039768761460450127136161792 0 0 864 
nomask -7.008168e-31 60999325696226844399844196352 315345750421922452969176554274816 864 0 
nomask 1.440361e+30 0 980118106020680720123084931072 864 864 
nomask 4.437769e+21 4943658149069408107042350852734976 0 0 864 
nomask -4.8619316e-29 1033505886170894250607744628293632 313273732565132892743884873924608 864 0 
nomask -3.0020456e-33 0 1037767429474139913014109429301248 864 864 
nomask 7.6612614e+28 1236048757047548921350080291667968 0 0 864 
nomask 3.3300528e+38 16604285138657687490463392545636352 19228618174341400061796738568028160 864 0 
nomask 2.2170142e+37 0 4099730913099224508335428183523328 864 864 
nomask 7.391381e+25 19709633697386547430063740026880 0 0 864 
nomask -1.8449363e-31 58044599554001898408247296 78542315259879333357503512836046848 864 0 
nomask 2.217141e+37 0 61258373765975805402216923136 864 864 
nomask 7.907759e+28 19841758333580186141282229288960 0 0 864 
nomask -1.16084585e-29 242944566875530420505290997760 4975766786772534857488662528 864 0 
nomask 2.272824e+31 0 1033522402515441825671529464070144 864 864 
nomask 1.9533588e+31 19846481077852374416067542384640 0 0 864 
nomask -4.722423e-29 1037784206946664524837796001611776 1244336959038695680631197881335808 864 0 
nomask 9.090056e+31 0 3953898335190168597679665315840 864 864 
nomask 7.78187e+31 305467390552268020582961513949560832 0 0 864 
nomask -7.5021653e-31 255176136017656727688734771773440 4944194505934241611880517693603840 864 0 
nomask 1.4243822e+33 0 1024949114055365183767691013390336 864 864 
nomask 1.2060526e+30 19909928223739918468457136415309824 0 0 864 
nomask -4.8210303e-29 61519497758515845382690308096 1270570132047355894038528 864 0 
nomask 2.2464319e+34 0 15882171794624605467071182012416 864 864 
nomask 3.1127492e+32 1243909696203851846727499776 0 0 864 
nomask -1.2299862e-29 64062440923810841506181132845056 314238226343855680613246828544 864 0 
nomask 2.2572258e+31 0 988474392541699593199285174272 864 864 
nomask 4.7846733e+30 19635041935849045761017907895074816 0 0 864 
nomask -1.21018795e-29 63527675307587404423665498980352 4978287374616160984651239574732800 864 0 
nomask 2.2730714e+31 0 16672467742485801794886015469486080 864 864 
nomask 1.9138383e+31 4909967939728079418040106707058688 0 0 864 
nomask -1.20525764e-29 16398924696908806180381319680229376 1218868233490380858755177640886272 864 0 
nomask 2.2731333e+31 0 4151070762408467799096044663341056 864 864 
nomask 1.9296839e+31 1260198692341457463099260928 0 0 864 
nomask -3.00077e-30 16082197865097084151488099385344 79071580352460682153017999360 864 0 
nomask 5.722602e+30 0 980134617775088073837574619136 864 864 
nomask 1.1961875e+30 78312133428837211353341824598016 0 0 864 
nomask -4.7616358e-29 64328807780886901403446256074752 1252994526553360936793321798369280 864 0 
nomask 1.4404378e+30 0 4168049564603374964666855841595392 864 864 
nomask 4.784672e+30 78565921229003456452620495511093248 0 0 864 
nomask -1.8889693e-28 267846210781199539077876718610939904 78014026205024356253260723922141184 864 0 
nomask 3.5856136e+32 0 4151071023536444835855946399875072 864 864 
nomask 1.21100404e+30 19090633973227543541560726209429504 0 0 864 
nomask -4.7617893e-29 16535827828197730514624142788001792 19582221605153493995196902277120 864 0 
nomask 9.090799e+31 0 4099796978477414808590567526629376 864 864 
nomask 2.8519774e+23 1268390444051048087515299840 0 0 864 
nomask -2.8528588e-30 66688793033653999434669693465526272 1244269588020620196576549855559680 864 0 
nomask 1.4402835e+30 0 3970611290743891456273328111616 864 864 
nomask 7.572009e+25 313231854165815622374643877281792 0 0 864 
nomask -3.1117834e-27 64595174637962961300711379304448 78001141106125454372669436387655680 864 0 
nomask -4.7643773e-32 0 257306907669279558891917172277248 864 864 
nomask 2.9686432e+26 309865571158521983901989170273320960 0 0 864 
nomask 5.0609746e+33 66962622275493827338026692496064512 312056071395716364307775473412210688 864 0 
nomask -4.7480817e-35 0 1071367729841695075214586668950487040 864 864 
nomask 4.6196147e+24 78324708372981387822359824564224 0 0 864 
nomask -7.5347787e-31 66414997216195232236580116711342080 19500815888580702289287687734034432 864 0 
nomask 8.801582e+37 0 15815334252845958230503657046016 864 864 
nomask 1.4042576e+33 309831210894791578887079070181359616 0 0 864 
nomask -4.64346e-29 4151138394554520319910594425651200 307666514279776062947742764387794944 864 0 
nomask 2.272638e+31 0 16808838172701571138929296047865856 864 864 
nomask 4.883474e+30 4944061330665952864330632061255680 0 0 864 
nomask -1.1855553e-29 66962609741350929573551409142431744 1244571713090051727782859025416192 864 0 
nomask 9.026675e+31 0 66416075152484439981454485123760128 864 864 
nomask 4.8440165e+30 77466384433535230799180436999241728 0 0 864 
nomask -7.5021653e-31 266750960662602348874983567041495040 19502430703990697612520026460389376 864 0 
nomask 1.424382e+33 0 66414993038147599648421688926797824 864 864 
