nomask 0.99609375 63 29 174 168 
nomask 1.9296529e+31 21170739402910467650926892023808 0 0 217 
nomask -7.5636747e-31 67474477746426099090837209088 20123817544086046484316815360 232 0 
nomask 3.5864067e+32 0 16089234975069396079217611898880 232 217 
nomask 7.750304e+31 21377372696889589673530228736 0 0 217 
nomask -3.037892e-30 1070669577777035824488610004992 1254180213938079018244806541312 232 0 
nomask 3.5609543e+32 0 235294736828394180685332480 232 217 
nomask 3.1000723e+32 20650653669551453433428920816893952 0 0 217 
nomask -1.8986524e-31 62890915763140697285197824 1258896164509952974135383019225088 232 0 
nomask 1.4244612e+33 0 1001412011185133493996815908864 232 217 
nomask 3.1000723e+32 21315464521806222190204696920064 0 0 217 
nomask -1.9204929e-28 66635265113311618901852815360 20124329920849437840822501376 232 0 
nomask 2.2571015e+31 0 62849586866061219162537066496 232 217 
nomask 1.929684e+31 339732775369369238987757060096 0 0 217 
nomask -3.0130961e-30 4318367671360294367571270959104 79199371605859828433133867368448 232 0 
nomask 9.092534e+31 0 249307930328477422006403334144 232 217 
nomask 1.1961876e+30 1340839502975111616003324248064 0 0 217 
nomask -1.20525764e-29 252654938997239812615831552 19936256041443218298931288997888 232 0 
nomask 3.6115612e+32 0 1042555053168289446103341481328640 232 217 
nomask 7.718612e+31 1336726310094842209368432063807488 0 0 217 
nomask -1.1953969e-29 1070634039608068988973554335744 5073409803765990605979648 232 0 
nomask 9.028408e+31 0 64357993346903116945846138044416 232 217 
nomask 1.9375756e+31 5328725895056480250566908313600 0 0 217 
nomask -7.4712305e-31 271015497383103171219037356032 4984065547491094748802339307520 232 0 
nomask 1.434444e+33 0 63373235918247185511348174848 232 217 
nomask 1.2208688e+30 84682983905778447221892117954560 0 0 217 
nomask -1.8524302e-31 266545579757970581857880768512 78674714196203507894719568936960 232 0 
nomask 5.6975287e+33 0 1001412203326419765755505541120 232 217 
nomask 1.8998707e+28 85257353025158094845199245115392 0 0 217 
nomask -2.9393802e-30 1114621070668401619797120846397440 4984985263781382233730045706240 232 0 
nomask 1.4241046e+33 0 1046870495220276807136831382487040 232 217 
nomask 1.9612816e+31 1364552176812846642888704 0 0 217 
nomask -7.037073e-37 17201955016308872111340224774144 4983273413014891711644548726784 232 0 
nomask 8.92109e+34 0 4022440424595540598426364280832 232 217 
nomask 4.7497512e+27 5365048505764518208128315031552 0 0 217 
nomask -1.8139117e-31 69952140889049911836970777051136 79205651295471952898467555180544 232 0 
nomask 2.288856e+31 0 62326978579175891506628132864 232 217 
nomask 5.3745885e+33 84113049730768055865712400400384 0 0 217 
nomask -2.9144885e-30 1070634245031010993803121131520 5031339669329921137201643520 232 0 
nomask 3.5859115e+32 0 249311933271941416979104006144 232 217 
nomask 1.9533898e+31 5329429263209904787003617050624 0 0 217 
nomask -1.19543525e-29 278664365438355914841134462926848 77264085843045390738867659164614656 232 0 
nomask 2.2725762e+31 0 236319521628172706157428736 232 217 
nomask 4.844016e+30 337471205726524068677046763520 0 0 217 
nomask -7.4711106e-31 17201676736696769568887072096256 78668368922365669335753153314816 232 0 
nomask 9.092535e+31 0 16089238049329976427356646014976 232 217 
nomask 3.0027515e+29 5328724251672944211930373947392 0 0 217 
nomask -1.2052769e-29 17130157780797392132669144301568 314690363627584056453440024346624 232 0 
nomask 1.4344833e+33 0 16022341114348074139261268393984 232 217 
nomask 1.937576e+31 5344069276966390978960162816 0 0 217 
nomask -3.025566e-30 1070669509302721822878754406400 315635518655608777144618975232 232 0 
nomask 3.5863077e+32 0 236315503048210804954365952 232 217 
nomask 7.750304e+31 328085342399876903707223349365047296 0 0 217 
nomask -7.563915e-31 264306230030018933945312215040 19731877919169272591117412743512064 232 0 
nomask 1.4244216e+33 0 1001412011185133493996815908864 232 217 
nomask 3.1127488e+32 1336582148108704804068606701731840 0 0 217 
nomask -1.9204929e-28 1114639161034366333108091149615104 312558220449618872453458919686144 232 0 
nomask 9.028405e+31 0 64894218174369760748732803973120 232 217 
nomask 1.929684e+31 21171298153312720787348576534528 0 0 217 
nomask -3.013096e-30 17201677832285793594644761673728 78670484013644948855408625188864 232 0 
nomask 9.029152e+31 0 3988861044841542962791472693248 232 217 
nomask 2.978138e+29 1340944953418674095180946079744 0 0 217 
nomask -1.20525764e-29 16309330869041781948565946368 79211963777196934410617606897664 232 0 
nomask 9.028903e+31 0 4187345828028524770165782596288512 232 217 
nomask 1.9296839e+31 21096409261987274234744185118785536 0 0 217 
nomask -4.761866e-29 17201674545518721517371692941312 1254509672196939660477962649600 232 0 
nomask 9.028159e+31 0 64894201778313332225324622020608 232 217 
nomask 4.8242094e+30 1336690550069098008637444255121408 0 0 217 
nomask -2.9884924e-30 69667195713325196674034709823488 1241703915581260469252114893242368 232 0 
nomask 3.6113636e+32 0 260647174469020194034232711970816 232 217 
nomask 1.8844564e+28 84113040966055863659650883780608 0 0 217 
nomask -2.9638883e-30 17201676736696769568887072096256 79216185761727279188224459669504 232 0 
nomask 1.4243028e+33 0 4005650606624350932769792065536 232 217 
nomask 1.1777856e+27 334181507406013014693615882993664 0 0 217 
nomask -4.6635653e-29 17907178150951191423320462240776192 78150073182603615879713452457984 232 0 
nomask 8.918542e+34 0 16886660015988394170696487797784576 232 217 
nomask 3.0398408e+29 82019046958321597080022617585352704 0 0 217 
nomask -4.3983138e-38 278664207673536455132027163770880 79466465670775910013522149376 232 0 
nomask 8.921092e+34 0 67546631669172685278800962031452160 232 217 
nomask 1.14077274e+24 1327535983478582621504565231484928 0 0 217 
nomask -2.9147763e-30 1114639090916668795459599016656896 79211963777196934410617606897664 232 0 
nomask 1.4241443e+33 0 64894226372397975010436894949376 232 217 
nomask 8.524065e+31 5329006365846630844535440146432 0 0 217 
nomask -7.271519e-28 264306230030018933945312215040 78135316731817944812349695197184 232 0 
nomask 1.4239853e+33 0 16022339064841020573835245649920 232 217 
nomask 3.0398404e+29 20801161026845225771198347078533120 0 0 217 
nomask -2.976358e-30 290030239886238110708180913003429888 19594335730349286850058773155807232 232 0 
nomask 2.2723908e+31 0 1080711990317220298665819447538745344 232 217 
nomask 3.0027993e+29 21175235700265069360484917968896 0 0 217 
nomask -2.9637923e-30 17907180394717512628072210495438848 19591638906987923319881005606633472 232 0 
nomask 9.092288e+31 0 64625589284858940359931739504640 232 217 
nomask 1.8767196e+28 5309710887014337968930847776047104 0 0 217 
nomask -1.2052768e-29 69092800299808972432543032803328 4932430639793851154492861498523648 232 0 
nomask 1.4243421e+33 0 1038290635643907649916113816387584 232 217 
nomask 7.7503045e+31 331892900817232936734642193563648 0 0 217 
nomask -7.59485e-31 17833652172371632913281905200201728 4917957160348051758369212465152 232 0 
nomask 1.424382e+33 0 66722478252549544754482704424108032 232 217 
nomask 7.750304e+31 5237052124117925095442991162589184 0 0 217 
nomask -7.59473e-31 288858491262913280431200370052562944 77274864741709953455593740201623552 232 0 
nomask 1.4244216e+33 0 67271564081094496604653661175414784 232 217 
