nomask 0.97265625 40 77 169 283 
mask 0.0625 250 60 261 177 
mask 0.01171875 254 54 261 158 
nomask 0.00390625 222 132 238 163 
nomask 4.8242868e+30 95666031624177301004857901056 0 0 347 
nomask -4.7815108e-29 1253180018690956417228057427836928 1957873414128378794850230395207680 263 0 
nomask 9.091543e+31 0 411640573890592313034717777625088 263 347 
nomask 4.8242094e+30 1494421723309858511384724388184064 0 0 347 
nomask -3.025566e-30 19418782087896513818551675518976 125810374325387816526977790115840 263 0 
nomask 1.4243819e+33 0 25727947172115578062159038382080 263 347 
nomask 3.0028006e+29 1504881082933021057978549200224256 0 0 347 
nomask -3.0008182e-30 1213713546305952882423804985344 503241602175866117676992066224128 263 0 
nomask 3.5609546e+32 0 6485680803571728329196619956224 263 347 
nomask 3.112699e+32 378794453103690714097490312822784 0 0 347 
nomask -1.2151567e-29 4875043540378689395548227633152 1985258614719679919532666269990912 263 0 
nomask 1.4243421e+33 0 24603036428020655841435713536 263 347 
nomask 1.9454676e+31 1504595089165263554576632722227200 0 0 347 
nomask -7.5331e-31 19418784571861283807985057923072 499818504539110902876228034756608 263 0 
nomask 3.5863084e+32 0 108010650873750315712117265192189952 263 347 
nomask 1.9454677e+31 95354827088858487035336092286976 0 0 347 
nomask -4.6889282e-32 19499856214024198934719962808320 7917263541800148178683484438528 263 0 
nomask 1.424422e+33 0 103339702111635426991001883901952 263 347 
nomask 1.2552009e+33 381439855712011300734283615830016 0 0 347 
nomask -7.564035e-31 78974882789201186207016704540672 7970541332405914827550500061184 263 0 
nomask 2.2625951e+34 0 1680873395906467998924323426402304 263 347 
nomask 3.1633055e+32 1504718293817855030472399965388800 0 0 347 
nomask -1.1626024e-32 18647258157260612352442630144 31667386010129984944040780496896 263 0 
nomask 1.4244619e+33 0 26049270602192598835686065307648 263 347 
nomask 3.1885101e+32 1515218350719809083942762086137856 0 0 347 
nomask -2.91859e-33 81863975258074540203677437866803200 1972104858653736719129142131425280 263 0 
nomask 5.6572826e+33 0 6696110061023608496120152322998272 263 347 
nomask 5.0612095e+33 23839983530106396327592578777088 0 0 347 
nomask -2.930674e-33 311992731494847204088754596741120 1944127118183524229139588708302848 263 0 
nomask 3.6115636e+32 0 25620980286950486266935829856256 263 347 
nomask 7.8451283e+31 6041073113610246684858159988736 0 0 347 
nomask -4.6696692e-32 78974897692989806143616998965248 503201068253175986227221989687296 263 0 
nomask 5.697846e+33 0 1601337281680472089482854662144 263 347 
nomask 3.0397933e+29 381409213522608711084078278901760 0 0 347 
nomask -1.2003465e-29 1273955343619039560405407628263424 31973921598523157442365227008 263 0 
nomask 9.028904e+31 0 103769247641333419277189210177536 263 347 
nomask 7.7818705e+31 1494667019798824507910103557472256 0 0 347 
nomask -3.0008182e-30 317201943436723764454595993010176 124095469528934958916006790037504 263 0 
nomask 3.5861096e+32 0 25728371585358493005783328882688 263 347 
nomask 4.82421e+30 5852663581001962686226393408208896 0 0 347 
nomask -3.0008182e-30 77675138287445135231940231692288 499845299926555478776399456632832 263 0 
nomask 3.6115616e+32 0 103343044980421320755455755026432 263 347 
nomask 1.9454676e+31 95995769486388400509864585986048 0 0 347 
nomask -1.9205544e-28 1203559175950135140926330241024 499818504539110902876228034756608 263 0 
nomask 3.5859107e+32 0 416795251339861784930316825133056 263 347 
nomask 1.9376067e+31 1520482496784556345622572040192 0 0 347 
nomask -1.20034645e-29 1263578093935313784521471566020608 7886049275099301415288098332344320 263 0 
nomask 1.434404e+33 0 25620981925611655822702719008768 263 347 
nomask 4.8242097e+30 376220270733255264494637300056064 0 0 347 
nomask -7.5949696e-31 19500175403497142576909601734656 506664490063991629339594286170112 263 0 
nomask 8.921334e+34 0 6695894858929533076366133701902336 263 347 
nomask 4.8242112e+30 381460204351407054172552270184448 0 0 347 
nomask -1.20032726e-29 19581253255571982677227962630144 31667372900840628497905667276800 263 0 
nomask 1.4243422e+33 0 6405453591371447538070602121216 263 347 
nomask 3.1127486e+32 378835150382482220974027621531648 0 0 347 
nomask -7.5948497e-31 315899570900241064659000936628224 7971171397625609019919379202048 263 0 
nomask 3.6116607e+32 0 103341373546028373873228819464192 263 347 
nomask 4.863746e+30 5977197254103973728430558057332736 0 0 347 
nomask -7.502285e-31 19337390014278270054910440505344 499845509675185181914561268154368 263 0 
nomask 3.586308e+32 0 26783151548513537903614439303675904 263 347 
nomask 4.843862e+30 24002129298396996570495770951680 0 0 347 
nomask -1.8601639e-31 1253159590564688024127920536551424 496341501504521981567878442254336 263 0 
nomask 1.4243426e+33 0 415077095439648528677837746470912 263 347 
nomask 3.1380515e+32 378804508193079631323822284603392 0 0 347 
nomask -1.1770844e-32 4854853564232619032336874340352 501527818223653236210573246464 263 0 
nomask 2.217271e+37 0 1660308067135649560004108268601344 263 347 
nomask 4.9228587e+30 6041710250573748974520746639360 0 0 347 
nomask -1.16747344e-32 1263578014448441144859603329089536 126666135625287263781033684762624 263 0 
nomask 1.4244222e+33 0 1674000562556985270776245300232192 263 347 
nomask 3.439637e+35 23745366549848674581806885527093248 0 0 347 
nomask -2.9308612e-33 20299623338818954939634841464864768 124102220812953528675590098386944 263 0 
nomask 3.542472e+35 0 1653435024037537128717868330909696 263 347 
nomask 3.163256e+32 1483921348460413899266889319710720 0 0 347 
nomask 3.2096984e+38 313294964929302784476080238493696 7917264361130732956566929014784 263 0 
nomask 1.4245029e+33 0 6641124877244190233277585575378944 263 347 
nomask 1.961251e+31 6058768490512156097425440768 0 0 347 
nomask -1.16262114e-32 81199780406717601163509858247376896 31447533395655365923590744571904 263 0 
nomask 5.6571235e+33 0 1581254669716981388372846051328 263 347 
nomask 1.2356469e+30 95354827088858487035336092286976 0 0 347 
nomask -7.502285e-31 315899690130550024151803292024832 124431089150317469101274052893343744 263 0 
nomask 5.6973696e+33 0 416788565602289997401409082884096 263 347 
nomask 7.8134384e+31 94062738166523543493944188862464 0 0 347 
nomask -1.8755713e-31 5033393974442420603545709587726336 124964694069003476350823961722880 263 0 
nomask 1.4243028e+33 0 6641018744437560445367708945481728 263 347 
nomask 1.9454676e+31 1510347454779605084403604127744 0 0 347 
nomask -7.5331e-31 1253159670051560663789788773482496 496341449067364555783337989373952 263 0 
nomask 1.4243424e+33 0 25514008485801885804411953872896 263 347 
nomask 1.9533596e+31 1483921348460413899266889319710720 0 0 347 
nomask -1.2003656e-29 78000736389495350159705760595968 31112074651471838045293591153082368 263 0 
nomask 8.985475e+34 0 26893118560094299179088983814569984 263 347 
nomask 7.781872e+31 23746017706309338691831482466435072 0 0 347 
nomask -1.8910387e-31 20383293128644406374025872797597696 1999327923554277318012497700061184 263 0 
nomask 1.4344838e+33 0 6668511336327269576788992319291392 263 347 
nomask 1.9375758e+31 368426741844681697637742682308608 0 0 347 
nomask -1.9064761e-31 20050231686174563034804105487843328 122377143207960068863771239514112 263 0 
nomask 8.856938e+34 0 26343709711406049578461062271860736 263 347 
