mask 0.14453125 0.3082429766654968 0.12173524498939514 0.7389631867408752 0.7193652391433716 
mask 0.01171875 0.4185241758823395 0.07249784469604492 0.9509096145629883 0.8235641121864319 
mask 0.01171875 0.7118740081787109 0.0 0.9981077909469604 0.8162956833839417 
nomask 0.01171875 0.2843989133834839 0.11185714602470398 0.6938382983207703 0.4653187096118927 
nomask 0.00390625 0.8503708839416504 0.0163591206073761 1.0 0.8698712587356567 
nomask 0.00390625 0.07244953513145447 0.8031639456748962 0.7765846252441406 1.0 
nomask 0.00390625 0.834507942199707 0.8259947299957275 1.0 1.0 
mask 0.00390625 0.08443211019039154 0.166261225938797 0.5245165228843689 0.7511746883392334 
nomask 0.00390625 0.31297340989112854 0.31297340989112854 1.0 1.0 
nomask 0.00390625 0.1760980188846588 0.29236042499542236 0.8734675645828247 0.6764283776283264 
