nomask 0.5 54 13 127 174 
nomask 1.9533596e+31 16444678253841420815687181402112 0 0 281 
nomask -3.025566e-30 13271981653654530825903159640064 6454188226941186203324958900224 179 0 
nomask 2.2464957e+34 0 20921754783500281795592987869184 179 281 
nomask 7.750305e+31 65344233727171582154549357445120 0 0 281 
nomask -1.8987124e-31 863547280859666056975536986521600 6386283677147172287638276086431744 179 0 
nomask 3.5864075e+32 0 5186957047233907731520144015360 179 281 
nomask 1.9375759e+31 16047836913185656320950341591891968 0 0 281 
nomask -1.8986825e-31 12691482362975960758956851200 6387156047690012760967777460682752 179 0 
nomask 5.657122e+33 0 80372043656982285066197532672 179 281 
nomask 7.781872e+31 65339013132135303830287035662336 0 0 281 
nomask -1.2052768e-29 53529361060836592619718480756736 6515402308506667785828433920 179 0 
nomask 3.5862082e+32 0 20921753456515300109222682820608 179 281 
nomask 3.1127486e+32 258692857179042314991339307008 0 0 281 
nomask -7.59473e-31 53530253701438650571535354429440 6430983835055708441294471113474048 179 0 
nomask 9.029152e+31 0 5187041310780244816034514599936 179 281 
nomask 4.8044804e+30 4096494132691936660953811518488576 0 0 281 
nomask -3.0255662e-30 53308669196835370971660357206016 6387156727106323384389373645553664 179 0 
nomask 1.4243819e+33 0 21867054722393461478505841394974720 179 281 
nomask 7.750304e+31 4097050274836733978813051600633856 0 0 281 
nomask -4.8408288e-29 12745362212585634012877291520 1639508411217249799755530240 179 0 
nomask 1.4243023e+33 0 20921746821590391677371157577728 179 281 
nomask 7.7503045e+31 1051120065100438249001713664 0 0 281 
nomask -7.563915e-31 53530253701438650571535354429440 1607658823622089656503907068674048 179 0 
nomask 2.2731957e+31 0 83685660301379880339179581734912 179 281 
nomask 4.8242097e+30 1024123533172984165238452879622144 0 0 281 
nomask -7.5020454e-31 205653714831475369502593515520 404741290075312917785354637934592 179 0 
nomask 3.586407e+32 0 21008035347009529592827246280704 179 281 
nomask 1.20110075e+30 4097050707632177400850296145444864 0 0 281 
nomask -1.9296771e-31 13929547314264874037909414981140480 6387679877665503419018435996155904 179 0 
nomask 5.585039e+36 0 5466851325302435791012368197091328 179 281 
nomask 7.781874e+31 16493329411991267841633419264 0 0 281 
nomask -7.2431275e-37 3318048667540460027464864759808 411486473170634353554466275328 179 0 
nomask 2.2013062e+37 0 4760949475025174128492544 179 281 
nomask 1.9533603e+31 64888878821261171218632648163328 0 0 281 
nomask -7.6878934e-31 214117538917349619049521167204352 407513223695617649970089388146688 179 0 
nomask 5.616399e+33 0 336128629247431594431010582822912 179 281 
nomask 1.3266817e+36 259590301218809731118060881838080 0 0 281 
nomask -1.19543525e-29 3331844444951337681467977236480 1635373803333442101997543096320 179 0 
nomask 1.4242629e+33 0 83685654993439953593698361540608 179 281 
nomask 7.8135618e+31 4069020277943505736670106915700736 0 0 281 
nomask -4.7081875e-32 13986055684130715752780652775211008 6313010606506732803893425848916639744 179 0 
nomask 1.4345235e+33 0 337514702216382495433002361815040 179 281 
nomask 4.8439394e+30 65332054592896533887714588622848 0 0 281 
nomask -1.883275e-31 3032724050995786882744320 6497331162665773474682698203136 179 0 
nomask 1.4243822e+33 0 1302194580004750956602234765312 179 281 
nomask 1.9454679e+31 65342482258111483597575340163072 0 0 281 
nomask -1.205296e-29 856456306215208971006259234865152 25644189126776285846090708680704 179 0 
nomask 8.985475e+34 0 20921754783500281795592987869184 179 281 
nomask 1.9375762e+31 260430854213008960405620391936 0 0 281 
nomask -1.9064761e-31 13327381161019752460537881952256 1618833863099223694917955825434624 179 0 
nomask 9.029154e+31 0 20834792149710447204021934489600 179 281 
nomask 1.9296838e+31 3992411187664642850399911526401048576 0 0 281 
nomask -7.5331e-31 214997006308098412607764007223296 25372625471990917419908996142202880 179 0 
nomask 5.6165575e+33 0 338900626563015447561519975366656 179 281 
nomask 1.9375761e+31 64897568542273629310183274446848 0 0 281 
nomask -3.0008661e-30 829511955559214898449592877056 103793648667038201940017152 179 0 
nomask 3.5862082e+32 0 20922090510700648447280165158912 179 281 
nomask 3.1126989e+32 4111712671023633834643709493248 0 0 281 
nomask -1.8987124e-31 214121014805754602286141417717760 101177105827821627441409798701056 179 0 
nomask 3.586308e+32 0 321483011826984766730322051072 179 281 
nomask 1.929684e+31 257803613429502705863268765794304 0 0 281 
nomask -7.59473e-31 214117552442207225988185059229696 6431682954439339942116945345642496 179 0 
nomask 5.697528e+33 0 21866708220075043533491787110809600 179 281 
nomask 3.1127486e+32 16276531219035181865414754266251264 0 0 281 
nomask -1.2052768e-29 867065042223800375699197210394624 1607833773322075187564924672933888 179 0 
nomask 3.5862082e+32 0 5252094427283701169091487203328 179 281 
nomask 7.750304e+31 65107720157186618489424576512 0 0 281 
nomask -7.563915e-31 3331844867603137898301223862272 25641455537714011923262308614144 179 0 
nomask 3.586308e+32 0 5187040647287753972849362075648 179 281 
nomask 1.9375758e+31 16113591430230763190943387484160 0 0 281 
nomask -7.53298e-31 3290405126547278048969304834048 407513138768578822042389865037824 179 0 
nomask 9.0294e+31 0 20834788168755502144911019343872 179 281 
nomask 1.9375758e+31 16274748101808283071967229644898304 0 0 281 
nomask -1.883275e-31 3468205420271608615085353922985984 100775266749444181296900247262330880 179 0 
nomask 1.424382e+33 0 21956108535892115840804177164894208 179 281 
nomask 3.1253754e+32 253120629751918419802506012255059968 0 0 281 
nomask -7.3866357e-34 53307786699876518223841402552320 25646232683648082856360483487744 179 0 
nomask 3.5428782e+35 0 1338927082178198186444717476020224 179 281 
nomask 7.813316e+31 65111094767653974767378104320 0 0 281 
nomask -1.8910387e-31 856456252115778543251603666763776 102565843382615754674974115233792 179 0 
nomask 1.4244218e+33 0 20834455095525098865964452151296 179 281 
nomask 8.1947847e+34 16334749901819424222905785909248 0 0 281 
nomask -7.502285e-31 822601440131244593554793693184 1607789611261884665161172656324608 179 0 
nomask 3.5862086e+32 0 83685654993439953593698361540608 179 281 
nomask 7.813438e+31 254964407588167245990226034318901248 0 0 281 
nomask -1.8909787e-31 898709751421239350550989846859481088 400273695044774053670882341925421056 179 0 
nomask 1.4243822e+33 0 351292236019823046231624121923403776 179 281 
nomask 1.9375758e+31 64902775612452300695781704204288 0 0 281 
nomask -7.5331e-31 213231214423794107588685070336000 6386806148290041698845742252163072 179 0 
nomask 1.424382e+33 0 20747826861950649239710271012864 179 281 
nomask 1.9533596e+31 16159956900758569289522120331624448 0 0 281 
nomask -1.2003657e-29 53529401635409413435710156832768 25015706342698494105942005536260096 179 0 
nomask 2.2625946e+34 0 21777999550062185869364313255313408 179 281 
nomask 1.937576e+31 1017199347072535846872291584507904 0 0 281 
nomask -1.8987725e-31 13816313311220592745470177897873408 101891926097756441397333365620736 179 0 
nomask 9.028906e+31 0 5422412063257179031249108160479232 179 281 
nomask 4.8242094e+30 1003073011998101406719660089409536 0 0 281 
nomask -7.5331e-31 13759589409223926856051156787920896 1574656176333556952469226964123648 179 0 
nomask 5.656963e+33 0 21511196841378231949072091557396480 179 281 
