nomask 0.98828125 35 37 125 190 
nomask 0.01171875 13 73 26 94 
nomask 0.00390625 4 12 34 161 
nomask 0.00390625 0 10 18 172 
nomask 1.9296533e+31 890273823992826414454657777664 0 0 225 
nomask -3.025566e-30 742928063924617493586819590127616 20530870559842570864323408691200 154 0 
nomask 3.5863077e+32 0 4118576362712186961109450752000 154 225 
nomask 7.750304e+31 875108568811620965470674136072192 0 0 225 
nomask -7.6256646e-31 736839736389405647519825193336832 1269759133084937511788902298419200 154 0 
nomask 1.4142804e+33 0 269137805724053098430737888051200 154 225 
nomask 7.750305e+31 887261952060017075993049835765760 0 0 225 
nomask -4.7661905e-32 11418352931077082386531209969664 5203172042228519813917546905600 154 0 
nomask 3.5427756e+35 0 270256286891841215012453272780800 154 225 
nomask 5.020805e+33 55836646932460729597377783005184 0 0 225 
nomask -1.2060295e-32 736851418844063493488854966468608 82136589639780136444548769382400 154 0 
nomask 8.986747e+34 0 4153324892973505635614824857600 154 225 
nomask 1.2552012e+33 223316683438537476018588306374656 0 0 225 
nomask -1.1963811e-32 704734041261308687151056027648 326326838756385439936325615616000 154 0 
nomask 1.4171508e+36 0 4341718568470158334819539143884800 154 225 
nomask 1.2602521e+33 218801042364127567682795181441024 0 0 225 
nomask -1.186714e-32 184209875917796342925927265599488 5098856324302293176170001203200 154 0 
nomask 2.2467503e+34 0 1081007875039717116035479476633600 154 225 
nomask 5.0208047e+33 3561374921457855818120669691904 0 0 225 
nomask -1.1915288e-32 184972446981996137175265126121472 81570778355161813329340740403200 154 0 
nomask 1.4245013e+33 0 4153392895050858958505902080000 154 225 
nomask 7.781871e+31 221821445601443329890835410976768 0 0 225 
nomask -1.8909787e-31 2854635503657764121781391589376 1287446065392072675820741381324800 154 0 
nomask 1.4244218e+33 0 67285526713861424025899630592000 154 225 
nomask 7.813439e+31 56599229632571537637521450074112 0 0 225 
nomask -1.1904666e-29 2971665153530686149165373458481152 81586070322306641814471730790400 154 0 
nomask 5.7617525e+30 0 4359545993069105463944343768268800 154 225 
nomask 7.81356e+31 13959536991245377152831706890240 0 0 225 
nomask -4.6501848e-32 2983913765074819123642469938364416 5149504093009595012971727369011200 154 0 
nomask 9.0922895e+31 0 257415272799346267750032998400 154 225 
nomask 1.9454982e+31 55829176677589875900049979867136 0 0 225 
nomask -1.8446366e-31 44046601982471567521032962048 20533055126577546362199264460800 154 0 
nomask 2.273196e+31 0 67008078238259866630304563200000 154 225 
nomask 4.8833978e+30 14000974529921735653281448316633088 0 0 225 
nomask -7.4712305e-31 46053202041842954552247628857344 327382852578397318922895360000 154 0 
nomask 9.029153e+31 0 4188140894045948310176189644800 154 225 
nomask 3.125375e+32 221839411448048622895000719458304 0 0 225 
nomask -3.0008661e-30 12033077237242324622980649530163200 80694167860131001199806404309811200 154 0 
nomask 3.5860105e+32 0 1085464595185299191670898478284800 154 225 
nomask 7.781871e+31 887261952060017075993049835765760 0 0 225 
nomask -1.8909787e-31 2842720512590751927116828246016 5149784805584909529866094143078400 154 0 
nomask 1.4244218e+33 0 1085446846643109974396327323238400 154 225 
nomask 1.937545e+31 3537264586592842906564141514752 0 0 225 
nomask -3.025566e-30 11513486685036959290954811965440 327365785650780322845740236800 154 0 
nomask 5.656804e+33 0 4377370697584958460153505303756800 154 225 
nomask 7.7503045e+31 890343912175573545011508150272 0 0 225 
nomask -7.59485e-31 11513675041346495029623805444096 326256932620866224004298230988800 154 0 
nomask 1.424382e+33 0 4135984097615293636972589875200 154 225 
nomask 1.937576e+31 55232205990648946137258743178461184 0 0 225 
nomask -7.59473e-31 184972481889729178547682545762304 20458201924933472881499625750528000 154 0 
nomask 5.6571217e+33 0 270251951759409940678147099852800 154 225 
nomask 7.7503045e+31 3500339326212611328907315121225728 0 0 225 
nomask -4.7469312e-32 184972446981996137175265126121472 81583877255311997151234490368000 154 0 
nomask 3.5427756e+35 0 16682661690794411891358066278400 154 225 
nomask 5.0410082e+33 14053739872324150792790785130496 0 0 225 
nomask -3.0150738e-33 745978394725060725747394258403328 1296324416611322512479783537868800 154 0 
nomask 8.986748e+34 0 269142191858042387757212368896000 154 225 
nomask 1.2552011e+33 3500051500317774199534884376018944 0 0 225 
nomask -1.1963811e-32 45673420451241589889229194788864 1296499045945965845664069844992000 154 0 
nomask 1.4067664e+36 0 281279327475877478057503040628326400 154 225 
nomask 1.2602521e+33 3525123630497409524622367207194624 0 0 225 
nomask -1.8987124e-31 736851511931351603815301418844160 1287480882455677577140972919193600 154 0 
nomask 2.246623e+34 0 1085481867712946935685232092774400 154 225 
nomask 1.2501503e+33 3500338953863458887601529311723520 0 0 225 
nomask -4.746781e-32 11466016531567322974816277889024 1287515835523437185106986611507200 154 0 
nomask 9.029402e+31 0 67285530963991258608580322918400 154 225 
nomask 1.20605235e+30 881209323499795540118269924999168 0 0 225 
nomask -7.5331e-31 11984080556970878077237548753616896 20315034159390118652707542034022400 154 0 
nomask 5.697528e+33 0 281283784060018905426492677475532800 154 225 
nomask 1.9454679e+31 3500912371558218498511675945123840 0 0 225 
nomask -1.1855554e-29 770080387433118698233933936241672192 80698633148538329794126099041484800 154 0 
nomask 9.091543e+31 0 70322060161040083198870578580684800 154 225 
nomask 1.9375753e+31 3500433902897331420576910734786560 0 0 225 
nomask -1.8089847e-34 184212831439193845790602128523264 1300861012634483276370463948800 154 0 
nomask 3.5864094e+32 0 69752718480573884972449384523366400 154 225 
nomask 1.2109846e+30 56225402719431480419374516404224 0 0 225 
nomask -1.8446966e-31 2996067241410503344491292090433536 1296254374471648589901973998796800 154 0 
nomask 9.029154e+31 0 16752026997292177177267352371200 154 225 
nomask 7.971274e+31 3476127322575115420185052240150528 0 0 225 
nomask -2.9762144e-30 2971713931269655960223314503270400 320485917557703127335911814699417600 154 0 
nomask 3.58611e+32 0 4323962682056586901376147757465600 154 225 
nomask 7.8134375e+31 217817534020660624011736501784150016 0 0 225 
nomask -4.6889285e-32 770080387433118698233933936241672192 320512726696678901352490098858393600 154 0 
nomask 5.656806e+33 0 1125117449171764331835293088664780800 154 225 
nomask 7.8135627e+31 14151299713730403080225052164096 0 0 225 
nomask -1.883275e-31 47741107014241584511565989196857344 20313352060004706857673855860736000 154 0 
nomask 1.4244615e+33 0 67009196022406361875326645043200 154 225 
nomask 1.9533596e+31 55223019392359914240911251139985408 0 0 225 
nomask -3.025566e-30 739901889275438891139099313307648 20315593408474272380163761111040000 154 0 
nomask 5.6973696e+33 0 280142881111281696514485528821760000 154 225 
nomask 7.7818715e+31 3476414403771647666945911366352896 0 0 225 
nomask -1.8910088e-31 191739188343020450881806077173694464 1278742207503311465700203377459200 154 0 
nomask 1.4345234e+33 0 279002065205203499855778959012659200 154 225 
nomask 1.9375759e+31 219367078423114605926391034364821504 0 0 225 
nomask -7.563915e-31 192523135227363595613695689598435328 80696396152201714884301222733414400 154 0 
nomask 5.6571217e+33 0 70036847480254632808863878243942400 154 225 
