nomask 0.99609375 66 62 249 365 
nomask 7.7501783e+31 7272835833799644846018609859788800 0 0 428 
nomask -1.2101494e-29 369190361500914280126060953600 2491083921634652204479906054144 320 0 
nomask 2.225534e+31 0 2030917559606494239441029018157056 320 428 
nomask 1.9217614e+31 1849967991303592719098744668160 0 0 428 
nomask -3.013096e-30 23924131199014724186608909680640 156212957350612941362803597377536 320 0 
nomask 5.603604e+30 0 7521975874945994260761018368 320 428 
nomask 1.9138384e+31 114433412199843915253079972249600 0 0 428 
nomask -3.0377475e-30 21780227813383870275911680 157280977425785297241366482386944 320 0 
nomask 2.241442e+31 0 123959352278273414888719122432 320 428 
nomask 1.9138075e+31 1831034597541301166174611250872320 0 0 428 
nomask -1.912635e-28 1489068877531311989860178329600 9728215789733750966054096570679296 320 0 
nomask 9.028158e+31 0 2090093878849423808686825679093760 320 428 
nomask 1.9296839e+31 1862395937623890421800532705280 0 0 428 
nomask -1.20032726e-29 94904231081658057224208452157440 9896031160501524057545045442560 320 0 
nomask 9.028408e+31 0 1966890215310384085138076073984 320 428 
nomask 2.9904688e+29 29199463374090649821388451348480 0 0 428 
nomask -1.20034645e-29 90367860244543028972560056320 9764609448558860493016614830080 320 0 
nomask 9.0286555e+31 0 32900017629771742941889671028801536 320 428 
nomask 1.2060524e+30 116804043196559026186928301015040 0 0 428 
nomask -2.9884922e-30 1482902411377980807140134092800 2497250596992507927139975168 320 0 
nomask 2.2730098e+31 0 2081682953962624689939666966675456 320 428 
nomask 1.9375754e+31 29093732559474400168004994748907520 0 0 428 
nomask -1.8523402e-31 96878751488947336835818428825600 9831620423968957600174257995776 320 0 
nomask 3.586209e+32 0 8065603462233346048065145929728 320 428 
nomask 1.9375756e+31 7448807771235096547100616294400 0 0 428 
nomask -7.4404156e-31 1470547945080156556117871165440 9698898087294315043700361658368 320 0 
nomask 9.029153e+31 0 31601152789590150535971252207616 320 428 
nomask 1.21098485e+30 116014880600030988554263603445760 0 0 428 
nomask -1.18058655e-29 24598147117109345272807450633830400 608063159202435761261911363026944 320 0 
nomask 9.188187e+28 0 516198718599231171150160609673216 320 428 
nomask 1.9375748e+31 1854919544562052709472010240 0 0 428 
nomask -4.592182e-32 401664179162202840555448170195189760 9795236199978733664407390760468480 320 0 
nomask 2.2729486e+31 0 2064761888855936499443610580680704 320 428 
nomask 7.4761706e+28 116822721100472072207677511434240 0 0 428 
nomask -1.1558388e-29 96880311003254639707453799792640 155161624078528726210739181715456 320 0 
nomask 3.6506126e+29 0 30604818457365371277780451328 320 428 
nomask 1.2208492e+30 7300641822783127595448627363840 0 0 428 
nomask -7.5873084e-28 94904255260174449516791946280960 154118521022308720002267518861312 320 0 
nomask 9.027911e+31 0 7900546402229721497584162308096 320 428 
nomask 4.8242094e+30 114452053835982372834953941483520 0 0 428 
nomask -7.6504173e-28 23825488896763268519098759249920 9565655298609595423627463884800 320 0 
nomask 2.2726993e+31 0 115515621596210612938997760 320 428 
nomask 3.0028482e+29 1830835753422490951967955579043840 0 0 428 
nomask -1.20032726e-29 1543747109907195364993113186631680 38642649746521797418301699641049088 320 0 
nomask 5.7619067e+30 0 2056317331652835701712811542446080 320 428 
nomask 4.824209e+30 116807162225173631930199042949120 0 0 428 
nomask -4.801232e-29 5931710137470678694610683822080 9727681812034930462806145551564800 320 0 
nomask 8.965271e+31 0 127464271662606050313533447471104 320 428 
nomask 4.804403e+30 116024201418100217345200588062720 0 0 428 
nomask -7.5020454e-31 381201560112466692526455170007040 38792471658289652461415589478400 320 0 
nomask 2.241442e+31 0 507729551595451933316909371490304 320 428 
nomask 1.9217612e+31 112059650085256002429669154488320 0 0 428 
nomask -7.5636747e-31 1399955966257107969496842240 39186243183283076085206131293552640 320 0 
nomask 3.5610537e+32 0 495845556966164040768987070464 320 428 
nomask 1.9217305e+31 1831034597541301166174611250872320 0 0 428 
nomask -1.20034645e-29 1531095169277567640242976184074240 155194803652110959515753580068864 320 0 
nomask 3.5861092e+32 0 511976504675212121667421937336320 320 428 
nomask 7.7503035e+31 7273430818731026381913233251368960 0 0 428 
nomask -3.0255178e-30 95301943497794877930103289937920 39062589283278930471609562038272 320 0 
nomask 3.6115612e+32 0 127464263577914631640700841623552 320 428 
nomask 3.0028e+29 7350158668775905547301358141440 0 0 428 
nomask -1.205296e-29 1518443518790136623003841110999040 2465963083569292082942274179170304 320 0 
nomask 1.4344833e+33 0 33035660383358169848340112465723392 320 428 
nomask 4.82421e+30 28894068305388159396917202250629120 0 0 428 
nomask -4.7420677e-29 5931515575971584465227879546880 9765387600107907753154927656960 320 0 
nomask 2.2728857e+31 0 33306927263401995039034671466807296 320 428 
nomask 4.824209e+30 115238121582412197016931391242240 0 0 428 
nomask -1.1904473e-29 95696542929946190965873259315200 154122676553697917838226924503040 320 0 
nomask 5.7218284e+30 0 2047872774449734903982012504211456 320 428 
nomask 1.1633347e+27 7350742731062506865021388062720 0 0 428 
nomask -4.7620195e-29 1537433325564643218080125723607040 155174058333930645027286975250432 320 0 
nomask 1.4242231e+33 0 126934449495174744901541833998336 320 428 
nomask 4.7111423e+27 1818357511254625457137640359854080 0 0 428 
nomask -1.833657e-28 98796658286960325639858251177656320 9661457194135670568711910148014080 320 0 
nomask 3.6251756e+29 0 528562088720341691289319290248888320 320 428 
nomask 7.506996e+28 454614281685540425645409037189120 0 0 428 
nomask -1.7788042e-34 1537433035422446510569123794124800 9832135823046897993252880777216 320 0 
nomask 9.188194e+28 0 8259046003162993612590581999992832 320 428 
nomask 1.795131e+25 116030403207554840392866830745600 0 0 428 
nomask -1.8335954e-28 24699947568814929412988436490485760 156229579476169732706641219944448 320 0 
nomask 3.675081e+29 0 122417284237432671093722710016 320 428 
nomask 3.1014467e+29 115219479946273739435057422008320 0 0 428 
nomask -4.693926e-26 94509686051168626846751344558080 9660658297268442994085130716315648 320 0 
nomask 2.272513e+31 0 505610165909429687594951647428608 320 428 
nomask 3.0028476e+29 7173012217594294547464103542128640 0 0 428 
nomask -1.2190377e-26 6400566743240241051644214279258767360 151332227071479149138408283138162688 320 0 
nomask 2.288235e+31 0 526383459709154038037679132261744640 320 428 
nomask 1.853629e+28 116033510146911249989845825617920 0 0 428 
nomask -1.1904473e-29 6200242416430203217580394880696320 38909671710828099926199562749870080 320 0 
nomask 5.722138e+30 0 128521910993996830275030424223744 320 428 
nomask 3.0027995e+29 460890395899553380713312655769600 0 0 428 
nomask -7.6818484e-28 367649075528235285321214853120 616490706214791671352907698012160 320 0 
nomask 2.257039e+31 0 2047839142133433224998372178395136 320 428 
nomask 1.1961683e+30 1805829944913319685436997128683520 0 0 428 
nomask -1.200308e-29 24497128115053560028924994849341440 153079589666860748975420473344000 320 0 
nomask 8.965519e+31 0 526391937122543064321801641464430592 320 428 
nomask 1.9138385e+31 1793202956512608806633026061598720 0 0 428 
nomask -3.0378438e-30 6124282415619652283912584618311680 608062965169841713113928822685696 320 0 
nomask 3.5609546e+32 0 8123541400783528987503709286039552 320 428 
