nomask 0.85546875 1587 1094 2021 1480 
nomask 0.01171875 3940 269 4016 516 
nomask 0.00390625 1671 1012 2087 1406 
nomask 5.664787e+27 0 55820686561563915742663246086144 4032 3024 
nomask 7.321791e+28 23524898960060889128446722048 0 0 3024 
nomask -1.8966426e-28 4632376269092145649533767909376 70099795673501231814077841408 4032 0 
nomask 3.5762364e+29 0 3293226664142048824790089728 4032 3024 
nomask 1.18133224e+30 22751578228985071512253267722633216 0 0 3024 
nomask -4.78128e-29 17411254541875939645587456000 274121770456103333636919382769664 4032 0 
nomask 3.601094e+29 0 55819733342444615539037571121152 4032 3024 
nomask 2.9409996e+29 23228256905946595242477241107480576 0 0 3024 
nomask -1.9179283e-25 72076211303703862922711138304 1116954400994055272685109248 4032 0 
nomask 3.600415e+29 0 225147085758808175086594827485184 4032 3024 
nomask 2.9781374e+29 1466636503369725286380271042560 0 0 3024 
nomask -7.6501707e-28 74115606911749060963135955927040 17362914818925697437283739762688 4032 0 
nomask 3.576044e+29 0 53145929977160583798054715392 4032 3024 
nomask 7.05999e+25 5825868785855480533497352814592 0 0 3024 
nomask -1.2240076e-26 1088240597503298826305273856 274092467000930239736696386093056 4032 0 
nomask 3.600706e+29 0 58114040167882135381302304302956544 4032 3024 
nomask 2.9533302e+29 92619329850515098103655237156864 0 0 3024 
nomask -4.8555627e-26 1153200265900330771156964474880 4446667332148695228481536 4032 0 
nomask 3.6006087e+29 0 56986862686355719167107917676544 4032 3024 
nomask 1.191255e+30 5919007813172223991615586304 0 0 3024 
nomask -7.58694e-28 74739514411112648423877988319232 4398992884607751412395899092992 4032 0 
nomask 3.6008996e+29 0 3474283540610007130694744014848 4032 3024 
nomask 1.8459222e+28 1466292434108966645464823758848 0 0 3024 
nomask -4.8012323e-29 4390894798786845730400108544 1096252425696048676180979538198528 4032 0 
nomask 2.273009e+31 0 56052793632058984800789209284608 4032 3024 
nomask 7.3835688e+28 92611999226576409895997112582144 0 0 3024 
nomask -7.713649e-28 19291796695702899923969083711684608 69000240405587452868068122820608 4032 0 
nomask 3.5858105e+32 0 900588914252682468258664358608896 4032 3024 
nomask 4.8044807e+30 5928743940635126793240576 0 0 3024 
nomask -1.2052576e-29 303929934327230502224575560941568 69438821163519255920528490233856 4032 0 
nomask 2.2572255e+31 0 12697469798700638105763840 4032 3024 
nomask 7.4145173e+28 5865475575778763151561914843136 0 0 3024 
nomask -4.8012323e-29 17791766341676373760567934976 279678488124828119159030069329920 4032 0 
nomask 5.682368e+30 0 56053711150087674509897068707840 4032 3024 
nomask 1.9375755e+31 367932774150324250349643151441920 0 0 3024 
nomask -3.0347758e-27 75049019065978562230326858350592 1109786182443834734932918272 4032 0 
nomask 1.4403213e+30 0 14071923131959948632552086962176 4032 3024 
nomask 1.1912356e+30 92000330061074099955962247905280 0 0 3024 
nomask -4.781434e-29 1205757171848683168595587425632256 4265920917934700908547487697993728 4032 0 
nomask 5.70393e+27 0 50789010990866387938836480 4032 3024 
nomask 1.8304476e+28 367844654338406720414469643567104 0 0 3024 
nomask -3.0347267e-27 4213968532655480229593088 4385011530680033962043230308532224 4032 0 
nomask 3.6009e+29 0 3474167065801890392330370809856 4032 3024 
nomask 2.9657096e+29 370418712491714204614174955274240 0 0 3024 
nomask -7.704025e-25 18684565623217143437363314163712 70255900075874362847133696 4032 0 
nomask 9.062932e+28 0 225150798672231666516447643828224 4032 3024 
nomask 4.576195e+27 23567392442463605829402624 0 0 3024 
nomask -7.586817e-28 4710138599605394283513690193920 4398533679329773926660496687104 4032 0 
nomask 9.063903e+28 0 52918328551649421384770125824 4032 3024 
nomask 1.8381849e+28 22591854253356314607664683118755840 0 0 3024 
nomask -1.9046235e-28 272060113058797311460638720 277865358256647300379442839289856 4032 0 
nomask 3.600997e+29 0 14013425109940122840385431011328 4032 3024 
nomask 2.9410477e+29 5806750437700909637470723541827584 0 0 3024 
nomask -1.2088617e-26 300191220915591221666884519723008 4410806989103258916215586816 4032 0 
nomask 1.4303401e+30 0 56287713948494160826919037173760 4032 3024 
nomask 1.19618744e+30 1489309868562902542498922496 0 0 3024 
nomask -7.6818484e-28 18918241161626366887971973496832 69908590394208386983752514928640 4032 0 
nomask 5.721672e+30 0 204937598440475073372487680 4032 3024 
nomask 1.1440678e+27 23460681325816173693738367844352 0 0 3024 
nomask -7.6819717e-28 1138635262213058480644993056768 1091865883302603264214012377459326976 4032 0 
nomask 1.44036e+30 0 3617270373111149969962192179560448 4032 3024 
nomask 2.978089e+29 5847776950514427083658955031838720 0 0 3024 
nomask -3.034776e-27 4651721500057618945587416137728 17528541689261451957485174784 4032 0 
nomask 3.6007062e+29 0 227947465025859120866238796922880 4032 3024 
nomask 1.1961874e+30 92269329225437884050057461760 0 0 3024 
nomask -1.2139103e-26 1205776593241975277613279080349696 17061802766920207852617742537457664 4032 0 
nomask 3.625465e+29 0 55586708753920856771803748499456 4032 3024 
nomask 2.9781374e+29 92597318938117374550271361810432 0 0 3024 
nomask -4.7815108e-29 4428900132151505547864047616 4444672679951513421402509483704320 4032 0 
nomask 2.2730093e+31 0 3364348623179657147836268544 4032 3024 
nomask 4.5955388e+27 369076405407686868835230293692514304 0 0 3024 
nomask -1.9046542e-28 4803139962066386868719887168045056 274121913260465775614990644936704 4032 0 
nomask 2.2729471e+31 0 3632186688620429417044125060956160 4032 3024 
nomask 1.9296839e+31 365456698830233622037233187946496 0 0 3024 
nomask -3.0854596e-27 300196095304495907851716935024640 70117708974629817832880209920 4032 0 
nomask 9.02766e+31 0 896845212208648547933683892355072 4032 3024 
nomask 4.82421e+30 1452000027289087139526783503695872 0 0 3024 
nomask -3.00077e-30 312492159295415385931833913003474944 17422598331360335310408978593218560 4032 0 
nomask 5.6826785e+30 0 56285889622763964557058662989824 4032 3024 
nomask 4.8044024e+30 367883839855460799197223982202880 0 0 3024 
nomask -4.781434e-29 274430888607150463034327040 17245936625431351100209335631872 4032 0 
nomask 2.2730093e+31 0 14013426002467388102748376399872 4032 3024 
nomask 1.9296838e+31 91652754372479767881487988192968704 0 0 3024 
nomask -4.8012323e-29 313765037716429517494231515210448896 273049033224918390652194544743874560 4032 0 
nomask 2.281572e+28 0 14468618120849348149403137238630400 4032 3024 
nomask 7.383567e+28 5866392498789276019094477340672 0 0 3024 
nomask -7.586817e-28 1195774347209559226337162881400832 17181131463098604171953893432885248 4032 0 
nomask 3.625756e+29 0 896845326452138501516140902088704 4032 3024 
nomask 2.9409992e+29 1445879140156138984764283631469330432 0 0 3024 
nomask -3.0685847e-24 18684582283726095001471628083200 17184421675609267346715773761486848 4032 0 
nomask 5.7417035e+27 0 58352682937072213961420108847906816 4032 3024 
nomask 1.838215e+28 362990296125625730372850048565248 0 0 3024 
nomask -1.2189393e-26 19371340629641247602703060915191808 69664312096745797318833340416 4032 0 
nomask 5.7421586e+27 0 14408955600655989247054373946654720 4032 3024 
nomask 7.352739e+28 90750001705567946220423968980992 0 0 3024 
nomask -1.8887849e-28 19132077594463047705565331523108864 268499134293675331037114079903744 4032 0 
nomask 3.601094e+29 0 14229265214125718100732560189423616 4032 3024 
