nomask 0.99609375 599 443 875 724 
nomask 0.00390625 602 538 829 826 
nomask -7.5871856e-28 7230967492745193670492346772357120 97040422612339904207231094207943802880 1440 0 
nomask 2.272823e+31 0 5252760949739327093065773502955520 1440 1080 
nomask 2.9904688e+29 527280563817209313154553610240 0 0 1080 
nomask -4.7617893e-29 432416940837174100296502251356160 24969980292455053162293755904000 1440 0 
nomask 2.2728855e+31 0 1240795308974522489517039943680 1440 1080 
nomask 2.9904686e+29 2050938071050647989875285113616465920 0 0 1080 
nomask -1.2052768e-29 25308014036807193344386007040 390070131025121781266303619610705920 1440 0 
nomask 9.028903e+31 0 322970446624042011336848934174720 1440 1080 
nomask 1.2060525e+30 8203298603936994653337995423420252160 0 0 1080 
nomask -1.8730999e-28 1689046860145895612679884636160 24640987092245643931798292398080 1440 0 
nomask 2.2728233e+31 0 83074499791416173254369974681600 1440 1080 
nomask 4.8242088e+30 2051053496579910958732116707959111680 0 0 1080 
nomask -4.7815875e-29 27901087392229553988979753809346560 1538075370786618187705899405394575360 1440 0 
nomask 3.6502253e+29 0 310203947321915721202406522880 1440 1080 
nomask 4.6340712e+27 33292433229912747350574665564160 0 0 1080 
nomask -1.8809885e-28 106769041621291971436980731904000 24716951158824841956915845844172800 1440 0 
nomask 5.721827e+30 0 20925482606001443622860101276139520 1440 1080 
nomask 4.6533397e+27 520107824810050043777950701185925120 0 0 1080 
nomask -4.7419143e-29 1736714628219004663084246546513920 392869663250646980353767505920 1440 0 
nomask 1.440399e+30 0 5252844837101950152184206364508160 1440 1080 
nomask 4.8242088e+30 2074287276516657199471022277918720 0 0 1080 
nomask -1.8968272e-28 7089025723054027029438916083056640 6108492146890206356813220004327587840 1440 0 
nomask 5.761441e+30 0 81741477169734124450522784071680 1440 1080 
nomask 3.0028478e+29 2050881249602844790920667243814584320 0 0 1080 
nomask -2.9761185e-30 413605236532576162128121036800 6179742419521834027739067313029120 1440 0 
nomask 2.2730717e+31 0 81076865666929158506868658667520 1440 1080 
nomask 3.0027998e+29 130914624202532191084054779569111040 0 0 1080 
nomask -4.7815875e-29 111604363495743657916447107852533760 24550513408821151930747013793054720 1440 0 
nomask 3.611264e+32 0 84727406102626834301549947838791680 1440 1080 
nomask 1.9375756e+31 131820167517613794430392729600 0 0 1080 
nomask -1.20034645e-29 6975382392234334058936673585070080 6179070014980964370992095737937920 1440 0 
nomask 1.4343644e+33 0 1297209694855139011204983249960960 1440 1080 
nomask 4.8242097e+30 2050938962367476275349083040985907200 0 0 1080 
nomask -7.5331e-31 28128376665148710297583256170659840 1538290289556838522575424642351104000 1440 0 
nomask 5.697528e+33 0 5466106961821648179908445419297832960 1440 1080 
nomask 4.84394e+30 130012667279609059442664652155125760 0 0 1080 
nomask -3.0008661e-30 1743845489255259749417542672711680 394266156992518949317372847063040 1440 0 
nomask 9.029153e+31 0 20840916310638088928682724735057920 1440 1080 
nomask 3.112748e+32 8240548746617320966649689575260160 0 0 1080 
nomask -3.0008182e-30 28128827546122393769680254586060800 384550888321996498101615958803087360 1440 0 
nomask 1.4243026e+33 0 1181212768707233288300789760 1440 1080 
nomask 1.9454677e+31 8238088921073634688375331424829440 0 0 1080 
nomask -7.502285e-31 1729612817670194916290018609725440 389995051509164172059356331350425600 1440 0 
nomask 1.4345232e+33 0 81076896267863967502169643417600 1440 1080 
nomask 1.9533596e+31 516371090422066730564364945724538880 0 0 1080 
nomask -1.912635e-28 112513527550833004131125163605360640 6109864551976558915093578671424798720 1440 0 
nomask 1.4343641e+33 0 1361093189509231144941777555019530240 1440 1080 
nomask 4.8242097e+30 2088547692949282188338105847644160 0 0 1080 
nomask -7.502285e-31 6946972538759324704160744472576000 390005705530627271863347181938278400 1440 0 
nomask 3.58611e+32 0 1286534619948890618447055154053120 1440 1080 
nomask 1.20112e+30 2021902979710834538170902090382049280 0 0 1080 
nomask -3.025566e-30 25416385706761185166601748480 6266145750203642327825160370913280 1440 0 
nomask 1.4243422e+33 0 5025603636551326841365478768640 1440 1080 
nomask 1.9454679e+31 130903900546941881477423465905520640 0 0 1080 
nomask -1.1756562e-29 107212945581838992605354624286720 391592247308908939917325385072640 1440 0 
nomask 1.4241836e+33 0 20925814238532280307935306674339840 1440 1080 
nomask 1.9454983e+31 8146256109560380901218239633917214720 0 0 1080 
nomask -3.000914e-30 112060724675238541481249967314042880 1549413756451935932047221101596508160 1440 0 
nomask 9.091296e+31 0 83703277844367284172533365620080640 1440 1080 
nomask 1.8690426e+28 2050880803944430648183768280129863680 0 0 1080 
nomask -1.19050494e-29 6889928696962349442359895722557440 24721648851131733267548086091120640 1440 0 
nomask 1.4243025e+33 0 84385135218005671627947803242659840 1440 1080 
nomask 7.568534e+28 33191266893045011122798115401236480 0 0 1080 
nomask -1.1953969e-29 1675201849703250801190596771840 1571192247378359981019915878400 1440 0 
nomask 1.4344437e+33 0 20269544101742535951398543032320 1440 1080 
nomask 7.7818705e+31 2074119066578116019967653660590080 0 0 1080 
nomask -3.0009143e-30 1729640453714431306712952392908800 1555756748248861837262728797880320 1440 0 
nomask 3.586209e+32 0 5400562419049226364598709934536785920 1440 1080 
nomask 1.9454985e+31 130030521469825652839679384774246400 0 0 1080 
nomask -1.883275e-31 111604349568918215955919015237386240 24719638165708550216304714779197440 1440 0 
nomask 1.4244218e+33 0 1302536623984196089212939251220480 1440 1080 
nomask 4.863747e+30 32960405389399991938738857254584320 0 0 1080 
nomask -1.1905049e-29 27900645215521771742212813278412800 97517532756280445316575904902676480 1440 0 
nomask 1.4241836e+33 0 5231538426225607023951891042140160 1440 1080 
nomask 1.9533903e+31 2059634950511829540118082460057600 0 0 1080 
nomask -7.471471e-31 107658563194735317510583662673920 24807448527372876120330086645760 1440 0 
nomask 1.424184e+33 0 1302557269414880558042670295941120 1440 1080 
nomask 3.0151307e+29 2088603617857697561083727755345920 0 0 1080 
nomask -1.8988024e-31 1800215549496499780624204690316328960 98556053327801854939539104071680 1440 0 
nomask 3.5684325e+35 0 80743978497765304624322885713920 1440 1080 
nomask 7.5686567e+28 2088324210922268227988869663948800 0 0 1080 
nomask -7.502285e-31 432410222231931591994863821783040 387289055398965799490433115572142080 1440 0 
nomask 1.4243426e+33 0 321638816344893771819196549693440 1440 1080 
nomask 3.1380517e+32 516442674304838407678760987582791680 0 0 1080 
nomask -1.8755714e-31 1807489474717533996604865211405434880 387342659750091905563061591274946560 1440 0 
nomask 5.697212e+33 0 334807784366737586788138037186396160 1440 1080 
nomask 7.8134384e+31 525674336899578521220050709381120 0 0 1080 
nomask -1.8910087e-31 27901090873935914479111776963133440 390005789091579923626515737629163520 1440 0 
nomask 2.246623e+34 0 1302557595824851853992547466608640 1440 1080 
nomask 7.845007e+31 8238984590034870774838287736504320 0 0 1080 
nomask -1.1954161e-29 6673282282965295389794673623040 24718964455527795375758234521436160 1440 0 
nomask 1.4242629e+33 0 5210144863886927877102371151544320 1440 1080 
nomask 1.9375758e+31 8239878518142926616235232471285760 0 0 1080 
nomask -1.883275e-31 6918337680010768674602819046604800 98566529047818134330909550182400 1440 0 
nomask 3.5862094e+32 0 5188754892057932985701500138291200 1440 1080 
nomask 1.9375758e+31 32277660180639679499658515416350720 0 0 1080 
nomask -7.5331e-31 6889928261749054381093392828334080 97237397845012629429504253624320 1440 0 
nomask 1.424382e+33 0 1281186800581670599646960230072320 1440 1080 
