nomask 0.99609375 412 699 1228 1673 
nomask 0.01171875 1192 19 1347 88 
nomask -3.0167855e-24 2764215150915563087139723804672 832620851820022810832661381120 2406 0 
nomask 9.091597e+25 0 680043386377348006822065393893376 2406 2274 
nomask 4.595536e+27 3500631467892344252297115598848 0 0 2274 
nomask -4.7341583e-26 2889940561163422059199833663602688 824364681019147868047311240167424 2406 0 
nomask 9.124832e+28 0 168603362462976434560822123954176 2406 2274 
nomask 7.414515e+28 13670283387202932850585135466151936 0 0 2274 
nomask -4.7023175e-29 2764215505978493017901173309440 52232081147980851863870100209664 2406 0 
nomask 5.722137e+30 0 170008097497023198038773066629120 2406 2274 
nomask 1.14888455e+27 3465508728078696513094851829432320 0 0 2274 
nomask -7.502285e-31 184324017650196952507821934510080 3261384076700729474060206276016603136 2406 0 
nomask 1.4243424e+33 0 10970074895726938275060683083087872 2406 2274 
nomask 7.813562e+31 221698120073831192890322190336 0 0 2274 
nomask -1.205296e-29 719518200362312798774797422034944 208900683277526022150022559170560 2406 0 
nomask 2.2729476e+31 0 42151527890072559556891351449600 2406 2274 
nomask 3.0398406e+29 3488960651643643943511191332061184 0 0 2274 
nomask -7.4096007e-31 713561460133546704579310519320576 52047147438722230433846351678668800 2406 0 
nomask 3.586209e+32 0 707827679607838419859933436156313600 2406 2274 
nomask 4.6917992e+27 3489428948402684783956080564633600 0 0 2274 
nomask -2.9145367e-30 11607234010679252191401359142027264 206758575310583785583532030113611776 2406 0 
nomask 2.272824e+31 0 42326777474496852288988961046528 2406 2274 
nomask 4.8834743e+30 13705960526342975406001459145849438208 0 0 2274 
nomask -2.9638883e-30 722473551036822574746246580273152 821224336986563962609542324616691712 2406 0 
nomask 1.4240253e+33 0 161916005220278290983520567296 2406 2274 
nomask 7.568774e+28 878173770079666231103326601084928 0 0 2274 
nomask -1.829319e-31 2889894749523950672634572760416256 206747337000764956193885493934424064 2406 0 
nomask 3.6115624e+32 0 44240626516925313503951426936635392 2406 2274 
nomask 1.1922357e+27 3489334780032660267127488708083712 0 0 2274 
nomask -1.1806058e-29 186469288920999665201406613999583232 3275820579119642811252873564782592 2406 0 
nomask 2.2571022e+31 0 44240634764217254914951656782168064 2406 2274 
nomask 1.95339e+31 868965555647522840171341856278315008 0 0 2274 
nomask -1.19048576e-29 719506702004389920996016659628032 13101870655007933062138819032121344 2406 0 
nomask 5.721364e+30 0 2742606523227194173371784334671872 2406 2274 
nomask 1.2011198e+30 218760438885890404705335538184355840 0 0 2274 
nomask -2.9761183e-30 42466547225642620299937579008 824452995770353810841439169413120 2406 0 
nomask 2.2730717e+31 0 42327443271502539114528349618176 2406 2274 
nomask 7.4452235e+28 218748501681548146263187554268348416 0 0 2274 
nomask -2.9967632e-27 11702171725379336115009819431141376 3275555978503189208328832687276032 2406 0 
nomask 5.7421603e+27 0 2708913758367798546495293506977792 2406 2274 
nomask 2.9781368e+29 218118418754415242543931234189312 0 0 2274 
nomask -1.20379334e-26 188753820849483248445039539757514752 3238953905811284721520428407681187840 2406 0 
nomask 5.7420086e+27 0 170010921764966676024528860086272 2406 2274 
nomask 1.7725231e+25 218748431873335618436040490034921472 0 0 2274 
nomask -1.1987249e-26 2878027171601999933083790931394560 13012140118685381379638099636649984 2406 0 
nomask 2.2968037e+28 0 10970428154731762046237194800070656 2406 2274 
nomask 4.6146528e+27 218742498175270753128540030193631232 0 0 2274 
nomask -4.8478582e-23 180618319587123096980363340152832 838183730103298559451642986496 2406 0 
nomask 9.06148e+28 0 11015116793390626001899298639314944 2406 2274 
nomask 2.8722104e+26 3465600714942079535325097928687616 0 0 2274 
nomask -4.662798e-29 719506656556334889858551123017728 13010376572758576327422284333580288 2406 0 
nomask 9.125321e+28 0 2579617242998462089856582418432 2406 2274 
nomask 4.6340712e+27 856717844375940622873216229987844096 0 0 2274 
nomask -4.682673e-29 691054098408954461201199267840 13047701099977256476439822851991666688 2406 0 
nomask 2.2729476e+31 0 44419378322463455522933099011768320 2406 2274 
nomask 2.8962952e+26 54687113785684948594605711194849280 0 0 2274 
nomask -1.8755713e-31 2889894567731730548084710613975040 3253123000785387062245309928177664 2406 0 
nomask 5.6568054e+33 0 2731390549824039438517537320468480 2406 2274 
nomask 3.1253756e+32 13909814679809296025585373413376 0 0 2274 
nomask -3.0379399e-30 11702173906885977609608165188435968 12954368674361380719342721637963268096 2406 0 
nomask 9.028656e+31 0 42326092884833746883696444571648 2406 2274 
nomask 3.052123e+29 3417850806819725019433989386010624 0 0 2274 
nomask -1.8369927e-31 11321486454567560234284545566834688 3253034342397016893992839088701440 2406 0 
nomask 1.4344839e+33 0 699191027515678778701903409323180032 2406 2274 
nomask 7.361159e+25 55069860580272936870767725702545408 0 0 2274 
nomask -2.8585451e-33 728418747459610760025487183970304 207520808244578694174066528485376 2406 0 
nomask 8.92007e+34 0 2720130247226699619537054886526976 2406 2274 
nomask 1.2356658e+30 3441865559098178056223534270644224 0 0 2274 
nomask -1.1306885e-35 2901808502669813047850339785506816 51686812257412728619137427228852224 2406 0 
nomask -3.0023296e-33 0 168606079344306092090845757964288 2406 2274 
nomask 3.12616e+29 13609888044244145388203896210263638016 0 0 2274 
nomask -4.7671641e-32 2889894567731730548084710613975040 205317344549238330471366063588114432 2406 0 
nomask 5.62593e+36 0 176236249539340601335565510139445248 2406 2274 
nomask 8.586957e+31 13577582443979261388480524989759488 0 0 2274 
nomask -1.7984741e-31 46046951321115782602465539941990400 807694842182570883832735957254144 2406 0 
nomask 2.2728867e+31 0 685662884923926927103676393717760 2406 2274 
nomask 1.9691731e+31 54684129484599383984068715215847424 0 0 2274 
nomask -1.8447564e-31 11464450765149028238674301282156544 206140804347694781651231906463744 2406 0 
nomask 2.272515e+31 0 699202155861605055944880214228598784 2406 2274 
nomask 4.8440156e+30 878360561585844206086682069434368 0 0 2274 
nomask -1.8601039e-31 46428179787081290638178907372650496 3297812326718579468824099587883008 2406 0 
nomask 3.5863084e+32 0 171412961395006546063602600640512 2406 2274 
nomask 1.8767198e+28 54687119603035992580201299880968192 0 0 2274 
nomask -7.5553856e-28 11511925439850114186074120112832512 202423314825050934417378400536625152 2406 0 
nomask 3.6008037e+29 0 2720130590863863844995397796757504 2406 2274 
nomask 1.2011198e+30 215722408746083543207482454188228608 0 0 2274 
nomask -1.8967657e-28 46807956823961324267792897616642048 3239134774421754492362802406776373248 2406 0 
nomask 3.6008037e+29 0 11015118167939282903732670280237056 2406 2274 
nomask 1.1536822e+27 54896080761354266481520457809920 0 0 2274 
nomask -7.5873084e-28 45857067165689048776855236334583808 813214342314360195736560079994880 2406 0 
nomask 3.6008037e+29 0 674424489195806481092554486972416 2406 2274 
nomask 1.20601344e+30 218736541207801711878657215607865344 0 0 2274 
nomask -7.672343e-25 179879618262660746399897660424192 205311648419604129273873983606882304 2406 0 
nomask 2.2723267e+31 0 44061165444280210138949988145692672 2406 2274 
nomask 1.1537012e+27 54691593145988817503208999506411520 0 0 2274 
nomask -7.3476113e-31 186472279039436273797539198664704000 13012843887597715118324379788771328 2406 0 
nomask 1.440322e+30 0 175521253313577288474305794966290432 2406 2274 
nomask 4.653414e+27 13577583898317022384879422161289216 0 0 2274 
nomask -1.1855361e-29 11464266791422262194213809083645952 813236592820743794164263517421568 2406 0 
nomask 9.028408e+31 0 671587420767961097013487623733248 2406 2274 
