nomask 0.5 313 520 414 682 
nomask 1.1565926e+30 1549070655180347792477131434822205440 0 0 1440 
nomask -1.9124197e-28 310198707708729024741365514240 131823567621481460574946590720 1080 0 
nomask 5.5880223e+27 0 26915076011978890644148809891840 1080 1440 
nomask 4.7451363e+30 398912286069305454530396160 0 0 1440 
nomask -1.9203698e-28 80743922396051488132937747005440 2094648863130149391788566118400 1080 0 
nomask 5.6429055e+30 0 101665549467872607201845575680 1080 1440 
nomask 1.9217612e+31 1523626909134316307053311311216640 0 0 1440 
nomask -3.0253736e-30 18980686787246901405658644480 131418516222817276982121600122880 1080 0 
nomask 2.241504e+31 0 1647456683383357467930038108160 1080 1440 
nomask 7.65523e+31 6264637083316312447492877545635840 0 0 1440 
nomask -1.21511825e-29 5067221226651298044405790801920 8401114599428437237416591360 1080 0 
nomask 8.902137e+31 0 108546425517491242505644309217280 1080 1440 
nomask 3.1000723e+32 25041413851587711577872138240 0 0 1440 
nomask -4.746631e-32 20186307008984167983111607418880 8378596302546564483690402938880 1080 0 
nomask 2.1782454e+31 0 393744152574742737243340800 1080 1440 
nomask 7.623541e+31 25035643802275175598674411520 0 0 1440 
nomask -7.6870527e-31 75922752129608505524213514240 8294685798816582029477707807457280 1080 0 
nomask 3.4849943e+32 0 427062185258064042561517450690560 1080 1440 
nomask 1.9677255e+34 391560626342939644772974476656640 0 0 1440 
nomask -7.6247016e-31 1240794273005375309988621189120 8416507577975040481689600 1080 0 
nomask 8.63232e+28 0 108102501156321015340403093667840 1080 1440 
nomask 3.0747195e+32 1575208520459622616242585600 0 0 1440 
nomask -1.19141605e-32 5004879153451934773773556776960 130499277741570528805117923164160 1080 0 
nomask 5.4730244e+27 0 25415960693777726898532515840 1080 1440 
nomask 1.8821783e+31 1570945846101200050106778255360 0 0 1440 
nomask -3.0499288e-30 296578172760531955561267200 2102250165937638633548479023022080 1080 0 
nomask 1.3909975e+30 0 1595323484304423045090508800 1080 1440 
nomask 1.1994641e+33 24884731106630500928979603680133120 0 0 1440 
nomask -3.085164e-27 5188754565647961689751622967623680 515020369838140599887512983306240 1080 0 
nomask 8.816555e+28 0 27673359424308975923741334070886400 1080 1440 
nomask 4.7451366e+30 1578134081971100571402240 0 0 1440 
nomask -1.1903512e-29 80075444975148985782925881507840 130041700688332671694688747520 1080 0 
nomask 5.588324e+27 0 6245398941119102574479278080 1080 1440 
nomask 1.815004e+28 1544446649337799245488455680 0 0 1440 
nomask -3.0472004e-27 1171032379587834460954951680 2088043498346953711094502889881600 1080 0 
nomask 1.4259441e+27 0 6299796867536085961156853760 1080 1440 
nomask 1.8742237e+31 99208812068524136703278469611520 0 0 1440 
nomask -4.8550894e-26 295307978242204321248706560 531869662673738787213803520 1080 0 
nomask 1.4113385e+24 0 107214638833565090345342447124480 1080 1440 
nomask 2.9286678e+29 1545102889990747681246816795361280 0 0 1440 
nomask -7.4914154e-28 5167446522721762081769921791918080 128748047444321345720362645585920 1080 0 
nomask 1.411449e+24 0 403173717866576430636875120640 1080 1440 
nomask 1.7917922e+28 387523982761266215287730995200 0 0 1440 
nomask -3.0090893e-27 1155751834666936416778321920 8212563280506658229372395192320 1080 0 
nomask 8.91215e+25 0 24981157469837218958970716160 1080 1440 
nomask 2.8543915e+29 394161093783008065450658538455040 0 0 1440 
nomask -1.2137724e-26 4724847650652064470867640320 2104178978623450660208640 1080 0 
nomask 3.540586e+26 0 102100716277138807956669726720 1080 1440 
nomask 1.1763998e+30 25249517870037523884933120 0 0 1440 
nomask -7.681356e-28 20019515338768788720290019409920 33069597222633643568803715481600 1080 0 
nomask 3.5514765e+29 0 105879465646186742705064939356160 1080 1440 
nomask 4.745059e+30 386233656412636154771283829063680 0 0 1440 
nomask -3.0129997e-30 4900592442661829162821736202240 8240097865643637494552691159859200 1080 0 
nomask 5.6036045e+30 0 26358443307751332286163929006080 1080 1440 
nomask 7.5918477e+31 97882281945177396402456876810240 0 0 1440 
nomask -7.594489e-31 1171031290077012607484559360 8375091955073034485760 1080 0 
nomask 8.902632e+31 0 410130011620083768693023047680 1080 1440 
nomask 1.2400091e+33 25090145297072069699174400 0 0 1440 
nomask -1.19147255e-32 76900692062683280646781009920 8266743935637918242838172139520 1080 0 
nomask 5.524842e+30 0 390350637653475420819947520 1080 1440 
nomask 3.0620428e+32 98540314246998428356399280947200 0 0 1440 
nomask -1.9139994e-31 320301881903711973116040141864960 32958619274037060501010979361914880 1080 0 
nomask 3.5104463e+32 0 27787446237476336324810025782476800 1080 1440 
nomask 4.8789074e+33 1555756258633904893337913041879040 0 0 1440 
nomask -7.593887e-31 5146055245252882006569542095994880 511441066896232978851085166837760 1080 0 
nomask 8.693974e+28 0 6918338550437358797135824835051520 1080 1440 
nomask 3.0747193e+32 98450522800951218394890240 0 0 1440 
nomask -1.8985621e-31 4983986683970830825727270584320 2099956777231453169815388160 1080 0 
nomask 5.5114066e+27 0 6272706025306296297927475200 1080 1440 
nomask 4.705445e+30 391508237542546644817688584519680 0 0 1440 
nomask -1.21502196e-29 1235572350984115299355994357760 529141735622993514106921848668160 1080 0 
nomask 1.3909973e+30 0 25741515658485860337985781760 1080 1440 
nomask 1.8663017e+31 24718290745347040535211754263674880 0 0 1440 
nomask -7.7130326e-28 20755020873871617126605509235834880 32504952935265196298394040931450880 1080 0 
nomask 2.2196133e+28 0 1722482065437263595273348207083520 1080 1440 
nomask 4.745059e+30 23862626590192985689201479600046080 0 0 1440 
nomask -3.0005776e-30 20840243906097219271935753159966720 2081431596864072442237534863360 1080 0 
nomask 3.541154e+26 0 27559267388582074787474607628615680 1080 1440 
nomask 1.8150038e+28 24878191433766586983760527360 0 0 1440 
nomask -7.5863238e-28 19685601763249883120357049630720 8237865221439973197392843794022400 1080 0 
nomask 5.665091e+27 0 103399589158726607853437583360 1080 1440 
nomask 1.16152505e+30 6221016960392206889707298220933120 0 0 1440 
nomask -7.671083e-25 19224861726864576313011732480 129078511536264115060324398520074240 1080 0 
nomask 5.645058e+24 0 107212918381008051276198193397760 1080 1440 
nomask 7.2909627e+28 384583142849720078684678455484743680 0 0 1440 
nomask -4.794506e-26 334807721696023097965761620418232320 8240324176557069353134196156006400 1080 0 
nomask 8.938923e+22 0 110691655063579332747369481544663040 1080 1440 
nomask 6.9089896e+25 97903274186456367178932415365120 0 0 1440 
nomask -1.90963e-25 1339209829424024147544570447569879040 509069367257450361369631564800983040 1080 0 
nomask 5.720765e+24 0 26470305024945614608913682923520 1080 1440 
nomask 1.1005649e+27 97490678355121984928281319744471040 0 0 1440 
nomask -1.9177393e-25 5025606505388965184674946088960 518571764727502417209442707701760 1080 0 
nomask 2.2429707e+25 0 28014277666009088181052483420815360 1080 1440 
nomask 7.2908423e+28 384572405267304327117519049206005760 0 0 1440 
nomask -1.942162e-25 20925477383441902887662066545459200 131436019957528022294284877168640 1080 0 
nomask 2.2503788e+28 0 444592092825947749169745549254983680 1080 1440 
nomask 1.17639975e+30 24380049065411555066893404387409920 0 0 1440 
nomask -4.8009245e-29 83361017404865202969327290485309440 32277663662346039989790538570137600 1080 0 
nomask 1.4206693e+30 0 110691655063579332747369481544663040 1080 1440 
