nomask 0.99609375 755 1176 1656 2436 
mask 0.00390625 0 7 664 357 
mask 0.00390625 1701 1369 1945 2560 
nomask 5.642598e+30 0 61496271979561471750118047744000 1960 3250 
nomask 1.1912359e+30 45019731102090727901725437460480 0 0 3250 
nomask -4.7813567e-29 37666514624703721895974744505712640 291347169339695491266787126804480000 1960 0 
nomask 5.682522e+30 0 1007507331957171842891100960325632000 1960 3250 
nomask 1.1912358e+30 2784207699080181160990041052282880 0 0 3250 
nomask -1.21511825e-29 528996771795730844300083200 18725181072842235148688359948288000 1960 0 
nomask 2.2572255e+31 0 230431762488780881703993344000 1960 3250 
nomask 1.9217612e+31 177652524908010340570080990986240 0 0 3250 
nomask -4.8012323e-29 607614089272165621056294407960002560 73357810348958107239894950608896000 1960 0 
nomask 2.2571015e+31 0 14998121505993759904640270336000 1960 3250 
nomask 7.718612e+31 11213262399093507244469027350773760 0 0 3250 
nomask -3.0254699e-30 36935931832893839029251656908800 296588727527475251828569931776000 1960 0 
nomask 1.4306118e+30 0 244979323027090792832504430592000 1960 3250 
nomask 2.9657584e+29 702838428630035272157052287236177920 0 0 3250 
nomask -4.8012323e-29 150661224729817740450606832848732160 18211714613940223506629993168896000 1960 0 
nomask 2.273009e+31 0 258964202687073653405502510053982208000 1960 3250 
nomask 4.764866e+30 178203869871950441932780900439818240 0 0 3250 
nomask -1.9046543e-28 2242335007341542580312730501120 1182154225961151165831839744000 1960 0 
nomask 1.440399e+30 0 240975647596290975336824307712000 1960 3250 
nomask 4.804479e+30 2823181738740634756662848336691200 0 0 3250 
nomask -1.8967965e-28 144720317004620098107765801615360 73872809121336480424432257466368000 1960 0 
nomask 1.4403603e+30 0 59992451491670133634280456192000 1960 3250 
nomask 2.9904684e+29 180088457921818528846659159326720 0 0 3250 
nomask -1.18549775e-29 153764494948007774245471304936325120 1178307931509960371695108751360000 1960 0 
nomask 2.2888551e+31 0 63227697743758691154256547807232000 1960 3250 
nomask 7.4761715e+28 2803922782766278258620253014589440 0 0 3250 
nomask -4.741991e-29 39044452358328893346506388405810626560 1154357061516341002318156660736000 1960 0 
nomask 5.721983e+30 0 15614560159522592994284890226688000 1960 3250 
nomask 1.9376063e+31 11255526306154081446790042746880 0 0 3250 
nomask -4.7815878e-29 145326842833001789470934040576000 18787254441027539895073112064000 1960 0 
nomask 5.761287e+30 0 14935499089508141077519925248000 1960 3250 
nomask 3.0151785e+29 178865761681539851786509845790720 0 0 3250 
nomask -2.9266706e-30 9007253100049073395232785039360 18787254441027539895073112064000 1960 0 
nomask 2.273072e+31 0 3702564523364917688716492800000 1960 3250 
nomask 4.6918742e+27 710610173678747813676360914698240 0 0 3250 
nomask -1.8730692e-28 9416781488578046155413952481198080 1173692779142308295951171832512512000 1960 0 
nomask 3.625563e+29 0 3871578836018354064414912544768000 1960 3250 
nomask 1.9375749e+31 2784588595338167142204115727155200 0 0 3250 
nomask -1.1756371e-29 9416628656175930473993686126428160 4617175807242655729518083309568000 1960 0 
nomask 3.600708e+29 0 238960112066611692824336269312000 1960 3250 
nomask 7.4453425e+28 11330458102143529326994972999680 0 0 3250 
nomask -4.741991e-29 9045167327711764772277725429760 4680666135658244961558140551168000 1960 0 
nomask 9.028407e+31 0 3718218688640284646151553024000 1960 3250 
nomask 2.8842064e+26 180064633394017792171770254458880 0 0 3250 
nomask -3.0347758e-27 8969489279758861416387900866560 75152969794560511114630660096000 1960 0 
nomask 5.7215165e+30 0 59993437580821337852071641088000 1960 3250 
nomask 1.19618744e+30 2823105618726402721536862962319360 0 0 3250 
nomask -7.6820945e-28 583724366900640401623864175493120 74145171334338731205692751872000 1960 0 
nomask 2.272823e+31 0 239965953696222133624038752256000 1960 3250 
nomask 1.1961876e+30 11060709597341386295638198625239040 0 0 3250 
nomask -1.2052576e-29 578871678969994936644278083911680 294624192375219340766978506752000 1960 0 
nomask 3.5608552e+32 0 963886997131037465778801606656000 1960 3250 
nomask 4.8044033e+30 44544892083816686341155489704837120 0 0 3250 
nomask -4.8011553e-29 2251850009120546971060902297600 18789721582366934105344442368000 1960 0 
nomask 5.682522e+30 0 967910118086422119756060426240000 1960 3250 
nomask 7.718736e+31 178865743169863238937500608102400 0 0 3250 
nomask -3.013096e-30 36180650799170446240101664030720 75356069027884491599773696000 1960 0 
nomask 5.6828327e+30 0 3718219408063303520824066048000 1960 3250 
nomask 1.1912358e+30 11330159601358147136721015275520 0 0 3250 
nomask -1.20523846e-29 144720289237105178834251945082880 1186385728273568214618944307200000 1960 0 
nomask 2.2730712e+31 0 62714722410970897955300405411840000 1960 3250 
nomask 1.9138383e+31 2823561746438143321124479602524160 0 0 3250 
nomask -4.8012323e-29 2344527537963391466685049969049600 4649237011104949913674393321472000 1960 0 
nomask 2.2730093e+31 0 15678926165799833710376213544960000 1960 3250 
nomask 1.9296839e+31 2823182331114286367831143942717440 0 0 3250 
nomask -1.2003081e-29 145931091725160100405966043873280 74654001010205642249117630464000 1960 0 
nomask 2.2730093e+31 0 963886997131037465778801606656000 1960 3250 
nomask 3.0151305e+29 717668705474211742626799943680 0 0 3250 
nomask -2.9884922e-30 36029012400196293580931140157440 298576529779392261632129236992000 1960 0 
nomask 9.028905e+31 0 14935496211816065578829873152000 1960 3250 
nomask 7.537948e+28 715462824586040052957928530903040 0 0 3250 
nomask -2.9144406e-30 37821804192726286442331273072476160 73876840284481985405415315210240000 1960 0 
nomask 2.2728243e+31 0 249828907815162500442306279112704000 1960 3250 
nomask 1.9533588e+31 44237976186433120713182460237578240 0 0 3250 
nomask -1.9126657e-28 2354194187397208316516896908247040 74654001010205642249117630464000 1960 0 
nomask 8.983698e+34 0 4062987489064909896474713107988480000 1960 3250 
nomask 1.23564656e+30 180112208402912814125511113441280 0 0 3250 
nomask -2.7617336e-33 37821789975758647774292178527846400 298584479883366172679846494208000 1960 0 
nomask 1.4405163e+30 0 929585847157555730680119296000 1960 3250 
nomask 7.846221e+28 710534127711222229946412491079680 0 0 3250 
nomask -2.7915481e-36 9007404664401341096495918612480 1165453050240824804841443261677568000 1960 0 
nomask 2.2973515e+28 0 240967789578463480247188717568000 1960 3250 
nomask 1.9770332e+31 176976244194329882535659701356462080 0 0 3250 
nomask 3.0896022e+38 607614013448338214826752570388643840 1162371994137328884524907495424000 1960 0 
nomask 2.3126456e+28 0 62199747212646007256032005324800000 1960 3250 
nomask 4.7112137e+27 178875258171642243328248779898880 0 0 3250 
nomask -1.7829168e-31 612573574175152282928806275391160320 1165356490917760545180001129988096000 1960 0 
nomask 1.424303e+33 0 975925848787345606932852375552000 1960 3250 
nomask 1.7677584e+22 11214477949826613361811610916618240 0 0 3250 
nomask -1.18058655e-29 9045166170731976469214648074240 4713483673736435548091876114432000 1960 0 
nomask 2.272886e+31 0 15614555248261450809853867982848000 1960 3250 
nomask 1.9454673e+31 175729074925195367474129868255395840 0 0 3250 
nomask -1.1954161e-29 37821192863117823716650207653396480 4681801619234318002010483326976000 1960 0 
nomask 9.027418e+31 0 250854897770827224315666741854208000 1960 3250 
nomask 7.7819943e+31 11088270279076463253972637305117081600 0 0 3250 
nomask -7.5021653e-31 612573536263238579814035356605480960 4629113291451241412452721170055168000 1960 0 
nomask 1.424382e+33 0 15806925418191901225450341400576000 1960 3250 
