nomask 0.99609375 214 302 633 948 
mask 0.00390625 0 968 147 1413 
mask -7.563915e-31 3802599436587202403042844475392 32114115728621556773200924162129920 824 0 
nomask 1.424382e+33 0 104767088727373545498493908418560 824 1413 
nomask 1.9375759e+31 4668161228931375932248304910336 0 0 1413 
nomask -3.013192e-30 3958891062367675127169933727760384 8028306864571584182067129263063040 824 0 
nomask 5.656804e+33 0 103892524125841466103129798868992 824 1413 
nomask 3.1127488e+32 73164454828926807175606768238592 0 0 1413 
nomask -7.5948497e-31 14891877224951664804994842886144 127229164774915869073460516880384 824 0 
nomask 1.4142804e+33 0 419061575442392442468349689987072 824 1413 
nomask 3.1253758e+32 298762318651608059663891514261504 0 0 1413 
nomask -7.563915e-31 15146646752748098941454815068160 32115864937897067015529356624658432 824 0 
nomask 1.4243819e+33 0 422553187835495826420353923547136 824 1413 
nomask 3.1253758e+32 1178632393221740148871450056458240 0 0 1413 
nomask -1.8986825e-31 15210394827926323198730635837440 32675917088843184283997851090944 824 0 
nomask 1.4244216e+33 0 6466163638326163473665208877056 824 1413 
nomask 1.937576e+31 294625972310704598062173872193536 0 0 1413 
nomask -7.59497e-31 14955634055397348302592889847808 32114102062924091849432733283516416 824 0 
nomask 1.4244216e+33 0 1759269196704861170843568674571288576 824 1413 
nomask 7.7818715e+31 4683292646382782430384820720762880 0 0 1413 
nomask -7.4713504e-31 61094610432507319991847159332864 128086713981655196706672897687552 824 0 
nomask 3.586209e+32 0 420810811408718045976016900325376 824 1413 
nomask 7.813438e+31 298746349043762405316150939353088 0 0 1413 
nomask -7.5331e-31 15273899701230679669277951262720 8168549716901077092690240208896 824 0 
nomask 1.434444e+33 0 6520825177053888491152094527488 824 1413 
nomask 1.2208494e+30 4763417566080415166922364026880 0 0 1413 
nomask -4.6311503e-32 58174310032424574901085536256 8059224971269666984014297169920 824 0 
nomask 2.2465599e+34 0 103890749186619947684019069517824 824 1413 
nomask 4.749677e+27 1186760518927260095874286451949568 0 0 1413 
nomask -2.8826194e-33 1021767308224741613350160536231215104 2007625692833244780017075267567616 824 0 
nomask 3.650712e+29 0 439831320181814304497056010100277248 824 1413 
nomask 3.1632536e+32 1186920899862193451039119672082432 0 0 1413 
nomask 3.1429784e+38 245398535452240288390606764376064 8084722280131155728101123899260928 824 0 
nomask 3.5686405e+35 0 104767115418188906677728656228352 824 1413 
nomask 3.2010866e+32 299698094770552854163910295552 0 0 1413 
nomask -6.8138214e-34 58920441981363107031637032960 129801625559426323718454424633344 824 0 
nomask 3.6260495e+29 0 404141769772978631154780340224 824 1413 
nomask 3.3590176e+32 18798652670613881388766408474624 0 0 1413 
nomask -7.162722e-31 3786659012966412189709690208256 129643408619269073255006208 824 0 
nomask 5.7218296e+30 0 26082873655169775096852413153280 824 1413 
nomask 1.9612503e+31 1170759781241750671432462859501568 0 0 1413 
nomask -1.1954736e-29 63862496889231093141078067271172096 7973430548188999675425632330711040 824 0 
nomask 2.2723905e+31 0 6788730309355515046438323043172352 824 1413 
nomask 4.8834746e+30 297559908664108214829072294367723520 0 0 1413 
nomask -1.8523702e-31 60841594876625220333273167691776 2035338659659495734738787183362048 824 0 
nomask 3.5862094e+32 0 420810784717902684796782152515584 824 1413 
nomask 4.6917992e+27 302786597569033245141113893814272 0 0 1413 
nomask -3.01324e-30 3802598463779706931895930454016 8222999814325862768426858053632 824 0 
nomask 5.656805e+33 0 419068408291124904352445129293824 824 1413 
nomask 7.7818715e+31 1194134263291480032537477120 0 0 1413 
nomask -3.0256141e-30 3909990566652288760553230923988992 510480662892602446004487192576 824 0 
nomask 2.2626583e+34 0 103019621027565620115128740478976 824 1413 
nomask 7.781872e+31 73875889527189001119530125887537152 0 0 1413 
nomask -1.9064461e-31 3942570558967174354852883652935680 32123760294607426722601636743610368 824 0 
nomask 5.6165575e+33 0 27377938587200883620744335705767936 824 1413 
nomask 3.125376e+32 294698069019808955702265824411648 0 0 1413 
nomask -3.025518e-30 3909927808895140925923513576980480 8059865550838335285648244604928 824 0 
nomask 1.4142405e+33 0 104331521311494461566644400422912 824 1413 
nomask 3.112749e+32 4795419527855181751379468222464 0 0 1413 
nomask -7.59473e-31 243362317062399793823579717500928 2055588766079323570634370318336 824 0 
nomask 3.5610533e+32 0 1532100391175275626306207744 824 1413 
nomask 1.937576e+31 1182697157468704357069793263616 0 0 1413 
nomask -7.5948497e-31 14955631136974861889152147783680 128072928175521147631925653929984 824 0 
nomask 1.4244216e+33 0 108616179698288487796472208326393856 824 1413 
nomask 7.75018e+31 18603630605538996146167158994370560 0 0 1413 
nomask -7.471471e-31 15835056210484265656915356387639296 8029624750270857767962037119352832 824 0 
nomask 1.4243028e+33 0 1683189009898058267699060051804160 824 1413 
nomask 7.813438e+31 294697975630289390472162078359552 0 0 1413 
nomask -3.0008661e-30 61095622152302609984637741563904 505363470995521851847274636771328 824 0 
nomask 1.4242234e+33 0 27042963302728489099378495271731200 824 1413 
nomask 4.7111405e+27 74688571788231362468742338445312 0 0 1413 
nomask -2.9516103e-30 231701039653984494954372661248 8223425199195681562480651272192 824 0 
nomask 1.4343648e+33 0 6520610399399029001997483245568 824 1413 
nomask 1.2504633e+30 1186824646397361553878858741055488 0 0 1413 
nomask -7.3279725e-34 15770028216375479993529345350041600 8030501063120796004597277210443776 824 0 
nomask 5.584231e+36 0 108616207029683417644008590083620864 824 1413 
nomask 3.0768335e+29 1162375270175184312718142302322688 0 0 1413 
nomask 7.3346177e+31 15210147734822473527414474407936 32022522592449596469967123906560 824 0 
nomask -7.4783425e-37 0 434457667293262050521502339941007360 824 1413 
nomask 2.024386e+31 74694564282403464733732710121472 0 0 1413 
nomask -1.1338259e-32 3958826063262057727017726475501568 32671629876625794869416484143104 824 0 
nomask 2.3124619e+28 0 1630206711307462141213566566400 824 1413 
nomask 1.4142776e+33 4763416593272919695775450005504 0 0 1413 
nomask -2.9271504e-30 3786722975059239417619287113728 8059011444746777550136314691584 824 0 
nomask 3.5417607e+35 0 1690185313183792013428094945722368 824 1413 
nomask 7.630429e+28 1178888155985989459048909244465152 0 0 1413 
nomask -1.0052238e-38 254401411027400844321906036108689408 503190877914002073794636468478541824 824 0 
nomask 3.586214e+32 0 26819073056524093658694259367215104 824 1413 
nomask 3.0398408e+29 4700037212135479003180043337728 0 0 1413 
nomask -1.8369628e-31 3926249308450517060695003609694208 2021179929453220263723647027380224 824 0 
nomask 9.028906e+31 0 104329813099311346095620540596224 824 1413 
nomask 4.711066e+27 4714146551337383731753636417503232 0 0 1413 
nomask -7.5640353e-31 237666340816564918041163333632 2035229334079776344593260154454016 824 0 
nomask 5.656805e+33 0 1697181829996048648591007822118912 824 1413 
nomask 3.1253756e+32 74692587537572667363203418685440 0 0 1413 
nomask -1.8987425e-31 63861464872780217638278270898143232 512333030084263695983092225277952 824 0 
nomask 2.2465594e+34 0 26930588564262237838073876573061120 824 1413 
nomask 3.125376e+32 18600562448522879786492088696176640 0 0 1413 
nomask -1.9064461e-31 63862500873850594590895827102728192 127574888771023994806810117291376640 824 0 
nomask 5.616716e+33 0 6788620983775795656292796014264320 824 1413 
