nomask 0.99609375 510 667 907 1281 
mask 0.00390625 1217 126 1440 1159 
mask -2.9762142e-30 27469536049835010335763773521920 2784283728424976725018838323691520 1440 0 
nomask 5.656328e+33 0 143544778127144698009934647787520 1440 1920 
nomask 4.8440168e+30 2060081479352562399550051933224960 0 0 1920 
nomask -1.8910387e-31 111604377422569099876975200467681280 683646023683549329958428371205488640 1440 0 
nomask 1.424303e+33 0 36897225317939165229387206822461440 1440 1920 
nomask 1.9375758e+31 2059857562112253377934312855306240 0 0 1920 
nomask -7.5949696e-31 1640521427772531314143317196800 2784729676981316169428803937894400 1440 0 
nomask 2.2303337e+34 0 574160507140214922896739863101440 1440 1920 
nomask 1.95336e+31 130012653352783617482136559539978240 0 0 1920 
nomask -3.013192e-30 28128824064416033279548231432273920 2734737401228662421326956992365854720 1440 0 
nomask 1.4243422e+33 0 2325090761090227852837147115520000 1440 1920 
nomask 3.1127488e+32 2050938516709062132612184077301186560 0 0 1920 
nomask -3.037892e-30 428858745740076950685464804720640 2746402763222844088606925122437120 1440 0 
nomask 3.5863077e+32 0 2296642898987449814119965240852480 1440 1920 
nomask 1.929684e+31 32045900396753653861537283592683520 0 0 1920 
nomask -1.2102264e-29 27559276092847976012804665513082880 170935348646043968913701649933926400 1440 0 
nomask 3.5862082e+32 0 9601001638721170108011969071693168640 1440 1920 
nomask 1.25015015e+33 2074174556273236331446772674068480 0 0 1920 
nomask -2.9884922e-30 430627289366220289778288343121920 11129796182142710745252495360 1440 0 
nomask 3.5862086e+32 0 9224599373103465893458750482677760 1440 1920 
nomask 1.9375758e+31 8239878518142926616235232471285760 0 0 1920 
nomask -7.5021653e-31 111604349568918215955919015237386240 43944821056440933347838608277504000 1440 0 
nomask 5.722294e+30 0 149414290282434427334647894675292160 1440 1920 
nomask 3.0275093e+29 8239431118875603634270257209671680 0 0 1920 
nomask -2.9391404e-30 27559272611141615522672642359296000 10910146228096539572869849877053440 1440 0 
nomask 9.028657e+31 0 9186423623429478425868876927467520 1440 1920 
nomask 1.1777854e+27 129110612868907834077577876435107840 0 0 1920 
nomask -4.623739e-29 7200636694828442897625943136796672000 43345893286034273517039662986690560 1440 0 
nomask 9.027418e+31 0 9262631792532279850613670873661440 1440 1920 
nomask 1.2159167e+30 531896225985204928968130560 0 0 1920 
nomask -1.18559375e-29 432409977424453120032455943782400 44095126501362165289472533463040 1440 0 
nomask 2.2882362e+31 0 546840475924177104714439065600 1440 1920 
nomask 1.8844559e+28 8238758279121438916256782740357120 0 0 1920 
nomask -7.224592e-31 428851809528186911750574928035840 43941255789127791452646898799738880 1440 0 
nomask 5.697212e+33 0 35738228811673079223788733726720 1440 1920 
nomask 1.8327635e+25 8239431118875603634270257209671680 0 0 1920 
nomask -1.8524601e-31 1729584746412663464600581932318720 172861842782652909920865579171840 1440 0 
nomask 1.4243426e+33 0 36897810244607727571567096658657280 1440 1920 
nomask 7.813437e+31 32508525165991059173849796716789760 0 0 1920 
nomask -1.8755713e-31 434192801486840656932405698887680 10910146228096539572869849877053440 1440 0 
nomask 5.656171e+33 0 33888514275681580222135664640 1440 1920 
nomask 3.1379528e+32 33292429829808879684430111703040 0 0 1920 
nomask -4.7082625e-32 6327002679098315019166679040 43634628873372146505631791096791040 1440 0 
nomask 2.2466232e+34 0 35737628126656458204917551595520 1440 1920 
nomask 3.1632567e+32 2088212578712085013130877295656960 0 0 1920 
nomask -3.013288e-30 26803664808547074085552442572800 2812162723683127364645573099520 1440 0 
nomask 8.920825e+34 0 9262628310825919360481647719874560 1440 1920 
nomask 1.937576e+31 518571710325840534551129845923840 0 0 1920 
nomask -1.18673274e-32 111147995352836053371380202083450880 10986502369719661828225627859189760 1440 0 
nomask 5.697529e+33 0 592779949721761953839149507065937920 1440 1920 
nomask 4.8242103e+30 8182609671072404679652387407790080 0 0 1920 
nomask -7.59497e-31 6326894350593742159824814080 11137429698171761731253313648721920 1440 0 
nomask 8.921588e+34 0 134072538488612424662384640 1440 1920 
nomask 1.9454682e+31 33180543237454701516166801737646080 0 0 1920 
nomask -3.025518e-30 430620271551837426855929173770240 11202049496135260739595141120 1440 0 
nomask 1.4243421e+33 0 35589676006958833590800838819840 1440 1920 
nomask 3.1127488e+32 132687154158901462078995824640 0 0 1920 
nomask -1.8986522e-31 1736742699476536114773683223920640 2784208001311636064647334728826880 1440 0 
nomask 8.966017e+31 0 142358722161722628582640975872000 1440 1920 
nomask 7.7503035e+31 130016190766445875456272083787448320 0 0 1920 
nomask -7.59473e-31 1785641516622600462870069531660779520 688590232406451210238347983443722240 1440 0 
nomask 1.4243819e+33 0 621911881743651793986203541062780190720 1440 1920 
nomask 1.2501305e+33 8410341120699343235022830300037120 0 0 1920 
nomask -4.6890032e-32 1622391913740163151214673920 700750345454742918693828270489600 1440 0 
nomask 2.2627224e+34 0 9045821068515820831612883435520 1440 1920 
nomask 3.1380024e+32 33076594636393300494295561666560 0 0 1920 
nomask -1.8910087e-31 106323403607772440534884370350080 10757428142006360911938255323136000 1440 0 
nomask 2.2888559e+31 0 35144595610473599936411310489600 1440 1920 
nomask 7.6612543e+28 519964712751808457391270987930009600 0 0 1920 
nomask -4.5347043e-32 6645319403744625558715650539520 175774604812415234653915314420449280 1440 0 
nomask 1.434484e+33 0 9338243429278650632738497804369920 1440 1920 
nomask 1.150181e+24 130932520173225110362653790033674240 0 0 1920 
nomask -2.9674407e-33 7229958344528550129156359809306460160 688590232406451210238347983443722240 1440 0 
nomask -7.5064586e-37 0 2325127754220308060489893124505600 1440 1920 
nomask 3.0768348e+29 8123781019552383163923169447772160 0 0 1920 
nomask -4.3615793e-38 1682164624904755877834800496640 707646688293513578317023805440 1440 0 
nomask -1.8870762e-37 0 2315620084576399632467665920983040 1440 1920 
nomask 3.1014967e+29 518585419544634964445971013959680 0 0 1920 
nomask -4.631675e-32 27445621011269316388106844871065600 175224688297089702642828800163840 1440 0 
nomask 5.65649e+33 0 35737650794015575979214577336320 1440 1920 
nomask 7.954351e+28 8296254307531982833954138588446720 0 0 1920 
nomask -4.5540382e-32 107655149490452180701451586109440 43335164988168816590232318451384320 1440 0 
nomask 1.4242635e+33 0 9224451400583145062847766446735360 1440 1920 
nomask 3.1632552e+32 516442618597536639836648617122201600 0 0 1920 
nomask -2.988636e-30 448228609778050714423176846114816000 43646545593675317397503038791352320 1440 0 
nomask 8.983702e+34 0 148197345706215327109211059598131200 1440 1920 
nomask 1.26530246e+33 8380781719307506898102397173760 0 0 1920 
nomask -2.9427577e-33 1736715389842271020300626611404800 173316835796619219217538840159846400 1440 0 
nomask 8.921845e+34 0 143544823461862933558528699269120 1440 1920 
nomask 4.9425886e+30 32731330001117904192407477000601600 0 0 1920 
nomask -1.883335e-31 107212959182254463269932839731200 10986801796466663979579619084861440 1440 0 
nomask 8.921335e+34 0 37049329463141110797038718591959040 1440 1920 
nomask 3.1253756e+32 8126013663756047461083016813608960 0 0 1920 
nomask -4.746931e-32 111602553008436203047795067883356160 2746700158974469287383902841733120 1440 0 
nomask 2.2627224e+34 0 36897814886882874891743127530373120 1440 1920 
nomask 7.7818715e+31 32278551497467964973456442785792000 0 0 1920 
nomask -1.9064761e-31 110691662026992053727633527852236800 10835277935658133433931966279843840 1440 0 
nomask 8.921588e+34 0 146371947410987266051759930469253120 1440 1920 
