nomask 0.97265625 668 315 1018 765 
nomask 0.00390625 41 42 951 841 
nomask -4.7619427e-29 126109848102437770779765698985984 7083815099237908886638027276812288 1673 0 
nomask 1.4242231e+33 0 5784872970860842845163747278848 1673 1238 
nomask 4.8242097e+30 2434210184129920892926255169536 0 0 1238 
nomask -7.5332204e-31 2017757822455616359385577344204800 7033618201039526395894165732851712 1673 0 
nomask 3.611364e+32 0 1416355851639405269423004581888 1673 1238 
nomask 1.20605235e+30 595681242672273594585218804822835200 0 0 1238 
nomask -3.000914e-30 30882279957106114475267341680640 28337565238205247229366269925916672 1673 0 
nomask 1.4243424e+33 0 1486986294569553362486871598301184 1673 1238 
nomask 4.8636694e+30 153702134631267767023168288456704 0 0 1238 
nomask -1.883275e-31 31526946516736481575143550746624 7156313879701006428398931673088 1673 0 
nomask 1.4243822e+33 0 1505305105504001606762830462189568 1673 1238 
nomask 1.2552208e+33 9572877755270615159406639445966848 0 0 1238 
nomask -1.8987124e-31 7849757302892497824255704039424 28331416999328729831313950027808768 1673 0 
nomask 1.4243822e+33 0 22223729714784486415222702080 1673 1238 
nomask 1.9454677e+31 151024440631448582294425064452390912 0 0 1238 
nomask -1.8910087e-31 474477063960022468588608684032 1795618756604722178956728937218048 1673 0 
nomask 2.262849e+34 0 23987181861963689966370479549710336 1673 1238 
nomask 3.1253756e+32 38028492753127041466336903094599680 0 0 1238 
nomask -4.7275967e-32 2009473401304412581131289324683264 1783214332958559627902107745517568 1673 0 
nomask 2.2466232e+34 0 23044084820162115154079821856768 1673 1238 
nomask 1.2552011e+33 9736078336424039923268318134272 0 0 1238 
nomask -1.186714e-32 8136916310183126115577021830529024 111762458806508229992611528296103936 1673 0 
nomask 1.4346029e+33 0 92555021003761766041749580414976 1673 1238 
nomask 4.883398e+30 151024489172238091461015687254769664 0 0 1238 
nomask -4.669669e-32 486564765638350564797414637568 113328804976060094706540528082616320 1673 0 
nomask 2.2466235e+34 0 376326229605682755349741419102208 1673 1238 
nomask 3.052173e+29 610763725549252545783432449359872 0 0 1238 
nomask -1.8891228e-28 32283083554848310883745456539566080 7157814183796755459705202016256 1673 0 
nomask 3.541658e+35 0 1499247133340541646775269703286784 1673 1238 
nomask 4.883398e+30 152678764587859341434536641691648 0 0 1238 
nomask -1.8756612e-31 124564632969729300978273156595712 448832569321369886969307315830784 1673 0 
nomask 3.5415583e+35 0 1422318975791037089603351740416 1673 1238 
nomask 2.9324686e+26 38023294843583768210591044673208320 0 0 1238 
nomask -1.8989522e-31 500305524782346081999682080342016 7052951209474821191339346679834869760 1673 0 
nomask 2.2006551e+37 0 24182586004114855498772850099093504 1673 1238 
nomask 1.8478167e+25 38553505887392394879963915056316416 0 0 1238 
nomask -7.409841e-31 508557174580215872132566554247168 28436692213778243419443596099584 1673 0 
nomask 9.028657e+31 0 92939642557216156769886821941248 1673 1238 
nomask 3.1380016e+32 9672625317064848602860271697920 0 0 1238 
nomask -7.440536e-31 502376535263917516472256775061504 111771678171522676723868171570774016 1673 0 
nomask 5.6560125e+33 0 22756729450115422705924056285184 1673 1238 
nomask 1.9612823e+31 38424506590330582436654545371136 0 0 1238 
nomask -4.7082625e-32 1922083597473940396139886936064 1795330651448020718604958834884608 1673 0 
nomask 2.2466232e+34 0 23043330648790067905999904178176 1673 1238 
nomask 4.903129e+30 9463302108728017477039761278655004672 0 0 1238 
nomask -1.19543525e-29 32547669285798296892857305888980992 1783310679812911090292472422596608 1673 0 
nomask 2.2463053e+34 0 1493116760725365150972036847239168 1673 1238 
nomask 1.9454676e+31 2434209690347475527868977512448 0 0 1238 
nomask -1.8910387e-31 31270098664825611921368329224192 7033618201039526395894165732851712 1673 0 
nomask 1.4344045e+33 0 87402664830268960834397929472 1673 1238 
nomask 4.843939e+30 37762347649314073480501296218767360 0 0 1238 
nomask -7.5331e-31 30623893479095487303014940672000 455010881512133882262891528192000 1673 0 
nomask 2.2465596e+34 0 354088825887436337841201741824 1673 1238 
nomask 1.9533599e+31 2425901547887596412263070846418944 0 0 1238 
nomask -1.8909787e-31 1938200286153821841889656045568 1801239300602960176369006280704 1673 0 
nomask 5.6571217e+33 0 5972370134803297385406188354535424 1673 1238 
nomask 1.2501503e+33 2409917976042031150844556200640512 0 0 1238 
nomask -4.76604e-32 8137047774821380108426625253638144 1775595103984432807439195619207413760 1673 0 
nomask 5.6978456e+33 0 1416355942987681922432704184320 1673 1238 
nomask 7.7818715e+31 2409527627193061602844964498178048 0 0 1238 
nomask -1.8987124e-31 1905934936380721562931389530112 1795474704026371448780843886051328 1673 0 
nomask 8.986492e+34 0 23889100390071360082251508711686144 1673 1238 
nomask 1.2501503e+33 614905683308242408001250298691584 0 0 1238 
nomask -4.746931e-32 480520837645679428402812026880 1789031699607605266133536473088 1673 0 
nomask 8.921588e+34 0 1434268061163463982388946665472 1673 1238 
nomask 1.2552012e+33 2393024770026393069670516331118592 0 0 1238 
nomask -1.1915288e-32 504439360807674579755397025890304 448880649207910325482557261479936 1673 0 
nomask 5.697847e+33 0 95556413533486757792293381136711680 1673 1238 
nomask 3.0521236e+29 599939305449070366803438526556798976 0 0 1238 
nomask -4.650485e-32 8004887890884313258176260964614144 1775890315236116182252005744636329984 1673 0 
nomask 5.656965e+33 0 5947946300765836962130675107889152 1673 1238 
nomask 1.9075777e+28 9705683332834798736076017470799872 0 0 1238 
nomask -1.9683771e-28 32283093667512791960118502956728320 28141399301120258095306491677376512 1673 0 
nomask nan 0 1480879961897647085940263715078144 1673 1238 
nomask 7.630432e+28 602382033206571414165904204759040 0 0 1238 
nomask -4.5416352e-35 7752797688138169812157680582656 1817393589617940143643033600 1673 0 
nomask -1.1869276e-35 0 5898902197356801483521623544823808 1673 1238 
nomask 1.8252381e+25 2434399796588941074920875491328 0 0 1238 
nomask -3.0508414e-30 520754359556977173632129772214550528 1782974307688398606063587588833280 1673 0 
nomask 2.2170755e+37 0 92938163445920591236830859362304 1673 1238 
nomask 7.815277e+28 38289427812199358904778995848445952 0 0 1238 
nomask -2.963984e-30 498242541228206501898212979245056 443984983045593937528692192565002240 1673 0 
nomask 1.4242236e+33 0 23139123567191906445546192109568 1673 1238 
nomask 1.961282e+31 599989399543843826724961258611671040 0 0 1238 
nomask -4.6503347e-32 518641929118590922497012909761101824 1783358198455639772714128010903552 1673 0 
nomask 2.2463063e+34 0 5874478737481882230973839869739008 1673 1238 
nomask 1.9533596e+31 2434209196565030162811699855360 0 0 1238 
nomask -4.7276717e-32 128602187896637295754396452844994560 27742134943387468583813433289342976 1673 0 
nomask 8.921589e+34 0 354083185131353014492251291648 1673 1238 
nomask 7.908142e+31 9571320404940529397957491202981888 0 0 1238 
nomask -3.000914e-30 1930173852504412835841340080128 7083814350912826545182568133689344 1673 0 
nomask 2.2464323e+34 0 23889094403470701350607835566702592 1673 1238 
nomask 1.9533906e+31 150001492033332405563640127122571264 0 0 1238 
nomask -4.727672e-32 130190660962930017849232349288464384 451969828688451146299832465883136 1673 0 
nomask 1.4243427e+33 0 5947850889317838426559634359713792 1673 1238 
nomask 7.7818705e+31 600022536722815417784159758368899072 0 0 1238 
nomask -1.8910087e-31 520762838014878108063291888363372544 443997195710937750081785408331448320 1673 0 
nomask 2.230397e+34 0 95948757380858053523700283923759104 1673 1238 
