nomask 0.99609375 274 179 859 892 
nomask 0.00390625 14 9 484 619 
nomask -2.9885402e-30 264856018598172692645211537408 448247531431632140243533406666752 926 0 
nomask 1.4243026e+33 0 1422682878400727972669990895616 926 1228 
nomask 1.9454987e+31 21268959728660113535549682221056 0 0 1228 
nomask -7.5331e-31 1107669572969183750084130529869824 442166677173605696910439749779456 926 0 
nomask 1.4344044e+33 0 22572916756046444100333644808192 926 1228 
nomask 1.9375759e+31 83605341119581188387194740701921280 0 0 1228 
nomask -7.563915e-31 68943884656788381993234788777984 1768953043379261422369102744256512 926 0 
nomask 1.424382e+33 0 5948355341421366481719251529891840 926 1228 
nomask 1.937545e+31 21267840263351150388933904302080 0 0 1228 
nomask -1.186714e-32 265971076832402677459431981056 28205494510507314637417853485056 926 0 
nomask 8.922097e+34 0 22762928953944668044682015539200 926 1228 
nomask 5.041008e+33 1342872382878522312908928182124544 0 0 1228 
nomask -2.990906e-33 1068344403613050551054251327488 113892026057207452588587352064 926 0 
nomask 2.262913e+34 0 87807164416351337412963598336 926 1228 
nomask 1.2602518e+33 331123670158482204122752493813760 0 0 1228 
nomask -4.7469312e-32 68085267883547737950807528570880 6978136973235655497637891896508416 926 0 
nomask 3.568737e+35 0 380682699092894034195381612051431424 926 1228 
nomask 1.2653027e+33 338064669923671859025561279004672 0 0 1228 
nomask -2.954795e-33 4448946566387377349172748034768896 1786689166467150821652401487872 926 0 
nomask 2.246687e+34 0 22573277747907494104622715371520 926 1228 
nomask 1.2602518e+33 21412255661118759439660723732480 0 0 1228 
nomask -7.38687e-34 68944995376274618865267630931968 28208472330919349612557415481344 926 0 
nomask 3.586508e+32 0 23696512198831822905585781258059776 926 1228 
nomask 3.1380022e+32 5353204395057230645403586658304 0 0 1228 
nomask -4.669519e-32 65655352411638624984997298176 1786549807661353907346028363776 926 0 
nomask 1.4346028e+33 0 1468893778530269866898581165703168 926 1228 
nomask 7.8450054e+31 1333881117383257560077653881389056 0 0 1228 
nomask -2.9638883e-30 71473194045889153022325564251308032 442250137332067249709287999537152 926 0 
nomask 9.091791e+31 0 5948548705479436382811858258624512 926 1228 
nomask 1.9454673e+31 5402517400488157154568568832 0 0 1228 
nomask -4.6502598e-32 17093515923948012738482356092928 28201020531056710969803107467264 926 0 
nomask 2.2887942e+31 0 21674526090579462035991429120 926 1228 
nomask 4.7304066e+27 84509424451596007052946844942336 0 0 1228 
nomask -1.7751831e-31 17941949253614282634580036130177024 7075239875287595041712880121544704 926 0 
nomask 1.450342e+30 0 91048775689295903469096595881984 926 1228 
nomask 3.1261573e+29 1347151598056337343201174093824 0 0 1228 
nomask -7.162962e-31 69230437165503405565833660858368 449618171860393933938230296576 926 0 
nomask 3.650227e+29 0 90671703018114306217879965532160 926 1228 
nomask 1.9691725e+31 5262448013094533955525864530640896 0 0 1228 
nomask -4.428349e-35 4503901958003359938901247910739968 6896741895408340234882213952423460864 926 0 
nomask 5.7215243e+30 0 21766951537182539894296150016 926 1228 
nomask 3.0521709e+29 84484708756571555081570373074944 0 0 1228 
nomask -1.8061179e-31 252110407361171362204876800 7146012935648849663315255754752 926 0 
nomask 3.6114634e+32 0 1404914540051214508546100035584 926 1228 
nomask 2.9805895e+26 5335094035121733910436848915709952 0 0 1228 
nomask -1.1954161e-29 68658425375914142743502887321600 27910267607390258320085203399213056 926 0 
nomask 1.4242629e+33 0 1410852964897975347174891847680 926 1228 
nomask 1.9454986e+31 5388745778775049373970235129856 0 0 1228 
nomask -3.000914e-30 4273379254293963380701305765888 112052940698072868689578182049792 926 0 
nomask 5.696735e+33 0 364195079560919450020689093853184 926 1228 
nomask 7.7819953e+31 5200784348755773695648443210777231360 0 0 1228 
nomask -7.563915e-31 263732180377846408737965735936 1781162443414435196348917629321216 926 0 
nomask 1.4244218e+33 0 5924030068688127599931093728362496 926 1228 
nomask 7.781748e+31 1347186581347242441532917153792 0 0 1228 
nomask -4.746781e-32 1054945803196397889996659359744 7164461520301789401522896896 926 0 
nomask 5.6167166e+33 0 1468917717074886965978184110047232 926 1228 
nomask 5.0208047e+33 1333701723067496215832475469873152 0 0 1228 
nomask -1.19634365e-32 4255466989429672446606708834304 446672336921991150443759140864 926 0 
nomask 5.697846e+33 0 365715200340369405431173349376000 926 1228 
nomask 1.2552208e+33 20980690852235058576049666260992 0 0 1228 
nomask -1.8987425e-31 273482856182751551154660105519104 1768952672239034800677946109460480 926 0 
nomask 8.986746e+34 0 1528957591131795214754614352858316800 926 1228 
nomask 3.1380523e+32 5299418914655696354085238193782784 0 0 1228 
nomask -4.7082625e-32 1157620197335819560871417534255988736 7051745492736705471001638469632 926 0 
nomask 2.2628492e+34 0 91050260250202390233723135066112 926 1228 
nomask 1.255201e+33 1347221564638147539864660213760 0 0 1228 
nomask -4.727522e-32 68943867165142929444068917248000 7099437011857592784629209759744 926 0 
nomask 3.586408e+32 0 1474974911143466276500042298687488 926 1228 
nomask 4.8439394e+30 339061881749655776383771607040 0 0 1228 
nomask -7.4404156e-31 1098498703258412222417687359258624 1774672776747018449965809664000 926 0 
nomask 3.5863084e+32 0 89151501051739777312455196147712 926 1228 
nomask 3.0275105e+29 331204446577182076170747219279872 0 0 1228 
nomask -7.5243223e-28 4611628205436761344420752473813155840 27526437354139918299422750421286912 926 0 
nomask 1.4240645e+33 0 23793431757611811334229391893856256 926 1228 
nomask 3.0151305e+29 332073639743812185876515363577921536 0 0 1228 
nomask -4.6503347e-32 1098498913158157653007677817618432 1768905166290027224209896855568384 926 0 
nomask 5.721831e+30 0 23502312332971569764494310964723712 926 1228 
nomask 1.8327918e+25 5318364316999275059956099842048 0 0 1228 
nomask -1.1411052e-29 72060098362349879824872685388693504 112061882857908035060883351666688 926 0 
nomask 1.4403221e+30 0 1404938551809040374795247550464 926 1228 
nomask 1.26524076e+30 1320319003971686628633171984384 0 0 1228 
nomask -4.5447758e-29 16592279704771126978559260753920 1727259794016911184828349546496 926 0 
nomask 1.4400898e+30 0 1444595042323234436028122752090112 926 1228 
nomask 7.5995977e+28 82440694190748289174004024916049920 0 0 1228 
nomask -2.7441166e-36 4649264879884331541388048044040126464 1749238591168312645522752414672748544 926 0 
nomask 1.4403236e+30 0 382245549803345284841265966593605632 926 1228 
nomask 1.17298684e+27 1333881257316421180470980853628928 0 0 1228 
nomask -1.160865e-29 71180892697996403735773023383322624 6880463999795625035946312624766976 926 0 
nomask 9.028161e+31 0 1462837883452483732295771198849024 926 1228 
nomask 1.19223565e+27 5298411955610284003704345955663872 0 0 1228 
nomask -4.781741e-29 17164885117077935688206799339520 7075239875287595041712880121544704 926 0 
nomask 5.656328e+33 0 5851253552790106802717733209243648 926 1228 
nomask 4.8439397e+30 5210472568164429451891901988864 0 0 1228 
nomask -7.502285e-31 71180870308690224472840707824943104 1751198701075637824676564041728 926 0 
nomask 5.696894e+33 0 376024907063522688020790440320040960 926 1228 
nomask 3.1254253e+32 82618630138750896005412784368898801664 0 0 1228 
nomask -7.59473e-31 4686681171913318017459975110025805824 27589314755561927277662233345994522624 926 0 
nomask 5.657122e+33 0 1547589329320668690370595630830583808 926 1228 
