nomask 0.99609375 336 379 848 1001 
nomask 4.8439394e+30 23609882856181270578498203811840 0 0 1274 
nomask -4.7815108e-29 296027430072587393886836490240 7414275775644116894437225791488 1035 0 
nomask 9.028408e+31 0 1463678346744151027853702463488 1035 1274 
nomask 4.8242097e+30 1499798936850719540930150400 0 0 1274 
nomask -1.20032726e-29 4776400607396160359761088348160 7314159364263792673542805389312 1035 0 
nomask 1.434404e+33 0 22389804506524868533026816000 1035 1274 
nomask 7.7503035e+31 5813136990866964814973038926715944960 0 0 1274 
nomask -3.025566e-30 310789783624515909940531534233600 115050391689274686954383763751043072 1035 0 
nomask 1.4243819e+33 0 382556627647585141545131774574592 1035 1274 
nomask 1.9454679e+31 1501023535437859663313214772346880 0 0 1274 
nomask -4.781434e-29 19743732701555896006392309350400 1847537936162677360875128244666368 1035 0 
nomask 5.722137e+30 0 23614846386836870652188495446016 1035 1274 
nomask 1.9296838e+31 375245717548900594056087648337920 0 0 1274 
nomask -4.8012323e-29 1194080753990841939924174766080 7289410667387298685177547095801856 1035 0 
nomask 5.722137e+30 0 365919633688341656775363133440 1035 1274 
nomask 1.1961875e+30 5902625285954739123492979998720 0 0 1274 
nomask -4.781434e-29 1169114717686056822158854717440 29064131061018788937919268651008 1035 0 
nomask 2.2730093e+31 0 6070438472925522976193805184663552 1035 1274 
nomask 4.8044797e+30 373858329592045609084467093260206080 0 0 1274 
nomask -2.9884442e-30 1248263951841965426877101160529920 461933769528483389420976482549760 1035 0 
nomask 2.2730717e+31 0 1530251057073529203966776273010688 1035 1274 
nomask 1.9375756e+31 373765838062579188727272012911738880 0 0 1274 
nomask -7.471231e-31 77378365496239257169950167531520 28956567120296839129982360593891328 1035 0 
nomask 2.273072e+31 0 1536485671282006428044370577981440 1035 1274 
nomask 4.8440162e+30 375255844758270437667641323683840 0 0 1274 
nomask -2.9761183e-30 19344590152147486849966842839040 116259664750012525586094248427520 1035 0 
nomask 9.028905e+31 0 6146041641146527357841263298609152 1035 1274 
nomask 1.2110042e+30 93168244063955264238542011760640 0 0 1274 
nomask -1.1855169e-29 305674682666466366571353357680640 7267192406096513394602250600448 1035 0 
nomask 9.028408e+31 0 398172897142080704977527370636328960 1035 1274 
nomask 1.9454985e+31 94459609888089617814119503626240 0 0 1274 
nomask -1.20034645e-29 1238053847939828114719202680504320 461859504384247961765716724547584 1035 0 
nomask 3.6255636e+29 0 1523942803415486066530434443902976 1035 1274 
nomask 3.0151781e+29 372713367789716996918395640217600 0 0 1274 
nomask -7.3167964e-31 20053902809450322026155610587791360 116262721027821306957519390769152 1035 0 
nomask 2.273072e+31 0 23517050009177041148529942200320 1035 1274 
nomask 4.7111414e+27 377808253430221331225128835481600 0 0 1274 
nomask -4.7026247e-29 1243178841500080632735960315985920 116265813403399483384512546603008 1035 0 
nomask 9.027913e+31 0 94460931735136570822250559700992 1035 1274 
nomask 4.8637452e+30 93826483347099240369034132193280 0 0 1274 
nomask -1.1855361e-29 81197107524923169281448266579312640 28622787561189606734516927051165859840 1035 0 
nomask 2.2727e+31 0 380979588298253953889758326292480 1035 1274 
nomask 7.5071186e+28 372642946538461829565468345630720 0 0 1274 
nomask -1.1855361e-29 76419926792489202554116956487680 461896612891186078889634594553856 1035 0 
nomask 3.58601e+32 0 379414725929798698312661429387264 1035 1274 
nomask 4.6918748e+27 95087663049096453913262445035520 0 0 1274 
nomask -7.5871856e-28 1179105072875226871394237153280 1834870603187282847762681589399552 1035 0 
nomask 5.721672e+30 0 94462453857746062332035128623104 1035 1274 
nomask 3.0028478e+29 23933955999840921033257212968960 0 0 1274 
nomask -1.9047157e-28 76741495015877595841442925772800 114673203882869228427469278674944 1035 0 
nomask 3.5858113e+32 0 23320294604868116393126401146880 1035 1274 
nomask 4.82421e+30 5855121578746523772750609736877998080 0 0 1274 
nomask -1.2052768e-29 1238034219140200078066693240258560 460176283301850140576809316834607104 1035 0 
nomask 1.4243422e+33 0 6120806701299987071798935262593024 1035 1274 
nomask 1.937576e+31 95092687552586897558376913305600 0 0 1274 
nomask -3.0131441e-30 19105289620028816153745398169600 7364991791903792486224804970496 1035 0 
nomask 9.029152e+31 0 94855191572469367736093921771520 1035 1274 
nomask 3.1127484e+32 5983019785626492330365870407680 0 0 1274 
nomask -3.0378438e-30 77060541212222147766046068572160 7364991039866930089233804689408 1035 0 
nomask 9.029152e+31 0 94855215637648964439805930766336 1035 1274 
nomask 7.781995e+31 1470071186293725595624244930150400 0 0 1274 
nomask -7.563795e-31 4736440714029889465970432409600 7340668344799656949978529622130688 1035 0 
nomask 3.586407e+32 0 1586231246825657250486464727639654400 1035 1274 
nomask 7.7503035e+31 23366138092073510760932018403409920 0 0 1274 
nomask -1.8755414e-31 4972557084365074936582569921085440 28757053304939591203349068532154368 1035 0 
nomask 1.4243822e+33 0 379414701864619101608949420392448 1035 1274 
nomask 3.1253754e+32 6023059408772128848632138956800 0 0 1274 
nomask -7.5331e-31 19344900517878657250224399974400 7364798518430156459537732730880 1035 0 
nomask 2.273072e+31 0 23615229925636693117598638800896 1035 1274 
nomask 4.8833975e+30 94454575609300554628839443005440 0 0 1274 
nomask -1.8523702e-31 309513461984957028679800670126080 461896709151904465704482630533120 1035 0 
nomask 1.4345235e+33 0 382556603582405544841419765579776 1035 1274 
nomask 1.8844569e+28 5963251223666442802338873527500800 0 0 1274 
nomask -1.8293191e-31 320857419978500375035447352701747200 7240326171953241152385824837337088 1035 0 
nomask 1.4242635e+33 0 98737283346040936665497566990827520 1035 1274 
nomask 7.845003e+31 1463574751182154954029836878951219200 0 0 1274 
nomask -7.502525e-31 308237159895995386499400990720000 7316671167384198623483744223232 1035 0 
nomask 5.6251165e+36 0 24483625709616943247926002148442112 1035 1274 
nomask 1.2905562e+33 23934591394251191144020715765760 0 0 1274 
nomask -6.9345433e-34 1248263951841965426877101160529920 1834772032211654749358292746633216 1035 0 
nomask 5.7622204e+30 0 23811994354387966636894183227392 1035 1274 
nomask 1.3638501e+33 94449560881108730523890567086080 0 0 1274 
nomask -2.8705822e-33 4796187033714437097440705249280 28954974582971847665136453352947712 1035 0 
nomask 9.028414e+31 0 95247941319782471492008719417344 1035 1274 
nomask 7.9081355e+31 93456864760650080832220950052208640 0 0 1274 
nomask -6.9782986e-37 1293884986468282690337550519427399680 456920878260756562673463395633594368 1035 0 
nomask 1.4404011e+30 0 1592666157256610770521777161111601152 1035 1274 
nomask 1.2258007e+30 6024157907954499674740579368960 0 0 1274 
nomask -4.5346293e-32 4952136563751244486981474005811200 7238544963620211530437767077036032 1035 0 
nomask 5.697371e+33 0 23517435052050588407922086117376 1035 1274 
nomask 4.5630933e+24 93436304414164796480091221152235520 0 0 1274 
nomask -4.7222695e-29 310794827678603592665977187205120 456895644090995769481939851885412352 1035 0 
nomask 2.2728857e+31 0 24684710499898263992879241391767552 1035 1274 
nomask 4.844016e+30 1490812962321388613227367859486720 0 0 1274 
nomask -1.8968271e-28 4993054868939194231652507776450560 29263598310253517242869823307776 1035 0 
nomask 3.6109663e+32 0 24483633410474414193113845026783232 1035 1274 
nomask 1.9296839e+31 1460223003047678138557237643182080 0 0 1274 
nomask -3.01324e-30 79231632494044377463664109472972800 1784846795663206775683824245276672 1035 0 
nomask 1.4243422e+33 0 24180427549270889312176196101865472 1035 1274 
