nomask 0.99609375 120 171 650 882 
nomask 0.01171875 0 117 131 523 
mask 0.01171875 2 930 268 1124 
mask 0.01171875 2 7 325 154 
mask 1.9296839e+31 1152297293940999921273774538752 0 0 1132 
mask -1.2003465e-29 58478807012838450483938715500544 410369667728689725162767914106880 792 0 
nomask 1.4344437e+33 0 20720670501534489266728359428096 792 1132 
nomask 7.750304e+31 1117326519715488100354049924136960 0 0 1132 
nomask -7.563915e-31 58232741155925064835961330860032 25830131305897583758015203377152 792 0 
nomask 1.4244216e+33 0 334322433475520630260712173731840 792 1132 
nomask 1.9375761e+31 72758903586659877762314488774656 0 0 1132 
nomask -1.8909787e-31 881153820287860402116624384 6521074280684017595046792284602368 792 0 
nomask 5.657281e+33 0 1316937135522194085214303551488 792 1132 
nomask 1.2501503e+33 1140703969218706900962025414852608 0 0 1132 
nomask -3.0626398e-30 14680976980068548120022928588800 6544262437451316569866607001600 792 0 
nomask 5.6569626e+33 0 84281282431115682800770947743744 792 1132 
nomask 3.1253758e+32 4531317532251415971334383690842112 0 0 1132 
nomask -1.8987124e-31 14436107024688017346738750750720 104010251253603430185847578689536 792 0 
nomask 1.4244218e+33 0 350928093481387173053001994734665728 792 1132 
nomask 3.1380026e+32 18193561383832890234942605230080 0 0 1132 
nomask -3.013192e-30 233911383213900245059493355847680 1636022175397102948904798781440 792 0 
nomask 2.2731335e+31 0 20895836344233941271407394553856 792 1132 
nomask 7.78187e+31 287121480056176504628828467888128 0 0 1132 
nomask -3.013192e-30 3670244011259996127958294069248 1647013641585259224272790880256 792 0 
nomask 9.028904e+31 0 1359667340701726132784568855429120 792 1132 
nomask 2.9904688e+29 4578911080817239284535737188352 0 0 1132 
nomask -1.1706491e-29 951286870193122991187077791481856 103301334092887930738269778608128 792 0 
nomask 5.761752e+30 0 1354084100862792004268480230588416 792 1132 
nomask 1.9454674e+31 72768500719836752221932217171968 0 0 1132 
nomask -1.849342e-28 61382392262905018775755458380562432 102617146227612353926646665838592 792 0 
nomask 1.4549211e+27 0 5438672099814960138658726956498944 792 1132 
nomask 4.8242067e+30 4578669843447828371579640741888 0 0 1132 
nomask -7.492277e-28 58478807012838450483938715500544 6499953778476883202283399020544 792 0 
nomask 9.125079e+28 0 1289610405404987908503958978560 792 1132 
nomask 1.8613353e+28 1152357252647641296441641533440 0 0 1132 
nomask -1.1410093e-29 947380275972996921208810946691072 104001997463685738756985919111168 792 0 
nomask 9.188187e+28 0 5202148887222791552281079709696 792 1132 
nomask 4.7112158e+27 291043244179718553877636819451904 0 0 1132 
nomask -7.5239544e-28 3639665772144317498488441012224 103304081792381255475598077198336 792 0 
nomask 1.4403215e+30 0 20983762728020332865912949440512 792 1132 
nomask 1.2011197e+30 287190657209426492939463504691200 0 0 1132 
nomask -7.587063e-28 15345847965200278873164826458193920 403100065194799933493613526933045248 792 0 
nomask 9.12532e+28 0 20808256095743644573287067942912 792 1132 
nomask 7.476291e+28 71784199891040665302432586137600 0 0 1132 
nomask -4.7418375e-29 898441714064194444469880225792 1647055739121270765725048373248 792 0 
nomask 1.440438e+30 0 1284157605115492969840717594624 792 1132 
nomask 4.5954623e+27 1148516439557022189828829328965632 0 0 1132 
nomask -1.9126043e-28 906101526496557960432678076416 103304103175256689909351604813824 792 0 
nomask 2.2728852e+31 0 84282629552268052127243187519488 792 1132 
nomask 4.8242868e+30 18191165840652926052797182377984 0 0 1132 
nomask -4.7617896e-29 58968066318917817420974382907392 26174983629466414118031822159872 792 0 
nomask 3.5860098e+32 0 83581987564345678542280574631936 792 1132 
nomask 1.937607e+31 17665246736173054393910860320790806528 0 0 1132 
nomask -3.013192e-30 15157844090786417907978076956917760 102935927950731010490217317045108736 792 0 
nomask 1.4243819e+33 0 5438670389184925383958444747259904 792 1132 
nomask 7.750304e+31 4609428543076283381671689977856 0 0 1132 
nomask -3.0131923e-30 902286376199895644195807821824 103614533830406940374329196544 792 0 
nomask 1.4243819e+33 0 83932297866869148117885117267968 792 1132 
nomask 3.1127488e+32 18069090381445368015114857349120 0 0 1132 
nomask -3.0502657e-30 14680976980068548120022928588800 411742593668311840556159336448 792 0 
nomask 2.2731335e+31 0 20808592876031736904905127886848 792 1132 
nomask 1.20605235e+30 4578309857450839218525000695808 0 0 1132 
nomask -3.0132402e-30 234891876606385319430321573199872 1630487701878456475867849074671616 792 0 
nomask 3.5862086e+32 0 350928115377451617913165607012925440 792 1132 
nomask 4.8439397e+30 1136299871104322648614611206352666624 0 0 1132 
nomask -3.060216e-27 982102834142430254578538242413428736 101486890197899054582683966373888000 792 0 
nomask 9.027661e+31 0 84282666972300062386311860846592 792 1132 
nomask 4.8242868e+30 4578430008621262870908172763136 0 0 1132 
nomask -4.8409056e-29 14619698948123921796415421939712 1646927274814949831690183245824 792 0 
nomask 1.4502641e+30 0 1348478622833406064648722885640192 792 1132 
nomask 7.1504215e+25 71791897046176287920473616941056 0 0 1132 
nomask -7.4922767e-28 235868450359131748269708099452928 104007503554110105448519280099328 792 0 
nomask 1.4403215e+30 0 83233013691536861076271507963904 792 1132 
nomask 1.215917e+30 287159868588884002467299381477376 0 0 1132 
nomask -1.845133e-25 15220347683369936758057733738987520 6477635225833470637960483752116224 792 0 
nomask 3.6609128e+26 0 356656870302418161959700417214414848 792 1132 
nomask 7.445339e+28 17534721586785466982563337997914210304 0 0 1132 
nomask -2.8895489e-30 234888001848017727091987993067520 409080592730439169755670642688 792 0 
nomask 9.213917e+25 0 5393914491333624258594891542560768 792 1132 
nomask 1.7876044e+25 290004280879822509479074725888 0 0 1132 
nomask -7.2707823e-28 61132370232816950297146380313952256 103295838693901281263613181427712 792 0 
nomask 5.780847e+27 0 5202150223652506204390675185664 792 1132 
nomask 7.6303063e+28 71784199891040665302432586137600 0 0 1132 
nomask -1.9018357e-25 14558428396407804338325933785088 6432087990528091988246380553437184 792 0 
nomask 5.7208957e+30 0 20808252086454500616958281515008 792 1132 
nomask 1.861366e+28 17877228145324806144810024255356928 0 0 1132 
nomask -4.741991e-29 3992478009192083396656390031328411648 6404042514916182849554330199737237504 792 0 
nomask 5.7611324e+30 0 91301305652637626402923972500536688640 792 1132 
nomask 4.6148807e+27 285245049774270571702853094604800 0 0 1132 
nomask -1.8967657e-28 15220347683369936758057733738987520 25729758784252950218497611091935232 792 0 
nomask 2.288793e+31 0 337130689272075683979000971001856 792 1132 
nomask 7.4453444e+28 18000264858777124454750833933811712 0 0 1132 
nomask -3.0601669e-27 235868525161416836924888284397568 25731168343401588091530151504904192 792 0 
nomask 2.272823e+31 0 21754331219708583773215982536884224 792 1132 
nomask 1.2011393e+30 4500680431217601079103243100880896 0 0 1132 
nomask -4.7617896e-29 15220343853492940218912508269821952 25829449726743111182121510633472 792 0 
nomask 1.4344435e+33 0 21664999382285637716958564539432960 792 1132 
nomask 1.9296841e+31 4480692345301310242102117005942325248 0 0 1132 
nomask -1.2102072e-29 994119211094643698132675866272989184 1612445454256213925352149850060226560 792 0 
nomask 1.4243421e+33 0 88448128683999833699149156097982464 792 1132 
