nomask 0.99609375 235 235 716 865 
nomask 0.01171875 0 974 32 1065 
nomask -1.1904473e-29 18256166804521537214209826226176 113156950117105833449100452823040 989 0 
nomask 9.028408e+31 0 5674481158708667701096611840000 989 1240 
nomask 2.9904688e+29 1451786543000396420660330496 0 0 1240 
nomask -1.1904473e-29 18332683470384526113892691083264 7166932927081815775653847367680 989 0 
nomask 2.2729476e+31 0 5674388198924452412130580234240 989 1240 
nomask 4.8044797e+30 88664072487915509977376076324667392 0 0 1240 
nomask -1.1953777e-29 1086355147504901658672889856 28378721700872966691273748932198400 989 0 
nomask 2.2730714e+31 0 23176496243311075297417316270080 989 1240 
nomask 4.8242097e+30 22480059285490005032146524134440960 0 0 1240 
nomask -1.1954161e-29 1183029456656017428852813479280640 28381800786578492367196558574223360 989 0 
nomask 1.424263e+33 0 369289034781889863418443705876480 989 1240 
nomask 1.9454676e+31 1424439529280511617125613649788928 0 0 1240 
nomask -3.01324e-30 73024671888506600414918421250048 113156938405636955932380322856960 989 0 
nomask 9.028161e+31 0 87918637334472257211287470080 989 1240 
nomask 1.21100404e+30 22865428100266463284526627946496 0 0 1240 
nomask -2.9885402e-30 73023490272132356220901985878016 1773621948744536069451434887741440 989 0 
nomask 3.586209e+32 0 6175397693321218912050982335251742720 989 1240 
nomask 1.2109848e+30 5737089483822706838578946486829056 0 0 1240 
nomask -2.9391404e-30 18332379893055174838750128635904 1820467384994461173814394880 989 0 
nomask 1.4403609e+30 0 23732360384282493213791526217318400 989 1240 
nomask 4.8636672e+30 5620015419186319057470757925814272 0 0 1240 
nomask -2.9637923e-30 73635651621558976766839602806784 28182232859701558489761406664048640 989 0 
nomask 9.091049e+31 0 369289034781889863418443705876480 989 1240 
nomask 3.0521712e+29 22716586470895758861167818178560 0 0 1240 
nomask -1.8215853e-31 281679771162866866245517443072 113153928558135434135306921574400 989 0 
nomask 1.4243426e+33 0 354666692392318642439292190720 989 1240 
nomask 4.5819087e+24 1414644947689685688390611778928640 0 0 1240 
nomask -1.8092187e-34 4925377982447356571389645170069733376 6997977046553316732163847555645440 989 0 
nomask 3.6506156e+29 0 1489412612920760291891709005004800 989 1240 
nomask 1.9770333e+31 365309247353191744598441984 0 0 1240 
nomask 3.0302211e+35 4732193151165112444111242334830592 7119337517563587825045665218560 989 0 
nomask 1.4068095e+36 0 5957554886097000631130575496806400 989 1240 
nomask 3.0768339e+29 89281102433074289114843103363072000 0 0 1240 
nomask -1.1095457e-32 1131482913512056705680742023168 7193501986990229797542613095546880 989 0 
nomask 5.76191e+30 0 1424616378750754274781943562240 989 1240 
nomask 2.0678807e+31 361016738136625659594934623141888 0 0 1240 
nomask -7.131787e-31 73634437312241571666269353017344 28483372693124614273509495930880 989 0 
nomask 1.4403224e+30 0 5957554136562992470060487178977280 989 1240 
nomask 4.8834734e+30 22325804190455581445516274943655936 0 0 1240 
nomask -3.0350216e-27 4790731678017850833250653845848064 1773766421424609115710958149304320 989 0 
nomask 9.088568e+31 0 87918643052962920061248471040 989 1240 
nomask 3.0275097e+29 356061795671158662298821520785408 0 0 1240 
nomask -1.175637e-29 1183029456656017428852813479280640 7143609255736988167113736800174080 989 0 
nomask 5.721984e+30 0 6006484466149755286495963381760000 989 1240 
nomask 1.8844564e+28 1434234409778246445577678966751232 0 0 1240 
nomask -4.7618663e-29 281679698187547310650531250176 1804102189830422501159474298880 989 0 
nomask 2.2728855e+31 0 369288941090138843284682666147840 989 1240 
nomask 3.0027997e+29 22718386917979834500667169308672 0 0 1240 
nomask -2.9761664e-30 4732041007548482488125948268904448 1785950284110769350264086541107200 989 0 
nomask 2.2730095e+31 0 5908434549639168983427710724341760 989 1240 
nomask 1.2011199e+30 22322738601197905947313571721379840 0 0 1240 
nomask -1.20032726e-29 1131464450756209140149235220480 1778513290754489939720863262997217280 989 0 
nomask 3.5862082e+32 0 370811970771784382670704234987520 989 1240 
nomask 4.8044804e+30 1444028692462163474595617391509504 0 0 1240 
nomask -1.2003657e-29 1192785852889231418732960110608384 111949176219436109524766822666076160 989 0 
nomask 1.4243025e+33 0 92706025963385372498189719961600 989 1240 
nomask 1.9454677e+31 90863954628311837708163703898112 0 0 1240 
nomask -3.01324e-30 73329538253902505587316979924992 457021728027043580397035192320 989 0 
nomask 3.6114626e+32 0 367759985405241280438275334471680 989 1240 
nomask 3.0151792e+29 356129012362297486173463962976256 0 0 1240 
nomask -3.000914e-30 4692940098074583799905373325885440 7046519867057860275363663440773120 989 0 
nomask 3.5862086e+32 0 1537611189694637643304572542527733760 989 1240 
nomask 1.2060524e+30 89290944839770538998308256610254848 0 0 1240 
nomask -4.702548e-29 4751476532578959891025340714188800 7072685613256804815202953461760 989 0 
nomask 2.2727617e+31 0 370824127276479245026199139778560 989 1240 
nomask 1.211004e+30 22322121657337936931294618966818816 0 0 1240 
nomask -1.8967964e-28 295757345482322550980886904438784 7046329485419787363561230712176640 989 0 
nomask 2.2726376e+31 0 367753989133175991877568791838720 989 1240 
nomask 4.544349e+24 1429464203458530602321973346304 0 0 1240 
nomask -4.7623264e-29 4732041007548482488125948268904448 446523548660084068930260891074560 989 0 
nomask 3.611066e+32 0 91557739862882613122886805749760 989 1240 
nomask 1.2504439e+30 22480669055584160454955954182553600 0 0 1240 
nomask -7.267553e-34 306597147591804644890659207566589952 444739181766565539840558375947468800 989 0 
nomask -1.1978246e-38 0 96103757454668149872496120650792960 989 1240 
nomask 1.9076077e+28 351241286587969312751993302810624 0 0 1240 
nomask 1.8777254e+34 294537749248966286665077412069376 1780398359814029870815174983680 989 0 
nomask nan 0 384408817680812960541092504435425280 989 1240 
nomask 7.3913816e+25 358606502276712791053836979535872 0 0 1240 
nomask -1.1956271e-29 4712528065628600058507123283197952 112395423564814186239369538437120 989 0 
nomask 5.760979e+30 0 91173984306438583996028142223360 989 1240 
nomask 2.2468094e+34 5640885365779663041651074400256 0 0 1240 
nomask -1.8415761e-28 279293222799780465614558068736 1773669731537556337669565149347840 989 0 
nomask 9.026673e+31 0 369288964513076598318122926080000 989 1240 
nomask 3.03984e+29 1408792471171820423774030733680574464 0 0 1240 
nomask -1.8369927e-31 1231383673938202446562351300000874496 6997783666779211176081061555732480 989 0 
nomask 9.026925e+31 0 381265164117688257396594811338752000 989 1240 
nomask 3.0151305e+29 89656408079720593236474382516224 0 0 1240 
nomask -2.9638405e-30 306597090201678136144983025915002880 27986514539490539868299855124234240 989 0 
nomask 5.722294e+30 0 1477132528806302379965992811888640 989 1240 
nomask 3.0150822e+29 5658885871433456063835415924178944 0 0 1240 
nomask -1.205296e-29 293318283787382665975483177369600 1773910519337678081435437251952640 989 0 
nomask 1.4243025e+33 0 23731973624734282101625954217492480 989 1240 
nomask 1.929684e+31 356138614746745889584127169003520 0 0 1240 
nomask -3.0008661e-30 76650477743076217695445571162079232 7121030556783193835899453440000 989 0 
nomask 3.6115616e+32 0 384415101773937382952712961114767360 989 1240 
nomask 4.82421e+30 354695697838531378607149039388459008 0 0 1240 
nomask -3.025566e-30 19162624218279596819334407928152064 111958410478416653908254898320834560 989 0 
nomask 1.4243819e+33 0 1495505012722595509837078399549440 989 1240 
