nomask 0.99609375 371 219 919 1029 
nomask 0.00390625 144 111 845 929 
nomask -7.5331e-31 6385049552175542156229395041222656 156142476984774141447657517744128 1329 0 
nomask 1.414201e+33 0 2072028039420623111861390253490176 1329 1711 
nomask 4.8242103e+30 30526943604517178114739523289088 0 0 1711 
nomask -1.883275e-31 99361532876397461430958779531264 9788983086182901787466850514239488 1329 0 
nomask 1.4243822e+33 0 1949226000345664437526663790592 1329 1711 
nomask 1.9375759e+31 7551660386140340067876595002507264 0 0 1711 
nomask -7.563915e-31 24429477737644100788508134735872 2481600248601579148902439342571520 1329 0 
nomask 1.4244216e+33 0 509550902083648267848970280108032 1329 1711 
nomask 3.1253756e+32 7551453126688899516236254200987648 0 0 1711 
nomask -1.883275e-31 97717879570451124485240093933568 39414530909890180960571359232 1329 0 
nomask 5.657122e+33 0 31847967636258960103310343798784 1329 1711 
nomask 1.255201e+33 1933438956605693659950713143296 0 0 1711 
nomask -1.8987124e-31 100179305217184625895834227048448 616031061284494630453535897026560 1329 0 
nomask 1.4243822e+33 0 1982224215206258924853378678784 1329 1711 
nomask 1.9454676e+31 7550628908870380113201410548432896 0 0 1711 
nomask -7.502285e-31 6133076033039310671897985810432 9857824939625579612049080447926272 1329 0 
nomask 2.2627855e+34 0 33016355578872104465486066411896832 1329 1711 
nomask 1.9533596e+31 481888718113175750636557144424448 0 0 1711 
nomask -7.47159e-31 392503937502901071458983747780608 618205312781700071633429987328 1329 0 
nomask 1.4242633e+33 0 507441189844245259760096937771008 1329 1711 
nomask 1.9533592e+31 30877885143009327600107520 0 0 1711 
nomask -1.1673985e-32 24737949076152206818561449000960 157621590185740763365227102208 1329 0 
nomask 2.2887945e+31 0 7517707460641039643930787840 1329 1711 
nomask 4.7304825e+27 30519688519552749889926236995584 0 0 1711 
nomask -7.2864616e-31 23657249677151818494347575296 39558930561812196598004272070656 1329 0 
nomask 9.091793e+31 0 1965708253465516878689158037504 1329 1711 
nomask 1.2018882e+27 7603687328439161333128655737454592 0 0 1711 
nomask -4.6365526e-35 6385049953841145723189938337349632 620400191429899622265017205784576 1329 0 
nomask -4.7478573e-35 0 8186707899679984237092569270452224 1329 1711 
nomask 1.9076387e+28 30680218149412167984611328 0 0 1711 
nomask 7.641088e+34 397433152685774588311279862022144 38627684743972351847824359424 1329 0 
nomask -1.191759e-35 0 7121191954185810754928640 1329 1711 
nomask 7.7537433e+28 486459458120161168721398726656 0 0 1711 
nomask -1.2253244e-29 5629175223811503562948608 158244028455434437673940619886592 1329 0 
nomask 2.2727005e+31 0 475892713068516364947292160 1329 1711 
nomask 1.3840134e+33 7630122962689970952753207312384 0 0 1711 
nomask -1.8336877e-28 24120593750488580263834168590336 2456403259010816043670396993536 1329 0 
nomask 1.4402057e+30 0 505322977477399347830189008617472 1329 1711 
nomask 1.2208683e+30 478624130711984832950849960411136 0 0 1711 
nomask -2.9268145e-30 1583152323992662622144570647904256 611877698632659319412955354759168 1329 0 
nomask 1.4340872e+33 0 28736775613865324391170048 1329 1711 
nomask 1.9454675e+31 7600534483212515467616845824 0 0 1711 
nomask -7.4404156e-31 85665018837517215989760 2480935751946727046348556814254080 1329 0 
nomask 9.028905e+31 0 30328353211669686674996068352 1329 1711 
nomask 4.8635914e+30 489736082545157417772527910912 0 0 1711 
nomask -3.025566e-30 83658552093154738176 164979576080957440 1329 0 
nomask 3.5862086e+32 0 483168829996975315653836668928 1329 1711 
nomask 1.929684e+31 7572951535763430372802560 0 0 1711 
nomask -1.883245e-31 1576570731829015298422256135307264 152929158515087087882993664 1329 0 
nomask 1.4244216e+33 0 479048771715077967235898146816 1329 1711 
nomask 7.7818715e+31 471965720001655328024630063529984 0 0 1711 
nomask -7.53298e-31 22124838372716464746528768 2456273222008882361453999292416 1329 0 
nomask 3.586407e+32 0 1932643883858307586040702959616 1329 1711 
nomask 3.112699e+32 7708363794722332652474886204162048 0 0 1711 
nomask -7.563915e-31 1484853363761382603135909888 157991206234640981552005120 1329 0 
nomask 1.424382e+33 0 124921142700265897749689401344 1329 1711 
nomask 3.1253758e+32 32212566 0 -295575 1711 
nomask -1.8986825e-31 366505771502426092581421056 163902404666851328 1329 0 
nomask 1.4244218e+33 0 1669431790232221515776 1329 1711 
nomask 1.937576e+31 30006760612200272065657307136 0 0 1711 
nomask -7.5640353e-31 92623839347953930590146789376 9790305874076373910683061804072960 1329 0 
nomask 5.697528e+33 0 528253216800324802305175652984160256 1329 1711 
nomask 7.7818715e+31 473807629016596634567417266176 0 0 1711 
nomask -7.502285e-31 96480768339540053213163489853440 38379273039186175662349090816 1329 0 
nomask 1.434444e+33 0 518006880575650942925940193230848 1329 1711 
nomask 1.9533903e+31 121275535839528081680765496066048 0 0 1711 
nomask -1.8678076e-31 98232975452208792339707068416 9956441874944061007449431212032 1329 0 
nomask 5.721985e+30 0 109142281403376861184 1329 1711 
nomask 4.7304825e+27 2032168839168 0 0 1711 
nomask -7.193537e-31 5580144526224071671676928 156017964661679894118434150023168 1329 0 
nomask 9.028411e+31 0 1949192922972357034865793695744 1329 1711 
nomask 1.1454955e+24 7551863628935744949911502842757120 0 0 1711 
nomask -7.244614e-37 102578705008708711463021689379487744 611977502410391969835445104148480 1329 0 
nomask 8.869351e+37 0 2029731534544238433912693624668160 1329 1711 
nomask 7.6612576e+28 115533274162734367883736152801280 0 0 1711 
nomask 7.6085097e+34 6384946725781029014330311232716800 153553530923427332775326253056 1329 0 
nomask -2.9912443e-36 0 130980947226993167608963836055388160 1329 1711 
nomask 5.021507e+30 30817204443433000795537145856 0 0 1711 
nomask -1.8604037e-31 5989132873266600903073333248 615881808096162577457727068438528 1329 0 
nomask 2.2728867e+31 0 24993518843904 1329 1711 
nomask 1.36385e+33 1913000720140255970740165064785920 0 0 1711 
nomask -4.6435372e-29 5839296988700826381022396416 2430434006177967252253484662128640 1329 0 
nomask 3.625273e+29 0 32880787918921888741341441023803392 1329 1711 
nomask 1.2159165e+30 29581482772520085810551595246551040 0 0 1711 
nomask -1.1707259e-29 1647971684346762773438638965525577728 616180379112579100969048410685440 1329 0 
nomask 9.026674e+31 0 521755004208748358780335918818525184 1329 1711 
nomask 1.2060523e+30 7581527700683424460772864950272 0 0 1711 
nomask -2.9884922e-30 406945430446026840388383291350188032 152294284938797677845105156087087104 1329 0 
nomask 9.028905e+31 0 487314674742605629695755026432 1329 1711 
nomask 1.20605235e+30 29781341936880519769842708922761216 0 0 1711 
nomask -1.20525764e-29 95429216418936202144732151808 2447644728097646378477856885833728 1329 0 
nomask 3.5861092e+32 0 8321732068591873455568610582855680 1329 1711 
nomask 1.929684e+31 7552279754501040321034357630304256 0 0 1711 
nomask -3.013192e-30 1654683677248608110901334565745328128 2473080820132601889093830311936 1329 0 
nomask 9.029151e+31 0 8486487259566883662664827204001595392 1329 1711 
nomask 7.7186118e+31 1893056544793735253350713030680248320 0 0 1711 
nomask -7.53298e-31 415362413501893211965262291357663232 2437117884823207585973613098992402432 1329 0 
nomask 3.5864067e+32 0 33286955164504499510471175320895488 1329 1711 
