nomask 0.99609375 931 1221 1698 2359 
nomask 3.0027998e+29 223382021798963005526107710554112 0 0 3264 
nomask -1.8967657e-28 45235215944612682518778347520 300688096992683939814860390400 2448 0 
nomask 5.761441e+30 0 244022238537487564813350570295296 2448 3264 
nomask 7.4453434e+28 14151886647215825982689372012544 0 0 3264 
nomask -7.6504173e-28 47238655644259365335564824149491712 296707363498883139498664628047577088 2448 0 
nomask 2.2727612e+31 0 3888194011309492716297581079035904 2448 3264 
nomask 1.2060717e+30 13910056151445863420738829620871168 0 0 3264 
nomask -1.2003081e-29 172831467963605551573874245632 74197091407368424946548025610731520 2448 0 
nomask 8.965521e+31 0 243015902088872315966483305857024 2448 3264 
nomask 1.2011201e+30 887609093900193597145937539497984 0 0 3264 
nomask -4.7815108e-29 11858151546523571108498454934978560 18677056001490362719058380481101824 2448 0 
nomask 2.2729474e+31 0 3828631212649131798713566494720 2448 3264 
nomask 1.9375758e+31 3525338386497857506578220361711616 0 0 3264 
nomask -3.0007702e-30 182259036478366720751991697440768 74694058103349403359075316883521536 2448 0 
nomask 5.7222926e+30 0 57856124246825983248150036480 2448 3264 
nomask 2.9781376e+29 14102487015497087588793019162165248 0 0 3264 
nomask -4.781434e-29 726017691464572339582156186583040 74189010134791969984113484127797248 2448 0 
nomask 2.2730093e+31 0 1020122523524335230346746776977932288 2448 3264 
nomask 1.19123576e+30 55264480944383174929095775695667200 0 0 3264 
nomask -4.7617125e-29 11809470067063221045790816950288384 298823237420077768713500098560 2448 0 
nomask 1.4404378e+30 0 3888256159768027465154194374131712 2448 3264 
nomask 4.824209e+30 55644788078310148098998066151948288 0 0 3264 
nomask -1.904685e-28 2952416347697511135549328969433088 1178781264128687458062583433451798528 2448 0 
nomask 3.6257563e+29 0 3984916002596336443782944532725760 2448 3264 
nomask 2.9905166e+29 55643284677503688459990468346773504 0 0 3264 
nomask -4.7419143e-29 173568384029885322854695698432 74973614509158147787069939777536 2448 0 
nomask 5.722138e+30 0 244022161468466564380740682776576 2448 3264 
nomask 1.8536291e+28 884110381319070969097423259103657984 0 0 3264 
nomask -7.5555084e-28 761988683973892717185196153286688768 73681933956222672424243763519422464 2448 0 
nomask 3.6503217e+29 0 249870769908488315849428967318618112 2448 3264 
nomask 1.20111956e+30 890527690741099951918172602368 0 0 3264 
nomask -1.8967964e-28 181507347635490051313084277981184 4700448222546736925492074134896640 2448 0 
nomask 5.721363e+30 0 925698168579733701734330007552 2448 3264 
nomask 7.4762915e+28 221021487024128898386734393772212224 0 0 3264 
nomask -1.17066824e-29 2940388956280183622450282797989888 18676043869451368237679249675255808 2448 0 
nomask 1.440438e+30 0 976089077460383859945578101211136 2448 3264 
nomask 4.6726066e+27 224908936363729876522982197690368 0 0 3264 
nomask -1.9047157e-28 2952462404144460994076997750620160 4748985848825938630711726571520 2448 0 
nomask 5.721827e+30 0 1020122270984567216129170697556590592 2448 3264 
nomask 4.8242088e+30 13912336407984007420454093614743552 0 0 3264 
nomask -1.9126043e-28 187403077431366236887071725488963584 290573835450708831896832692138803200 2448 0 
nomask 2.2727614e+31 0 955917525145465031402322231558144 2448 3264 
nomask 2.9904688e+29 3501091979249387004738903692279808 0 0 3264 
nomask -1.1953777e-29 10755904554467135532583354368 18675031737412373756300118869409792 2448 0 
nomask 2.2730095e+31 0 60753987082571229056512309592064 2448 3264 
nomask 2.9904206e+29 887537697159138796376137742155776 0 0 3264 
nomask -7.6504173e-28 729048076197917749975977377660928 4701589090678410529502761052012544 2448 0 
nomask 2.272823e+31 0 242013742781195290567071944933376 2448 3264 
nomask 2.978138e+29 3585507472695987389923105701888 0 0 3264 
nomask -4.8012323e-29 189727394267160967125062325903556608 18674520738975532487923520665288704 2448 0 
nomask 9.028655e+31 0 3888194011309492716297581079035904 2448 3264 
nomask 1.1961876e+30 217930376588031623922624519104102400 0 0 3264 
nomask -1.2052768e-29 178479864550785307207025351983104 4637698009096016691060777292922880 2448 0 
nomask 3.5862082e+32 0 963966675353967013525062596689920 2448 3264 
nomask 1.9296841e+31 221009341439660964610184824102060032 0 0 3264 
nomask -1.9125736e-28 45565481641663559243715619848192 76175885878059530064985325568 2448 0 
nomask 2.2571015e+31 0 972063978286790065942460683517952 2448 3264 
nomask 1.929684e+31 56233176112451602484967877115904 0 0 3264 
nomask -3.0131441e-30 729048076197917749975977377660928 4700955275049702971719046098059264 2448 0 
nomask 5.722448e+30 0 3734237075727801938123333566464 2448 3264 
nomask 1.1912551e+30 55244711815668311959468308493762560 0 0 3264 
nomask -4.8012323e-29 180749751452153698714628980211712 18677561081026391154210539323785216 2448 0 
nomask 9.028902e+31 0 1011863399816256255184251361563770880 2448 3264 
nomask 4.784673e+30 218895425620716521011722842013696 0 0 3264 
nomask -4.8013093e-29 46462847558018876108624402426363904 1163601566143206619788487950336 2448 0 
nomask 9.028655e+31 0 15939667956319220997281404371861504 2448 3264 
nomask 7.750303e+31 896354108728732657225669017600 0 0 3264 
nomask -1.20032726e-29 732066715612462694440051710885888 1175207127980990365040575776817152 2448 0 
nomask 2.2730714e+31 0 968039249044497074015870725914624 2448 3264 
nomask 3.0151305e+29 3501757485659529940411804393930752 0 0 3264 
nomask -7.4404156e-31 2928267047415501178798470573588480 74195071089224311205939390239997952 2448 0 
nomask 9.028905e+31 0 3904292188416063079850885989269504 2448 3264 
nomask 1.8690431e+28 222585189592069682284920413274243072 0 0 3264 
nomask -7.1934175e-31 755794388544039988479120106617569280 73681941848090422868543016001339392 2448 0 
nomask 1.4304575e+30 0 15552520546019550231002025214083072 2448 3264 
nomask 4.8833966e+30 3429026772334036882653985967702016 0 0 3264 
nomask -1.1904857e-29 2964538071596543178162877463789568 73681910280619421091346006073671680 2448 0 
nomask -7.505996e-37 0 62983860087339888354965821606330368 2448 3264 
nomask 4.730487e+27 887632584537794529005431255203840 0 0 3264 
nomask -7.781297e-31 188178808571896159282094435513401344 295869605483905998529513981476864 2448 0 
nomask 2.2887937e+31 0 968039434010147475054134455959552 2448 3264 
nomask 3.1261091e+29 881524093933300240345746521456640 0 0 3264 
nomask -1.1509467e-29 181504445986849385025322012901376 290541447225461008492700506351730688 2448 0 
nomask 1.4403608e+30 0 3904355323358066634244905844604928 2448 3264 
nomask 7.813434e+31 219488136579556323263473419722686464 0 0 3264 
nomask -7.555754e-28 189724387465548047847047130293207040 18548767772306077801484847559999488 2448 0 
nomask 9.026177e+31 0 15616920159830113323977090776694784 2448 3264 
nomask 1.9375755e+31 13910818209925515698385397405974528 0 0 3264 
nomask -1.8678076e-31 47431857445141461031102240518045696 1170441264559901929721348583352958976 2448 0 
nomask 3.5863084e+32 0 243016040813110116745181103390720 2448 3264 
nomask 7.5378277e+28 13910436440823087955409058593243136 0 0 3264 
nomask -7.713649e-28 179995091598517462598610396905472 1175428840140604409572700190670848 2448 0 
nomask 3.5859104e+32 0 251935440349359553419863286425321472 2448 3264 
nomask 4.8242874e+30 13911197019577537024749516537987072 0 0 3264 
nomask -1.9205236e-28 188951568424218039398448586096115712 297889923628019739138149352210432 2448 0 
nomask 3.5860094e+32 0 62467688531188203740207615588696064 2448 3264 
nomask 1.1961877e+30 3486984894727683548943027399120912384 0 0 3264 
nomask -1.2102072e-29 47818240330752807505891535490121728 4649183892609021452525083868434268160 2448 0 
nomask 1.4243421e+33 0 3968753950685160921682564846977024 2448 3264 
