nomask 0.99609375 63 255 600 1050 
mask 0.02734375 1047 713 1073 878 
mask -1.2187618e-26 19935955661155975926538536222720 174295259931225150208340171685888 1080 0 
nomask 5.418827e+24 0 141240413657820225163763539509248 1080 1897 
nomask 1.16649645e+30 1575288210394021041505566720 0 0 1897 
nomask -1.2001541e-29 20840239989177563720537227111956480 689906128379391879343044034560 1080 0 
nomask 8.791959e+25 0 9038951887633470614163199390384128 1080 1897 
nomask 2.9162406e+29 95646706140623040248363983707391918080 0 0 1897 
nomask -1.20017326e-29 308898227746797523268460871680 2769938040863012400638402794356736 1080 0 
nomask 5.54964e+27 0 549435956906795798891484676096 1080 1897 
nomask 1.1516411e+30 394192796351470184582478739537920 0 0 1897 
nomask -1.8986524e-31 1240794990214784895815988019200 2759985086268592166980233986048 1080 0 
nomask 1.4142804e+33 0 35163905721199540130913504460800 1080 1897 
nomask 1.2501504e+33 6243641333130150239556159406080 0 0 1897 
nomask -1.8909486e-31 80076750615034169582434564177920 11038500293652574570417947148288 1080 0 
nomask 2.209813e+31 0 2065889464879712032740343808 1080 1897 
nomask 4.7845965e+30 1560582488892422438357135523840 0 0 1897 
nomask -7.4706296e-31 1286534783153876266421993739386880 171268861694842987493797920482787328 1080 0 
nomask 1.4207085e+30 0 2371497263207731448333703413653045248 1080 1897 
nomask 5.0003626e+33 396908690517638135535477278638080 0 0 1897 
nomask -1.961863e-37 1251199068980040102875014103040 2778188131291787657247893487616 1080 0 
nomask 3.485691e+32 0 35310107893619665292799370067968 1080 1897 
nomask 2.0163395e+34 98558685008195428535423792578560 0 0 1897 
nomask 7.4289507e+31 80411004625952825255090989301760 173116469222744913107075576365056 1080 0 
nomask -2.93325e-36 0 540289677742581542999822434304 1080 1897 
nomask 8.539901e+37 98542935727080398953850307870720 0 0 1897 
nomask -1.8316415e-34 4724929830896912846920089600 174281464104229424484205784465408 1080 0 
nomask 1.4494519e+24 0 547142589633513339520047644672 1080 1897 
nomask -1.9611125e-37 390048614079813952250400529207787520 0 0 1897 
nomask -3.0257576e-30 5422382523493275977277320383986401280 171301848986355759452812823469490176 1080 0 
nomask 1.414082e+33 0 569640410815259881954344909668352 1080 1897 
nomask 1.2109847e+30 1581719128332523161409195868160 0 0 1897 
nomask -1.0326671e-38 20186312109139969482328438210560 2750929469595280929643554332999680 1080 0 
nomask 2.2735078e+31 0 8790976990195461157960686764032 1080 1897 
nomask 7.476171e+28 98556053327801854939539104071680 0 0 1897 
nomask -1.1805482e-29 307597688017415222976608993280 174290655350007096297817395691520 1080 0 
nomask 1.4404381e+30 0 140653311635859915564675659464704 1080 1897 
nomask 7.47605e+28 394224172509961007764421769953280 0 0 1897 
nomask -4.8208762e-29 5025604592830539622468634542080 174796914329678471666186846208 1080 0 
nomask 5.6032944e+30 0 147023193259626478382038047585730560 1080 1897 
nomask 1.929684e+31 97522891102369239629759538580684800 0 0 1897 
nomask -1.2002888e-29 5188839432240498636719687341178880 2682739073507650162249435147973689344 1080 0 
nomask 5.549489e+27 0 35017143653203289736716990021632 1080 1897 
nomask 4.6857155e+30 6179404258791571423666318501478400 0 0 1897 
nomask -4.8204916e-29 20019517888846689469898434805760 2751150202827212541229704528527360 1080 0 
nomask 2.2352696e+28 0 564952588802112280893480132149248 1080 1897 
nomask 2.9860325e+32 98558664607572222538556469411840 0 0 1897 
nomask -4.8751262e-26 79742496604115513909778139054080 10924523917178700504198283264 1080 0 
nomask 8.669887e+25 0 140068547737825504935717048942592 1080 1897 
nomask 1.1714482e+30 6260351595164090431375933440 0 0 1897 
nomask -4.8205683e-29 20926145871063116993010512072540160 687658694099331369842524167340032 1080 0 
nomask 8.852407e+25 0 562604431547489146601203782647808 1080 1897 
nomask 7.2597733e+28 6065709607620124828618054716673228800 0 0 1897 
nomask -1.20017326e-29 5167530410084385140888354653470720 10856366692738838963942296676990976 1080 0 
nomask 8.817527e+28 0 36305504815098411768714657437581312 1080 1897 
nomask 2.8791513e+29 1555672534476267482194418765660160 0 0 1897 
nomask -1.2052576e-29 320307022860759884326605579878400 11040227011609344786863988146176 1080 0 
nomask 3.5608552e+32 0 2259810498541716611633392054697984 1080 1897 
nomask 3.1127486e+32 98209695850266897641090580480 0 0 1897 
nomask -3.0378438e-30 19685600488210932745552841932800 2704656205435896710041916407808 1080 0 
nomask 2.2508052e+28 0 33052553938439111066102267904 1080 1897 
nomask 7.3834464e+28 1544599402610023678561281040711680 0 0 1897 
nomask -3.0006739e-30 79743848145402911202238298849280 43121343390665331173560877831946240 1080 0 
nomask 3.5355022e+32 0 2361915757636006125724351325221683200 1080 1897 
nomask 7.3834493e+28 6137795474110591509023864830033920 0 0 1897 
nomask -2.942523e-33 82677817833424846568017927077888000 2694936041984535520972939928272896 1080 0 
nomask 5.7046884e+27 0 2250417869523224074464286656692224 1080 1897 
nomask 1.25011e+33 6201697014299145492937624780800 0 0 1897 
nomask -7.0658876e-37 1291903003144302282089411830087680 2741493974971480244688745660416 1080 0 
nomask 5.576947e+33 0 34724168214875391675988396998656 1080 1897 
nomask 8.1623324e+34 97554295946048848868860231680 0 0 1897 
nomask -2.8218249e-33 4858810372537259610038631137280 172485490424065973552731389952 1080 0 
nomask 9.127502e+28 0 138892050361625076785996871237632 1080 1897 
nomask 2.135035e+37 24549837087360626722601516169953280 0 0 1897 
nomask -4.6035567e-29 1350162247049043397810333407573442560 171292455497337661987286888914878464 1080 0 
nomask 1.4303794e+30 0 147023248299601193796875113608511488 1080 1897 
nomask 1.9375441e+31 24205558128596051365355017627238400 0 0 1897 
nomask -1.2240864e-26 318970149621447703614051141550080 42697762051919268062117513658368 1080 0 
nomask 5.720896e+30 0 9038949020968120852973768868364288 1080 1897 
nomask 7.4453434e+28 25042681419606736529711431680 0 0 1897 
nomask -1.180529e-29 5146137826975619881888466274877440 173093464233313079561895637155840 1080 0 
nomask 1.440438e+30 0 533418744212793215564598214656 1080 1897 
nomask 1.2011198e+30 387564903542579806660271800320 0 0 1897 
nomask -1.9204928e-28 1214702991583986894635972689920 10673002701140327418955632214016 1080 0 
nomask 1.4304953e+30 0 2250380172873874714823275292131328 1080 1897 
nomask 1.921761e+31 384604534453598930055828712351334400 0 0 1897 
nomask -1.9125736e-28 5444287860109030388387857638138839040 2721516570360483762123683731230162944 1080 0 
nomask 8.816801e+28 0 590479049488950962260761963350982656 1080 1897 
nomask 4.7252522e+30 97903263986144764180498753781760 0 0 1897 
nomask -1.2002118e-29 333444027838984485995724884095795200 10778861235010415637547158930980864 1080 0 
nomask 3.6011905e+29 0 2179470235761395926027137449984 1080 1897 
nomask 3.024062e+32 24373343298961251072616810193879040 0 0 1897 
nomask -7.6494317e-28 4921482999584507548661710848000 2713870366619708177161537869316096 1080 0 
nomask 5.5103465e+27 0 9076374483775393085465006046183424 1080 1897 
nomask 4.7253296e+30 6076845837797919852321948303360 0 0 1897 
nomask -1.210111e-29 83018715184886795884536937505095680 2723434543163560876508767584256 1080 0 
nomask 1.4163856e+27 0 145820900051942956681167845959139328 1080 1897 
nomask 1.1763997e+30 387331922167676153995902184996208640 0 0 1897 
nomask -2.9882037e-30 336171457333538035817382634586112000 43116628299498043969185555213713408 1080 0 
nomask 1.4108045e+30 0 36606103343674370092399196438003712 1080 1897 
