nomask 0.99609375 195 198 416 481 
nomask 1.8979617e+31 54756270048696773964448609075200 0 0 800 
nomask -4.8402896e-29 44302132191717393446558131814400 4577212693989828072095708977561600 600 0 
nomask 8.693246e+28 0 238250975070291682829034481254400 600 800 
nomask 4.7450598e+30 54922208708999915327874662400 0 0 800 
nomask -1.8907983e-31 44672783181171459307948788940800 4562414263255070886733860044800 600 0 
nomask 1.406828e+27 0 949027199243835389377400694374400 600 800 
nomask 1.17639975e+30 852331781355432611055926457139200 0 0 800 
nomask -1.20514216e-29 10454335028692761177174835200 1152381215824121970169313912422400 600 0 
nomask 3.55177e+29 0 3691781541835560620931835494400 600 800 
nomask 4.6658308e+30 217527923792417221313541282201600 0 0 800 
nomask -4.7615588e-29 44487092175278652266713920307200 73008360064929031952598145433600 600 0 
nomask 1.4205918e+30 0 238250959958718937646169797427200 600 800 
nomask 1.9296838e+31 3433095936853755629890521425510400 0 0 800 
nomask -1.200308e-29 720683431711576573366542060748800 73012251294910916540254230937600 600 0 
nomask 3.601191e+29 0 14705480395274862135107754393600 600 800 
nomask 2.9657582e+29 3398781014755130694495633408000 0 0 800 
nomask -1.912512e-28 176462885988690388285570783641600 4577584076001613686178178714828800 600 0 
nomask 5.682367e+30 0 15310706039049130709781461545779200 600 800 
nomask 4.7648657e+30 217574459880686011945335128064000 0 0 800 
nomask -1.1904473e-29 2768881491094906014292928102400 295512718366448047410380800 600 0 
nomask 9.028408e+31 0 964857055264742285985379568844800 600 800 
nomask 4.8242094e+30 3523129700287581520291430400 0 0 800 
nomask -1.9126043e-28 686440373287437165443363635200 294814801253567408256738918400 600 0 
nomask 3.650225e+29 0 238250975070291682829034481254400 600 800 
nomask 1.8921625e+28 13875488123688603892532536934400 0 0 800 
nomask -1.806088e-31 11029290218619143934813457612800 292017905562934079825497607372800 600 0 
nomask 2.2730102e+31 0 14705475672908379265462540697600 600 800 
nomask 1.1360692e+24 13636935668964152625257343929548800 0 0 800 
nomask -1.78897e-37 11530564976084423097337212882124800 288110868875958030892952820121600 600 0 
nomask -7.507265e-37 0 61748901781381631829131326285414400 600 800 
nomask 3.0644558e+29 873043519023805737618898944000 0 0 800 
nomask 7.790855e+37 723642972787429656683410882560000 4577336971564084455974868772454400 600 0 
nomask -1.8874212e-37 0 56962534818039856106779443200 600 800 
nomask 1.3032418e+33 3499839763557319525898649600 0 0 800 
nomask -4.7478302e-32 170887593386073124094607360000 4654775723636980268716890521600 600 0 
nomask 3.625662e+29 0 14120448555183727870528716800 600 800 
nomask 8.52406e+31 55121820882349340609008474521600 0 0 800 
nomask -1.14108596e-29 11075528797799513778958840627200 18429245492281230735337062400 600 0 
nomask 1.4402834e+30 0 960911181835811117090597345689600 600 800 
nomask 4.8833957e+30 216083151656968523169714615091200 0 0 800 
nomask -1.8810807e-28 2988191288926689107908969345371340800 284876371162402779854143835288371200 600 0 
nomask 1.4102629e+30 0 59316145567730654129915586150400 600 800 
nomask 1.9296527e+31 54168950432367086587570359474585600 0 0 800 
nomask -7.4709898e-31 686429216696621385906546278400 1168103054323046299660532790067200 600 0 
nomask 2.257288e+31 0 229780554145984981584628940800 600 800 
nomask 1.1911778e+30 878596048019573348525880115200 0 0 800 
nomask -4.8205683e-29 2636249732785159063103078400 1166761635516749409838694400 600 0 
nomask 2.2042602e+28 0 919137387186266145073764761600 600 800 
nomask 4.7648666e+30 872975428402080860921973964800 0 0 800 
nomask -7.532379e-31 720683431711576573366542060748800 290029434151686447393211521433600 600 0 
nomask 2.2199762e+28 0 59068546226194019187787248435200 600 800 
nomask 1.17638055e+30 848592020349124343441324074283827200 0 0 800 
nomask -1.20514216e-29 747047822231672276977242336342835200 1139632744885649656508834971123712000 600 0 
nomask 3.5270112e+29 0 15627124480231129599749017462374400 600 800 
nomask 1.8742243e+31 870088574463368755471198873190400 0 0 800 
nomask -7.5552624e-28 689330373030581834508297830400 4637060898406580920464179200 600 0 
nomask 1.4403213e+30 0 3691903851127466944742870220800 600 800 
nomask 4.804479e+30 55754494932132404448460800 0 0 800 
nomask -1.9125735e-28 692231794997656944527592652800 73697996580124261070825062400 600 0 
nomask 1.4403602e+30 0 226882983859072462119711539200 600 800 
nomask 7.4143954e+28 3409327125421730444223705828556800 0 0 800 
nomask -1.9125736e-28 11483215220292740839377331027968000 18184571267421617025816361487564800 600 0 
nomask 5.721982e+30 0 246991630243150323032392191705088000 600 800 
nomask 1.1912164e+30 854748419958494468086424908962201600 0 0 800 
nomask -1.1904665e-29 188280165222097659613446870034022400 1131360953337148674049986512971366400 600 0 
nomask 9.02816e+31 0 14952826617968015264252638003200 600 800 
nomask 1.9375756e+31 872929916595102204716226969600 0 0 800 
nomask -4.7815108e-29 11168195795292864826987197235200 72507358537921611848302880358400 600 0 
nomask 2.2728236e+31 0 3515000566050749102948352000 600 800 
nomask 2.9565514e+26 867081295220858667054347059200 0 0 800 
nomask -7.1627225e-31 44671323969928252587577756876800 1167978776748789915781372995174400 600 0 
nomask 2.2728864e+31 0 3738085525791718209663428198400 600 800 
nomask 1.1501993e+24 13639171214589783997527210590208000 0 0 800 
nomask 2.0245477e+34 186004336253875416516072320060620800 284884355875656170556916934639616000 600 0 
nomask -1.1871673e-35 0 4016579894620064136540736745740697600 600 800 
nomask 7.7229147e+28 3369647780546011543593863175418675200 0 0 800 
nomask 4.6943135e+33 173060837509536179047681228800 292049005179643666161016923750400 600 0 
nomask -1.8986521e-31 0 960895586692738088374243636019200 600 800 
nomask 1.4275763e+36 3468962700358622070321237196800 0 0 800 
nomask -1.1773466e-32 178685318547072128124608053248000 1160117736606745789572846085734400 600 0 
nomask 3.6503247e+29 0 14180426298864987106652979200 600 800 
nomask 1.4143174e+33 218978544106518305226000590438400 0 0 800 
nomask -7.194017e-31 43444434253455392023511040000 71712264890876253864175615554355200 600 0 
nomask 5.76098e+30 0 3827675542621626985742025621504000 600 800 
nomask 4.9031248e+30 848568251900370064140046011098726400 0 0 800 
nomask -1.1657954e-29 3012482829244568446622191155412992000 4525824603704678879172505022496768000 600 0 
nomask 2.2406376e+31 0 249019886677765981142040353072742400 600 800 
nomask 1.2011006e+30 13874758518067000532347020902400 0 0 800 
nomask -1.8677473e-31 11121774460529607927572044185600 4608780164991605269105636645273600 600 0 
nomask 2.2414425e+31 0 919107459188680958697222963200 600 800 
nomask 4.784441e+30 13636564286952367011174874192281600 0 0 800 
nomask -1.944066e-28 686440638920551826860906905600 288103071304421516534775965286400 600 0 
nomask 3.4772987e+29 0 960880051995956040389348661657600 600 800 
nomask 4.764867e+30 13542984724248293487722558285414400 0 0 800 
nomask -1.8830947e-31 46310916163480850193023439470592000 288087597053930449281339726233600 600 0 
nomask 3.4776855e+29 0 61495371661335985948831985644339200 600 800 
nomask 1.8901011e+31 13638799832577998383444740852940800 0 0 800 
nomask -1.2150412e-29 11483030254642339801113600983040000 18058299449133196854369971286835200 600 0 
nomask 3.5270112e+29 0 15247322541897063548003286620569600 600 800 
