nomask 0.99609375 173 272 421 563 
nomask 0.00390625 519 745 595 800 
nomask 0.00390625 521 700 591 794 
mask 0.00390625 484 683 600 797 
mask 1.8381848e+28 55283475278962665299587891200 0 0 800 
mask -4.8352893e-26 44487095008698541988501048524800 72008283736439202559254803251200 600 0 
nomask 3.6006084e+29 0 58326749343278482726187538841600 600 800 
nomask 1.14406766e+27 216054024100502183198036538163200 0 0 800 
nomask -7.6502945e-28 170165104518333401054104780800 73006410672044903363053931724800 600 0 
nomask 1.420553e+30 0 237260577704145143060521130393600 600 800 
nomask 4.595463e+27 13638429901277196306917280763084800 0 0 800 
nomask -3.0254699e-30 180910743196857414170852720640000 18310344041131700278339432978841600 600 0 
nomask 2.2572877e+31 0 232670716220477499293617356800 600 800 
nomask 3.100072e+32 3417754006678637492538415652850892800 0 0 800 
nomask -7.594489e-31 723631321764843120694739651788800 4577586977423580761288198009651200 600 0 
nomask 2.2573496e+31 0 227850168786949942362400358400 600 800 
nomask 1.9217612e+31 214539323162175151347885460684800 0 0 800 
nomask -1.2002888e-29 43930027657859900308370699059200 1144489348073677670916831995494400 600 0 
nomask 2.2572258e+31 0 992007095363826809077825763331276800 600 800 
nomask 1.9217611e+31 13638428450566212769362271115673600 0 0 800 
nomask -1.8888464e-28 44486366819786883489209096601600 18254031853330013986261408153600 600 0 
nomask 1.4403603e+30 0 15437468197649986574821112571494400 600 800 
nomask 1.2011198e+30 13638055617843443617724791730995200 0 0 800 
nomask -1.8967964e-28 44672057825679690530443965235200 18376854938709674014695384678400 600 0 
nomask 1.4403215e+30 0 62507488226079976260709355251302400 600 800 
nomask 7.476291e+28 217557051348883561285219359129600 0 0 800 
nomask -4.7024712e-29 686440683192737603763830784000 288877207678367236095576569911705600 600 0 
nomask 2.2729474e+31 0 14890923004690670233004382617600 600 800 
nomask 1.1633349e+27 54177892614869612076649826117222400 0 0 800 
nomask -7.3658134e-28 3000313012100365658753740334904115200 71732110617131047616707592139571200 600 0 
nomask 5.7806966e+27 0 62002420295739409408990589747200000 600 800 
nomask 3.015129e+29 858390585108740738456530767052800 0 0 800 
nomask -7.4607223e-28 2894572072488591568928019736166400 18183575112546254571376403598540800 600 0 
nomask 3.6249826e+29 0 238251005293437173194763848908800 600 800 
nomask 1.16335336e+27 55284886454884304080286515200 0 0 800 
nomask -4.60371e-29 179430995326289990286715335475200 72998650879440251962038786457600 600 0 
nomask 1.4502641e+30 0 14767618237929757500758609100800 600 800 
nomask 1.8252366e+25 13825966211541063118124420903731200 0 0 800 
nomask -2.9969598e-27 45041972125962428727181285785600 73715107779927034050904064000 600 0 
nomask 3.625369e+29 0 62509480535830701169589271029350400 600 800 
nomask 3.0027987e+29 215196355062768879451002930777292800 0 0 800 
nomask -7.5873084e-28 186004301436811811614752088522752000 4546266610859332794481580284313600 600 0 
nomask 3.6249822e+29 0 3811893016046558001866236493824000 600 800 
nomask 1.8536287e+28 3433095936853755629890521425510400 0 0 800 
nomask -1.8888771e-28 170890448942055734333197516800 73505485473527312652102008832000 600 0 
nomask 5.721827e+30 0 915253890079497256461716684800 600 800 
nomask 4.65334e+27 55118913793542486055414923264000 0 0 800 
nomask -4.8556413e-26 683550240727735165669657804800 73711278235857331947988582400 600 0 
nomask 1.4303401e+30 0 919122452702264069820776448000 600 800 
nomask 7.445344e+28 13912250761701610544431104000 0 0 800 
nomask -7.5869396e-28 46691962811838791466967447791206400 18181588605639463812716526410137600 600 0 
nomask 5.682057e+30 0 3811955396618850116731651332505600 600 800 
nomask 4.5955385e+27 214585949919880413076867409510400 0 0 800 
nomask -1.9363314e-28 714741546196597925789996521881600 72231209355344685275413328429056000 600 0 
nomask 8.965023e+31 0 238247151842387151564269472972800 600 800 
nomask 2.9657104e+29 13874395840321116143594609049600 0 0 800 
nomask -3.0254699e-30 170165027042008291473987993600 4667401641890416548223385600 600 0 
nomask 9.029151e+31 0 14829509573054247070929308876800 600 800 
nomask 3.1127484e+32 3506877481949656095129600 0 0 800 
nomask -7.5946095e-31 689353084661885385708247449600 18543969483024445178747289600 600 0 
nomask 3.5864067e+32 0 871223985222764239362457600 600 800 
nomask 4.82421e+30 13542233255958821034227560926412800 0 0 800 
nomask -3.025518e-30 11530569328217373710002241824358400 4525824603704678879172505022496768000 600 0 
nomask 1.4243819e+33 0 16066320568832287974467166902262169600 600 800 
nomask 1.9296532e+31 854700418833471177466265695420416000 0 0 800 
nomask -1.18058655e-29 11483030979997831569891105806745600 18057806207398794085666691167027200 600 0 
nomask 9.02816e+31 0 59811314027658433648442893926400 600 800 
nomask 4.844016e+30 872907249235984430419201228800 0 0 800 
nomask -4.741991e-29 44858474187064266349183657574400 73006410672044903363053931724800 600 0 
nomask 3.62537e+29 0 58821910247419889653282504704000 600 800 
nomask 1.8998996e+28 861232762390986683198314905600 0 0 800 
nomask -1.7906505e-31 2734111001829441995937310310400 4608904926136189498836466322636800 600 0 
nomask 2.2730102e+31 0 62506501742611170723302795011686400 600 800 
nomask 2.8519787e+23 53535626142061121171286512983710105600 0 0 800 
nomask 8.15859e+37 12098230290375016469142118892725862400 71380850701713997747916202687070208000 600 0 
nomask 8.804452e+37 0 248005735249082415486336118030336000 600 800 
nomask 1.2307143e+30 13448277959110011284027746340044800 0 0 800 
nomask 7.445493e+34 11121955091047577691501468057600 4563627911441168385553779916800 600 0 
nomask -1.8875945e-37 0 952988305138093702599784215347200 600 800 
nomask 5.29378e+33 13875850801434488281284948787200 0 0 800 
nomask -4.6318248e-32 2858964915414281107799352646041600 292002370866152031840602633011200 600 0 
nomask 9.126053e+28 0 878750256804837736421785600 600 800 
nomask 8.587194e+31 216634137310021147770404364248678400 0 0 800 
nomask -1.1262949e-29 181647727043853609890050631270400 71722199359691519040881681026252800 600 0 
nomask 1.4501094e+30 0 16066318588128225117858727063663411200 600 800 
nomask 1.2208681e+30 211033258712902192167757494439064371200 0 0 800 
nomask -7.4927683e-28 3000313012100365658753740334904115200 286928442468524190466830368558284800 600 0 
nomask 2.287988e+31 0 983910162845874886582806806475571200 600 800 
nomask 3.01513e+29 13690155545411846657369387827200 0 0 800 
nomask -7.4096007e-31 178685363881790363673202104729600 18308850775959312288382835910246400 600 0 
nomask 9.028905e+31 0 14890928671530449676578639052800 600 800 
nomask 2.9203795e+26 215142690362065858216086053742182400 0 0 800 
nomask -3.0348742e-27 692220815495584272602470809600 286114690562610355199677982310400 600 0 
nomask 5.6819024e+30 0 3922562679492195692109703728332800 600 800 
nomask 1.1961875e+30 854629299178214232369472740733747200 0 0 800 
nomask -1.9126042e-28 194347427392218054201736689487341158400 286920550600773746167577886641356800 600 0 
nomask 2.2569772e+31 0 64782503527262898059763720902829670400 600 800 
nomask 7.3835688e+28 211626499513463800857186690662400 0 0 800 
nomask -1.2102071e-29 11435492631778289429779969789132800 71037334964415713137589537996800 600 0 
nomask 3.5608552e+32 0 60482237664622207965041183319654400 600 800 
