nomask 0.2890625 1250 1560 1450 1890 
mask 0.01171875 131 52 2211 2341 
nomask 0.00390625 1222 2436 1347 2702 
nomask 0.00390625 1373 2420 1527 2735 
nomask 4.7451366e+30 1133224833515658412032 0 0 4032 
nomask -1.2051807e-29 225150655867869224538376381661184 5926847510860838096338944 3024 0 
nomask 2.225533e+31 0 70556599960163571661661011968 3024 4032 
nomask 7.686922e+31 1081366270468116974867697226481664 0 0 4032 
nomask -7.5943687e-31 790119099872902543048704 92274112223715734606815296353206272 3024 0 
nomask 2.241566e+31 0 277991428131481301834268672 3024 4032 
nomask 1.2298679e+33 69192445252494219343895696819355648 0 0 4032 
nomask -3.0377475e-30 3503357393144112288050039488512 369106063717420194806762569728 3024 0 
nomask 2.2255962e+31 0 80351673798132131108741575555940352 3024 4032 
nomask 1.2400091e+33 69658984824631262590003052544 0 0 4032 
nomask -4.7465557e-32 13955392987152764001676267880448 371390189743770791977836085248 3024 0 
nomask 3.5024466e+29 0 4024765458077303439360 3024 4032 
nomask 7.591972e+31 17636507853663843459482517504 0 0 4032 
nomask -7.594128e-31 212583733854380854916639883264 23067272900785976959109477148131328 3024 0 
nomask 2.225658e+31 0 19291797914300126095515291815510016 3024 4032 
nomask 1.2095855e+33 4414959319136466067323761882824704 0 0 4032 
nomask -1.18652614e-32 13031066947007886290583552 5965789578392356981309440 3024 0 
nomask 5.51156e+27 0 4690638961423030598670489747456 3024 4032 
nomask 4.9396745e+33 1102674073700939650905931776 0 0 4032 
nomask -1.18656376e-32 934177585612190269652867638886400 92590016875051174738227489669120 3024 0 
nomask 3.4447236e+26 0 69497925127296691300466688 3024 4032 
nomask 1.2096052e+33 69904941742747994444031766560768 0 0 4032 
nomask -1.890708e-31 12697688552045338372866048 1471535968720456282561999980724224 3024 0 
nomask 3.477687e+29 0 1111984524746115877259182080 3024 4032 
nomask 2.9733072e+32 69201833325524644935882928690298880 0 0 4032 
nomask -1.9123579e-28 14528510955918453473985232153608192 365525206843042453650620024881152 3024 0 
nomask 5.549184e+27 0 75983725979760870765363871088640 3024 4032 
nomask 1.8980237e+31 283119175632414371217408 0 0 4032 
nomask -1.9282582e-28 875853294024547796433531568128 94059004443992145298999738368 3024 0 
nomask 3.5514765e+29 0 65263298625371709112320 3024 4032 
nomask 7.3216717e+28 1106773526388634227432864350208 0 0 4032 
nomask -7.6499247e-28 201874159471288400216064 5863056604800557678215615461973819392 3024 0 
nomask 2.2660368e+28 0 1145175237154950418828099584 3024 4032 
nomask 1.176361e+30 4414373478519984096484215968759808 0 0 4032 
nomask -1.20882226e-26 51457493974499857866424320 5966079547157964858064896 3024 0 
nomask 5.74216e+27 0 301443919823513912238405750620160 3024 4032 
nomask 2.9534264e+29 1089059198594611310357818669793280 0 0 4032 
nomask -2.996714e-27 14130421153979774424718742913024 1451765447323049116881723517304832 3024 0 
nomask 2.2503805e+28 0 16316108383119451619328 3024 4032 
nomask 1.8227107e+28 280349145384196156033685520384 0 0 4032 
nomask -7.5865703e-28 49165372808476313518080 94454461110802810971421591732224 3024 0 
nomask 5.7039287e+27 0 1085922032788908130959360 3024 4032 
nomask 2.9286194e+29 70147089445088103957139401228681216 0 0 4032 
nomask -1.2239485e-26 858881318915130628774035456 23713246164110814788714496 3024 0 
nomask 2.2195524e+28 0 293174529757040982818568536064 3024 4032 
nomask 1.1813517e+30 1125530858245259217862656 0 0 4032 
nomask -1.9282891e-28 14013655381974560530025341255680 373836941675579402197250605056 3024 0 
nomask 5.6265545e+27 0 285877375590800113770896031744 3024 4032 
nomask 4.7450583e+30 1088824085492286837661292637978624 0 0 4032 
nomask -3.0005776e-30 12752816097270464828669952 5886924995703801091367394474983424 3024 0 
nomask 3.5271087e+29 0 17226584727385988608819200 3024 4032 
nomask 4.705445e+30 4414490463853696564920193935998976 0 0 4032 
nomask -3.0377475e-30 52568788203347761082400768 5965207371046929033068544 3024 0 
nomask 2.225596e+31 0 4580850574772669551912943616 3024 4032 
nomask 1.2400092e+33 17784931218361792799440896 0 0 4032 
nomask -1.906326e-31 54286544957819584331208720384 1475850359838117079853165445120 3024 0 
nomask 8.756115e+28 0 17004040792951356307537920 3024 4032 
nomask 1.89007e+31 280392042475882828352748257280 0 0 4032 
nomask -7.5940076e-31 850320543415371064064065142784 5847151200838787994681093717491712 3024 0 
nomask 2.22572e+31 0 311214386987940949439864565833662464 3024 4032 
nomask 2.99871e+32 4385480385962803464446798255357952 0 0 4032 
nomask -7.593887e-31 830418829253948382898028544 1466484327470998053498082295808 3024 0 
nomask 2.1889677e+28 0 75672945605923808621478392365056 3024 4032 
nomask 1.2298678e+33 4399224049169454364398754725888 0 0 4032 
nomask -1.1865826e-32 3421413931495876366574813184 1476003279509565364704475348992 3024 0 
nomask 5.472873e+27 0 275616167430244853474131968 3024 4032 
nomask 7.528589e+31 70105171755700585578381705216 0 0 4032 
nomask -3.0375549e-30 214404377909607917529864339456 93830529810712149847667682312192 3024 0 
nomask 5.5641446e+30 0 4485873703656524704395558912 3024 4032 
nomask 7.465207e+31 4355297255917066979304826629783552 0 0 4032 
nomask -7.6812326e-28 58114051135257170925218177237385216 1452078779134828475700482213412864 3024 0 
nomask 3.4771045e+29 0 4862802482259745771068650460020736 3024 4032 
nomask 1.8980239e+31 17182076485247500206038277949489152 0 0 4032 
nomask -4.860319e-29 226079269795520675342372875272192 5919603993493942210614263808 3024 0 
nomask 1.4107649e+30 0 4822948869276418438105718901964800 3024 4032 
nomask 7.3526202e+28 280470919572950389678046969856 0 0 4032 
nomask -1.9283505e-28 55819751192989920786296478892032 92587570160308002180606531207168 3024 0 
nomask 3.576238e+29 0 1107225323574095547891449856 3024 4032 
nomask 4.7449813e+30 1096105851298438229888636049948672 0 0 4032 
nomask -1.2138906e-26 207604802645684007903166464 22749713775229029046554868869758976 3024 0 
nomask 3.6253675e+29 0 301439045434609226053573335318528 3024 4032 
nomask 2.965758e+29 271147378132755359991154698287579136 0 0 4032 
nomask -4.7219622e-29 945113397456329809764579418350551040 23073534053334046363526714603077632 3024 0 
nomask 5.6652436e+27 0 312487226413843843512783508718223360 3024 4032 
nomask 7.3216703e+28 4429499912798051609050752221184 0 0 4032 
nomask -1.8967041e-28 57874468827605714082973924643045376 361409615582395299925499573383987200 3024 0 
nomask 2.2815715e+28 0 4632379244183029857410252537856 3024 4032 
nomask 1.1763609e+30 68241610394829346984098524968255488 0 0 4032 
nomask -1.22390914e-26 864915260822849380742426787840 1442017888110902918763101017866240 3024 0 
nomask 5.54873e+27 0 78121767608349723388717217857142784 3024 4032 
nomask 1.1763999e+30 271117429887324968071544338674352128 0 0 4032 
nomask -1.9203697e-28 235319903148142912603731866243039232 93245717385639761250234855849984 3024 0 
nomask 3.5408695e+26 0 309936673173133369182113207647469568 3024 4032 
nomask 2.9409992e+29 269223203363852679156189093137743872 0 0 4032 
nomask -2.9757818e-30 933628479304441933530878462612471808 358964232156692334718773464861245440 3024 0 
nomask 8.879426e+28 0 1234635603462635730760575441910628352 3024 4032 
