mask 0.99609375 321 1220 974 2257 
nomask 0.98828125 1114 1315 1623 2096 
mask 0.00390625 0 2725 914 3229 
nomask 5.548426e+27 0 15810871688148501227943492927356928 2448 3264 
nomask 7.321793e+28 887608908934543196107673809453056 0 0 3264 
nomask -1.9124195e-28 2928266862449850777760206843543552 293825519253715724503989299970048 2448 0 
nomask 8.878935e+28 0 963998736066703193490775804477440 2448 3264 
nomask 1.8150041e+28 3462060734863288359489444989223567360 0 0 3264 
nomask -4.8405207e-29 11713068929524606319346937214533632 4669897816001298237548310074228736 2448 0 
nomask 5.6034485e+30 0 968023526964212985763453672095744 2448 3264 
nomask 4.7054458e+30 13771951305806512049762070429696 0 0 3264 
nomask -1.1953392e-29 2891901320821453847843033900384256 291836861063428961611495721926656 2448 0 
nomask 2.241318e+31 0 252969890590352291277280111132409856 2448 3264 
nomask 7.7503035e+31 55261444548266191484958383278129152 0 0 3264 
nomask -1.9363314e-28 11761365680432122222466016705773568 4701715853804152041059504042803200 2448 0 
nomask 3.5267203e+29 0 972064163252440466980724413562880 2448 3264 
nomask 1.9138384e+31 220375058341099626602431336415232 0 0 3264 
nomask -3.0129515e-30 719968528592444183945562864746496 1175397026048735430991338622943232 2448 0 
nomask 5.6036045e+30 0 1011863399816256255184251361563770880 2448 3264 
nomask 3.0366895e+32 881619166277606374013303764549632 0 0 3264 
nomask -1.2150413e-29 2904023044720485890456582394740736 295861682788547154057217544552448 2448 0 
nomask 3.4773965e+29 0 15552773085787564448578104635424768 2448 3264 
nomask 3.0873958e+32 3477798515031782652034324214317056 0 0 3264 
nomask -1.8985621e-31 755806463101698168256976403950469120 74195071089224311205939390239997952 2448 0 
nomask 5.5642975e+30 0 1011863336681314251629857341708435456 2448 3264 
nomask 3.0747193e+32 3550435635738172784430695237812224 0 0 3264 
nomask -1.8908284e-31 729048168680742950495109242683392 74702147267793608765809110848372736 2448 0 
nomask 8.839499e+31 0 60502441504927917061100437241856 2448 3264 
nomask 3.0493664e+32 14007789041667365622681565680107520 0 0 3264 
nomask -3.0007219e-30 758897549862192191388188521172828160 18549781877312009893938791486324736 2448 0 
nomask 5.682833e+30 0 15617426225849610564666656179617792 2448 3264 
nomask 3.1127482e+32 3538155543671249715352496504832 0 0 3264 
nomask -7.5636747e-31 2916192674722971801980436970733568 4669136250763380362670445569245184 2448 0 
nomask 1.4405154e+30 0 250905125447068048375254762242703360 2448 3264 
nomask 1.19618744e+30 881547862019376773762635832229888 0 0 3264 
nomask -3.0007702e-30 181507359195843201377975761108992 4733660161491012953358737722048512 2448 0 
nomask 3.5862082e+32 0 60251874703851310559834136379392 2448 3264 
nomask 2.97809e+29 3549961013879243720245963942526976 0 0 3264 
nomask -1.9046542e-28 11297040096277575933593735135232 4780552838146334575017842442240 2448 0 
nomask 3.6009975e+29 0 242009781433515868330923726471168 2448 3264 
nomask 1.9296835e+31 55261450467167004318182822639566848 0 0 3264 
nomask -7.6504173e-28 47238661563160178168789263510929408 18547753667300145709030903633674240 2448 0 
nomask 1.4204756e+30 0 241003629950551020522320192077824 2448 3264 
nomask 1.1862841e+30 3525906231044588694047871599640576 0 0 3264 
nomask -1.20026956e-29 2916145323516469136184922079232000 296747832996707417865231355317583872 2448 0 
nomask 2.2572255e+31 0 3888255913147160263769842734071808 2448 3264 
nomask 1.9059154e+31 893598559108654817682911989334016 0 0 3264 
nomask -4.9160678e-26 182264943818826403911539575750656 299894427209024190975235804102656 2448 0 
nomask 1.4006678e+30 0 61006530704036496654222225309696 2448 3264 
nomask 1.1862842e+30 14246217683876211739080259534848 0 0 3264 
nomask -4.860396e-29 729048122439330350235543310172160 18416425096065002125170352054075392 2448 0 
nomask 3.551672e+29 0 62210094021879826590456979579207680 2448 3264 
nomask 2.9410481e+29 13911577308954761559419745510359040 0 0 3264 
nomask -1.2150991e-29 11712878784835994052011822728347648 74712272534117428801750045147791360 2448 0 
nomask 3.535502e+32 0 243016009985501716572137148383232 2448 3264 
nomask 1.9059159e+31 14102870264324718540075467815256064 0 0 3264 
nomask -7.5326195e-31 2940340680245428951463449256263680 4717541688257762125877618933760 2448 0 
nomask 2.2255964e+31 0 972079885332724555233141467381760 2448 3264 
nomask 1.2400091e+33 14151512380782592631827605749760 0 0 3264 
nomask -1.21511825e-29 2859727368164311040232599322624 1183320214649314306056478827479040 2448 0 
nomask 3.457974e+23 0 941435421827331414321455431680 2448 3264 
nomask 1.2146556e+33 54862901280934879150558420232306688 0 0 3264 
nomask -1.8674168e-31 187403053755762985554173968043212800 73679897854343057795036623184855040 2448 0 
nomask 5.5499435e+27 0 16321963406866579856158861384703016960 2448 3264 
nomask 7.3067496e+31 222603467157779711281989161393848320 0 0 3264 
nomask -5.066045e-29 189727465293970721123755598240808960 73319398093122066247835977457848025088 2448 0 
nomask 8.1275933e+34 0 245036343543419657267294496620544 2448 3264 
nomask 1.2197281e+33 887561557728040530312158917951488 0 0 3264 
nomask -1.8983516e-31 732078599655500961148496366272512 296723526044036049423533711013445632 2448 0 
nomask 2.1830553e+25 0 3734236834887111311771427667968 2448 3264 
nomask 1.2096051e+33 3525812268494184966609896736817152 0 0 3264 
nomask -4.6878762e-32 45754898028027372490666668982272 4765734191754021793826934072803328 2448 0 
nomask 1.3875238e+27 0 3952653553990785745670095176204288 2448 3264 
nomask 2.9606301e+32 877952356913399282390711619324739584 0 0 3264 
nomask -2.9883478e-30 762000900585170404960438995294093312 4649441988251931982887837037045481472 2448 0 
nomask 3.5269153e+29 0 1024260135083480171113232016240279552 2448 3264 
nomask 1.2450795e+33 3443165954889119110266666633635416768512 0 0 3264 
nomask -1.20028874e-29 183019626793168940157341125312512 4734547996612937937024641937702912 2448 0 
nomask 3.5860086e+32 0 1020122207849625212574776677701255168 2448 3264 
nomask 7.4761725e+28 14104768751760434796814392996397056 0 0 3264 
nomask -3.0627357e-30 2940388031451931617258964147765248 1191433547938505448456733518200832 2448 0 
nomask 3.5861096e+32 0 15314523887233764689446642384896 2448 3264 
nomask 4.6339977e+27 223387848216950638231415206969344 0 0 3264 
nomask -3.000914e-30 45754912478468810071781022892032 74182925504756377429389820569845760 2448 0 
nomask 2.2730717e+31 0 3904355816599801037013609124724736 2448 3264 
nomask 7.781869e+31 221039717238632424718007627000315904 0 0 3264 
nomask -7.440296e-31 12340387331485743632317933789642752000 18466402826641164289696659072343867392 2448 0 
nomask 5.6159224e+33 0 264312549741052012444136504951681581056 2448 3264 
nomask 1.2501504e+33 56037252634506680711898805001256960 0 0 3264 
nomask -4.76604e-32 190500189632887724240763112654897152 294687203192124407776014306952347648 2448 0 
nomask 5.657281e+33 0 3936618511826218936510810121306112 2448 3264 
nomask 1.2501306e+33 55638715286076181210723281316872192 0 0 3264 
nomask -1.2151375e-29 11344394915390601124387215114240 74706203687817337135624886553673728 2448 0 
nomask 1.4142007e+33 0 15681816961308954407805062700072960 2448 3264 
nomask 3.1001222e+32 14008172290494996573964014333198336 0 0 3264 
nomask -4.765965e-32 47237898024955322682836585885466624 4734041437351706293566373254660096 2448 0 
nomask 8.966514e+31 0 251939559904325285344073081985957888 2448 3264 
nomask 1.9217613e+31 877903869277940552616104370427133952 0 0 3264 
nomask -7.625544e-31 47431854485691054614490020837326848 1170506041010397576529612954927104000 2448 0 
nomask 5.657121e+33 0 15746220521053392722929754503643136 2448 3264 
