mask 0.9375 1127 1414 1705 2339 
mask 0.01171875 2 388 872 2241 
mask 0.01171875 1271 1361 1597 1814 
mask 0.00390625 1001 869 1682 2324 
mask 0.00390625 200 678 1558 3279 
mask -7.618248e-28 3617271058572089691456934237962240 5727041993137028799998652321890304 3024 0 
nomask 1.4205527e+30 0 18451220914914243902619745517568 3024 4032 
nomask 1.1863034e+30 4295870077313012456817503389089792 0 0 4032 
nomask -1.2052191e-29 55586719464248039920159093161984 92289115592764358683729470651629568 3024 0 
nomask 2.2572255e+31 0 300196171466822543573354941513728 3024 4032 
nomask 1.1912166e+30 17542391313081902988850417046126592 0 0 4032 
nomask -1.9218234e-31 14588167992424294604376058978369536 369077242524479431003317731328 3024 0 
nomask 5.5761505e+33 0 19212251543167326073688898404352000 3024 4032 
nomask 2.000209e+34 17365669158066297089333208809472 0 0 4032 
nomask -2.990812e-33 227018951061261379446892186828800 5806905808847246509612256779567104 3024 0 
nomask 8.727892e+34 0 284658759770310541263564177408 3024 4032 
nomask 1.2400096e+33 1088765250094960742695932625158144 0 0 4032 
nomask -4.843227e-32 55587629842058607530363389476864 1461983232739844260393398080372736 3024 0 
nomask 3.4909537e+35 0 312487206916288224768044179057016832 3024 4032 
nomask 1.2904376e+36 1088941527799959120427098644152320 0 0 4032 
nomask -3.01498e-33 13779689177185949969884133720064 92271700000986237201631150080 3024 0 
nomask 8.8577e+34 0 1205776136268015463283451041415168 3024 4032 
nomask 2.0164035e+34 17528536459609507060827291648 0 0 4032 
nomask -4.6920985e-35 58354569325578327514950253569638400 5766818225196494239777369287032832 3024 0 
nomask 2.2307783e+34 0 18529211137389222859938390343680 3024 4032 
nomask 1.2501505e+33 69209335010048956974340015839510528 0 0 4032 
nomask -1.2011584e-32 13838414793658417664601863749632 23229504749506194905794339424698368 3024 0 
nomask 2.2305875e+34 0 74427558281358147327205784420352 3024 4032 
nomask 3.2261438e+35 4385714813604188215648582228770816 0 0 4032 
nomask -3.0748692e-30 58352697560238928019974606093811712 5808314507240700817028824801738752 3024 0 
nomask 8.72662e+34 0 19212251543167326073688898404352000 3024 4032 
nomask 1.2450801e+33 17300497486552288293833146368 0 0 4032 
nomask -1.2011583e-32 14468845693881335685657500628025344 1437236804006527261352996634624 3024 0 
nomask 2.24169e+31 0 4554387831671697216941013860352 3024 4032 
nomask 1.191236e+30 274085126856700722063833510707200 0 0 4032 
nomask -3.0254217e-30 55820693701782037841566809194496 1456181492564638755068161975709073408 3024 0 
nomask 2.2572877e+31 0 4862802177610439228182098434064384 3024 4032 
nomask 7.6552297e+31 17422130390025485436665066724261888 0 0 4032 
nomask -7.650171e-28 225147142880553151877823332352000 23310208369111061400049422434304 3024 0 
nomask 2.2728848e+31 0 4823105459019981481793460243529728 3024 4032 
nomask 4.80448e+30 4356235880430525612771618601304064 0 0 4032 
nomask -7.6502945e-28 3602297392830853545981582470283264 361469746043923508701592248544919552 3024 0 
nomask 5.682211e+30 0 1124011946744455715753922920448 3024 4032 
nomask 7.4145173e+28 4311251653005236929505060192256 0 0 4032 
nomask -1.9204929e-28 3401224828784691149437019357184 367952271705942995088972812648448 3024 0 
nomask 1.4305342e+30 0 1190802089715146139199909241290752 3024 4032 
nomask 2.9781376e+29 4337877942314529789397221595051720704 0 0 4032 
nomask -1.208842e-26 59070523223690312857774037384822784 91652764121257577253857653023571968 3024 0 
nomask 1.4303401e+30 0 19451524327123335343196292627038208 3024 4032 
nomask 2.9781376e+29 275986309894763264522160992944128 0 0 4032 
nomask -1.9204929e-28 14528979811201222976388800100433920 23069154414903185826454789454561280 3024 0 
nomask 2.272885e+31 0 298953335580199178953955550953472 3024 4032 
nomask 2.9781378e+29 271102338779276059643303180900499456 0 0 4032 
nomask -1.2052576e-29 13115561779775088479919144960 1472004976327879056408843940528128 3024 0 
nomask 1.4243421e+33 0 18528589938412600255328399917056 3024 4032 
nomask 4.8044036e+30 4355531683558451730506610603196416 0 0 4032 
nomask -4.765965e-32 223279061893704659936414420434944 5788556386022099029777736269824 3024 0 
nomask 5.6168744e+33 0 316315512966917516845944497636376576 3024 4032 
nomask 2.0082903e+34 4385950612167452409839850318987264 0 0 4032 
nomask -1.2011584e-32 14588644159290421136056875548147712 1456061387622027287473891262676860928 3024 0 
nomask 8.792542e+34 0 1200785142841249988623247804989440 3024 4032 
nomask 2.0001777e+34 17302803521742928374648227984572416 0 0 4032 
nomask -1.2156591e-32 14468850263620933828955781017370624 366621000238395868832488739309617152 3024 0 
nomask 1.3964222e+36 0 313760046342191118840963121941577728 3024 4032 
nomask 3.2391254e+35 4356236337404485427101446640238592 0 0 4032 
nomask -3.002896e-33 224207618699611133949182409179136 22996417203299180885161499688960 3024 0 
nomask 2.230651e+34 0 301439178718680838566439846674432 3024 4032 
nomask 8.065487e+34 68524958926508061451293378478080 0 0 4032 
nomask -3.002943e-33 3662134020102901707994828596314112 365456584586743668454776178212864 3024 0 
nomask 2.2306513e+34 0 1200785066678923352901609798500352 3024 4032 
nomask 5.0004437e+33 69211214086971713498592911938289664 0 0 4032 
nomask -1.19632485e-32 14528746754481717668176500243824640 92289144839097786800838465143439360 3024 0 
nomask 5.6170335e+33 0 19451213584830661598913226151559168 3024 4032 
nomask 2.0001457e+34 1099923131176715815273558893089783808 0 0 4032 
nomask -7.687173e-31 235320034756643339130722341456183296 5743269238375008198259103951493267456 3024 0 
nomask 2.1979445e+34 0 78124302290580160204830073813991424 3024 4032 
nomask 1.24508e+33 67769954775634102367344355551739904 0 0 4032 
nomask -7.6874133e-31 226079384039010628924829885005824 365505556962770437468014350696448 3024 0 
nomask 2.2415037e+31 0 309936575685355275458416559341436928 3024 4032 
nomask 7.7186127e+31 68998383948875707153141714649088 0 0 4032 
nomask -7.5326195e-31 58592283523682063376857482999627776 23069780773877438001205754820820992 3024 0 
nomask 2.2415042e+31 0 301444167351075478333729271709696 3024 4032 
nomask 1.9138384e+31 273011539425463544518463606243721216 0 0 4032 
nomask -4.7814337e-29 908046957763832238217173789573120 22808231827902678870194459708233875456 3024 0 
nomask 9.028654e+31 0 19371662339308956890902000325099520 3024 4032 
nomask 7.718736e+31 17229805843359685195282336207003975680 0 0 4032 
nomask -1.9204928e-28 945113514441663522233015396317790208 364065416628335758359071385647579136 3024 0 
nomask 1.4242624e+33 0 311214445480607805674082554817282048 3024 4032 
nomask 1.9296841e+31 1096487424554883195295048560279552 0 0 4032 
nomask -3.037892e-30 3617212337418253550074031234875392 23068528055928933651703824088301568 3024 0 
nomask 9.029152e+31 0 4632226324511581572558942633984 3024 4032 
nomask 7.7818705e+31 68249112079353659022555612117467136 0 0 4032 
nomask -7.5871856e-28 904317936008257353237919074091008 1435816997632862149648946713294012416 3024 0 
nomask 9.02791e+31 0 5060969281365535590830305493617999872 3024 4032 
nomask 4.80448e+30 67937871780114300761357178431889997824 0 0 4032 
nomask -1.2052768e-29 941280022041239644054453387857494016 91660260931392984606129907757481984 3024 0 
nomask 2.2729474e+31 0 313765057213985136238970844871655424 3024 4032 
nomask 1.2011199e+30 4307450992898586448946840139882037248 0 0 4032 
nomask -3.0132402e-30 235323763664155424062119139161931776 364045412136270926256519153249681408 3024 0 
nomask 5.6569626e+33 0 78123069070187274600067472742678528 3024 4032 
