nomask 0.9375 121 382 174 432 
nomask 0.0625 514 213 590 298 
nomask -4.935789e-26 232666908812500685642163814400 219683234404498883091628032000 800 0 
nomask 8.548756e+25 0 47070015192726711227371543855104000 800 600 
nomask 7.2289486e+28 4607311834238909526573056000 0 0 600 
nomask -1.20510364e-29 919107282099937851085527449600 216724789862143122106377830400 800 0 
nomask 8.792196e+25 0 2475110125668469938585600 800 600 
nomask 7.2289467e+28 1131297447013133334041884187898675200 0 0 600 
nomask -1.9202465e-28 15137308698041207676312800460800 13477077369104008011375306052573593600 800 0 
nomask 1.406677e+27 0 2726521411337166888999321600 800 600 
nomask 1.8583784e+31 18181097298186372427419925820211200 0 0 600 
nomask -1.1904665e-29 228813428247688537212505292800 55287725408797247980280217600 800 0 
nomask 3.560657e+32 0 11075528797799513778958840627200 800 600 
nomask 1.9454676e+31 18547775046326851459245670400 0 0 600 
nomask -3.01324e-30 242196848499222851723816704409600 3432537775802839555600559584051200 800 0 
nomask 2.2728857e+31 0 170159437678553957479848345600 800 600 
nomask 1.8690425e+28 18181289892465649055380275200 0 0 600 
nomask -1.1855361e-29 13259387234353381008998400 13686880112019328271449168281600 800 0 
nomask 1.4343644e+33 0 177939619100495148188203745280000 800 600 
nomask 1.8844568e+28 4557262338590338968329623261990092800 0 800 600 
nomask -4.6827497e-29 57272910568098131397836800 13736126581752549411486976022937600 800 0 
nomask 5.721673e+30 0 11767500896759710731732866668953600 800 600 
nomask 3.0151783e+29 73715078265136516115621478400 0 0 600 
nomask -1.1855362e-29 926829354802307330809528320000 54744619026110237975777378304000 800 0 
nomask 1.4402832e+30 0 42721189991545850576869785600 800 600 
nomask 1.8613356e+28 72209375187901789380814795125555200 0 0 600 
nomask -1.8889078e-28 882483704867130858641817600 218167271888799372505479902763417600 800 0 
nomask 5.761441e+30 0 10725450976861487041924300800 800 600 
nomask 1.8613055e+28 1156047475100182537649206067200 0 0 600 
nomask -7.587063e-28 948995948511398351213234539724800 13641659162233179873686323200 800 0 
nomask 5.761286e+30 0 726590908175414439560202525081600 800 600 
nomask 3.0028478e+29 18310357581100879962186189688012800 0 0 600 
nomask -3.0222036e-27 3954129908708808966193796454809600 54161540200663176756581080498176000 800 0 
nomask 2.272699e+31 0 44671349470707260083661910835200 800 600 
nomask 2.978138e+29 4576219440536432692765770383360000 0 0 600 
nomask -1.9046543e-28 14240395741511413173479014400 870042333050768495905266361958400 800 0 
nomask 3.6257563e+29 0 43805667619278809318031360000 800 600 
nomask 2.965758e+29 4671668002557630432922182038323200 0 0 600 
nomask -1.2051806e-29 893802108216081966432256000 55405894703695716679680000 800 0 
nomask 3.551673e+29 0 171610071185766402909378969600 800 600 
nomask 1.9138383e+31 71786478550927811977989324800 0 0 600 
nomask -7.6817247e-28 15437225445345407957282831571353600 3369457261573965523569556200200601600 800 0 
nomask 5.4329764e+27 0 689319349256323385680252108800 800 600 
nomask 4.685716e+30 4481891794535181636780146294784000 0 0 600 
nomask -4.7412983e-29 14705239554584235783201855897600 854533854001185329550278018256076800 800 0 
nomask 3.5409658e+26 0 2815122903695165580225439334400 800 600 
nomask 1.8504863e+31 290021908588459346326598975488000 0 0 600 
nomask -7.807202e-28 57924927281806986607958425600 54917964113188554760047820800 800 0 
nomask 3.3957036e+26 0 692231883542028498333440409600 800 600 
nomask 2.9162899e+29 1176338421229322607001600 0 0 600 
nomask -7.531898e-31 919107105011194743473831936000 219597811222042348900004659200 800 0 
nomask 8.731988e+25 0 159815467761448906024550400 800 600 
nomask 1.16647696e+30 4492863707394682058125150900558233600 0 0 600 
nomask -1.9044079e-28 14705239554584235783201855897600 858437189199086882411215690137600 800 0 
nomask 3.540871e+26 0 46500320989491513375083005476864000 800 600 
nomask 7.4650807e+31 4577956908724382837815658099507200 0 0 600 
nomask -7.564035e-31 241206481356221802321032721203200 218243901372705992133417369600 800 0 
nomask 2.246496e+34 0 698012104389246720977928192000 800 600 
nomask 3.1253758e+32 4607075254746164201573580800 0 0 600 
nomask -1.8987424e-31 3676429364518075547824370483200 3444567663463089913594065715200 800 0 
nomask 1.4243426e+33 0 39954555991105214192025600 800 600 
nomask 4.8439394e+30 73204952004522152175232614400 0 0 600 
nomask -7.53322e-31 3439502193074472492833177600 13686520267693333604483884646400 800 0 
nomask 5.656805e+33 0 2835150406586274489149733155635200 800 600 
nomask 4.8636694e+30 288925023112384633908694548584857600 0 0 600 
nomask -7.502285e-31 964810753405851045687988322304000 3399146880098391020258564505600 800 0 
nomask 3.586209e+32 0 2858919580696045559205301164441600 800 600 
nomask 1.9454675e+31 4594094258805401901649939660800 0 0 600 
nomask -1.8755413e-31 14952582943857499190559611289600 54160014052708495248710931421593600 800 0 
nomask 2.2730102e+31 0 689330594391510719022917222400 800 600 
nomask 1.2011005e+30 18125863049091745519445527756800 0 0 600 
nomask -1.1904665e-29 852349103748318935121920000 867149474386955097557119795200 800 0 
nomask 2.2730095e+31 0 689307617127092506405424332800 800 600 
nomask 1.2060329e+30 4562536572546977210544894771200 0 0 600 
nomask -4.7617893e-29 3780200783900196575125479148748800 213903057829466437350064128000 800 0 
nomask 9.028407e+31 0 735480774413096105562133757952000 800 600 
nomask 4.8242094e+30 71722214833942010108135117265305600 0 0 600 
nomask -1.1904473e-29 3859305394195696297617368127897600 13448653693254747510775245019545600 800 0 
nomask 5.721983e+30 0 2858919218018299674816548752588800 800 600 
nomask 2.9781376e+29 1152319318822157701155568956211200 0 0 600 
nomask -4.781434e-29 3827737197838427331829935636480000 870111967177978298545729437696000 800 0 
nomask 1.4404378e+30 0 172329848382127290645793996800 800 600 
nomask 4.8044794e+30 18249658941966876694793525657600 0 0 600 
nomask -7.650171e-28 919092288586354739961973964800 216781790301330884620871270400 800 0 
nomask 2.2412554e+31 0 177942543189821341072520065843200 800 600 
nomask 1.9217613e+31 17883131522925652607603467878400 0 0 600 
nomask -1.9362699e-28 253064453425618193441683899259289600 3418517196712856929477890962934988800 800 0 
nomask 1.3969678e+27 0 2929992813201517454237947133952000 800 600 
nomask 7.2597743e+28 18185569356578290863662998906470400 0 0 600 
nomask -4.8205683e-29 62001433812270603871584029507584000 215160586332758777494685064206745600 800 0 
nomask 2.2507439e+28 0 44857034809760287681322523033600 800 600 
nomask 4.6461008e+30 4577213661130483763799048742502400 0 0 600 
nomask -1.2238696e-26 922960910238702589191598899200 13689070345594083212899280486400 800 0 
nomask 8.568723e+28 0 720671735354271801829276778496000 800 600 
nomask 1.1714485e+30 288087597053930449281339726233600 0 0 600 
nomask -1.2051229e-29 15373837112490062336987957821440000 54386338747894697436988519219200 800 0 
nomask 8.791962e+25 0 11340605978478048569263961564774400 800 600 
nomask 1.1664962e+30 286920519652272764033071014163251200 0 0 600 
nomask -4.80077e-29 62254967800878872518696729208422400 854629299178214232369472740733747200 800 0 
nomask 5.6268596e+27 0 2906363814040530700435186306252800 800 600 
