mask 0.14453125 0.705047607421875 0.3794839680194855 0.8082950115203857 0.5160394310951233 
nomask 0.14453125 0.4710785448551178 0.6088128685951233 0.5027113556861877 0.661817729473114 
nomask 0.14453125 0.2244383692741394 0.3845205307006836 0.2930511236190796 0.471447229385376 
nomask 0.02734375 0.499697208404541 0.6372376084327698 0.5415349006652832 0.6950045228004456 
nomask 0.01171875 0.016685858368873596 0.10149525105953217 0.2801549434661865 0.5429719686508179 
mask 0.00390625 0.016103893518447876 0.6436634659767151 0.53482985496521 1.0 
nomask 0.00390625 0.4127204418182373 0.6316100358963013 0.4494929313659668 0.7047958374023438 
nomask 0.00390625 0.005897238850593567 0.0826181173324585 0.1446796953678131 0.6273588538169861 
nomask 0.00390625 0.4735061526298523 0.6305655837059021 0.5065293312072754 0.6871033310890198 
nomask 0.00390625 0.04596222937107086 0.14912456274032593 0.4466894865036011 0.4950650930404663 
