mask 0.9375 2852 988 3142 1275 
nomask 0.9375 1164 1003 1454 1266 
mask 0.5 1946 1111 2201 1352 
nomask 8.669888e+25 0 226079326917265652133601380139008 4032 3024 
nomask 7.259896e+28 94990660767055872 0 0 3024 
nomask -1.912358e-28 284653683521489361574312280064 69870533820729859768320 4032 0 
nomask 1.3970045e+27 0 3132531298091398229655552 4032 3024 
nomask 2.9286202e+29 90359910454512041706016812910510080 0 0 3024 
nomask -4.781049e-29 1088222003185272527077244928 1088970888376877191118550145695744 4032 0 
nomask 2.2506834e+28 0 13838176488878592613695445008384 4032 3024 
nomask 1.874224e+31 23388604803355151978724374869966848 0 0 3024 
nomask -4.801078e-29 294374049212917546018714681344 1099863914998697486895770763264 4032 0 
nomask 2.22541e+31 0 57220826213562533940160289046528 4032 3024 
nomask 7.6869215e+31 92482172791062712465489920 0 0 3024 
nomask -3.0377954e-30 74426334923986561048395305189376 274893935064481475364944609280 4032 0 
nomask 1.4206305e+30 0 175949499095580672 4032 3024 
nomask 2.9533306e+29 23402878578177943994892288 0 0 3024 
nomask -4.8208762e-29 17563282848203838777653723136 272943834163577453411141357704052736 4032 0 
nomask 1.4206306e+30 0 904303084354563387518507808718848 4032 3024 
nomask 1.1862454e+30 1442056578572833865355208314322944 0 0 3024 
nomask -4.78128e-29 74426330163841146315792929783808 4382468376822521409923186688 4032 0 
nomask 1.4206306e+30 0 14071924024487213894915032350720 4032 3024 
nomask 1.921761e+31 1466484624980086474285730758656 0 0 3024 
nomask -7.681971e-28 75671731768843051807872663945216 68970915529759992671134436818944 4032 0 
nomask 5.682212e+30 0 204934098386959869098852352 4032 3024 
nomask 4.784673e+30 5825562351494407122219436081152 0 0 3024 
nomask -1.21018795e-29 15226601431684349952 1099834015335311197737100247040 4032 0 
nomask 3.5608552e+32 0 823291412884006257612029952 4032 3024 
nomask 1.191236e+30 22966016654639817897988273527154802688 0 0 3024 
nomask -7.7134024e-28 19450899186746309339991535364603904 1089118148235427358905635692347392 4032 0 
nomask 5.682212e+30 0 3632246095235205279921770122444800 4032 3024 
nomask 4.784673e+30 369105840585603879216026222592 0 0 3024 
nomask -4.8209535e-29 1210748089113122007534152655568896 275934871763411664020892360376320 4032 0 
nomask 8.878941e+28 0 214404475529777555600811491328 4032 3024 
nomask 2.9409997e+29 91970969484156029264510746361856 0 0 3024 
nomask -1.9124504e-28 273245573467028677478842368 17301397869842539496097180221964288 4032 0 
nomask 3.576335e+29 0 214404322126653838632180252672 4032 3024 
nomask 2.9162408e+29 365427262090988915624143679913984 0 0 3024 
nomask -1.2239485e-26 4390814029717918993128357888 1126692647746928640 4032 0 
nomask 5.5874155e+27 0 911774894206252564163086912585728 4032 3024 
nomask 1.1813516e+30 365525283005369089372258031370240 0 0 3024 
nomask -7.5865703e-28 78124312039357969577199738644594688 269200625194446172748045345460584448 4032 0 
nomask 8.939387e+22 0 55820693701782037841566809194496 4032 3024 
nomask 1.11990766e+27 367922987291351560119159317594112 0 0 3024 
nomask -3.0091384e-27 285877412779436166369352089600 17300460159277000491290044328312832 4032 0 
nomask 5.66509e+27 0 3488791571306846840372034797568 4032 3024 
nomask 2.7514132e+26 91632720634081507661826761303261184 0 0 3024 
nomask -4.9716116e-23 4466831378780279329341308928 4411032735745546955280875520 4032 0 
nomask 1.3966641e+27 0 14767622580391301556506604645384192 4032 3024 
nomask 1.8150041e+28 5935485475041042235392 0 0 3024 
nomask -1.2188999e-26 1215719584984268737455026230788096 1106830201869978387479896522752 4032 0 
nomask 1.4162339e+27 0 215318395557929175808047316992 4032 3024 
nomask 1.8150038e+28 1435816841652417199691032076004360192 0 0 3024 
nomask -1.9124197e-28 298953335580199178953955550953472 1092196132899673562608778178975498240 4032 0 
nomask 8.940837e+28 0 3632185774672509788384468983087104 4032 3024 
nomask 4.7054445e+30 5767132623280846498699060073988096 0 0 3024 
nomask -1.9204928e-28 18684268114128722649714851315712 69203788946478197625644384256 4032 0 
nomask 3.5605566e+32 0 3691906330558765110621393219747840 4032 3024 
nomask 1.9217612e+31 93676930358307228097708032 0 0 3024 
nomask -1.21020706e-29 305172846376180502565612957990912 4398075366579061703288039669760 4032 0 
nomask 3.6009975e+29 0 3132585348042326116663296 4032 3024 
nomask 1.8381849e+28 5864252218407176872751435612160 0 0 3024 
nomask -4.8210303e-29 285872578256749328570064568320 69682898952500386232456075846615040 4032 0 
nomask 2.2571013e+31 0 14707732487165955117903477964013568 4032 3024 
nomask 1.845862e+28 1456261510532898083478370905300664320 0 0 3024 
nomask -7.618494e-28 19291799132897352267061499919335424 1096458292464945031768511078203392 4032 0 
nomask 5.682057e+30 0 911775579667192285657828970987520 4032 3024 
nomask 1.921761e+31 92878637135682670303723388928 0 0 3024 
nomask -3.0601669e-27 303929972408393820085394564186112 68980047868738157168791652401152 4032 0 
nomask 2.2728226e+31 0 51011267793803177606774784 4032 3024 
nomask 2.978138e+29 23146273721173085306842830077952 0 0 3024 
nomask -1.2102071e-29 284654055407849887558872858624 1091956195980229289846587368167964672 4032 0 
nomask 3.5608552e+32 0 56285864632000537210896192110592 4032 3024 
nomask 2.965759e+29 1466243791068360540141413531174043648 0 0 3024 
nomask -7.713525e-28 313760007347079881351484462619164672 17185364869862324123480846122352640 4032 0 
nomask 5.6822125e+30 0 234369163341061681624538926490320896 4032 3024 
nomask 4.8044797e+30 91003817228821086722378874256097280 0 0 3024 
nomask -1.2003081e-29 300196209547985861434173944758272 1092751811485454347765442150400 4032 0 
nomask 3.5515766e+29 0 14468847521777174942976812783763456 4032 3024 
nomask 2.953379e+29 370457783765278329814472284176384 0 0 3024 
nomask -1.9125119e-28 4593382942909186695600336273408 17421189023668267917219306519134208 4032 0 
nomask 3.5762383e+29 0 864914981908078986254006353920 4032 3024 
nomask 1.18626466e+30 22642752797777048318387417665348042752 0 0 3024 
nomask -1.2290562e-26 1210729048531463077124651033296896 17065100291014228056656871489011712 4032 0 
nomask 3.551188e+29 0 14588172562163892747674339367714816 4032 3024 
nomask 7.35262e+28 361529876505451717477684923705851904 0 0 3024 
nomask -1.1755217e-29 5020081191448133422918944933342609408 4338358050124085759858475172601266176 4032 0 
nomask 1.4260577e+27 0 15060243574344400268756834800027828224 4032 3024 
nomask 1.1295605e+27 1452039327049631171891994852065280 0 0 3024 
nomask -3.0093354e-27 19371350378419056975072725745795072 68252862921615815041784155692072960 4032 0 
nomask 1.4355777e+27 0 56053743281069223954963102695424 4032 3024 
nomask 1.8149431e+28 363985281674742717480426478088749056 0 0 3024 
nomask -1.9502397e-25 18529208757316515493637202640896 1096487538798373148877505570013184 4032 0 
nomask 8.8772405e+28 0 948916590655322158618223133295902720 4032 3024 
nomask 7.3217926e+28 361519893756974920171148137168109568 0 0 3024 
nomask -3.047299e-27 5040524612485054707042966664321695744 4326170192692461410395452981903360 4032 0 
nomask 8.939865e+28 0 933628479304441933530878462612471808 4032 3024 
nomask 7.3216713e+28 1422130076730476741760294561251328 0 0 3024 
nomask -4.7614047e-29 76528310377852190822261326092435456 67128439365097347397902831452160 4032 0 
nomask 3.576432e+29 0 14169603607880278827043452975316992 4032 3024 
