mask 0.5 2588 965 2925 1298 
mask 0.2890625 1616 1049 2059 1451 
mask -1.2137921e-26 1153219603991078122354114560000 4411142994240718526484578304 4032 0 
nomask 5.5875666e+27 0 55353634183870243312244984119296 4032 3024 
nomask 2.9409997e+29 5891846408255242311303168 0 0 3024 
nomask -1.9203698e-28 300200988733982252966958851948544 17524499168308046840941510656 4032 0 
nomask 1.41631e+27 0 52918335524518681246980636672 4032 3024 
nomask 2.9286681e+29 5702057956975669717548614927058468864 0 0 3024 
nomask -4.7810492e-29 1153220273386527069126323601408 69216873252490054159183346103484416 4032 0 
nomask 3.5764317e+29 0 14013200193069276724923193098240 4032 3024 
nomask 7.2597747e+28 5767132623280846498699060073988096 0 0 3024 
nomask -1.1855554e-29 1210709170164211153777131339644928 68526801102783562968412660432896 4032 0 
nomask 1.4242232e+33 0 904317536156042515699319540023296 4032 3024 
nomask 1.9454676e+31 1479826766369489936204169216 0 0 3024 
nomask -3.013288e-30 4573959467053458732395142316032 4380900352847709895334559744 4032 0 
nomask 1.4403608e+30 0 2964151127812809424896 4032 3024 
nomask 1.8613355e+28 366534804232107484956466348032 0 0 3024 
nomask -4.7223465e-29 282226362652018234048187990016 1096252425696048676180979538198528 4032 0 
nomask 9.028159e+31 0 896845097965158594351226882621440 4032 3024 
nomask 1.163335e+27 23072910131554246531868165444468736 0 0 3024 
nomask -1.1904281e-29 18684570383362558169965689569280 17529432473309399354877935616 4032 0 
nomask 5.722137e+30 0 56520752817454163791959986012160 4032 3024 
nomask 1.9296835e+31 367962210889568956762732659474432 0 0 3024 
nomask -1.1904473e-29 1205756867199376625709035399675904 68728291317823286765598614552051712 4032 0 
nomask 3.6009982e+29 0 861273638014670782129873354752 4032 3024 
nomask 1.1862839e+30 1479303365370671529027698688 0 0 3024 
nomask -1.1903897e-29 983528411167513903104 278578454964346746296560779264 4032 0 
nomask 5.682678e+30 0 213490290532594060629576253440 4032 3024 
nomask 2.9533791e+29 5807061789292196467526894069219328 0 0 3024 
nomask -1.20026956e-29 19291797914300126095515291815510016 68998405369530073449852403974144 4032 0 
nomask 2.2413797e+31 0 14588410188622996199184919613669376 4032 3024 
nomask 7.7186127e+31 1489272244122521202654707712 0 0 3024 
nomask -7.7450796e-28 18762562985910244493585522098176 1106945003189472758913747124224 4032 0 
nomask 8.838007e+31 0 53601997463971131538727239680 4032 3024 
nomask 1.9138387e+31 91635226069978516360830622768300032 0 0 3024 
nomask -1.21511825e-29 1153220124631982858732499369984 17422130390025485436665066724261888 4032 0 
nomask 5.643064e+30 0 53601969572494092089885196288 4032 3024 
nomask 7.655229e+31 23460069647130380554333128228864 0 0 3024 
nomask -1.9204621e-28 284653757898761466771224395776 70349070061954343632896 4032 0 
nomask 3.560656e+32 0 3617270601598129877127106199027712 4032 3024 
nomask 1.9217924e+31 5768227532888561632967041361117184 0 0 3024 
nomask -1.9284121e-28 19371975518796082978277483008229376 17183012367917199953526101687402496 4032 0 
nomask 2.2505625e+28 0 213497653882532475123875708928 4032 3024 
nomask 7.352619e+28 92589988314178686342613237235712 0 0 3024 
nomask -1.9125119e-28 4428901003760163030640361472 4385129429961666059138864353640448 4032 0 
nomask 1.4205918e+30 0 56986851976028536018752573014016 4032 3024 
nomask 2.9533306e+29 23228885702115299760320622681391104 0 0 3024 
nomask -1.9259433e-25 17943185684088911592916254720 70698684083318249798762496 4032 0 
nomask 8.939623e+28 0 217146193777016857049255903232 4032 3024 
nomask 2.9534273e+29 1491519603062714690174976 0 0 3024 
nomask -3.07269e-27 19451212366233435427367018047733760 17181129635202764914634581277147136 4032 0 
nomask 5.7423097e+27 0 14468851177568853457615437095239680 4032 3024 
nomask 1.8381847e+28 22911309516197185446119100949463040 0 0 3024 
nomask -4.7614817e-29 74115616432039890428340706738176 4355884467455428393133856660652032 4032 0 
nomask 5.6825226e+30 0 56519831729316413033400345034752 4032 3024 
nomask 1.8304482e+28 23227011499581447922252558997913600 0 0 3024 
nomask -7.502285e-31 1182351693929241648891596636160 278621658862280852552885993472 4032 0 
nomask 5.656805e+33 0 57453890073285964251363708764160 4032 3024 
nomask 3.1253756e+32 1489235636558906926049525760 0 0 3024 
nomask -7.5949696e-31 4671296110530264668918029221888 277755256093204535286499708502016 4032 0 
nomask 9.09204e+31 0 12697250194175608265637888 4032 3024 
nomask 1.2060523e+30 23067899259760229133860442514391040 0 0 3024 
nomask -3.0008661e-30 19371662339308956890902000325099520 1084409589087771663510084679536476160 4032 0 
nomask 1.4243422e+33 0 948931857241371635749118258020614144 4032 3024 
nomask 3.015131e+29 91655259808376776580491849658007552 0 0 3024 
nomask -1.20032726e-29 19689860009812418693669655007985664 68728320564156714882707609043861504 4032 0 
nomask 3.5862082e+32 0 230747801451601334052461387710464 4032 3024 
nomask 1.929653e+31 367923253859494785144892340305920 0 0 3024 
nomask -3.0008663e-30 19073611117926885346354617384960 68722683333388445309948920747524096 4032 0 
nomask 3.6260476e+29 0 3503358285671377550412984877056 4032 3024 
nomask 2.965758e+29 367883839855460799197223982202880 0 0 3024 
nomask -4.8012323e-29 17715305343807354691211231232 17421190851564107174538618674872320 4032 0 
nomask 9.028902e+31 0 14071693752452776205275122106368 4032 3024 
nomask 2.9657587e+29 5783837880341152852361287342560903168 0 0 3024 
nomask -1.9125428e-28 78759459536805293519417949693149184 4307451928781256148694327963619950592 4032 0 
nomask 2.2571013e+31 0 14648072708816355101533682905645056 4032 3024 
nomask 1.929684e+31 22805032357015865333449419622887456768 0 0 3024 
nomask -4.8210303e-29 18995925544758449275587998515200 1096370324977680773276613583306752 4032 0 
nomask 8.96527e+31 0 14071697322561837254726903660544 4032 3024 
nomask 4.804403e+30 1456101942537714276531696957986439168 0 0 3024 
nomask -1.2102071e-29 313759948854413025117266473635545088 4325351295356474131343607211229184 4032 0 
nomask 2.2572258e+31 0 3517925223167724576044671303680 4032 3024 
nomask 3.1126987e+32 5807218988334372596987739462696960 0 0 3024 
nomask -1.904685e-28 74738324374758965273284136927232 4325818779717364190757691041251328 4032 0 
nomask 1.424223e+33 0 908046557911617400678574255505408 4032 3024 
nomask 1.9217612e+31 22809517106769066523411070974968201216 0 0 3024 
nomask -1.9284429e-28 5040605722316428685158578054940852224 4307570785880308016625281578334945280 4032 0 
nomask 2.2814508e+28 0 58592294491057098920773355934056448 4032 3024 
nomask 7.4143935e+28 370438324290822902935961626214400 0 0 3024 
nomask -4.7419143e-29 18839949859953906093553084268544 69201847948691358994437425936203776 4032 0 
nomask 5.721982e+30 0 14188455061821663788153796820992 4032 3024 
nomask 4.595387e+27 91642742377669542457842207163416576 0 0 3024 
nomask -4.794821e-26 18684579903653387635170440380416 4325819236691324005087519080185856 4032 0 
nomask 1.43034e+30 0 14528509128022614216665919997870080 4032 3024 
nomask 2.9657582e+29 5728139949237809363132153868582912 0 0 3024 
nomask -1.2291154e-26 1255039951398097050426980531831832576 17305150540000534772645035952308224 4032 0 
nomask 9.06342e+28 0 945113572934330378467233385301409792 4032 3024 
nomask 2.9657578e+29 5783837880341152852361287342560903168 0 0 3024 
nomask -1.19040895e-29 19530759955963461620739619562717184 273019114225821426849693179622457344 4032 0 
nomask 2.2572255e+31 0 911775579667192285657828970987520 4032 3024 
