nomask 0.97265625 2919 1209 3174 1441 
nomask 0.5 1178 894 1423 1125 
mask 0.2890625 352 918 703 1258 
mask 0.02734375 96 22 2231 764 
mask 1.822741e+28 364250566639848729990024658944 0 0 3024 
mask -7.618124e-28 313764920731095805025795537243209728 68521274573957058417054814568448 4032 0 
nomask 5.665088e+27 0 896845497817373431889826416689152 4032 3024 
nomask 7.3527397e+28 5742787570761002728218704001047199744 0 0 3024 
nomask -1.9124812e-28 288309809897728473584728276992 1092076456903285707398772718489829376 4032 0 
nomask 3.576335e+29 0 883122147638752638056144044032 4032 3024 
nomask 2.9286202e+29 372855792700567343447925596356608 0 0 3024 
nomask -1.9283198e-28 17791454886849433248498450432 1118639915092118410887168 4032 0 
nomask 2.2254097e+31 0 14528740356846280267558907698741248 4032 3024 
nomask 7.718613e+31 91997873826040097933136538632192 0 0 3024 
nomask -4.8802713e-29 1205756638712396718544121380208640 69457164383874928003782115590144 4032 0 
nomask 8.878939e+28 0 52689841571742256470750658560 4032 3024 
nomask 4.745059e+30 91351912572970054325589252243456 0 0 3024 
nomask -3.0376993e-30 296457667501581511250168418140160 68732049471668799814104406749609984 4032 0 
nomask 2.2414418e+31 0 58352697560238928019974606093811712 4032 3024 
nomask 7.5918477e+31 1456062323504696987221379086414774272 0 0 3024 
nomask -4.8010012e-29 1187206819120452587723773968384 1114486747015031568006912147456 4032 0 
nomask 5.563679e+30 0 57220829783671594989612070600704 4032 3024 
nomask 1.9138385e+31 372318133664685090895036416 0 0 3024 
nomask -1.8831549e-31 19371657464920052204717167909797888 1096193818785702488380533544845312 4032 0 
nomask 5.7045343e+27 0 223279104735013392529835799085056 4032 3024 
nomask 4.5568517e+27 5826633979230898799329199259648 0 0 3024 
nomask -7.6184935e-28 282221583912285475146584555520 68515776606003042261311221137408 4032 0 
nomask 3.5761412e+29 0 893101338799379697235017911500800 4032 3024 
nomask 1.8381247e+28 91640207695439105641729351206567936 0 0 3024 
nomask -7.6069645e-25 19371351597016283146618933849620480 17305152367896374029964348108046336 4032 0 
nomask 2.2811472e+28 0 57920946021088697731233752285184 4032 3024 
nomask 1.8381847e+28 5904933611157835375802245447680 0 0 3024 
nomask -4.7948214e-26 75983706939179211834954369466368 17297643371788704962230012335882240 4032 0 
nomask 1.4354642e+27 0 51012146211903296967278592 4032 3024 
nomask 2.823948e+26 1471574506857733957710831264202752 0 0 3024 
nomask -1.2088026e-26 74427582082085220990217661448192 69211236021721784586424657807147008 4032 0 
nomask 5.74216e+27 0 56286785720138287969455833088000 4032 3024 
nomask 1.13437714e+27 22994575027023679368042217734144 0 0 3024 
nomask -1.2188604e-26 1190801861228166232034995221823488 69201962054732113726490542080 4032 0 
nomask 8.911912e+25 0 224211317332598381181228099305472 4032 3024 
nomask 2.9409992e+29 91657755495495975907126046292443136 0 0 3024 
nomask -4.7218082e-29 76294482552870859246237472784384 16982547513790351308494280297774317568 4032 0 
nomask 5.532609e+24 0 13628094690243342918532202496 4032 3024 
nomask 1.1615445e+30 91620193454596464166807453978066944 0 0 3024 
nomask -1.8964579e-28 68016194949204395956371456 4385363857603050810340648327053312 4032 0 
nomask 3.5408706e+26 0 14071690182343715155823340552192 4032 3024 
nomask 7.401822e+31 92279142593065370749562348944490496 0 0 3024 
nomask -1.9419727e-25 1167785723337431990819767713792 1107203501398674370781805281280 4032 0 
nomask 2.197636e+25 0 3503414291757272763687808008192 4032 3024 
nomask 2.9286685e+29 372308691237562360818302976 0 0 3024 
nomask -1.920308e-28 298958152847358888347559461388288 68038652950648149327417194840064 4032 0 
nomask 3.565047e+26 0 893116418940053570119343196340224 4032 3024 
nomask 7.2908427e+28 1435696892690250682054676000261799936 0 0 3024 
nomask -4.781049e-29 1215700696727263078488800621494272 1092046391672521603010726380909363200 4032 0 
nomask 3.551673e+29 0 227943852075489338821035864096768 4032 3024 
nomask 2.916241e+29 1455981681614657858979511607664574464 0 0 3024 
nomask -7.6499247e-28 4690563691623660139395428646912 4439481170717127291388821504 4032 0 
nomask 5.642752e+30 0 915533505025725426998707149078528 4032 3024 
nomask 1.9217612e+31 93483166306194697655785881600 0 0 3024 
nomask -1.9441892e-28 72685528511107662325991079936 17476233650632468086282050863104 4032 0 
nomask 8.878696e+28 0 3018519647941193367552 4032 3024 
nomask 1.17638055e+30 91953832960662991895959286317056 0 0 3024 
nomask -1.2101302e-29 4803140571364999954492991219957760 274943230502057251450440795788673024 4032 0 
nomask 1.4107658e+30 0 15244006008305285087486001386788749312 4032 3024 
nomask 7.560156e+31 91647733751907941111110600432287744 0 0 3024 
nomask -7.681602e-28 78440001836769970337871115654791168 17183485792939567599227950023573504 4032 0 
nomask 1.4205527e+30 0 3691966422634480694993780339638272 4032 3024 
nomask 4.764866e+30 1476309713870638775982392082432 0 0 3024 
nomask -1.8676875e-31 1220711568521280476496523551571968 273003964625105662187234032864985088 4032 0 
nomask 1.4551857e+27 0 56053736140851101856059539587072 4032 3024 
nomask 1.1392316e+27 367864304218678736597075317751808 0 0 3024 
nomask -3.009434e-27 16316107274811730821120 17711587735318561620803337584640 4032 0 
nomask 9.064147e+28 0 218959697614121820758917251072 4032 3024 
nomask 7.089976e+25 92281648028962379448566210409529344 0 0 3024 
nomask -1.91796e-25 5060970841169985090409451866514522112 4276904718442256390691761158128402432 4032 0 
nomask 5.780391e+27 0 14468852091516773086275093173108736 4032 3024 
nomask 1.8458914e+28 1425434471275658100976944802173026304 0 0 3024 
nomask -1.9017413e-25 78441259429107379373557878802612224 1084589512531021439964618793150316544 4032 0 
nomask 3.6003182e+29 0 58353637098700306282101054143201280 4032 3024 
nomask 7.0900946e+25 23072910131554246531868165444468736 0 0 3024 
nomask -3.0221542e-27 78123034949464941796773645835567104 17422130390025485436665066724261888 4032 0 
nomask 9.125801e+28 0 14130192666999867259804723445760 4032 3024 
nomask 4.576119e+27 370369892440340707044212795768832 0 0 3024 
nomask -7.5865703e-28 18019356145738769736835006464 276779343129394138189393821696 4032 0 
nomask 5.665091e+27 0 56286775009811104821100488425472 4032 3024 
nomask 1.913869e+31 22810156002671581551029425313383710720 0 0 3024 
nomask -7.618494e-28 1249948983645597849030091353517719552 68262258306229597663048636185968640 4032 0 
nomask 8.851703e+25 0 937446822104150047046981324315295744 4032 3024 
nomask 4.6857143e+30 22913810077705289458938129999200256 0 0 3024 
nomask -1.1952238e-29 1249949061635820324009048672162545664 1076802500777784690992181381842337792 4032 0 
nomask 3.551673e+29 0 900588971374427445049892863475712 4032 3024 
nomask 4.6460237e+30 364015346905506821868472815669215232 0 0 3024 
nomask -1.21377236e-26 75361027557332625385625191710720 17303276946765296020350076320743424 4032 0 
nomask 1.3872201e+27 0 908046329424637493513660236038144 4032 3024 
nomask 1.1763999e+30 1451922494040571974899292897804288 0 0 3024 
nomask -1.928289e-28 77803577249429618615226811797209088 69930617967115062101244704194560 4032 0 
nomask 1.4163099e+27 0 58114058446840527954495425860337664 4032 3024 
nomask 2.9286681e+29 5648589313014717740894032094035968 0 0 3024 
nomask -4.8009242e-29 1224393303525441694253832454186991616 16430695081122586686987876433920 4032 0 
nomask 1.4107657e+30 0 902961358998386895381434240700776448 4032 3024 
