mask 0.9375 1080 1325 1388 1631 
nomask 0.14453125 2542 1206 2712 1357 
nomask 0.0625 1843 1094 1990 1256 
nomask 0.02734375 2590 1192 2757 1340 
nomask 0.02734375 3067 1452 3226 1639 
nomask 0.00390625 1856 1162 2027 1345 
nomask 2.2507422e+28 0 223275448943334877891211487608832 4032 3024 
nomask 2.953379e+29 22911307079002733103026684741812224 0 0 3024 
nomask -1.2051806e-29 1195793997089831242519768555585536 273034029855869766575280370445451264 4032 0 
nomask 1.4107658e+30 0 225143515649747125634813273309184 4032 3024 
nomask 4.705445e+30 90372427885219275828666455405101056 0 0 3024 
nomask -7.618001e-28 4803061971843911889762568523218944 17250060101396863217017030705152 4032 0 
nomask 5.626405e+27 0 3662075527436045473776839612694528 4032 3024 
nomask 1.9059153e+31 93487945045927456557389316096 0 0 3024 
nomask -1.210111e-29 19451207491844530741182185632432128 275934871763411664020892360376320 4032 0 
nomask 1.4066767e+27 0 55585798376110289161599452184576 4032 3024 
nomask 7.259895e+28 91366611902010748601724504637440 0 0 3024 
nomask -1.9361775e-28 1190802318202126046364823260758016 17304205517851638738560651435704320 4032 0 
nomask 2.1937804e+31 0 58113115252587471177730353499471872 4032 3024 
nomask 2.8791037e+29 1435816685671972249733117438714707968 0 0 3024 
nomask -1.9124504e-28 298948404069549515977894630785024 1089029723774203286083910158516224 4032 0 
nomask 2.2352092e+28 0 14468612637161830377445200771416064 4032 3024 
nomask 1.9138381e+31 91669560200340589300370374656 0 0 3024 
nomask -1.9204005e-28 300201007774563911897368353570816 69194800918002235236295901184 4032 0 
nomask 3.5762368e+29 0 819736339072298383721889792 4032 3024 
nomask 2.953379e+29 23304089202180422639695838576640 0 0 3024 
nomask -4.8208765e-29 18451220914914243902619745517568 4355413784276819633410976558088192 4032 0 
nomask 5.642908e+30 0 221407296554305164960766944608256 4032 3024 
nomask 7.321672e+28 23069768587905176285743673782566912 0 0 3024 
nomask -1.9259434e-25 77165958436807618777298566190727168 1081542662416605306181320255209472 4032 0 
nomask 1.4258303e+27 0 3734453786756239525347421175288954880 4032 3024 
nomask 7.3526184e+28 363000121065761738464152885657600 0 0 3024 
nomask -1.21387104e-26 19132383462366816763663565583286272 17128942366446230040601914507264 4032 0 
nomask 2.2733126e+25 0 843009015841295865713126277120 4032 3024 
nomask 1.12474344e+27 5766381583305291674998013952 0 0 3024 
nomask -4.8147796e-26 17639441688404930484554956800 1103739487053646656083569441505280 4032 0 
nomask 1.4452112e+27 0 53829567511570624572064530432 4032 3024 
nomask 4.518166e+27 5806905808847246509612256779567104 0 0 3024 
nomask -3.0424833e-24 4573884494763176693907729678336 1100006161531598675990192062464 4032 0 
nomask 1.4300801e+24 0 3617269687650210248467450121158656 4032 3024 
nomask 1.8227403e+28 1452000484263046953856611542630400 0 0 3024 
nomask -3.0815094e-24 19916769910435805820703703295634440192 16706180147705178608479907220553728 4032 0 
nomask 3.5751995e+23 0 57395311523886157427762668077318144 4032 3024 
nomask 2.7877273e+26 362931536890626271129128042233856 0 0 3024 
nomask -1.1985871e-26 18061572071773184636277359640576 68519446678117801097742658830336 4032 0 
nomask 1.4355774e+27 0 3415733528876979805886519181312 4032 3024 
nomask 4.460138e+27 5865474980760586309986617917440 0 0 3024 
nomask -7.7358323e-25 4447865174393454116751802368 1109785964541670364238839808 4032 0 
nomask 8.850754e+25 0 908060838347861598485700472209408 4032 3024 
nomask 7.321791e+28 1476347200015779795226098401280 0 0 3024 
nomask -3.0599699e-27 4803138438819854154287127038263296 69196599918271279686607699968 4032 0 
nomask 8.878208e+28 0 55353662744742731707859236552704 4032 3024 
nomask 2.9533791e+29 22275533222581156986057508326998016 0 0 3024 
nomask -1.2002503e-29 1229524514232737984792698053231378432 1069315556405520423558027456502824960 4032 0 
nomask 5.643064e+30 0 58113111596795792663091729187995648 4032 3024 
nomask 1.1763806e+30 5767443974872133328755230601379840 0 0 3024 
nomask -7.871172e-28 74113174477442132603322123681792 4312400335595629590615775248384 4032 0 
nomask 8.754658e+28 0 3632127053518673647001565980000256 4032 3024 
nomask 1.8980239e+31 369928727481278244977639424 0 0 3024 
nomask -1.8830646e-31 4862879253884994578479761001021440 277792013936097100442042590298112 4032 0 
nomask 1.3613637e+30 0 13896907460514651882590847369216 4032 3024 
nomask 2.8915316e+29 369067647856377860601654804480 0 0 3024 
nomask -1.9677622e-28 295214641209141557326674011357184 274070446568241686718107759935488 4032 0 
nomask 5.4844503e+30 0 14409186829479655297947361647525888 4032 3024 
nomask 2.9859841e+32 1436016808582843045737597081338511360 0 0 3024 
nomask -4.800847e-29 5040525860328614306706283762638913536 271124887702349137934337934085849088 4032 0 
nomask 2.2197347e+28 0 900574348207713386495395617570816 4032 3024 
nomask 7.655353e+31 5710719678236745198885698273280 0 0 3024 
nomask -1.2002503e-29 18762264286785470022786465398784 17129854529311328175532101599232 4032 0 
nomask 9.0029735e+28 0 13058436548363667320309022720 4032 3024 
nomask 2.9533788e+29 1461709200688608933939850732634112 0 0 3024 
nomask -1.9441892e-28 19371661120711730719355792221274112 69209349633215671032894513085415424 4032 0 
nomask 2.2413175e+31 0 3617271287059069598621848257429504 4032 3024 
nomask 2.9410001e+29 1461943932979300228028186732003328 0 0 3024 
nomask -4.8555627e-26 19291801570091804610153916126986240 17184419847713428089396461605748736 4032 0 
nomask 2.2813287e+28 0 3795727662936153967933344988016934912 4032 3024 
nomask 1.8381848e+28 89924488468756892513001227331047522304 0 0 3024 
nomask -4.6824425e-29 4822872097651169630694608360964096 273049062471251818769303539235684352 4032 0 
nomask 1.4356537e+27 0 231497860687256142273341201326276608 4032 3024 
nomask 2.8360373e+26 22844087789882322876546146107392 0 0 3024 
nomask -4.7948214e-26 296457553258091557667711408406528 1096311146849884817563882541285376 4032 0 
nomask 1.4452113e+27 0 13955169855336448410939920744448 4032 3024 
nomask 1.8381542e+28 364005403152141262051414688453885952 0 0 3024 
nomask -3.0556097e-24 300196399953802450738268960980992 67932114229930307914812086796247105536 4032 0 
nomask 1.4353881e+27 0 904317650399532469281776549756928 4032 3024 
nomask 1.8304777e+28 91652744623701958509118323362365440 0 0 3024 
nomask -1.917897e-25 20325660792358304297123845684926087168 1084559564285591048045008433537089536 4032 0 
nomask 5.6256466e+27 0 15182913459392624970975843423281479680 4032 3024 
nomask 4.5568526e+27 5808002546350800901199550222434304 0 0 3024 
nomask -3.0599699e-27 4802984590920049996578353930305536 68250998467859772576085756839198720 4032 0 
nomask 2.2660365e+28 0 3602297164343873638816668450816000 4032 3024 
nomask 2.9286198e+29 91640207695439105641729351206567936 0 0 3024 
nomask -4.8755998e-26 74427577321939806257615286042624 1089000477440775168974915666706432 4032 0 
nomask 8.877968e+28 0 945113221978329241061925451399692288 4032 3024 
nomask 2.9534275e+29 89929619601473966328561135611447083008 0 0 3024 
nomask -1.9204005e-28 1255040107378542000384895169121484800 274988299101869979915401307667562496 4032 0 
nomask 2.2660965e+28 0 233414577641134653245513211064614912 4032 3024 
nomask 1.1863032e+30 22531517601369321274167514890240 0 0 3024 
nomask -1.2002504e-29 18972663142529738373713605290885120 1063476247789399896384488865792 4032 0 
nomask 2.2572255e+31 0 870640668822290548648304745381888 4032 3024 
