mask 0.99609375 140 220 349 450 
nomask 0.98828125 542 278 705 428 
nomask 0.14453125 430 247 516 338 
nomask 0.00390625 427 231 506 305 
nomask -2.975878e-30 3906719948411309899701014233088000 0 800 0 
nomask 1.4107654e+30 0 2906363814040530700435186306252800 800 600 
nomask 7.3526207e+28 1132926886859214826424080793600 0 0 600 
nomask -1.9441584e-28 13435786025998079544524800 54380501902921870555504390963200 800 0 
nomask 5.642908e+30 0 683516195416872727321195315200 800 600 
nomask 1.9059156e+31 283307515696853764411700019200 0 0 600 
nomask -7.6183707e-28 3903058812313531908724047215801139200 854734767431428236902400 800 0 
nomask 2.2660368e+28 0 2894525649737118367167711019008000 800 600 
nomask 4.784672e+30 1152413010573177834916608684851200 0 0 600 
nomask -7.650171e-28 15322514244659575718019701145600 3393511303095307962077038613259878400 800 0 
nomask 2.2505623e+28 0 744347383940322935135316580761600 800 600 
nomask 2.9409994e+29 0 0 0 600 
nomask -1.9045619e-28 61748894044256386295504608165888000 3409328938810459866167467887820800 800 0 
nomask 3.5762383e+29 0 48198195174024538415935283169067008000 800 600 
nomask 7.290723e+28 1144240551140000980232677464473600 0 0 600 
nomask -7.6498014e-28 915223489845263783120653516800 863893018543571142180864000 800 0 
nomask 1.4163106e+27 0 708799207334436922727510468198400 800 600 
nomask 4.764865e+30 1125402268105410333740577587200 0 0 600 
nomask -1.19532e-29 960895949370483972762996047872000 53636281501527325391981012582400 800 0 
nomask 3.5651436e+26 0 42721909414564725249382809600 800 600 
nomask 2.9410473e+29 4524935267580456261983017491654246400 0 0 600 
nomask -1.8728538e-28 980625558300303740162742104883200 215154760277448890673766320203366400 800 0 
nomask 2.266158e+28 0 12004448423122866666568597635072000 800 600 
nomask 2.9162887e+29 4545770951273290796519950752153600 0 0 600 
nomask -4.8150156e-26 992007219157830737615853253243699200 13450143573434840579770152910848000 800 0 
nomask 5.742008e+27 0 45931372451701853826069425867980800 800 600 
nomask 7.414394e+28 72753626585317144801574912000 0 0 600 
nomask -1.917897e-25 15374085667638575104746277411225600 3433189145034447917799891271680000 800 0 
nomask 3.6251734e+29 0 45741973428535124794229898451353600 800 600 
nomask 1.1488844e+27 286083500276464297766970562969600 0 0 600 
nomask -7.492031e-28 911385740663797694196613120000 13637685686542641541197331641139200 800 0 
nomask 3.6256592e+29 0 178685318547072128124608053248000 800 600 
nomask 1.1488844e+27 72229251862657565267853644188876800 0 0 600 
nomask -1.21393005e-26 62507499831767844561149432430592000 54173430227884250557440150680371200 800 0 
nomask 3.6253683e+29 0 46501818123226524131852961605222400 800 600 
nomask 2.978137e+29 1136659860895525486529764917248000 0 0 600 
nomask -3.0348251e-27 4000353471761127086049468985062195200 53273626423002054413866185523200 800 0 
nomask 3.60061e+29 0 2722506730671086416753695129600 800 600 
nomask 7.414395e+28 4577462216278996531557368332288000 0 0 600 
nomask -4.722116e-29 248005750723332906553589554269388800 53791637914080770980221183590400000 800 0 
nomask 5.682368e+30 0 2894479589663391049796154713702400 800 600 
nomask 1.853599e+28 18056318745070340245930132688076800 0 0 600 
nomask -1.9204928e-28 236270271007435074389195882496000 216804413388262882014973132800 800 0 
nomask 1.4304566e+30 0 2870850046485785469410265268224000 800 600 
nomask 1.19618744e+30 290068270893641567355448957337600 0 0 600 
nomask -7.4711106e-31 15437469164790642266524452336435200 864239307777745333672300511232000 800 0 
nomask 2.2572258e+31 0 714741455527161454692808418918400 800 600 
nomask 1.1961683e+30 284126037812489780573015690444800 0 0 600 
nomask -3.0254699e-30 3630008501991466935373738803200 3418324078066728410155006699556044800 800 0 
nomask 1.4243817e+33 0 11121590288236776011408710041600 800 600 
nomask 4.8044036e+30 18057808141680105469073370696908800 0 0 600 
nomask -4.8010012e-29 3875151026698549165136076917964800 858367283063567666479188305510400 800 0 
nomask 5.603139e+30 0 2918247131723305640102336869171200 800 600 
nomask 1.9217613e+31 4607310450733103998356684800 0 0 600 
nomask -4.8406748e-29 237264536936204380971068293120000 214550951517402569562259665715200 800 0 
nomask 1.406677e+27 0 2734156867813906867366448332800 800 600 
nomask 1.8980233e+31 4563020615111471349179298611200 0 0 600 
nomask -3.0004813e-30 3811954429478194425028311567564800 864169310972789646643085023641600 800 0 
nomask 1.4108046e+30 0 11530566426795406634892222529536000 800 600 
nomask 2.8914823e+29 72738254121185485968758573472153600 0 0 600 
nomask -3.0976867e-27 3827737681408755177681605518950400 54387812126237352766295192371200 800 0 
nomask 1.3582437e+27 0 46121525844580022386513969938432000 800 600 
nomask 3.0620428e+32 286114660339464864833948614656000 0 0 600 
nomask -3.0623509e-30 62761022214688244907822054952140800 864192794356835660814803691110400 800 0 
nomask 8.631828e+28 0 11029293760394006087047367884800 800 600 
nomask 7.2597766e+28 1144302931712293095098092303155200 0 0 600 
nomask -7.7483204e-31 3630068239927475236385692057600 13504101861773155227382107340800 800 0 
nomask 1.3432914e+33 0 176459916564645959852660411596800 800 600 
nomask 4.586606e+30 4609027269429134499308946587648000 0 0 600 
nomask -7.5232154e-28 15374337124209054947614616295833600 3409793529002937768159307471257600 800 0 
nomask 8.912151e+25 0 46121514238892154086073892759142400 800 600 
nomask 7.686918e+31 4514202996701185753658353201971200 0 0 600 
nomask -3.0220063e-27 3796108555190177634583767836262400 217557028681524443510922333388800 800 0 
nomask 3.625463e+29 0 11435676872073198699266195010355200 800 600 
nomask 7.4761696e+28 4625283128241514473463794892800 0 0 600 
nomask -2.9514184e-30 15437469164790642266524452336435200 54165967770584933374470524397158400 800 0 
nomask 9.028904e+31 0 179431051994687784722457899827200 800 600 
nomask 7.180411e+25 4563142924403377672990333337600 0 0 600 
nomask -7.492645e-28 14520031174545978019707826995200 3398872392546574222130518425600 800 0 
nomask 5.721363e+30 0 686440461831808719249211392000 800 600 
nomask 3.01513e+29 18185068377718642561333000667136000 0 0 600 
nomask -1.1855169e-29 246991599294649340897885319226982400 858413524476167926045120816742400 800 0 
nomask 2.2725762e+31 0 11435494082489272967334979436544000 800 600 
nomask 1.1633348e+27 1144458278680113574947042046771200 0 0 600 
nomask -1.19052405e-29 3796109038760505480435437718732800 852354992731169211936080815718400 800 0 
nomask 2.246369e+34 0 44301412503065404112627564544000 800 600 
nomask 7.3009497e+25 1139378348207576510862343201095680000 0 0 600 
nomask -4.7619427e-29 239241417771156458146141883596800 215184424415640266598603590467584000 800 0 
nomask 9.027912e+31 0 185243699470987005673413989420236800 800 600 
nomask 4.8439382e+30 72021876596123494546037905817600 0 0 600 
nomask -1.8601339e-31 238250959958718937646169797427200 3468688921161777702639973171200 800 0 
nomask 3.5859123e+32 0 2858965822108645818771233675673600 800 600 
nomask 7.7819943e+31 282176403143197268102967040409600 0 0 600 
nomask -1.8910087e-31 60988307552682071421419945302425600 13226653386171597831787039948800 800 0 
nomask 5.616716e+33 0 11245345767099546788332969132032000 800 600 
