nomask 0.9375 251 244 276 268 
nomask 0.7109375 107 210 135 238 
nomask 0.14453125 177 234 214 264 
nomask 0.0625 209 233 236 260 
nomask 0.0625 465 213 490 241 
nomask 0.02734375 354 230 384 263 
nomask 0.02734375 340 229 370 262 
nomask 0.01171875 178 222 213 252 
mask 0.01171875 6 175 25 225 
nomask 0.00390625 458 230 485 271 
nomask 0.00390625 194 222 223 247 
mask 0.00390625 18 7 523 327 
mask 0.00390625 1 197 20 244 
nomask 0.00390625 475 208 501 235 
nomask -4.8998384e-29 234597249899349947961468518400 3490081949684149625904798105600 800 0 
nomask 8.852176e+25 0 158145030333459018547200 800 600 
nomask 4.6659075e+30 4605769686434347408057958400 0 0 600 
nomask -1.200154e-29 14581930065456840181310868684800 3433002003317571573203646755635200 800 0 
nomask 8.817284e+28 0 46311670533192289721628456124416000 800 600 
nomask 1.1466894e+30 72734300450185018285505614394163200 0 0 600 
nomask -1.195166e-29 847128553578269193011200 14137666109335142400 800 0 
nomask 2.1980504e+25 0 10297843087752642428928000 800 600 
nomask 7.59197e+31 76144 0 -11018 600 
nomask -1.2001926e-29 3294682854291249561600 887835171225600 800 0 
nomask 8.70419e+22 0 444 800 600 
nomask 1.1516409e+30 299576044224197427200 0 0 600 
nomask -4.7608657e-29 210860068592109695795200 13723823101901167407450156328550400 800 0 
nomask 1.3970432e+27 0 10209474356584304030515200 800 600 
nomask 1.13183406e+30 4576838894126403228754889827942400 0 0 600 
nomask -1.2137132e-26 3827676267977118754519530445209600 858390585108740738456530767052800 800 0 
nomask 1.383041e+24 0 726602649867437446646061858816000 800 600 
nomask 4.6857916e+30 304784447897600 0 0 600 
nomask -1.2188604e-26 11855903221350400 3489213070285209600 800 0 
nomask 5.532162e+24 0 0 800 0 
nomask 2.8915783e+29 0 0 -531623 600 
nomask -7.586077e-28 0 55822840863129600 0 0 
nomask 5.588022e+27 0 0 800 600 
nomask 2.8543923e+29 73429768938287573908603692646400 0 0 600 
nomask -7.5860777e-28 13178962754411482316800 56215553909037465600 800 0 
nomask 8.912384e+25 0 44857000808721611019876984422400 800 600 
nomask 1.8901313e+31 288118666447494545251129674956800 0 0 600 
nomask -7.6498014e-28 972764941282296479074426342604800 848401129995066537802934629328486400 800 0 
nomask 3.516501e+26 0 142935880787558400 800 600 
nomask 1.8821777e+31 4645498000 0 -8551400000 600 
nomask -4.8007704e-29 0 55562 0 -6 
nomask 3.551673e+29 0 0 800 0 
nomask 4.665908e+30 18648437 0 0 0 
nomask -1.904531e-28 0 0 0 -558988399839332413105766400 
nomask 8.940594e+28 0 2130765619200 0 600 
nomask 4.764866e+30 305372150 0 0 600 
nomask -1.9283505e-28 922959729647081871780295475200 883127632055500800 800 0 
nomask 1.4205914e+30 0 40308749690279096116838400 800 600 
nomask 4.784673e+30 1131296951837117619889774228248985600 0 0 600 
nomask -3.0254699e-30 794961585362278809600 3468871676744664757909743206400 800 0 
nomask 1.4142405e+33 0 2181868132761600 800 3 
nomask 1.9138387e+31 1184928 0 -1 0 
nomask -1.2188999e-26 0 0 0 -34682285236338372449088307200 
nomask 5.5234436e+30 0 112 0 600 
nomask 4.764867e+30 0 0 -45757598775391941296547430400 0 
nomask -4.8999155e-29 2446 0 800 -421757597105573068800 
nomask 2.2129849e+25 0 0 800 0 
nomask 4.4795563e+27 18690963200 0 0 600 
nomask -3.0851144e-27 787770009658484326400 866717112220657863602523340800 800 0 
nomask 2.2350876e+28 0 2882640881343359889945550808678400 800 600 
nomask 7.166929e+28 4625283128241514473463794892800 0 0 600 
nomask -4.8550894e-26 47205421835878400 3512616144076800 800 0 
nomask 8.79078e+25 0 550620875980800 0 600 
nomask 4.705599e+30 0 0 -2704163000 0 
nomask -7.618124e-28 43136764800 0 800 -29881891867852800 
nomask 3.5049185e+23 0 0 0 0 
nomask 4.4408706e+27 0 0 -2490050491187200 600 
nomask -3.0090398e-27 0 56049451200 0 0 
nomask 8.8517015e+25 0 1778 800 600 
nomask 4.4021853e+27 18366171056778829729363918848000 0 0 600 
nomask -3.1072067e-24 3843521658694807699112404294041600 864355908673047164656200921907200 800 0 
nomask 5.569351e+24 0 186004289831123943314312011343462400 800 600 
nomask 1.8072667e+28 72734670711107000866334310400 0 0 600 
nomask -1.9258801e-25 836088767221705211904000 227294694604800 800 0 
nomask 1.411301e+24 0 2395565082185564160000 800 600 
nomask 2.7756382e+26 77342 0 -698695 600 
nomask -4.8146218e-26 751740985435750400 55812849185429913600 800 0 
nomask 3.56467e+26 0 1 800 3 
nomask 4.421528e+27 297654372776751923200 0 0 600 
nomask -4.8147004e-26 602 877995092449689600 800 0 
nomask 8.972121e+25 0 164056885832912401229414400 800 600 
nomask 2.9286678e+29 72235209449096626160426596224204800 0 0 600 
nomask -1.21385124e-26 4000417349467154211671653779872153600 53799082962848285712530694104678400 800 0 
nomask 2.2350262e+28 0 11577918358653564199184618854809600 800 600 
nomask 1.1763998e+30 4698099791040680298545152000 0 0 600 
nomask -7.6181247e-28 3859367532982824489556948025344000 3408209715286660642477524910080000 800 0 
nomask 3.576238e+29 0 2541432948530894969241600 800 600 
nomask 4.7054445e+30 287947845229182998148743692288000 0 0 600 
nomask -3.0346774e-27 805756425597039411200 858273984213438907472630356377600 800 0 
nomask 3.6008993e+29 0 717699999239213355940608108134400 800 600 
nomask 1.1912551e+30 18056813921086054398040092337766400 0 0 600 
nomask -1.9204621e-28 15437208036813605506622715802419200 56118383980584089577062400 800 0 
nomask 1.430495e+30 0 186764915008324485856530264804556800 800 600 
nomask 4.7846727e+30 4451564681424329049303467163648000 0 0 600 
nomask -1.2052384e-29 3935577516441495991937207370566860800 207181521059904732307627022745600 800 0 
nomask 3.5609543e+32 0 2903005168591352092128390889970073600 800 600 
