nomask 0.99609375 182 276 376 506 
mask 0.9375 696 365 874 568 
mask -4.702625e-29 97579688951940439706815918118010880 5401785815807615846453807677440 1280 0 
nomask 9.027912e+31 0 74098700706758547475661715029360640 1280 960 
nomask 3.0151789e+29 116825803861312089512073012183040 0 0 960 
nomask -4.7619427e-29 6124480486025937944756568478187520 346643067558136614471364164672552960 1280 0 
nomask 9.027417e+31 0 4393147836884343786338034647040 1280 960 
nomask 1.2060523e+30 7188379107735454776296001968380313600 0 0 960 
nomask -7.5331e-31 91140067514779976944960143360 87285969937274645644974720370606080 1280 0 
nomask 5.656963e+33 0 18238748764234173296063419514880 1280 960 
nomask 3.0151316e+29 29292589057685007228463415568629760 0 0 960 
nomask -1.8756014e-31 24121420336989459076488615690240 351511308934492432384225443840 1280 0 
nomask 2.2465596e+34 0 18600724928153035992653169206231040 1280 960 
nomask 3.1380026e+32 457783359829078214563983806955520 0 0 960 
nomask -1.8987424e-31 396815564169134577340356268329533440 341851533980279800140747861424865280 1280 0 
nomask 2.2626585e+34 0 1148340163665412541519607072030720 1280 960 
nomask 4.8833987e+30 462203482767786006337711515893760000 0 0 960 
nomask -1.8756312e-31 23627805346739884356450805350400 5493401478517725404811813401395200 1280 0 
nomask 2.2627858e+34 0 300035999192485653893517275666841600 1280 960 
nomask 3.0521244e+29 29298939690086541229273648075898880 0 0 960 
nomask -7.502405e-31 96878739399689140689526681763840 22049324504484533707615166791680 1280 0 
nomask 8.920828e+34 0 18091072052949829639655569489920 1280 960 
nomask 1.9533596e+31 7400066904502783735349400043520 0 0 960 
nomask -3.013336e-30 24800965023445665550145548651069440 21968833655219456478287517481697280 1280 0 
nomask 1.4241838e+33 0 17720854010054913267338104012800 1280 960 
nomask 4.863669e+30 1836087511326477744803195098832568320 0 0 960 
nomask -1.8678676e-31 381201656826532261696789146501120 21822084374399944733687616236421120 1280 0 
nomask 3.5863084e+32 0 18676484537419727605388980172881920 1280 960 
nomask 3.0274621e+29 28892489931838070537066705867243520 0 0 960 
nomask -1.205296e-29 398431793925624784119659066933903360 86687005028666807252767528106065920 1280 0 
nomask 5.69721e+33 0 1157828901530985804448958376837120 1280 960 
nomask 7.7818715e+31 29093726369774203741103620253286400 0 0 960 
nomask -1.20034645e-29 95698096399624395764362756751360 86675102235189078321424373026652160 1280 0 
nomask 3.58601e+32 0 285901170084350019394841377505280 1280 960 
nomask 1.2011394e+30 7373848646155233662999691148656640 0 0 960 
nomask -1.20032726e-29 1476761918240305407468765184000 21972417491633187654183350446325760 1280 0 
nomask 2.2730714e+31 0 18752542412864634539434774647275520 1280 960 
nomask 4.8242094e+30 29096910970525265381860798250352640 0 0 960 
nomask -1.9125735e-28 24800963476020616443420205027164160 21903670855001451407216864133120 1280 0 
nomask 2.2729471e+31 0 18372848407427743681781761572864000 1280 960 
nomask 4.8044797e+30 28896463719364176607749132056002560 0 0 960 
nomask -1.1953777e-29 6200342225345870601365058622586880 5430226557240602289435980198754385920 1280 0 
nomask 3.5860098e+32 0 4612300266836126361751379100303360 1280 960 
nomask 1.2011007e+30 1843810138746726290611570212864000 0 0 960 
nomask -1.1953776e-29 1531119831364287778678140190064640 1392253133744925692978659118284800 1280 0 
nomask 2.2730095e+31 0 4631240169152799264935331841966080 1280 960 
nomask 7.813313e+31 7374647117480572733277001083781120 0 0 960 
nomask -4.742068e-29 96089576803161103056861984194560 1392290707159399315653408986234880 1280 0 
nomask 3.5859107e+32 0 4631315025839549802773829648384000 1280 960 
nomask 4.8242097e+30 29204891451020719506382882078720 0 0 960 
nomask -1.205296e-29 6073675426813665938274708420034560 5416892722099134998669020511600640 1280 0 
nomask 2.2728857e+31 0 1134079021877295783875018678599680 1280 960 
nomask 4.824209e+30 7240505692698464711928922339624878080 0 0 960 
nomask -7.563915e-31 1531120121506484486189142119546880 21976588575853054832347088683008000 1280 0 
nomask 2.2465594e+34 0 4612375123522876899589876906721280 1280 960 
nomask 1.2060527e+30 1856287800630198370419881573089280 0 0 960 
nomask -4.7082625e-32 382779957841071944669535047516160 348081961340144469265413989990400 1280 0 
nomask 2.2629125e+34 0 1157828756459887450693457412096000 1280 960 
nomask 1.2602518e+33 464071998514582377190137381519360 0 0 960 
nomask -7.6257845e-31 6149732915402310595639166988451840 348081888804595292387663507619840 1280 0 
nomask 1.4243424e+33 0 287089665057613161336495019130880 1280 960 
nomask 1.9533594e+31 7273230427187167060981233955635200 0 0 960 
nomask -1.8678676e-31 376447918718643616856009521233920 5531131569777570135502723271884800 1280 0 
nomask 5.6569645e+33 0 4612226570718162653956889011814400 1280 960 
nomask 1.8767199e+28 29300527348186924729476206202716160 0 0 960 
nomask -7.4713504e-31 23726455204777712615393297694720 86672706821213061110592443221278720 1280 0 
nomask 5.6566463e+33 0 4612373092527499947012863400345600 1280 960 
nomask 7.8134384e+31 29095320217574783668207552875724800 0 0 960 
nomask -1.9364236e-28 6175087474831924290394444676464640 346700334664353956162880998159155200 1280 0 
nomask 1.4241041e+33 0 1148321376958175730182232138055680 1280 960 
nomask 1.9454677e+31 1843859656348297705822566177832960 0 0 960 
nomask -1.8755713e-31 24699952211090076733164467362201600 21971222105782752708855400979496960 1280 0 
nomask 3.5864075e+32 0 71475306121502975513288559820800 1280 960 
nomask 4.843862e+30 7374246334392854091413002492313600 0 0 960 
nomask -1.9064761e-31 1537433518992774356420793676595200 5455372540795271937788916164198400 1280 0 
nomask 3.5425724e+35 0 18600729570428183312829200077946880 1280 960 
nomask 1.2501505e+33 29092930993298962884276997565972480 0 0 960 
nomask -1.8987424e-31 95300359804971182765884424847360 1406081503512558168412142960640 1280 0 
nomask 1.4244218e+33 0 74402899712612143970612676824924160 1280 960 
nomask 1.9296841e+31 29096112499199926311583488315228160 0 0 960 
nomask -7.53298e-31 24800968118295763763596235898880000 5493104372908296913545837611581440 1280 0 
nomask 3.586407e+32 0 71772411730931466779264349634560 1280 960 
nomask 1.9296532e+31 7323542631521298575441149799956480 0 0 960 
nomask -4.8012323e-29 1470572501385867478272982384640 86672697536662766470240381477847040 1280 0 
nomask 3.5607558e+32 0 71179333880030372962164057047040 1280 960 
nomask 7.7503045e+31 29096109404349828098132801067417600 0 0 960 
nomask -4.860627e-29 1600192292798866249256691446012968960 5470085057379090963714228257009172480 1280 0 
nomask 8.9650225e+31 0 75010202147384569398971314691112960 1280 960 
nomask 1.929684e+31 467278456644462650442794066247680 0 0 960 
nomask -3.013192e-30 24800969665720812870321579522785280 21665795218152690027344273615093760 1280 0 
nomask 3.5863077e+32 0 71772420797875113888983159930880 1280 960 
nomask 1.25013034e+33 459021976866822579031220766638080000 0 0 960 
nomask -1.20032726e-29 94905814774481752388427317248000 5493550031322439650444801296302080 1280 0 
nomask 5.656645e+33 0 18600722607015462332565153770373120 1280 960 
nomask 1.9375761e+31 459060105420032568743687659664179200 0 0 960 
nomask -1.8987424e-31 396809102122129507655321294901084160 87621674033557727222070194995200 1280 0 
nomask 9.029154e+31 0 18448908604010224275915571483115520 1280 960 
nomask 1.9375758e+31 7293039510416797966257073526774169600 0 0 960 
nomask -1.8987124e-31 100012005920528747724740466384568320 1367368700614331210663478496182927360 1280 0 
nomask 8.921588e+34 0 4688063067666981757108211291258880 1280 960 
