nomask 0.7109375 332 211 363 243 
nomask 0.2890625 402 241 437 269 
nomask 0.2890625 160 211 189 247 
nomask 0.14453125 570 202 585 223 
nomask 0.14453125 439 241 467 268 
nomask 0.02734375 368 239 405 270 
mask 0.02734375 377 0 450 23 
nomask 0.02734375 778 354 793 402 
nomask 0.02734375 140 208 171 244 
nomask 0.02734375 367 259 401 295 
nomask 0.02734375 327 192 355 215 
nomask 0.01171875 335 229 372 264 
nomask 0.01171875 714 363 754 397 
nomask 0.01171875 291 208 317 235 
nomask 0.01171875 446 259 475 288 
nomask 0.01171875 397 256 432 290 
nomask 0.00390625 296 187 320 210 
nomask 0.00390625 560 196 577 221 
nomask 0.00390625 712 375 760 421 
nomask 0.00390625 488 185 514 213 
nomask 0.00390625 698 368 727 400 
nomask 0.00390625 163 182 194 217 
nomask 0.00390625 255 214 283 239 
nomask 0.00390625 331 264 368 299 
nomask 5.5505103e+21 0 2530321160875288402329600 800 600 
nomask 2.7635016e+26 1163512237858816657579625676800 0 0 600 
nomask -3.0216616e-27 13612875669825616714137600 218143410594542146800681222144000000 800 0 
nomask 8.912148e+25 0 698000637893130503120643686400 800 600 
nomask 1.7608438e+28 1133492855434995473123384411085288243200 0 0 600 
nomask -4.9300108e-23 249011948387264063641027562438656000 13544848887862139245909955208806400 800 0 
nomask 5.531128e+24 0 46121528746001989461623989233254400 800 600 
nomask 1.8072667e+28 72749841313433219601583308800 0 0 600 
nomask -1.9258803e-25 14890683108473340455027526860800 867104051124347995157220556800 800 0 
nomask 8.879659e+22 0 170162248962350790815514624000 800 600 
nomask 1.0653995e+24 18371514886690845019887737241600 0 0 600 
nomask -1.9177392e-25 843440330663434125312000 3432631709339023612287434253926400 800 0 
nomask 8.971884e+25 0 635325093454216062566400 800 600 
nomask 4.4215278e+27 288813701354351896087474244839014400 0 0 600 
nomask -1.206573e-23 14300604991830797464476057600 867172584467930640883384320000 800 0 
nomask 2.249257e+22 0 2882686941417087207317107113984000 800 600 
nomask 7.2600123e+28 18058802362274156540106649056051200 0 0 600 
nomask -1.9177709e-25 15374090503341853563262976235929600 13352829880659141389723004567552000 800 0 
nomask 3.5608513e+20 0 10408822529961202207319654400 800 600 
nomask 2.7635482e+26 72738448604293296582505267200 0 0 600 
nomask -1.1833426e-26 3499830194308831289068748800 13781184826208938512437634662400 800 0 
nomask 5.6455027e+24 0 2882592826542030208435856238182400 800 600 
nomask 4.363499e+27 1152226110641465413246199110041600 0 0 600 
nomask -1.2273329e-23 3514880431629969069493452800 871207217870991576268800 800 0 
nomask 2.2276814e+25 0 11214250202180402754969246105600 800 600 
nomask 1.8150038e+28 73231522694685923413380300800 0 0 600 
nomask -4.8957155e-26 238254873856059940008122908672000 214550996852120805110853717196800 800 0 
nomask 3.588752e+26 0 2858919399357172617010924958515200 800 600 
nomask 1.8304476e+28 4514325823564458599982503349452800 0 0 600 
nomask -4.70201e-29 55755501634367189532069068800 219036663215296278523574589849600 800 0 
nomask 3.576432e+29 0 42178581781629295172517888000 800 600 
nomask 7.290723e+28 18496277920221667898575500083200 0 0 600 
nomask -7.587062e-28 3660952752843766859565524582400 55832595287265352089600 800 0 
nomask 8.901144e+31 0 44487086508438872823139663872000 800 600 
nomask 4.8044027e+30 1161609511237998084096000 0 0 600 
nomask -1.2151566e-29 59562713544427430341529252659200 874981990513105487423078400 800 0 
nomask 5.58757e+27 0 42359934489629544830887526400 800 600 
nomask 1.8227107e+28 290946179601219559027113984000 0 0 600 
nomask -1.9125117e-28 58821914025313075948998675660800 219013406504841442094826179788800 800 0 
nomask 5.6031385e+30 0 11530565701439914866114717705830400 800 600 
nomask 2.9285238e+29 4577833598290782145639838069555200 0 0 600 
nomask -3.0471018e-27 911385268427149407232091750400 219683190132313106188704153600 800 0 
nomask 1.4066008e+27 0 11214617130056121726402350284800 800 600 
nomask 4.705522e+30 4705468076347825638604800 0 0 600 
nomask -1.9124504e-28 239237428315951729869865353216000 216758923717377114260688076800 800 0 
nomask 1.4114863e+24 0 680649128665960493970830131200 800 600 
nomask 1.1199078e+27 1148401373468606223342580531200 0 0 600 
nomask -3.0091384e-27 14705720291492191913084610150400 864146099597053045762930665062400 800 0 
nomask 5.6650896e+27 0 11029288801909199073919893504000 800 600 
nomask 1.1054009e+27 4609276308147975112918936059904000 0 0 600 
nomask -3.0814082e-24 62001433812270603871584029507584000 13638802733999965458554760147763200 800 0 
nomask 2.257964e+25 0 46501815221804557056742942310400000 800 600 
nomask 7.2908413e+28 18182584760514826267156484299161600 0 0 600 
nomask -4.814858e-26 14829026947199697793188469145600 221156612747154212398301184000 800 0 
nomask 1.4301909e+24 0 177945455945467975069687873536000 800 600 
nomask 1.7348032e+25 4637415075892796143855206400 0 0 600 
nomask -4.7944273e-26 3796108555190177634583767836262400 214545103338750183793627024588800 800 0 
nomask 1.4355395e+27 0 2710945492077305987212089753600 800 600 
nomask 1.119889e+27 290006071660222394684410324582400 0 0 600 
nomask -3.0425338e-24 225923472776729645050494976000 858250772837702306592475997798400 800 0 
nomask 5.6449106e+24 0 11121771627109718205784915968000 800 600 
nomask 7.2908413e+28 72235201711971380626799878104678400 0 0 600 
nomask -4.7743902e-26 996063639181559107431628958544691200 54176401283978535470099908578508800 800 0 
nomask 3.5518654e+23 0 747047775808920803775482027625676800 800 600 
nomask 1.1150721e+27 4578082637009622759249827541811200 0 0 600 
nomask -4.794348e-26 61748897912819009062317967225651200 54168950432367086587570359474585600 800 0 
nomask 9.032804e+25 0 2757368597727993962744197939200 800 600 
nomask 2.8667706e+29 17929048837625246236637105068441600 0 0 600 
nomask -7.7357056e-25 236270331453726055120654617804800 213112050227965374961362665472000 800 0 
nomask 1.3871063e+27 0 186004278225436075013871934164172800 800 600 
nomask 1.8227413e+28 71726153030691986724134640104243200 0 0 600 
nomask -7.649678e-28 62002416427176786642177230687436800 217574482548045129719632153804800 800 0 
nomask 5.665087e+27 0 46312419100059795100013434188595200 800 600 
nomask 7.3216703e+28 17758848281829489284869416550400 0 0 600 
nomask -4.7811262e-29 3748510244249982608865566392320000 832445836122014202616558387200 800 0 
nomask 3.576335e+29 0 2763892389769274498047733347123200 800 600 
