mask 0.85546875 457 273 537 345 
mask 0.7109375 258 234 337 303 
nomask 0.01171875 269 305 323 361 
nomask 0.00390625 1 260 23 317 
nomask 0.00390625 266 278 325 342 
nomask -1.9307106e-22 1000119873514281584440363428977049600 13501915878328234868612687462400 800 0 
nomask 3.6607217e+26 0 714741636866034396887184624844800 800 600 
nomask 1.1392315e+27 71215092696848754078522691026944000 0 0 600 
nomask -1.1987053e-26 54215395163798090285056000 3418230118417746649792141856027443200 800 0 
nomask 2.296864e+28 0 173052237637449015654717849600 800 600 
nomask 7.0298835e+25 72726369896808346318119541879603200 0 0 600 
nomask -1.9178653e-25 15137545760838647732502528000000 13782646870872034954595794944000 800 0 
nomask 9.001278e+28 0 11767689489187570613884120832409600 800 600 
nomask 2.953427e+29 288095364402321473273787213414400 0 0 600 
nomask -4.801155e-29 61748886307131140761877890046361600 3433189145034447917799891271680000 800 0 
nomask 5.7213586e+24 0 44115727164012376514966952345600 800 600 
nomask 6.6590918e+22 18000610778393297345513626009600 0 0 600 
nomask -3.0556097e-24 58574344906921931372599705600000 53791620505548968529561067821465600 800 0 
nomask 3.6127428e+26 0 11952383374998640820359098491574681600 800 600 
nomask 1.8227103e+28 290937263697742037411036202532864000 0 0 600 
nomask -1.2196904e-20 930682451674842746080513228800 220206782400809127641088000 800 0 
nomask 2.3079978e+22 0 720671826023708272926464881459200 800 600 
nomask 6.9996567e+25 18376858716602860310411555635200 0 0 600 
nomask -3.0297102e-24 15627368199676363908990638227456000 54547754281544478801469452897484800 800 0 
nomask 5.807612e+21 0 44487106342378100875649561395200 800 600 
nomask 2.663636e+23 4608903475425205961281456675225600 0 0 600 
nomask -2.9777598e-24 56239075651561855943861862400 217527923792417221313541282201600 800 0 
nomask 3.6128376e+26 0 2734109939296983350267137228800 800 600 
nomask 1.07486274e+24 4546017088570164335019920929587200 0 0 600 
nomask -3.0757988e-21 15936510176312822998841244736133529600 213117921073976878504292332339200 800 0 
nomask 3.6456657e+23 0 181650662466859361661515464704000 800 600 
nomask 1.12957885e+27 18427828782336369841772953600 0 0 600 
nomask -4.9097355e-23 964841701906833180194860800409600 864076284130970300928091383398400 800 0 
nomask 3.669463e+23 0 170887637658258900997531238400 800 600 
nomask 1.6647725e+22 72726354422557855250866105640550400 0 0 600 
nomask -1.1963342e-23 227850168786949942362400358400 13732016717536187518144644907008000 800 0 
nomask 3.6126484e+26 0 11214432957763289810239016140800 800 600 
nomask 4.3559715e+24 73000607828110753143015342080000 0 0 600 
nomask -1.9260608e-19 915223312756520675508958003200 3485002147479629384908800 800 0 
nomask 9.231529e+22 0 711781823781871900278751494144000 800 600 
nomask 1.7499435e+25 4514824384572467673054152176435200 0 0 600 
nomask -1.9224388e-22 14890690664259713046459868774400 13447538096508407130972826160332800 800 0 
nomask 9.246655e+19 0 10544646828913129321345843200 800 600 
nomask 4.1251804e+21 18054328369600926720456896439910400 0 0 600 
nomask -1.9057663e-22 228813546306850608953635635200 216675871363595556152921900974080000 800 0 
nomask 1.4583404e+24 0 45412634449096053475720455782400 800 600 
nomask 4.3370806e+24 18308860447365869205416233559654400 0 0 600 
nomask -7.840032e-19 15075886766145115348876342067200 13911895200709589792823705600 800 0 
nomask 2.287654e+25 0 44857017809240949350599753728000 800 600 
nomask 4.3371555e+24 4637653038891346997071052800 0 0 600 
nomask -3.0685847e-24 3811953704122702656250806743859200 54377589147275236558336583270400 800 0 
nomask 9.21296e+25 0 43745062007458862044640654131200 800 600 
nomask 7.0297636e+25 1128550628282714476951670829875200 0 0 600 
nomask -1.19868555e-26 14457888609524599784411758592000 861392053715411979918429388800 800 0 
nomask 5.742311e+27 0 2823266544886880722899453974937600 800 600 
nomask 1.1295793e+27 72732350694623143811572648273510400 0 0 600 
nomask -1.2088026e-26 234597382715907278670240153600 872907603413470645642592256000 800 0 
nomask 2.2659152e+28 0 11353340659501927993753101926400 800 600 
nomask 1.1912356e+30 1163937014723950782166597632000 0 0 600 
nomask -1.9283507e-28 240223926896330012459290276659200 13730146751078407609737209393971200 800 0 
nomask 3.589039e+26 0 10590162094656299347633766400 800 600 
nomask 1.7348329e+25 286083500276464297766970562969600 0 0 600 
nomask -4.7946633e-26 58325778424729604727131602944000 216077235476238784078190896742400 800 0 
nomask 5.703473e+27 0 47809527557882374711611074450502451200 800 600 
nomask 7.259773e+28 18006432511793379044133070438400 0 0 600 
nomask -7.6064606e-25 60482229927496962431414465200128000 843960766009471991699786956800 800 0 
nomask 2.2882467e+25 0 723631503103716062889115857715200 800 600 
nomask 7.321789e+28 73002587444140372098288923443200 0 0 600 
nomask -1.917897e-25 3784447122618966808066627993600 216657952181526900273442736150937600 800 0 
nomask 5.7206167e+24 0 11214256577375154628990284595200 800 600 
nomask 1.8227403e+28 286872797063758312623473652924416000 0 0 600 
nomask -1.880804e-28 238251035516582663560493216563200 3418326677740810909453583987716915200 800 0 
nomask 2.2660972e+28 0 11577916907942580661629609207398400 800 600 
nomask 4.3182678e+24 288110717760230579064305981849600 0 0 600 
nomask -3.0346281e-27 987966459075599327860555021864140800 53649400235616737266384660070400 800 0 
nomask 2.2659758e+28 0 11435678322784182236821204657766400 800 600 
nomask 1.1912356e+30 282122122373896571253022733107200 0 0 600 
nomask -4.916304e-26 59809368412667491354614851174400 858390222430994854067778355200000 800 0 
nomask 1.4451733e+27 0 2894524924381626598390206195302400 800 600 
nomask 2.8360373e+26 4577710771427509299315687922073600 0 0 600 
nomask -2.996714e-27 3890934278629109917789370869350400 13635830227194697008339992602214400 800 0 
nomask 1.4205141e+30 0 11306741527640591052195653222400 800 600 
nomask 1.1343964e+27 72227255684344217592160369351065600 0 0 600 
nomask -1.2118639e-23 59315170871288589835143479296000 852378566784651697204987586150400 800 0 
nomask 5.7581e+24 0 177945455945467975069687873536000 800 600 
nomask 7.3527364e+28 1128643957355988726323958146662400 0 0 600 
nomask -7.7689004e-25 61495363924210740415205267524812800 213112027560606257187065639731200 800 0 
nomask 9.056523e+22 0 11388141425275623634265078287564800 800 600 
nomask 4.3182655e+24 1144427571964295363366004509900800 0 0 600 
nomask -1.8935058e-25 3875151510268877010987746800435200 215142759996193068018726516817920000 800 0 
nomask 5.703321e+27 0 11214439332958041684260054630400 800 600 
nomask 1.11507225e+27 72219325130967545624774296836505600 0 0 600 
nomask -1.9389176e-22 14952343047640169412582755532800 3409514267138606788819950344601600 800 0 
nomask 8.970463e+25 0 11577915457231597124074599559987200 800 600 
nomask 1.1295793e+27 4546267577999988486184920049254400 0 0 600 
nomask -1.9583493e-25 61747888217974466924031252627456000 13690519639867675907015363788800 800 0 
nomask 9.0925385e+25 0 11387956459625222596001348242636800 800 600 
nomask 1.8227404e+28 282168635794806244110519553228800 0 0 600 
nomask -1.8729155e-28 15247322541897063548003286620569600 3352722357737758183832892211200 800 0 
nomask 9.002735e+28 0 702868927507326575591042108620800 800 600 
