mask 0.0625 575 187 637 235 
nomask 0.02734375 87 208 136 244 
nomask 0.01171875 460 340 485 357 
mask 0.00390625 3 193 26 239 
mask 1.18628415e+30 1156381700588007636789205401600 0 0 450 
mask -1.928289e-28 15563740015938406746267502772224000 2538889110950202080189558135193600 800 0 
nomask 3.576333e+29 0 2041913517775762151175723417600 800 450 
nomask 4.764866e+30 71217096612287347287842683984281600 0 0 450 
nomask -1.2052191e-29 59068550004087205483503419392000 40914175557796232078504433077452800 800 0 
nomask 2.241442e+31 0 135125967379445301173712165273600 800 450 
nomask 1.9059157e+31 73243364605714903255424288633651200 0 0 450 
nomask -1.2150605e-29 938389235715723935328134758400 166209318224419346605670400 800 0 
nomask 2.1938425e+31 0 2154761769794585512539429273600 800 450 
nomask 1.23495846e+33 73867125956686593707212800 0 0 450 
nomask -7.687173e-31 3722669360408390252863317606400 654441433532071712379843379200 800 0 
nomask 1.3874099e+27 0 7557889553617414363545600 800 450 
nomask 7.2597747e+28 286029128837727129819838152704000 0 0 450 
nomask -4.860165e-29 3614594225554732126431713689600 2575240845436813191426926759116800 800 0 
nomask 2.209688e+31 0 558003956325088975204956760335974400 800 450 
nomask 2.8914829e+29 18184074157124591490299722307993600 0 0 450 
nomask -4.7945058e-26 14890925838110559954791510835200 654748571820898976414249779200 800 0 
nomask 8.971885e+25 0 540503971520897234679185276928000 800 450 
nomask 2.940999e+29 73872652774149302779904000 0 0 450 
nomask -7.6182475e-28 980656023230958028817944700518400 10333706177986645677792716390400 800 0 
nomask 1.4397468e+24 0 2002589503807721496064819200 800 450 
nomask 4.3747122e+24 290900697309031420756649574400 0 0 450 
nomask -4.733922e-26 828740637774692168499200 648057417104459785664741769216000 800 0 
nomask 1.4451734e+27 0 516980613232901381772489523200 800 450 
nomask 2.8238536e+26 4546017088570164335019920929587200 0 0 450 
nomask -2.9908859e-24 245977478814466757376687956662681600 40517771252286739009516653772800 800 0 
nomask 9.152278e+25 0 34876370120619319017887264617267200 800 450 
nomask 4.5954603e+27 4607191930402430414487552000 0 0 450 
nomask -1.9098506e-25 949027259690126370108859429683200 159799067602695084924285537484800 800 0 
nomask 1.4353884e+27 0 485813426705056838084198400 800 450 
nomask 2.8359899e+26 73216329956266816226669363200 0 0 450 
nomask -3.0093848e-27 218743162962229542990643200 640775118706038562212515440440115200 800 0 
nomask 2.2814503e+28 0 128703294958455386332043673600 800 450 
nomask 7.0899756e+25 18307361379349547065239597901414400 0 0 450 
nomask -1.2087829e-26 926813770992913860980323123200 2630289335096384579174400 800 0 
nomask 5.664788e+27 0 8683434960873841363306563816652800 800 450 
nomask 1.1912356e+30 4546763721156358329998219463884800 0 0 450 
nomask -3.0473976e-27 3859430155340280527348197805260800 159093107844767895116649253463654400 800 0 
nomask 5.587567e+27 0 7840751271519570882881126400 800 450 
nomask 1.17638055e+30 4438376585216016785550920908800 0 0 450 
nomask -4.8205686e-29 13939116138601959292665856000 10156393141360563605610046685184000 800 0 
nomask 3.5515762e+29 0 8306510062928699365601889484800 800 450 
nomask 1.16152535e+30 290905448638732403137971295040307200 0 0 450 
nomask -7.6811094e-28 231699738642018464367116288000 41198085683228226117382963200 800 0 
nomask 8.816555e+28 0 549399425262601432045333354905600 800 450 
nomask 4.745137e+30 1166880501723874375761920000 0 0 450 
nomask -4.8602422e-29 15627120611668506832935658402611200 2556576179261491950867179372544000 800 0 
nomask 8.941075e+28 0 2144190229538652995987104491110400 800 450 
nomask 4.745059e+30 17930044992500608691077062957465600 0 0 450 
nomask -3.0129515e-30 3439501962490171571463782400 650379239126111984599380787200 800 0 
nomask 2.2255962e+31 0 131230731886309943484556404326400 800 450 
nomask 1.897993e+31 286856827637251531217927454221926400 0 0 450 
nomask -1.2051999e-29 59562724878106989228677765529600 652153291672594698731520000 800 0 
nomask 2.2413794e+31 0 33782031611350317293875966771200 800 450 
nomask 3.0873956e+32 291727648243786153616998400 0 0 450 
nomask -1.2200678e-29 244177522338933969797925935513600 2583289477809496127995851571200 800 0 
nomask 3.526914e+29 0 492171889683595252255948800 800 450 
nomask 1.1813324e+30 72225259506030869916467094513254400 0 0 450 
nomask -1.2150797e-29 992007342951834666153880743156121600 10109231905461192052923668512112640000 800 0 
nomask 2.225534e+31 0 139501032602601749927889479506329600 800 450 
nomask 7.591848e+31 4594091425385512179862811443200 0 0 450 
nomask -3.034628e-27 14643091322723078104331531059200 649254705991049753395200 800 0 
nomask 8.878453e+28 0 135123774312450656510474924851200 800 450 
nomask 4.764866e+30 73014193132008672538366102732800 0 0 450 
nomask -1.9204313e-28 3875150543128221319284407035494400 162036131941387348072052922777600 800 0 
nomask 5.665241e+27 0 31769421676251544080403660800 800 450 
nomask 7.0296474e+25 18247722771708900140255910297600 0 0 450 
nomask -1.20882226e-26 911370511031890439590798950400 654483710793323568829919308598476800 800 0 
nomask 2.2658547e+28 0 134568902862026549215368944025600 800 450 
nomask 7.352376e+28 17843681591187911278655055434927308800 0 0 450 
nomask -7.671713e-25 61747923035038071825351484165324800 631880542735148841538245387249254400 800 0 
nomask 2.2656727e+28 0 8647924820096554976169166897152000 800 450 
nomask 1.14404855e+27 285188876988838513129553920000 0 0 450 
nomask -7.4603535e-28 960880051995956040389348661657600 40921773287253936271943270400 800 0 
nomask 3.575947e+29 0 8683576949211355101503133057024000 800 450 
nomask 2.8359906e+26 72517067723410391838862239334400 0 0 450 
nomask -1.21391025e-26 956934722583643698077695056281600 10108084335044774505408837023956992000 800 0 
nomask 2.2813897e+28 0 519157044953740373736082636800 800 450 
nomask 4.5953862e+27 1147300545488983301931560146567168000 0 0 450 
nomask -1.2189393e-26 239237518985388200967053456179200 10157517079695059326353771017011200 800 0 
nomask 9.002006e+28 0 8647785007825516544305112127897600 800 450 
nomask 1.191255e+30 71730129913068191008267753540812800 0 0 450 
nomask -1.9046234e-28 1000104337366788552917913444968038400 40348189371834956216820553482240000 800 0 
nomask 5.5877195e+27 0 34448533690909340982217098343219200 800 450 
nomask 1.1763805e+30 4594213262440770216709324800000 0 0 450 
nomask -4.8206454e-29 61748901781381631829131326285414400 40341482734958062100010953500262400 800 0 
nomask 1.4008621e+30 0 8683578581261211581252518910361600 800 450 
nomask 1.156593e+30 1131360705749140816973931533146521600 0 0 450 
nomask -7.6809856e-28 3859305877766024143469038010368000 2539519082194803263452497523507200 800 0 
nomask 8.693003e+28 0 567113179493102912518454244487987200 800 450 
nomask 1.898024e+31 18058802362274156540106649056051200 0 0 450 
nomask -4.8997617e-29 61495352318522872114765190345523200 40514490152054441180022177792000 800 0 
nomask 2.2197937e+28 0 34591144383435016789885477453824000 800 450 
nomask 1.8979926e+31 284892278691907596990676289034649600 0 0 450 
nomask -3.0376032e-30 249015940743890758992414112114278400 636444015261843257580993055712870400 800 0 
nomask 2.1939668e+31 0 140071466668438551933232938064281600 800 450 
