mask 0.69140625 0.2739575207233429 0.04911750555038452 0.7413500547409058 0.581329882144928 
mask 0.984375 0.3033560514450073 0.0031085610389709473 0.6213037967681885 0.4120410978794098 
mask 0.9765625 0.06429478526115417 0.1755315065383911 0.5831634998321533 0.7537077069282532 
mask 0.984375 0.23758864402770996 0.01157444715499878 0.5026426315307617 0.5442838668823242 
mask 0.984375 0.04293122887611389 0.8261599540710449 0.8092092275619507 1.0 
mask 0.6484375 0.3637625277042389 0.11903774738311768 0.9194720983505249 0.7518152594566345 
mask 0.984375 0.8479565382003784 0.8203591108322144 1.0 1.0 
nomask 0.765625 0.19839951395988464 0.21794211864471436 0.7953717708587646 0.6682756543159485 
mask 0.984375 0.3873600661754608 0.0 0.8253661394119263 0.4605497717857361 
mask 0.984375 0.2828921377658844 0.0 0.8272581100463867 0.1518533080816269 
nomask 0.61328125 0.3835592269897461 0.0050682127475738525 0.8936991691589355 0.2701222002506256 
mask 0.66015625 0.012243062257766724 0.0793205201625824 0.6937412023544312 0.46407631039619446 
mask 0.95703125 0.3279380798339844 0.0 0.6658332347869873 0.5124133825302124 
mask 0.984375 0.19186818599700928 0.0 0.8019031286239624 0.32457301020622253 
mask 0.7578125 0.0374237596988678 0.0 0.5931333303451538 0.3936082720756531 
mask 0.8671875 0.12445816397666931 0.10987286269664764 0.41603538393974304 0.5655469298362732 
mask 0.984375 0.0041814446449279785 0.5125018358230591 1.0 1.0 
mask 0.859375 0.45745962858200073 0.16002053022384644 0.782364547252655 0.6358544230461121 
mask 0.984375 0.8827944993972778 0.0 1.0 1.0 
mask 0.546875 0.03194341063499451 0.0 0.6475526094436646 0.9765467643737793 
mask 0.98046875 0.010046303272247314 0.02520817518234253 0.9703202247619629 0.6542878746986389 
mask 0.984375 0.37046560645103455 0.0 0.7114691734313965 0.2272649109363556 
mask 0.9609375 0.21785981953144073 0.18623347580432892 0.5427647233009338 0.6419075727462769 
mask 0.984375 0.8032829761505127 0.13336506485939026 1.0 1.0 
mask 0.96484375 0.7010958194732666 0.0 1.0 0.6084339618682861 
mask 0.921875 0.003668069839477539 0.0 0.4207259714603424 0.6821885108947754 
mask 0.96875 0.7944116592407227 0.04846775531768799 1.0 0.8008790612220764 
mask 0.90625 0.6361004710197449 0.9048106670379639 1.0 1.0 
mask 0.703125 0.452604204416275 0.1323009431362152 1.0 1.0 
mask 0.984375 0.14701758325099945 0.0 0.5929343104362488 0.17183171212673187 
