mask 0.69140625 89 45 387 446 
mask 0.984375 198 69 399 363 
mask 0.984375 152 108 329 332 
mask 0.9765625 74 1 407 231 
mask 0.66796875 312 0 428 275 
nomask 0.56640625 21 0 274 318 
mask 0.8125 0 68 267 466 
mask 0.984375 330 92 428 449 
mask 0.97265625 264 196 428 411 
mask 0.984375 0 336 234 484 
mask 0.75 123 333 390 484 
mask 0.984375 355 31 428 311 
nomask 0.5 320 38 419 379 
mask 0.890625 312 343 428 484 
mask 0.59765625 367 12 428 391 
mask 0.859375 0 404 377 484 
mask 0.66015625 364 399 428 484 
mask 0.5234375 271 84 428 396 
mask 0.984375 30 339 277 484 
mask 0.9609375 277 437 428 484 
nomask 0.515625 77 272 337 484 
