nomask 0.88671875 0.08650714159011841 0.021146804094314575 0.9041957259178162 0.9522356986999512 
mask 0.984375 0.28498321771621704 0.3057716488838196 0.6410734057426453 0.7384496331214905 
mask 0.8046875 0.19041986763477325 0.28370481729507446 0.5224341750144958 0.7595387101173401 
mask 0.9140625 0.0 0.0 0.5482729077339172 0.5753770470619202 
nomask 0.68359375 0.34343433380126953 0.4240550994873047 0.7234151363372803 0.8040359020233154 
mask 0.95703125 0.18725430965423584 0.008187934756278992 0.9644062519073486 0.4729161262512207 
nomask 0.9765625 0.0 0.09970918297767639 0.5638287663459778 0.9220491647720337 
mask 0.984375 0.12712784111499786 0.1205216646194458 0.6151986718177795 0.6762800216674805 
mask 0.64453125 0.9044332504272461 0.022823423147201538 1.0 0.8751319646835327 
mask 0.796875 0.05050364136695862 0.8260655999183655 0.7843164205551147 1.0 
