nomask 0.72265625 0.12980926036834717 0.013795197010040283 0.9128545522689819 0.9249467253684998 
mask 0.9765625 0.05527260899543762 0.8208556175231934 0.8203340768814087 1.0 
nomask 0.953125 0.3590264320373535 0.2230987250804901 0.7229083776473999 0.6652443408966064 
mask 0.75390625 0.37706896662712097 0.016059935092926025 0.9307492971420288 0.6744198203086853 
mask 0.8046875 0.802723228931427 0.0 1.0 0.7059484720230103 
mask 0.890625 0.055860549211502075 0.005747497081756592 0.6361557245254517 0.7108523845672607 
mask 0.9765625 0.8938673734664917 0.6619113087654114 1.0 1.0 
nomask 0.6484375 0.7944116592407227 0.8461483716964722 1.0 1.0 
mask 0.7109375 0.8715894222259521 0.0 1.0 1.0 
mask 0.94140625 0.18049690127372742 0.5812770128250122 0.8132743835449219 1.0 
mask 0.9765625 0.6986356973648071 0.0 1.0 0.4956091642379761 
nomask 0.75 0.8067739605903625 0.6185199022293091 1.0 1.0 
mask 0.76171875 0.6708998680114746 0.7674988508224487 1.0 1.0 
nomask 0.66796875 0.40422695875167847 0.6185199022293091 0.8689551949501038 1.0 
mask 0.984375 0.1455172598361969 0.8073337078094482 1.0 1.0 
nomask 0.96484375 0.19209524989128113 0.24533185362815857 0.531374454498291 0.7871562242507935 
mask 0.984375 0.0 0.6778780817985535 0.5783766508102417 1.0 
mask 0.9609375 0.11044825613498688 0.11591926217079163 0.43535315990448 0.6347880363464355 
mask 0.94921875 0.09954269230365753 0.3391444683074951 0.5402332544326782 0.962527871131897 
mask 0.984375 0.2979981303215027 0.28840702772140503 0.637277364730835 0.7440810799598694 
mask 0.96484375 0.8043166995048523 0.11853528022766113 1.0 0.9845167398452759 
mask 0.98046875 0.6088380813598633 0.40597015619277954 1.0 0.8510090708732605 
mask 0.984375 0.8381220102310181 0.0380856990814209 1.0 0.7743856310844421 
mask 0.91015625 0.0 0.00659450888633728 0.6876038312911987 0.4421038329601288 
nomask 0.546875 0.1645849496126175 0.053224653005599976 0.5700591802597046 0.4953702986240387 
mask 0.75 0.009931132197380066 0.0699266791343689 0.4549700617790222 0.9359081387519836 
