mask 0.984375 0.14274880290031433 0.0201399028301239 0.9591392278671265 0.9497506618499756 
mask 0.98046875 0.3704650402069092 0.31937354803085327 0.7265552282333374 0.7248477339744568 
mask 0.6953125 0.0 0.0 0.638459324836731 0.5005677938461304 
nomask 0.7578125 0.7560106515884399 0.2434152066707611 1.0 1.0 
mask 0.984375 0.05211472511291504 0.8136780261993408 0.7726483941078186 1.0 
mask 0.9453125 0.8758600354194641 0.04293122887611389 1.0 0.8092092275619507 
mask 0.9296875 0.8577204346656799 0.39267098903656006 0.9961785674095154 0.9862698316574097 
mask 0.89453125 0.6458194255828857 0.20147186517715454 1.0 0.7922994494438171 
mask 0.984375 0.8764525055885315 0.09631794691085815 1.0 0.8333703875541687 
mask 0.8515625 0.09570150077342987 0.018418580293655396 0.5363920331001282 0.6981812715530396 
mask 0.9609375 0.606367826461792 0.8060598969459534 1.0 1.0 
nomask 0.52734375 0.238429456949234 0.6622338891029358 0.9305515289306641 1.0 
mask 0.984375 0.7740808725357056 0.0 1.0 0.6129087209701538 
mask 0.75 0.17875170707702637 0.004137217998504639 0.9729088544845581 0.46886542439460754 
nomask 0.97265625 0.0 0.870306134223938 1.0 1.0 
mask 0.72265625 0.49262529611587524 0.1350845992565155 0.9500095248222351 0.7411062717437744 
