nomask 0.96875 0.22453874349594116 0.3502916395664215 0.6847262382507324 0.8745567798614502 
mask 0.984375 0.11365339159965515 0.18472397327423096 0.7602770328521729 0.9332271814346313 
mask 0.83203125 0.06010325253009796 0.4755646586418152 0.4795522093772888 0.9852285981178284 
mask 0.984375 0.10545043647289276 0.3233190178871155 0.5159177184104919 0.8009387850761414 
mask 0.9609375 0.00659450888633728 0.13014310598373413 0.4421038329601288 0.9243002533912659 
mask 0.828125 0.2774174213409424 0.5694688558578491 0.708671510219574 1.0 
mask 0.984375 0.4152972996234894 0.3753971755504608 0.9171046018600464 0.9723694324493408 
mask 0.76171875 0.1634330451488495 0.3315150737762451 0.8303382396697998 0.6999697685241699 
nomask 0.84765625 0.08505493402481079 0.035475701093673706 0.5163090229034424 0.6196650266647339 
mask 0.73828125 0.0 0.3549586236476898 0.1316787302494049 0.9748193025588989 
mask 0.59765625 0.300009548664093 0.8440605401992798 0.786255419254303 1.0 
mask 0.984375 0.3585197329521179 0.6734404563903809 0.7385005354881287 0.9999966621398926 
mask 0.984375 0.13676126301288605 0.734474778175354 0.592435359954834 0.9850567579269409 
mask 0.984375 0.43222904205322266 0.36519962549209595 0.7883192300796509 0.7619914412498474 
nomask 0.5078125 0.4835970401763916 0.4783719778060913 0.7880741357803345 0.9542058706283569 
mask 0.89453125 0.45986756682395935 0.13666361570358276 1.0 1.0 
mask 0.55078125 0.0 0.5125018358230591 1.0 1.0 
mask 0.94921875 0.21681508421897888 0.5998423099517822 0.49603894352912903 1.0 
mask 0.984375 0.24106644093990326 0.11676010489463806 0.46885430812835693 0.6852097511291504 
mask 0.78125 0.11915034055709839 0.2442854344844818 0.4107275605201721 0.6806538105010986 
mask 0.671875 0.8479565382003784 0.8114272356033325 1.0 1.0 
mask 0.76953125 0.25589558482170105 0.5950095653533936 0.7886049747467041 0.8717899322509766 
mask 0.984375 0.009433552622795105 0.4400525391101837 0.3024926781654358 0.8634656667709351 
mask 0.8359375 0.08261498808860779 0.674403727054596 0.6471657752990723 1.0 
mask 0.984375 0.0 0.8878229856491089 1.0 1.0 
mask 0.859375 0.8827944993972778 0.0 1.0 1.0 
mask 0.9765625 0.3191872537136078 0.26885879039764404 0.5842412710189819 0.7789987325668335 
nomask 0.56640625 0.7944116592407227 0.03617590665817261 1.0 0.788587212562561 
mask 0.71875 0.6622351408004761 0.6385093927383423 1.0 1.0 
nomask 0.90625 0.1455172598361969 0.8021379709243774 1.0 1.0 
mask 0.96875 0.10254210233688354 0.2137732207775116 0.6469080448150635 0.47882720828056335 
nomask 0.62109375 0.22363200783729553 0.1641305387020111 0.6616381406784058 0.6417503356933594 
nomask 0.96484375 0.0 0.6053697466850281 0.5852162837982178 1.0 
mask 0.984375 0.0 0.805241584777832 0.6911187171936035 1.0 
mask 0.98046875 0.7405717968940735 0.15679845213890076 1.0 0.9442980289459229 
mask 0.9453125 0.1714041531085968 0.6849035620689392 0.8223671913146973 1.0 
mask 0.98046875 0.26485705375671387 0.485697478055954 0.7533837556838989 0.7875101566314697 
mask 0.96484375 0.048397958278656006 0.6476276516914368 0.5452836155891418 1.0 
mask 0.984375 0.14210547506809235 0.43206071853637695 0.3698933720588684 1.0 
mask 0.96484375 0.29164642095565796 0.6429911851882935 0.8987055420875549 1.0 
mask 0.9765625 0.11407378315925598 0.3148571848869324 0.6353763341903687 0.5799111723899841 
mask 0.83984375 0.03126931190490723 0.4058306813240051 0.5639787316322327 0.6652091145515442 
nomask 0.83203125 0.6491455435752869 0.9048106670379639 1.0 1.0 
nomask 0.54296875 0.4044231176376343 0.4113316833972931 0.6752768754959106 0.967609167098999 
mask 0.984375 0.31297340989112854 0.31297340989112854 1.0 1.0 
nomask 0.81640625 0.23936209082603455 0.4870525300502777 0.4489653408527374 0.7709871530532837 
mask 0.875 0.41016077995300293 0.22609516978263855 0.669539213180542 0.7823725938796997 
