mask 0.953125 31 5 250 337 
mask 0.984375 243 30 284 179 
nomask 0.75390625 222 14 284 212 
mask 0.8125 68 20 221 257 
mask 0.91015625 261 13 285 169 
nomask 0.87890625 207 47 285 305 
mask 0.984375 18 299 223 372 
mask 0.7734375 103 77 209 241 
mask 0.5703125 150 0 264 272 
mask 0.984375 50 2 277 182 
nomask 0.953125 81 111 187 268 
mask 0.953125 163 49 262 210 
mask 0.671875 17 7 179 237 
mask 0.95703125 129 25 242 193 
nomask 0.796875 213 59 285 180 
nomask 0.96875 189 2 285 218 
mask 0.59765625 28 61 117 267 
mask 0.9765625 51 75 155 246 
mask 0.73828125 273 36 285 102 
nomask 0.73046875 250 129 279 183 
nomask 0.578125 112 135 269 355 
mask 0.984375 0 0 122 261 
mask 0.98046875 246 86 284 223 
nomask 0.72265625 210 0 285 208 
mask 0.86328125 271 53 285 121 
nomask 0.59375 0 45 172 353 
mask 0.984375 210 100 285 213 
nomask 0.71875 206 44 285 139 
nomask 0.984375 217 82 285 353 
mask 0.984375 176 151 285 316 
mask 0.984375 0 255 154 372 
mask 0.88671875 0 299 200 372 
mask 0.73828125 80 261 261 372 
mask 0.9609375 206 258 285 372 
mask 0.91796875 184 0 246 192 
mask 0.8515625 127 104 233 269 
mask 0.984375 166 87 252 293 
mask 0.984375 249 16 285 307 
mask 0.72265625 186 0 285 115 
nomask 0.92578125 250 96 283 364 
mask 0.96875 69 0 210 146 
nomask 0.75390625 242 307 285 372 
mask 0.8125 0 326 285 372 
mask 0.81640625 185 336 285 372 
mask 0.71875 208 0 285 164 
