nomask 0.984375 0.09560683369636536 0.03009277582168579 0.9119973182678223 0.9397977590560913 
mask 0.95703125 0.2995475232601166 0.0 0.8808871507644653 0.6846804618835449 
mask 0.5390625 0.04690226912498474 0.8208556175231934 0.8287043571472168 1.0 
nomask 0.7578125 0.674403727054596 0.08261498808860779 1.0 0.6471657752990723 
nomask 0.67578125 0.11718851327896118 0.08453938364982605 0.8765828013420105 0.4777142107486725 
nomask 0.984375 0.8506830930709839 0.025886058807373047 1.0 0.8435746431350708 
mask 0.7734375 0.7006839513778687 0.6622338891029358 1.0 1.0 
nomask 0.66015625 0.24922114610671997 0.22202032804489136 0.7268409132957458 0.8023664355278015 
mask 0.9765625 0.3080631494522095 0.652908444404602 0.9021233320236206 1.0 
mask 0.984375 0.8083674311637878 0.1455172598361969 1.0 1.0 
mask 0.85546875 0.6628257036209106 0.30156368017196655 1.0 0.9086228013038635 
mask 0.90234375 0.13590562343597412 0.29160088300704956 0.8952999114990234 0.7021704316139221 
mask 0.97265625 0.041911184787750244 0.002246469259262085 0.6746886968612671 0.6774779558181763 
mask 0.55078125 0.5125018358230591 0.0041814446449279785 1.0 1.0 
mask 0.98046875 0.8479565382003784 0.8208556175231934 1.0 1.0 
nomask 0.796875 0.6491455435752869 0.9048106670379639 1.0 1.0 
nomask 0.65625 0.6158422827720642 0.00659450888633728 1.0 0.4421038329601288 
nomask 0.82421875 0.2010355442762375 0.27855658531188965 0.5330498218536377 0.7754422426223755 
mask 0.95703125 0.21288397908210754 0.0 0.7931791543960571 0.41146013140678406 
