nomask 0.984375 0.10439351201057434 0.06538867950439453 0.8925018310546875 0.9627948999404907 
mask 0.984375 0.05826064944267273 0.8041490912437439 0.7787942886352539 1.0 
mask 0.91015625 0.7512645721435547 0.2228989601135254 1.0 0.9491549730300903 
mask 0.96875 0.8470816612243652 0.8114272356033325 1.0 1.0 
mask 0.91015625 0.0 0.12834805250167847 0.5527793169021606 0.9330793023109436 
mask 0.984375 0.2772371172904968 0.22202032804489136 0.7653079628944397 0.8023664355278015 
mask 0.97265625 0.6088380813598633 0.40110111236572266 1.0 0.8558781147003174 
mask 0.984375 0.1714041531085968 0.04629236459732056 0.8223671913146973 0.593483567237854 
mask 0.5078125 0.0 0.8766179084777832 1.0 1.0 
mask 0.765625 0.8648804426193237 0.020179688930511475 1.0 0.836570143699646 
mask 0.9140625 0.0 0.0 0.5565140247344971 0.6018428802490234 
mask 0.55078125 0.6372659206390381 0.007206574082374573 1.0 0.4333903193473816 
mask 0.5703125 0.6491455435752869 0.9048106670379639 1.0 1.0 
mask 0.71484375 0.4586470127105713 0.12772062420845032 1.0 1.0 
mask 0.984375 0.10739254951477051 0.2486666738986969 0.4118696451187134 0.8268429040908813 
mask 0.984375 0.7157574892044067 0.6857854127883911 1.0 1.0 
mask 0.95703125 0.28863006830215454 0.4106435775756836 0.6525120139122009 0.8249901533126831 
mask 0.96484375 0.11823871731758118 0.7265011072158813 0.894249677658081 1.0 
mask 0.98046875 0.23085710406303406 0.6544118523597717 0.9381238222122192 1.0 
mask 0.98046875 0.0 0.6778780817985535 0.5712804198265076 1.0 
mask 0.9765625 0.4051518440246582 0.0 0.8599288463592529 0.788335919380188 
mask 0.953125 0.7634143829345703 0.0 1.0 0.6029914617538452 
