mask 0.89453125 0.17506280541419983 0.0 0.8801677227020264 0.7645508646965027 
mask 0.984375 0.33756548166275024 0.09747494757175446 0.7519120573997498 0.5692847371101379 
mask 0.9375 0.31176990270614624 0.04492133855819702 0.6882869601249695 0.85526442527771 
mask 0.9765625 0.13590562343597412 0.3013649582862854 0.8952999114990234 0.6861207485198975 
mask 0.984375 0.7157574892044067 0.0 1.0 0.6318149566650391 
mask 0.9765625 0.5217245817184448 0.02709639072418213 0.9412779808044434 0.8918064832687378 
mask 0.97265625 0.1601649820804596 0.08968862891197205 0.6275575160980225 0.695710301399231 
mask 0.984375 0.8988957405090332 0.6491455435752869 1.0 1.0 
mask 0.66796875 0.7844611406326294 0.8522942066192627 1.0 1.0 
nomask 0.640625 0.04690226912498474 0.8208556175231934 0.8287043571472168 1.0 
mask 0.515625 0.0 0.8938673734664917 1.0 1.0 
nomask 0.5078125 0.8376532793045044 0.011247783899307251 1.0 0.8455020189285278 
mask 0.87890625 0.22957654297351837 0.0 0.7283270955085754 0.4507846236228943 
mask 0.55078125 0.6932737827301025 0.18181383609771729 1.0 0.9871671199798584 
mask 0.96484375 0.023354053497314453 0.0 0.6661989688873291 0.9875176548957825 
mask 0.984375 0.42572903633117676 0.0 0.8400756120681763 0.3723529875278473 
nomask 0.55078125 0.003668069839477539 0.0 0.4207259714603424 0.7119081020355225 
mask 0.984375 0.0 0.0 0.6483765840530396 0.49994081258773804 
mask 0.9140625 0.11270040273666382 0.14798569679260254 0.4171774983406067 0.7016660571098328 
mask 0.984375 0.30544495582580566 0.0 0.8023306131362915 0.17522329092025757 
mask 0.58203125 0.0 0.5125018358230591 1.0 1.0 
mask 0.984375 0.32942816615104675 0.32942816615104675 1.0 1.0 
mask 0.984375 0.2849547863006592 0.05104584991931915 0.9966036081314087 0.47977977991104126 
mask 0.9765625 0.7006839513778687 0.6622338891029358 1.0 1.0 
mask 0.65234375 0.2231190800666809 0.6302522420883179 0.9458618760108948 1.0 
mask 0.8828125 0.0 0.6697976589202881 0.5791025161743164 1.0 
nomask 0.50390625 0.0 0.8092923164367676 0.6789665222167969 1.0 
nomask 0.6171875 0.29431337118148804 0.0 1.0 0.25773751735687256 
nomask 0.5 0.5845338106155396 0.40597015619277954 1.0 0.8510090708732605 
mask 0.9765625 0.0 0.4066842198371887 0.7302528023719788 0.8421935439109802 
