mask 0.95703125 0.11248761415481567 0.0038264989852905273 0.9301761984825134 0.9349154233932495 
mask 0.953125 0.2431953400373459 0.35153114795684814 0.7419458627700806 0.8611950874328613 
mask 0.97265625 0.0 0.6826603412628174 0.4913997948169708 1.0 
mask 0.7890625 0.4321935176849365 0.026100963354110718 0.9232555627822876 0.7058637142181396 
mask 0.67578125 0.005062088370323181 0.0699266791343689 0.4598391056060791 0.9359081387519836 
mask 0.98046875 0.049714624881744385 0.0 0.6300097703933716 0.7124208211898804 
nomask 0.703125 0.7740808725357056 0.0 1.0 0.6129087209701538 
nomask 0.91015625 0.10861898958683014 0.18660306930541992 0.4265667200088501 0.7168254256248474 
mask 0.921875 0.6494181156158447 0.0031558573246002197 1.0 0.42933961749076843 
nomask 0.984375 0.20440348982810974 0.4249671399593353 0.5528687238693237 0.8483802080154419 
mask 0.984375 0.6185199022293091 0.40597015619277954 1.0 0.8510090708732605 
mask 0.984375 0.8661545515060425 0.7821896076202393 1.0 1.0 
nomask 0.85546875 0.06509816646575928 0.7136073708534241 0.6546257138252258 1.0 
mask 0.84765625 0.2910149097442627 0.3141929507255554 0.6230292320251465 0.7505612969398499 
mask 0.9296875 0.0 0.00659450888633728 0.6997559666633606 0.4421038329601288 
nomask 0.984375 0.17875170707702637 0.0071541666984558105 0.9729088544845581 0.4820513427257538 
nomask 0.984375 0.8982874155044556 0.010601431131362915 1.0 0.8629100322723389 
nomask 0.58984375 0.36925065517425537 0.3466535806655884 0.960078239440918 0.9504092931747437 
mask 0.984375 0.0 0.8011908531188965 0.7129526138305664 1.0 
nomask 0.828125 0.2880617380142212 0.7095370888710022 0.9122074842453003 1.0 
mask 0.9453125 0.606367826461792 0.8060598969459534 1.0 1.0 
nomask 0.71875 0.7575815916061401 0.6727430820465088 1.0 1.0 
mask 0.9375 0.0 0.870306134223938 1.0 1.0 
mask 0.62890625 0.6491455435752869 0.9048106670379639 1.0 1.0 
