mask 0.984375 0.1338168978691101 0.00996929407119751 0.9680711627006531 0.9599212408065796 
mask 0.953125 0.3705061376094818 0.32691627740859985 0.7189713716506958 0.7323904633522034 
mask 0.86328125 0.001276552677154541 0.8258572816848755 0.8722348809242249 1.0 
mask 0.5234375 0.7944116592407227 0.8461483716964722 1.0 1.0 
mask 0.890625 0.22303500771522522 0.6385093927383423 0.9303017854690552 1.0 
mask 0.98046875 0.7301030158996582 0.7095370888710022 1.0 1.0 
nomask 0.8359375 0.053240299224853516 0.021851301193237305 0.583462655544281 0.6256070137023926 
nomask 0.53125 0.0 0.007206574082374573 0.6997559666633606 0.4333903193473816 
mask 0.6875 0.17875170707702637 0.005062088370323181 0.9729088544845581 0.4598391056060791 
nomask 0.515625 0.8758600354194641 0.04293122887611389 1.0 0.8092092275619507 
