mask 0.7734375 0.12900447845458984 0.013130366802215576 0.6367627382278442 0.5913065671920776 
mask 0.984375 0.18838326632976532 0.0 0.535086452960968 0.4257590174674988 
mask 0.9609375 0.3019493818283081 0.05127686262130737 0.6819301843643188 0.47468996047973633 
mask 0.984375 0.3006178140640259 0.0 0.5921950340270996 0.3012048006057739 
nomask 0.9453125 0.8784463405609131 0.7844611406326294 1.0 1.0 
mask 0.53515625 0.39410489797592163 0.046042293310165405 0.8821757435798645 0.5782546997070312 
mask 0.984375 0.047777146100997925 0.8208556175231934 0.8466862440109253 1.0 
mask 0.70703125 0.8461483716964722 0.0 1.0 0.9136737585067749 
mask 0.9609375 0.020179688930511475 0.0 0.6492593884468079 0.9658107757568359 
mask 0.984375 0.0 0.0183255672454834 0.9808263778686523 0.661170482635498 
mask 0.984375 0.009112805128097534 0.0 0.46388983726501465 0.6896696090698242 
mask 0.984375 0.11455819010734558 0.31167006492614746 0.8417788743972778 0.6569588780403137 
mask 0.984375 0.16982915997505188 0.0 0.7932125329971313 0.3165082335472107 
mask 0.8125 0.0 0.0 0.37004321813583374 0.3748469352722168 
nomask 0.8203125 0.49800872802734375 0.16019222140312195 0.7895859479904175 0.6464381217956543 
mask 0.984375 0.1742326319217682 0.0 0.522697925567627 0.245698481798172 
nomask 0.90625 0.2238772064447403 0.0 0.6795513033866882 0.18264096975326538 
mask 0.73046875 0.41831475496292114 0.10903066396713257 0.6613852381706238 0.715618371963501 
mask 0.984375 0.31297340989112854 0.31297340989112854 1.0 1.0 
mask 0.96484375 0.5125018358230591 0.0041814446449279785 1.0 1.0 
mask 0.984375 0.13019013404846191 0.4609558582305908 1.0 1.0 
mask 0.87109375 0.6361004710197449 0.9048106670379639 1.0 1.0 
mask 0.66015625 0.6491455435752869 0.09871631860733032 1.0 0.6511784195899963 
mask 0.875 0.1474544107913971 0.10217735171318054 0.39052489399909973 0.735601544380188 
mask 0.984375 0.2931872606277466 0.1171293556690216 0.8872474431991577 0.9046289920806885 
mask 0.984375 0.692861795425415 0.0 1.0 0.6560598611831665 
mask 0.88671875 0.22953245043754578 0.0 0.467398077249527 0.3385356068611145 
nomask 0.859375 0.01687900722026825 0.0 0.249651238322258 0.5369822382926941 
mask 0.71484375 0.13497038185596466 0.0 0.39434880018234253 0.4374183118343353 
mask 0.8515625 0.0097292959690094 0.0 0.5198692083358765 0.1540183424949646 
mask 0.83984375 0.0 0.14806151390075684 0.38917064666748047 0.8088343143463135 
mask 0.984375 0.0 0.09220689535140991 0.23728975653648376 0.9202814698219299 
mask 0.66015625 0.22386357188224792 0.08933579921722412 0.4947173297405243 0.6959235072135925 
mask 0.984375 0.0 0.03866507112979889 0.41336554288864136 0.5089221596717834 
mask 0.9375 0.31649094820022583 0.09618163108825684 0.5260941982269287 0.3801162838935852 
