mask 0.8046875 48 208 1019 1925 
mask 0.9140625 2 840 67 1294 
nomask 0.59765625 66 468 753 1662 
mask 0.95703125 1330 1426 1470 2197 
mask 0.9296875 1153 1872 1470 2197 
mask 0.734375 0 88 1451 1470 
mask 0.6171875 1238 17 1470 1893 
nomask 0.6875 87 1815 1190 2197 
nomask 0.6171875 43 114 776 1210 
mask 0.5859375 337 510 946 1524 
mask 0.875 0 1478 794 2197 
mask 0.9609375 0 360 510 1822 
mask 0.9140625 8 730 89 1354 
mask 0.84765625 103 662 1219 1507 
mask 0.9140625 674 290 1470 2197 
mask 0.921875 0 1770 1030 2197 
nomask 0.640625 438 1478 1311 2197 
mask 0.83984375 954 216 1470 1430 
mask 0.8359375 212 1012 1470 2197 
mask 0.91015625 460 687 1470 2197 
mask 0.95703125 85 424 996 1059 
nomask 0.79296875 461 0 980 1630 
mask 0.94921875 0 720 734 1462 
mask 0.88671875 0 155 179 1577 
mask 0.953125 0 623 260 1739 
mask 0.9765625 0 993 969 2119 
mask 0.95703125 350 740 1042 2051 
mask 0.921875 0 14 984 971 
