nomask 0.58203125 0.31126290559768677 0.20515350997447968 0.6449645757675171 0.5851342678070068 
mask 0.94140625 0.37374693155288696 0.12885232269763947 0.7754248976707458 0.5862365961074829 
mask 0.92578125 0.11233238875865936 0.043568700551986694 0.5796838402748108 0.6238638162612915 
mask 0.875 0.25241613388061523 0.10652521252632141 0.5008053779602051 0.6166651248931885 
mask 0.9765625 0.3816719055175781 0.20523633062839508 0.6053377389907837 0.4830911159515381 
mask 0.80078125 0.032432928681373596 0.09535066783428192 0.42550981044769287 0.5834214687347412 
nomask 0.86328125 0.31944623589515686 0.18384820222854614 0.8411539793014526 0.8180755972862244 
mask 0.984375 0.24263891577720642 0.0 0.8637653589248657 0.6190906763076782 
mask 0.97265625 0.30291223526000977 0.11407743394374847 0.7809780836105347 0.38493120670318604 
nomask 0.78125 0.23890775442123413 0.3250175714492798 0.6752761006355286 0.6499224901199341 
