mask 0.97265625 90 32 223 111 
mask 0.9140625 110 14 228 88 
mask 0.6171875 32 7 187 95 
mask 0.890625 77 27 165 116 
mask 0.578125 40 13 237 129 
mask 0.984375 121 25 280 124 
mask 0.921875 86 2 268 101 
mask 0.94140625 267 1 318 137 
mask 0.7109375 16 131 260 159 
nomask 0.64453125 100 0 242 65 
mask 0.7734375 270 131 318 159 
nomask 0.82421875 104 52 318 159 
mask 0.984375 162 0 318 159 
mask 0.6796875 106 0 182 81 
nomask 0.6015625 80 52 238 140 
mask 0.984375 2 0 132 112 
mask 0.5546875 63 16 232 60 
mask 0.69921875 206 15 318 103 
nomask 0.6640625 36 32 202 76 
mask 0.84765625 220 0 318 100 
nomask 0.69921875 206 143 318 159 
nomask 0.640625 0 27 149 144 
mask 0.9609375 1 81 318 159 
mask 0.984375 59 0 240 41 
mask 0.72265625 235 26 318 151 
