nomask 0.984375 0.22828802466392517 0.2744101285934448 0.7163159847259521 0.8422794342041016 
mask 0.9765625 0.38342025876045227 0.3638730049133301 0.9136426448822021 0.9547005891799927 
mask 0.98046875 0.11548902094364166 0.33698520064353943 0.5857461094856262 0.9339574575424194 
mask 0.984375 0.7742928862571716 0.8522942066192627 1.0 1.0 
nomask 0.609375 0.05633065104484558 0.8114272356033325 0.8381327390670776 1.0 
mask 0.84375 0.00659450888633728 0.12145441770553589 0.4421038329601288 0.9329889416694641 
mask 0.97265625 0.25376272201538086 0.0999857485294342 0.7400085926055908 0.6657814979553223 
nomask 0.92578125 0.09850504994392395 0.06361067295074463 0.8972263336181641 0.8840707540512085 
mask 0.875 0.35450848937034607 0.2264644205570221 0.8219009637832642 0.7586767673492432 
nomask 0.93359375 0.16792482137680054 0.27600109577178955 0.604293167591095 0.6380430459976196 
mask 0.79296875 0.14677804708480835 0.4972003400325775 0.8282761573791504 0.8903751373291016 
mask 0.984375 0.18670544028282166 0.20791000127792358 0.7429828643798828 0.48469042778015137 
nomask 0.875 0.49325162172317505 0.2580660581588745 0.7583056092262268 0.8389542102813721 
mask 0.9453125 0.31297340989112854 0.31297340989112854 1.0 1.0 
mask 0.93359375 0.5184382200241089 0.0 1.0 1.0 
mask 0.91015625 0.010808229446411133 0.5125018358230591 1.0 1.0 
mask 0.984375 0.2747289538383484 0.3072013854980469 0.7960315346717834 0.5962271094322205 
nomask 0.98046875 0.9048106670379639 0.6341299414634705 1.0 1.0 
mask 0.67578125 0.3822662830352783 0.02347344160079956 0.9501355886459351 0.6562509536743164 
nomask 0.984375 0.0 0.8938673734664917 1.0 1.0 
mask 0.7578125 0.8470816612243652 0.002120405435562134 1.0 0.854629397392273 
mask 0.53515625 0.6491455435752869 0.09871631860733032 1.0 0.6511784195899963 
nomask 0.8984375 0.09657853841781616 0.029084235429763794 0.5278326272964478 0.6260565519332886 
mask 0.6171875 0.6700571775436401 0.6302522420883179 1.0 1.0 
nomask 0.73046875 0.23867914080619812 0.6463314294815063 0.9459458589553833 1.0 
mask 0.984375 0.0 0.6296364068984985 0.5930383205413818 1.0 
mask 0.9765625 0.0 0.805241584777832 0.6911187171936035 1.0 
mask 0.796875 0.22960124909877777 0.40580087900161743 0.48897963762283325 0.999399721622467 
mask 0.94921875 0.7010958194732666 0.15735849738121033 1.0 0.9803340435028076 
mask 0.60546875 0.23542362451553345 0.2129652500152588 0.5004776120185852 0.7692427039146423 
mask 0.90625 0.7010958194732666 0.0 1.0 0.6321585178375244 
nomask 0.5703125 0.21295100450515747 0.5822441577911377 0.7808203101158142 1.0 
mask 0.984375 0.32881033420562744 0.517278254032135 0.6523897647857666 1.0 
mask 0.984375 0.13327530026435852 0.7327866554260254 0.8604960441589355 1.0 
mask 0.953125 0.32480207085609436 0.12332504987716675 0.5786263942718506 0.6917746663093567 
nomask 0.625 0.08198975026607513 0.6155632734298706 0.5040094256401062 1.0 
