nomask 0.93359375 0.23356497287750244 0.1326599419116974 0.7141119837760925 0.6920987367630005 
mask 0.984375 0.2972235679626465 0.09650582075119019 0.622128427028656 0.5143864154815674 
nomask 0.671875 0.1075524091720581 0.056964337825775146 0.604438066482544 0.6227600574493408 
mask 0.96484375 0.7742928862571716 0.8522942066192627 1.0 1.0 
nomask 0.5703125 0.047777146100997925 0.8208556175231934 0.8466862440109253 1.0 
mask 0.90625 0.42079049348831177 0.15561550855636597 0.7846724390983582 0.5790286064147949 
mask 0.92578125 0.4435437023639679 0.31560218334198 0.7845473289489746 0.7210763692855835 
mask 0.984375 0.8290997743606567 0.002221733331680298 1.0 0.873384952545166 
mask 0.6640625 0.6491455435752869 0.09871631860733032 1.0 0.6511784195899963 
nomask 0.60546875 0.20320922136306763 0.11191238462924957 0.7133491635322571 0.38276612758636475 
nomask 0.515625 0.0 0.030236661434173584 0.9915623664855957 0.65931636095047 
mask 0.984375 0.24103844165802002 0.21867632865905762 0.49486279487609863 0.7995644807815552 
mask 0.984375 0.007206574082374573 0.11799097061157227 0.4333903193473816 0.912148118019104 
mask 0.9609375 0.0 0.0025437921285629272 0.6943406462669373 0.4380531311035156 
nomask 0.9609375 0.19424331188201904 0.2944989502429962 0.7872361540794373 0.9272764921188354 
mask 0.984375 0.2399202585220337 0.02470436692237854 0.48299074172973633 0.5574138164520264 
mask 0.9609375 0.3976227641105652 0.16882100701332092 0.8886848092079163 0.7788559198379517 
mask 0.984375 0.9048106670379639 0.6491455435752869 1.0 1.0 
mask 0.60546875 0.11407378315925598 0.19962233304977417 0.6353763341903687 0.48864805698394775 
mask 0.8828125 0.4586470127105713 0.11777421832084656 1.0 1.0 
