nomask 0.8984375 0.2613467872142792 0.06620526313781738 0.7631540298461914 0.6503946185112 
mask 0.90625 0.8517708778381348 0.8174054026603699 1.0 1.0 
nomask 0.62890625 0.08764347434043884 0.6619113087654114 0.6521942615509033 1.0 
mask 0.55078125 0.8827944993972778 0.0 1.0 1.0 
nomask 0.58203125 0.6619113087654114 0.09871631860733032 1.0 0.6511784195899963 
mask 0.5859375 0.28785884380340576 0.10399433970451355 0.8091614246368408 0.3993443548679352 
mask 0.546875 0.03194341063499451 0.0 0.6475526094436646 0.9765467643737793 
mask 0.97265625 0.0 0.02520817518234253 0.9808263778686523 0.6542878746986389 
mask 0.95703125 0.20713135600090027 0.6296364068984985 0.961849570274353 1.0 
nomask 0.71875 0.15803903341293335 0.0 0.8544493317604065 0.26727020740509033 
mask 0.90625 0.8032829761505127 0.11153113842010498 1.0 1.0 
nomask 0.78125 0.39799749851226807 0.0450780987739563 0.8832861185073853 0.839235246181488 
mask 0.8515625 0.20779941976070404 0.06172984838485718 0.5796436667442322 0.4944078326225281 
mask 0.828125 0.6932737827301025 0.0 1.0 0.616256058216095 
mask 0.640625 0.0040825605392456055 0.0 0.41221004724502563 0.6821885108947754 
mask 0.625 0.0 0.0025437921285629272 0.7064927816390991 0.4380531311035156 
mask 0.73046875 0.2858757972717285 0.0 0.7078955173492432 0.4645354747772217 
mask 0.69140625 0.2849547863006592 0.3148128390312195 0.9966036081314087 0.6601017117500305 
mask 0.96875 0.6776295900344849 0.6463314294815063 1.0 1.0 
nomask 0.9296875 0.4886903166770935 0.0 0.771527111530304 0.5683732032775879 
nomask 0.92578125 0.22023026645183563 0.17638304829597473 0.5669334530830383 0.6732686758041382 
mask 0.984375 0.0 0.8444110155105591 0.9037232398986816 1.0 
mask 0.6796875 0.5125018358230591 0.0041814446449279785 1.0 1.0 
mask 0.97265625 0.0041814446449279785 0.5125018358230591 1.0 1.0 
mask 0.765625 0.6361004710197449 0.9048106670379639 1.0 1.0 
