mask 0.71875 0.20879125595092773 0.027276456356048584 0.9350472688674927 0.8908393979072571 
mask 0.984375 0.7944116592407227 0.8522942066192627 1.0 1.0 
mask 0.55078125 0.07140994071960449 0.701644241809845 0.6483139395713806 1.0 
mask 0.98046875 0.0 0.8766179084777832 1.0 1.0 
mask 0.625 0.30821406841278076 0.1811639368534088 0.806964635848999 0.7615100145339966 
mask 0.9765625 0.8554520606994629 0.020179688930511475 1.0 0.836570143699646 
mask 0.86328125 0.14777050912380219 0.1570015847682953 0.5763975977897644 0.7373477220535278 
mask 0.97265625 0.023354053497314453 0.0 0.6661989688873291 0.9765467643737793 
mask 0.98046875 0.238429456949234 0.6541534662246704 0.9305515289306641 1.0 
mask 0.96484375 0.0 0.805241584777832 0.6911187171936035 1.0 
mask 0.9296875 0.7740808725357056 0.0 1.0 0.6129087209701538 
mask 0.98046875 0.18725430965423584 0.0071541666984558105 0.9644062519073486 0.4820513427257538 
nomask 0.984375 0.0 0.0025437921285629272 0.6997559666633606 0.4380531311035156 
nomask 0.7109375 0.8938673734664917 0.6619113087654114 1.0 1.0 
mask 0.7734375 0.48762115836143494 0.09006938338279724 0.955013632774353 0.6704155206680298 
