mask 0.94140625 12 0 155 232 
mask 0.984375 33 25 130 179 
mask 0.93359375 166 9 190 222 
nomask 0.546875 0 221 169 266 
nomask 0.53125 149 226 190 266 
nomask 0.82421875 8 7 99 148 
mask 0.796875 33 1 180 130 
mask 0.5859375 0 176 111 266 
mask 0.609375 23 214 190 266 
nomask 0.70703125 0 214 133 266 
nomask 0.64453125 58 183 171 266 
nomask 0.984375 0 24 45 244 
mask 0.90625 125 201 190 266 
nomask 0.8125 154 164 190 266 
nomask 0.83203125 64 50 133 165 
mask 0.56640625 19 79 158 184 
mask 0.984375 84 25 171 226 
mask 0.9765625 31 72 106 195 
mask 0.984375 5 99 117 256 
mask 0.984375 50 86 135 251 
mask 0.984375 77 107 182 260 
mask 0.984375 0 0 125 68 
mask 0.953125 1 160 111 266 
mask 0.9296875 46 0 125 102 
mask 0.96484375 33 157 150 266 
mask 0.9453125 0 1 131 119 
nomask 0.55859375 85 16 156 129 
mask 0.51953125 0 0 73 164 
mask 0.9140625 127 0 190 133 
mask 0.51953125 2 15 92 245 
mask 0.984375 15 48 87 179 
mask 0.97265625 140 55 190 256 
mask 0.765625 113 106 190 230 
mask 0.53515625 170 172 190 266 
