mask 0.66796875 0.12471318244934082 0.019491970539093018 0.8263205885887146 0.8184010982513428 
mask 0.93359375 0.33966296911239624 0.17560449242591858 0.719643771648407 0.6373114585876465 
mask 0.97265625 0.1452862173318863 0.030959129333496094 0.633357048034668 0.5631715059280396 
mask 0.57421875 0.05633065104484558 0.8208556175231934 0.8381327390670776 1.0 
mask 0.6796875 0.3922501504421234 0.0 0.8940573930740356 0.6751341223716736 
mask 0.83984375 0.0 0.6644923090934753 0.5131102204322815 1.0 
mask 0.95703125 0.7089178562164307 0.19043633341789246 1.0 0.9785445928573608 
mask 0.96875 0.28125861287117004 0.0 0.712512731552124 0.4319848418235779 
nomask 0.89453125 0.0 0.805241584777832 0.6911187171936035 1.0 
mask 0.75 0.8834723234176636 0.036764323711395264 1.0 0.7126858234405518 
mask 0.80859375 0.0 0.11042609810829163 0.6253091096878052 0.9334017038345337 
mask 0.984375 0.053775638341903687 0.0 0.5506613254547119 0.35622355341911316 
mask 0.83203125 0.0 0.401919424533844 0.7181006669998169 0.846958339214325 
mask 0.953125 0.6372659206390381 0.007206574082374573 1.0 0.4333903193473816 
nomask 0.5625 0.032056406140327454 0.484294593334198 0.4894406795501709 1.0 
mask 0.98046875 0.5055069923400879 0.0445178747177124 0.7763607501983643 0.6918023824691772 
mask 0.984375 0.0 0.009931132197380066 0.6908771991729736 0.4549700617790222 
nomask 0.875 0.2684037685394287 0.2877759337425232 0.6651955842971802 0.7111890316009521 
mask 0.984375 0.0 0.0 0.5055264234542847 0.6327432990074158 
mask 0.87109375 0.7641642689704895 0.10718855261802673 0.9870745539665222 0.7831100225448608 
mask 0.8828125 0.8997822999954224 0.6491455435752869 1.0 1.0 
mask 0.56640625 0.6491455435752869 0.9048106670379639 1.0 1.0 
mask 0.609375 0.11535429954528809 0.17004668712615967 0.41983139514923096 0.7118710875511169 
mask 0.984375 0.14106124639511108 0.0 0.8527100682258606 0.2641274034976959 
mask 0.671875 0.5845338106155396 0.4051518440246582 1.0 0.8599288463592529 
mask 0.984375 0.2005135715007782 0.16556906700134277 0.5548031330108643 0.6733273267745972 
mask 0.984375 0.0 0.08284837007522583 0.23687733709812164 0.9109229445457458 
mask 0.984375 0.701644241809845 0.08261498808860779 1.0 0.6471657752990723 
mask 0.98046875 0.8845922946929932 0.016191601753234863 1.0 0.906207799911499 
mask 0.90625 0.6854516267776489 0.6622338891029358 1.0 1.0 
mask 0.90625 0.23085710406303406 0.661975622177124 0.9381238222122192 1.0 
