mask 0.5390625 85 21 379 516 
mask 0.984375 122 99 321 426 
mask 0.98046875 111 392 365 576 
mask 0.796875 117 49 398 281 
nomask 0.95703125 69 98 243 411 
mask 0.94921875 338 14 398 475 
mask 0.76171875 320 69 398 576 
mask 0.921875 284 385 398 576 
nomask 0.54296875 1 481 355 576 
nomask 0.5078125 339 470 398 576 
mask 0.60546875 216 86 370 341 
mask 0.6015625 248 3 398 254 
nomask 0.95703125 9 0 265 568 
mask 0.98046875 30 395 260 576 
mask 0.86328125 89 37 288 330 
nomask 0.6953125 156 227 288 473 
mask 0.984375 301 0 398 357 
mask 0.6484375 54 282 236 576 
mask 0.984375 84 0 315 247 
nomask 0.96875 0 233 284 490 
mask 0.984375 267 183 398 518 
mask 0.984375 0 444 242 576 
mask 0.86328125 2 356 179 576 
mask 0.92578125 35 52 185 519 
mask 0.97265625 262 116 397 382 
mask 0.8828125 258 521 398 576 
nomask 0.56640625 298 63 398 530 
mask 0.97265625 224 95 398 484 
mask 0.984375 65 251 348 546 
mask 0.984375 130 144 267 572 
mask 0.984375 111 339 283 576 
mask 0.97265625 0 0 250 285 
nomask 0.8125 0 0 165 404 
