mask 0.75 62 37 211 154 
mask 0.984375 16 47 184 178 
mask 0.984375 240 142 276 182 
mask 0.609375 16 144 214 182 
mask 0.9453125 58 42 160 129 
mask 0.984375 67 0 250 125 
mask 0.96875 2 16 125 170 
mask 0.9609375 104 61 253 174 
mask 0.984375 233 0 276 155 
mask 0.59765625 85 122 245 182 
mask 0.984375 83 60 179 151 
mask 0.984375 175 164 276 182 
nomask 0.65234375 13 4 170 121 
mask 0.94921875 187 117 276 182 
nomask 0.890625 0 97 193 168 
mask 0.984375 110 52 217 136 
mask 0.984375 30 53 187 106 
mask 0.9453125 97 15 200 92 
mask 0.83984375 32 133 241 182 
mask 0.96875 92 92 179 182 
mask 0.984375 58 100 215 182 
mask 0.984375 51 37 205 88 
mask 0.97265625 0 0 190 79 
mask 0.79296875 182 0 276 95 
nomask 0.7890625 67 53 137 169 
mask 0.984375 222 0 276 127 
nomask 0.8046875 51 111 208 156 
mask 0.96484375 180 56 276 164 
nomask 0.96484375 223 22 276 182 
nomask 0.9140625 98 89 196 166 
mask 0.984375 0 137 170 182 
mask 0.9609375 2 108 125 182 
mask 0.7734375 57 11 141 96 
mask 0.859375 40 146 276 182 
mask 0.87109375 164 146 276 182 
nomask 0.87890625 89 6 186 135 
mask 0.91015625 182 17 276 118 
nomask 0.89453125 0 161 276 182 
mask 0.73046875 35 83 276 182 
mask 0.984375 141 1 276 182 
mask 0.96484375 86 56 276 182 
mask 0.984375 78 56 275 123 
