mask 0.87890625 21 4 270 442 
mask 0.984375 1 381 250 461 
mask 0.70703125 242 19 280 380 
mask 0.96484375 52 52 228 356 
mask 0.9765625 57 332 278 461 
nomask 0.62109375 0 1 198 201 
nomask 0.984375 169 371 280 461 
nomask 0.95703125 0 0 65 353 
mask 0.8203125 0 316 159 461 
mask 0.95703125 13 61 130 329 
mask 0.984375 41 2 273 226 
nomask 0.5 179 3 280 203 
nomask 0.81640625 0 61 36 366 
nomask 0.67578125 222 392 280 461 
nomask 0.69921875 250 305 280 461 
mask 0.79296875 113 285 243 461 
mask 0.97265625 212 310 280 461 
mask 0.84375 206 95 280 444 
mask 0.984375 117 51 264 392 
mask 0.984375 167 184 280 394 
mask 0.984375 224 0 280 335 
mask 0.96484375 179 193 280 454 
