mask 0.5234375 0.11175641417503357 0.016458213329315186 0.861626148223877 0.8703228235244751 
mask 0.984375 0.22129763662815094 0.1782982051372528 0.7093684673309326 0.7462173700332642 
mask 0.984375 0.31442341208457947 0.6986356973648071 0.8957630395889282 1.0 
mask 0.984375 0.0 0.6700560450553894 0.5861987471580505 1.0 
mask 0.984375 0.5966860055923462 0.40110111236572266 1.0 0.8558781147003174 
mask 0.984375 0.13086716830730438 0.0342155396938324 0.6296176910400391 0.5780735015869141 
mask 0.78125 0.0 0.09970918297767639 0.5418602824211121 0.9220491647720337 
mask 0.984375 0.1851939558982849 0.0 0.8085773587226868 0.3092082142829895 
nomask 0.73046875 0.0031558573246002197 0.0 0.42933961749076843 0.7030293345451355 
mask 0.984375 0.0 0.005880415439605713 0.678725004196167 0.45091935992240906 
nomask 0.59765625 0.3033560514450073 0.2919765114784241 0.6213037967681885 0.7190009951591492 
mask 0.97265625 0.6491455435752869 0.9048106670379639 1.0 1.0 
nomask 0.50390625 0.410562664270401 0.0 0.8911097049713135 0.6978534460067749 
mask 0.984375 0.06470099091529846 0.8208556175231934 0.8297624588012695 1.0 
mask 0.921875 0.8982874155044556 0.025720536708831787 1.0 0.8966788649559021 
mask 0.51171875 0.8513148427009583 0.8261599540710449 1.0 1.0 
mask 0.54296875 0.10331116616725922 0.1641187071800232 0.4212588667869568 0.7177990674972534 
mask 0.984375 0.7526229619979858 0.6727430820465088 1.0 1.0 
