nomask 0.984375 0.08942088484764099 0.0 0.6953892707824707 0.6187465190887451 
mask 0.9609375 0.008187934756278992 0.0 0.4729161262512207 0.6979901790618896 
mask 0.96875 0.3078923523426056 0.05359724164009094 0.6607365608215332 0.8465884923934937 
mask 0.9296875 0.21451278030872345 0.07799908518791199 0.6092981696128845 0.5436439514160156 
mask 0.91796875 0.8517708778381348 0.8261599540710449 1.0 1.0 
nomask 0.828125 0.8290997743606567 0.011650115251541138 1.0 0.8828133344650269 
mask 0.96875 0.0 0.8505569696426392 0.9136737585067749 1.0 
nomask 0.59375 0.6361004710197449 0.9048106670379639 1.0 1.0 
nomask 0.828125 0.6619113087654114 0.09368783235549927 1.0 0.6461499333381653 
mask 0.8125 0.21006837487220764 0.1350516378879547 0.9055548906326294 0.9100332260131836 
mask 0.9765625 0.0 0.10260400176048279 0.5665346384048462 0.9255795478820801 
mask 0.84375 0.1722296178340912 0.0013700276613235474 0.7049390077590942 0.27815043926239014 
nomask 0.65625 0.7079354524612427 0.0 1.0 0.6478026509284973 
mask 0.9296875 0.40263354778289795 0.0 0.8381428718566895 0.6997559666633606 
mask 0.96875 0.09847140312194824 0.31167006492614746 0.8578656911849976 0.6569588780403137 
mask 0.984375 0.07843826711177826 0.0 0.49278485774993896 0.40915459394454956 
mask 0.58203125 0.5820634365081787 0.005880415439605713 1.0 0.45091935992240906 
mask 0.56640625 0.35450923442840576 0.015207558870315552 0.9778926372528076 0.5170148611068726 
mask 0.921875 0.010808229446411133 0.5125018358230591 1.0 1.0 
mask 0.671875 0.127571240067482 0.03853592276573181 0.410408079624176 0.6321347951889038 
mask 0.984375 0.33096641302108765 0.33096641302108765 1.0 1.0 
mask 0.9765625 0.0 0.0 0.24543216824531555 0.7139721512794495 
mask 0.9609375 0.08764347434043884 0.674403727054596 0.6521942615509033 1.0 
nomask 0.67578125 0.0 0.03866507112979889 0.419620156288147 0.5089221596717834 
mask 0.9140625 0.31536686420440674 0.0 0.6532620787620544 0.5087716579437256 
mask 0.7578125 0.5125018358230591 0.0041814446449279785 1.0 1.0 
mask 0.95703125 0.11165642738342285 0.0 0.3969901204109192 0.267383337020874 
mask 0.66015625 0.20002272725105286 0.0 0.4915999472141266 0.278138667345047 
nomask 0.7734375 0.0 0.6541534662246704 0.5799802541732788 1.0 
