nomask 0.984375 0.20654281973838806 0.039769768714904785 0.7503529787063599 0.658997654914856 
mask 0.984375 0.08012869954109192 0.1486431062221527 0.6103510856628418 0.7268192768096924 
mask 0.984375 0.2697350084781647 0.0 0.7009891271591187 0.4780791997909546 
mask 0.92578125 0.8723005056381226 0.7844611406326294 1.0 1.0 
nomask 0.6796875 0.8385281562805176 0.002221733331680298 1.0 0.873384952545166 
nomask 0.640625 0.04293122887611389 0.8174054026603699 0.8092092275619507 1.0 
nomask 0.5390625 0.22739535570144653 0.012920349836349487 0.5041757822036743 0.5691977739334106 
mask 0.8203125 0.0 0.00659450888633728 0.6979901790618896 0.4421038329601288 
mask 0.9375 0.3985828161239624 0.0 0.8340921401977539 0.7064927816390991 
mask 0.9765625 0.0031558573246002197 0.0 0.42933961749076843 0.6821885108947754 
mask 0.94921875 0.03194341063499451 0.0 0.6475526094436646 0.9765467643737793 
mask 0.984375 0.6361004710197449 0.9048106670379639 1.0 1.0 
nomask 0.6875 0.2832155227661133 0.0719681978225708 0.9796258211135864 0.46514302492141724 
mask 0.96875 0.39679282903671265 0.12458354234695435 0.7935846447944641 0.5572615265846252 
mask 0.9765625 0.26976218819618225 0.0050682127475738525 0.8141281604766846 0.2701222002506256 
mask 0.76953125 0.19266119599342346 0.1029280424118042 0.7370271682739258 0.40474075078964233 
mask 0.8671875 0.5125018358230591 0.0041814446449279785 1.0 1.0 
mask 0.93359375 0.010808229446411133 0.5125018358230591 1.0 1.0 
mask 0.9453125 0.32069993019104004 0.33096641302108765 1.0 1.0 
mask 0.953125 0.10119573771953583 0.0 0.5232154130935669 0.4226096570491791 
mask 0.5546875 0.0005138814449310303 0.0 0.6238973140716553 0.2896198630332947 
mask 0.95703125 0.4915587902069092 0.24623191356658936 0.796035885810852 0.7539901733398438 
mask 0.984375 0.0 0.8988957405090332 1.0 1.0 
mask 0.56640625 0.6619113087654114 0.09871631860733032 1.0 0.6511784195899963 
mask 0.69921875 0.3876325190067291 0.2406834065914154 0.6987720727920532 0.7165173292160034 
mask 0.98046875 0.0 0.661975622177124 0.5861987471580505 1.0 
nomask 0.64453125 0.6854516267776489 0.173002690076828 1.0 0.9959782361984253 
mask 0.7421875 0.21480414271354675 0.2514387369155884 0.519281268119812 0.727272629737854 
mask 0.94921875 0.18339785933494568 0.2172834873199463 0.9375331401824951 0.8937302827835083 
mask 0.984375 0.1452893614768982 0.04517140984535217 0.38835984468460083 0.651759147644043 
nomask 0.56640625 0.7085059881210327 0.0 1.0 0.616256058216095 
mask 0.76171875 0.606367826461792 0.00659450888633728 1.0 0.4421038329601288 
nomask 0.5390625 0.2435024082660675 0.2867189347743988 0.7878683805465698 0.582068920135498 
mask 0.984375 0.23867914080619812 0.6463314294815063 0.9459458589553833 1.0 
nomask 0.96875 0.2320863902568817 0.4053245186805725 0.8386740684509277 0.6483950018882751 
mask 0.984375 0.22964715957641602 0.0 0.695292055606842 0.16696372628211975 
