nomask 0.984375 0.1675858497619629 0.018456220626831055 0.9388184547424316 0.9158624410629272 
mask 0.9609375 0.0 0.10962644219398499 0.5048994421958923 0.9319664239883423 
mask 0.984375 0.8513148427009583 0.8261599540710449 1.0 1.0 
nomask 0.8125 0.06509816646575928 0.7136073708534241 0.6546257138252258 1.0 
mask 0.6953125 0.6491455435752869 0.9048106670379639 1.0 1.0 
mask 0.69921875 0.7740808725357056 0.0 1.0 0.6129087209701538 
mask 0.875 0.8648804426193237 0.028920352458953857 1.0 0.8278294801712036 
mask 0.5546875 0.17875170707702637 0.0031034499406814575 0.9729088544845581 0.4780006408691406 
nomask 0.8828125 0.0 0.0 0.5712804198265076 0.5940208435058594 
mask 0.9140625 0.606367826461792 0.8060598969459534 1.0 1.0 
mask 0.6640625 0.7526229619979858 0.6727430820465088 1.0 1.0 
mask 0.8359375 0.2503209412097931 0.2967067360877991 0.7711371183395386 0.8524650931358337 
mask 0.98046875 0.238429456949234 0.6622338891029358 0.9305515289306641 1.0 
mask 0.83984375 0.0 0.8766179084777832 1.0 1.0 
nomask 0.67578125 0.6494181156158447 0.0031558573246002197 1.0 0.42933961749076843 
nomask 0.65625 0.36925065517425537 0.31853732466697693 0.960078239440918 0.9355040788650513 
mask 0.9609375 0.6279943585395813 0.40597015619277954 1.0 0.8510090708732605 
