mask 0.69921875 22 10 263 367 
mask 0.94921875 61 62 229 315 
mask 0.9375 62 2 300 244 
nomask 0.9453125 10 13 174 236 
nomask 0.5078125 0 129 221 383 
mask 0.984375 93 0 238 187 
mask 0.63671875 136 13 302 416 
mask 0.96484375 159 68 264 299 
mask 0.984375 0 0 82 316 
mask 0.9765625 0 322 213 427 
mask 0.875 82 289 315 427 
mask 0.984375 238 290 336 427 
mask 0.8515625 4 98 100 351 
mask 0.984375 294 11 336 360 
mask 0.95703125 231 35 336 276 
mask 0.6796875 20 343 273 427 
mask 0.51171875 206 2 336 188 
nomask 0.59765625 30 0 169 177 
mask 0.90625 286 352 336 427 
nomask 0.71484375 0 5 119 247 
mask 0.68359375 233 74 336 418 
mask 0.9765625 3 262 149 427 
mask 0.984375 0 113 52 355 
mask 0.9296875 25 116 156 326 
mask 0.98046875 0 65 134 347 
mask 0.9765625 112 125 240 310 
mask 0.97265625 0 281 114 427 
mask 0.84375 0 244 82 427 
mask 0.55078125 10 280 185 427 
mask 0.98046875 0 187 48 427 
nomask 0.5234375 0 2 228 192 
nomask 0.96875 218 386 336 427 
nomask 0.60546875 0 0 42 259 
