mask 0.8125 0.10241454839706421 0.011650115251541138 0.8674759864807129 0.8828133344650269 
mask 0.95703125 0.06782394647598267 0.8260655999183655 0.8016367554664612 1.0 
mask 0.75 0.6727430820465088 0.31938204169273376 1.0 0.9007216691970825 
mask 0.984375 0.30344101786613464 0.07299700379371643 0.6966158151626587 0.8833401203155518 
mask 0.94921875 0.1399463564157486 0.18439382314682007 0.6386969089508057 0.8036761283874512 
mask 0.984375 0.013163521885871887 0.0699266791343689 0.4679405689239502 0.9359081387519836 
mask 0.984375 0.6491455435752869 0.9048106670379639 1.0 1.0 
mask 0.73046875 0.8513148427009583 0.8261599540710449 1.0 1.0 
nomask 0.8984375 0.6372659206390381 0.007206574082374573 1.0 0.4333903193473816 
mask 0.5546875 0.701644241809845 0.07643839716911316 1.0 0.6533423662185669 
mask 0.95703125 0.4001762270927429 0.0 0.8649044632911682 0.7545571327209473 
mask 0.94921875 0.1665995717048645 0.006009161472320557 0.9607567191123962 0.49129778146743774 
nomask 0.9765625 0.7006839513778687 0.6700560450553894 1.0 1.0 
mask 0.7890625 0.8083674311637878 0.130687415599823 1.0 0.9966688752174377 
mask 0.6875 0.2231190800666809 0.6463314294815063 0.9458618760108948 1.0 
mask 0.96484375 0.35097700357437134 0.311165988445282 0.7309578061103821 0.7255125641822815 
mask 0.83203125 0.0 0.00659450888633728 0.6876038312911987 0.4421038329601288 
mask 0.7421875 0.0 0.6778780817985535 0.5783766508102417 1.0 
mask 0.984375 0.8845922946929932 0.013498544692993164 1.0 0.8844568729400635 
mask 0.5703125 0.0 0.08284837007522583 0.23652464151382446 0.9109229445457458 
mask 0.984375 0.7683730125427246 0.0 1.0 0.6029914617538452 
mask 0.7109375 0.4586470127105713 0.12772062420845032 1.0 1.0 
