mask 0.9765625 0.05836018919944763 0.08622115850448608 0.7764599323272705 0.9218019843101501 
mask 0.984375 0.12995007634162903 0.19331836700439453 0.6396139860153198 0.7736644744873047 
mask 0.984375 0.8680034875869751 0.025886058807373047 1.0 0.8435746431350708 
mask 0.7890625 0.00396960973739624 0.8342694044113159 0.8939858078956604 1.0 
nomask 0.55859375 0.268157958984375 0.1250612437725067 0.7562288045883179 0.6808196306228638 
mask 0.9765625 0.3726648986339569 0.16551914811134338 0.902887225151062 0.7959860563278198 
mask 0.984375 0.6894193291664124 0.08764347434043884 1.0 0.6521942615509033 
mask 0.88671875 0.8067739605903625 0.6185199022293091 1.0 1.0 
mask 0.70703125 0.606367826461792 0.805241584777832 1.0 1.0 
nomask 0.78125 0.44320881366729736 0.1472117006778717 0.8150531053543091 0.5798896551132202 
mask 0.91796875 0.23867914080619812 0.6700560450553894 0.9459458589553833 1.0 
mask 0.97265625 0.0 0.16035333275794983 0.41864025592803955 0.8211261034011841 
mask 0.984375 0.005880415439605713 0.6185199022293091 0.45091935992240906 1.0 
mask 0.984375 0.07967294752597809 0.15272590517997742 0.47646474838256836 0.604546308517456 
mask 0.828125 0.0 0.8060598969459534 0.7129526138305664 1.0 
nomask 0.7734375 0.12234413623809814 0.09915389120578766 0.8339929580688477 0.4756709337234497 
nomask 0.73828125 0.7516212463378906 0.18506431579589844 1.0 0.9557012319564819 
mask 0.94140625 0.0 0.40319323539733887 0.7154229879379272 0.8780903816223145 
mask 0.984375 0.0 0.10107263922691345 0.2425186187028885 0.911415696144104 
mask 0.984375 0.0 0.0 0.5712804198265076 0.6553652286529541 
mask 0.5625 0.5125018358230591 0.015124619007110596 1.0 1.0 
mask 0.984375 0.4267407953739166 0.39613908529281616 0.9456095695495605 0.9869666695594788 
mask 0.984375 0.9048106670379639 0.6491455435752869 1.0 1.0 
nomask 0.578125 0.6491455435752869 0.9048106670379639 1.0 1.0 
nomask 0.54296875 0.23356497287750244 0.30230745673179626 0.7141119837760925 0.953270435333252 
