nomask 0.984375 0.02066439390182495 0.0005409121513366699 0.9303693771362305 0.9504928588867188 
mask 0.984375 0.2886347770690918 0.3161720037460327 0.6223364472389221 0.7129638195037842 
mask 0.6171875 0.2880617380142212 0.7022503018379211 0.9122074842453003 1.0 
mask 0.97265625 0.00659450888633728 0.6279943585395813 0.4421038329601288 1.0 
mask 0.984375 0.12391674518585205 0.0 0.8511374592781067 0.2639893591403961 
mask 0.87109375 0.0 0.8766179084777832 1.0 1.0 
mask 0.515625 0.06509816646575928 0.7136073708534241 0.6546257138252258 1.0 
mask 0.984375 0.035453617572784424 0.012353271245956421 0.6012493371963501 0.6566157341003418 
mask 0.9375 0.0 0.8060598969459534 0.7129526138305664 1.0 
mask 0.82421875 0.873071551322937 0.037473857402801514 1.0 0.819275975227356 
mask 0.8984375 0.0858309417963028 0.0 0.5078506469726562 0.41844111680984497 
nomask 0.90625 0.2797129452228546 0.0 0.8610526323318481 0.6402782201766968 
mask 0.7578125 0.0 0.0 0.3756188452243805 0.3748469352722168 
nomask 0.86328125 0.7079354524612427 0.6700560450553894 1.0 1.0 
mask 0.50390625 0.6491455435752869 0.9048106670379639 1.0 1.0 
nomask 0.83203125 0.4464372396469116 0.07738107442855835 0.9166942834854126 0.8856606483459473 
