mask 0.984375 11 15 407 361 
mask 0.984375 133 84 387 305 
mask 0.9765625 49 47 313 296 
mask 0.984375 195 38 416 402 
mask 0.984375 130 71 565 443 
mask 0.984375 558 376 640 480 
nomask 0.76171875 568 0 640 480 
mask 0.73046875 44 381 515 480 
mask 0.859375 516 20 640 381 
mask 0.5625 0 426 640 480 
mask 0.7734375 397 434 640 480 
mask 0.65234375 74 114 473 340 
mask 0.984375 1 2 174 264 
mask 0.92578125 0 4 428 222 
mask 0.7890625 139 0 556 283 
mask 0.9765625 49 0 325 218 
mask 0.546875 0 193 438 402 
mask 0.984375 423 67 640 471 
mask 0.81640625 0 330 341 480 
mask 0.53125 0 386 442 480 
mask 0.78125 0 4 74 342 
mask 0.96875 0 60 219 408 
mask 0.984375 293 56 640 480 
