nomask 0.984375 0.21566276252269745 0.16169673204421997 0.6859198212623596 0.7091562747955322 
mask 0.984375 0.0 0.17263013124465942 0.5567728281021118 0.9147776961326599 
mask 0.984375 0.2280212938785553 0.0 0.8627389669418335 0.6487753391265869 
mask 0.97265625 0.3021296262741089 0.1233941912651062 0.6066067218780518 0.5412747859954834 
mask 0.9609375 0.7742928862571716 0.8522942066192627 1.0 1.0 
nomask 0.796875 0.047777146100997925 0.8208556175231934 0.8466862440109253 1.0 
mask 0.91796875 0.9048106670379639 0.6491455435752869 1.0 1.0 
nomask 0.5 0.18830034136772156 0.2691381275653839 0.7685954570770264 0.9157618284225464 
mask 0.984375 0.2726421058177948 0.19646018743515015 0.7718584537506104 0.4918102025985718 
mask 0.9765625 0.1795312762260437 0.38567987084388733 0.7238972187042236 0.6810299158096313 
mask 0.984375 0.0780622661113739 0.102712482213974 0.5160683393478394 0.6123764514923096 
mask 0.98046875 0.003668069839477539 0.0 0.4207259714603424 0.7186449766159058 
mask 0.984375 0.20320922136306763 0.11111409962177277 0.7133491635322571 0.38789451122283936 
mask 0.921875 0.0 0.007206574082374573 0.6943406462669373 0.4333903193473816 
mask 0.8046875 0.38834521174430847 0.23259606957435608 0.9686403274536133 1.0 
mask 0.9375 0.40799570083618164 0.032615214586257935 0.6673741340637207 0.5888926982879639 
mask 0.90625 0.23685380816459656 0.21867632865905762 0.5077075958251953 0.7995644807815552 
mask 0.984375 0.31297340989112854 0.31297340989112854 1.0 1.0 
mask 0.93359375 0.010808229446411133 0.5125018358230591 1.0 1.0 
mask 0.97265625 0.13278502225875854 0.28998270630836487 0.642924964427948 0.5917954444885254 
mask 0.984375 0.8385281562805176 0.002221733331680298 1.0 0.873384952545166 
mask 0.62890625 0.6491455435752869 0.09871631860733032 1.0 0.6511784195899963 
mask 0.5703125 0.3640522360801697 0.21756643056869507 0.8214364647865295 0.7614243626594543 
mask 0.98046875 0.6628257036209106 0.7356131672859192 1.0 1.0 
mask 0.78125 0.20713135600090027 0.6537184715270996 0.961849570274353 1.0 
mask 0.984375 0.0 0.645896315574646 0.5778061151504517 1.0 
mask 0.9765625 0.6778792142868042 0.1405324637889862 1.0 0.9815160036087036 
