mask 0.62890625 38 9 226 156 
mask 0.9296875 12 151 226 184 
mask 0.875 74 34 182 123 
nomask 0.63671875 214 156 273 184 
mask 0.59375 21 6 172 118 
nomask 0.62890625 236 4 273 155 
nomask 0.54296875 34 88 165 183 
mask 0.984375 144 8 249 167 
mask 0.98046875 76 101 176 171 
mask 0.9765625 188 15 273 119 
mask 0.55078125 67 0 203 72 
nomask 0.65625 60 22 136 143 
mask 0.796875 89 41 183 184 
mask 0.984375 38 0 232 48 
mask 0.57421875 111 65 259 179 
mask 0.984375 0 1 188 82 
mask 0.73828125 0 0 116 129 
nomask 0.58984375 44 1 256 90 
mask 0.52734375 109 0 231 138 
nomask 0.66796875 183 0 273 92 
mask 0.5390625 55 8 147 97 
nomask 0.85546875 0 20 143 171 
mask 0.984375 0 74 198 156 
mask 0.984375 199 38 273 177 
mask 0.51953125 160 74 273 158 
mask 0.97265625 0 126 149 184 
mask 0.96875 76 129 250 184 
mask 0.984375 122 17 215 119 
mask 0.6875 193 125 273 184 
mask 0.6328125 38 54 232 128 
mask 0.98046875 247 119 273 184 
