mask 0.671875 71 4 394 452 
mask 0.97265625 178 11 407 343 
mask 0.9453125 120 56 319 350 
mask 0.66015625 88 0 387 196 
nomask 0.9296875 330 0 479 295 
mask 0.7890625 14 18 306 317 
mask 0.515625 5 47 213 553 
mask 0.9609375 346 131 479 584 
mask 0.96484375 0 397 258 597 
mask 0.9375 331 390 479 597 
mask 0.9609375 411 20 479 508 
mask 0.94921875 32 493 383 597 
mask 0.95703125 407 493 479 597 
mask 0.61328125 310 540 479 597 
mask 0.64453125 63 182 403 407 
mask 0.984375 219 76 479 597 
mask 0.984375 53 49 215 366 
