mask 0.80859375 100 180 661 1032 
mask 0.95703125 0 512 663 1107 
mask 0.984375 0 0 474 851 
mask 0.84375 196 70 644 736 
mask 0.7734375 0 51 958 856 
mask 0.98046875 57 1046 777 1280 
nomask 0.8046875 233 401 675 1165 
mask 0.984375 753 1090 960 1280 
nomask 0.8984375 0 826 562 1280 
mask 0.9453125 172 224 527 833 
mask 0.828125 303 293 676 872 
mask 0.94921875 774 54 960 1017 
nomask 0.515625 378 78 935 1083 
mask 0.98046875 852 0 960 1280 
nomask 0.79296875 868 830 960 1280 
nomask 0.7890625 154 443 543 1022 
mask 0.96484375 125 223 403 983 
mask 0.8828125 628 169 960 1246 
nomask 0.55078125 0 1030 672 1280 
nomask 0.6640625 256 880 882 1280 
mask 0.5625 86 137 632 484 
nomask 0.890625 86 255 632 625 
nomask 0.9296875 0 267 358 991 
mask 0.9140625 0 129 230 1166 
mask 0.7265625 128 590 960 1280 
mask 0.92578125 300 400 960 1280 
mask 0.9765625 61 296 447 1247 
mask 0.9765625 86 688 831 1191 
mask 0.98046875 0 3 643 560 
