nomask 0.984375 0.22302211821079254 0.3096415400505066 0.680406391620636 0.84185391664505 
mask 0.765625 0.007718786597251892 0.1386457085609436 0.42477667331695557 0.9157976508140564 
mask 0.5234375 0.22465693950653076 0.05483192205429077 0.7568225264549255 0.6740598082542419 
nomask 0.78125 0.4421209692955017 0.15926992893218994 0.9517400860786438 0.8345013856887817 
mask 0.7421875 0.08729137480258942 0.37514621019363403 0.515918493270874 0.8738967776298523 
mask 0.91015625 0.11446812748908997 0.3963060677051544 0.842758059501648 0.9254846572875977 
mask 0.81640625 0.0 0.0 0.45893436670303345 0.6133529543876648 
nomask 0.9453125 0.1426338255405426 0.7297477126121521 0.8698545694351196 1.0 
nomask 0.54296875 0.23325857520103455 0.22474926710128784 0.4983125627040863 0.7574586868286133 
mask 0.921875 0.1130901575088501 0.31195729970932007 0.6232300996780396 0.5828110575675964 
nomask 0.93359375 0.38451191782951355 0.2189210057258606 0.6735376119613647 0.7632869482040405 
mask 0.91796875 0.13934996724128723 0.49425598978996277 0.6494898796081543 0.783281683921814 
mask 0.96875 0.2803102731704712 0.3162873685359955 0.7904502153396606 0.5871411561965942 
nomask 0.93359375 0.27798694372177124 0.3932736814022064 0.7665136456489563 0.6950863599777222 
mask 0.75 0.2974277436733246 0.18254637718200684 0.5953850746154785 0.600426971912384 
nomask 0.84765625 0.09625297784805298 0.2565198540687561 0.4372565746307373 0.6619940400123596 
nomask 0.61328125 0.3770168721675873 0.47659409046173096 0.6881563663482666 0.9129624366760254 
mask 0.9140625 0.32942816615104675 0.32942816615104675 1.0 1.0 
mask 0.65625 0.9048106670379639 0.6491455435752869 1.0 1.0 
mask 0.97265625 0.1795312762260437 0.5965426564216614 0.7238972187042236 0.8615966439247131 
mask 0.95703125 0.047777146100997925 0.8114272356033325 0.8466862440109253 1.0 
nomask 0.65625 0.8888388872146606 0.0 1.0 1.0 
mask 0.62109375 0.22743622958660126 0.42446157336235046 0.48681461811065674 0.9807389974594116 
mask 0.859375 0.238429456949234 0.6380742788314819 0.9305515289306641 1.0 
nomask 0.8125 0.7742928862571716 0.8461483716964722 1.0 1.0 
mask 0.6953125 0.0 0.6139922142028809 0.5856281518936157 1.0 
