nomask 0.984375 0.12946245074272156 0.049363672733306885 0.8781416416168213 0.9205268621444702 
mask 0.984375 0.21595777571201324 0.17335015535354614 0.7147083282470703 0.766395092010498 
mask 0.9609375 0.06357231736183167 0.04873970150947571 0.6053967475891113 0.6524953842163086 
mask 0.734375 0.0 0.10962644219398499 0.5310689210891724 0.9319664239883423 
mask 0.984375 0.045844197273254395 0.8208556175231934 0.8109056353569031 1.0 
mask 0.875 0.8758600354194641 0.03454756736755371 1.0 0.8175928592681885 
mask 0.76953125 0.23867914080619812 0.6463314294815063 0.9459458589553833 1.0 
mask 0.984375 0.0 0.0 0.24002012610435486 0.7581636905670166 
mask 0.6171875 0.7634143829345703 0.0 1.0 0.6029914617538452 
mask 0.88671875 0.6372659206390381 0.007206574082374573 1.0 0.4333903193473816 
mask 0.515625 0.44320881366729736 0.2230987250804901 0.8150531053543091 0.6652443408966064 
mask 0.9609375 0.0 0.4051518440246582 0.7154229879379272 0.8599288463592529 
mask 0.984375 0.17875170707702637 0.0071541666984558105 0.9729088544845581 0.4820513427257538 
nomask 0.5859375 0.0 0.0077526867389678955 0.3472461402416229 0.5859289169311523 
nomask 0.89453125 0.008407458662986755 0.6312047243118286 0.2937411665916443 1.0 
mask 0.85546875 0.0 0.005880415439605713 0.6876038312911987 0.45091935992240906 
mask 0.57421875 0.1877555251121521 0.5807067155838013 0.7937239408493042 1.0 
mask 0.984375 0.0063809603452682495 0.2407536804676056 0.23416884243488312 0.9314653873443604 
mask 0.92578125 0.45639899373054504 0.34071943163871765 0.9067325592041016 0.9916824102401733 
mask 0.984375 0.0 0.34196048974990845 0.3734930455684662 1.0 
mask 0.984375 0.8988957405090332 0.6491455435752869 1.0 1.0 
nomask 0.5390625 0.0 0.019328773021697998 0.13019633293151855 0.7563812136650085 
mask 0.59375 0.16601760685443878 0.21441878378391266 0.5459983944892883 0.6965524554252625 
mask 0.78515625 0.7844611406326294 0.8522942066192627 1.0 1.0 
mask 0.54296875 0.025131940841674805 0.6141323447227478 0.5808414816856384 1.0 
mask 0.984375 0.36190521717071533 0.7138772010803223 0.7502005100250244 1.0 
mask 0.984375 0.40920257568359375 0.0 0.8639795780181885 0.7761837244033813 
mask 0.984375 0.8067739605903625 0.6185199022293091 1.0 1.0 
mask 0.73828125 0.0 0.6778780817985535 0.5783766508102417 1.0 
mask 0.98046875 0.1093691885471344 0.22796854376792908 0.4205087125301361 0.7937642335891724 
mask 0.984375 0.6628257036209106 0.7674988508224487 1.0 1.0 
nomask 0.64453125 0.7163280248641968 0.18261423707008362 1.0 0.9707225561141968 
mask 0.984375 0.5966860055923462 0.40597015619277954 1.0 0.8510090708732605 
