nomask 0.9609375 28 20 439 293 
mask 0.984375 529 286 622 350 
mask 0.5234375 43 278 492 350 
mask 0.98046875 1 0 277 260 
mask 0.94140625 0 1 395 187 
nomask 0.65625 91 66 360 246 
nomask 0.58984375 494 15 622 273 
mask 0.74609375 176 0 410 266 
mask 0.81640625 395 316 622 350 
nomask 0.7734375 59 106 511 238 
mask 0.91015625 552 0 622 350 
mask 0.51171875 0 312 622 350 
mask 0.9140625 205 115 622 350 
mask 0.984375 88 66 449 171 
nomask 0.734375 322 3 622 350 
mask 0.95703125 0 162 415 333 
mask 0.984375 33 75 288 346 
mask 0.984375 146 115 438 329 
mask 0.984375 50 0 318 148 
mask 0.92578125 122 0 545 216 
mask 0.87109375 440 0 622 232 
mask 0.8828125 411 46 622 340 
mask 0.75390625 0 235 336 350 
mask 0.984375 0 281 435 350 
mask 0.984375 157 235 580 350 
mask 0.984375 0 38 194 309 
mask 0.984375 261 51 598 277 
