mask 0.9609375 0.21288397908210754 0.08551895618438721 0.7931791543960571 0.760750412940979 
mask 0.94921875 0.34634286165237427 0.0911916047334671 0.7431346774101257 0.5630013942718506 
mask 0.8984375 0.05633065104484558 0.8114272356033325 0.8381327390670776 1.0 
mask 0.7265625 0.3939467668533325 0.033470213413238525 0.8792353868484497 0.8994516730308533 
mask 0.97265625 0.2152148187160492 0.18152451515197754 0.5772567987442017 0.7003932595252991 
mask 0.984375 0.0 0.7653650641441345 0.6087074875831604 1.0 
mask 0.7890625 0.7089178562164307 0.17399173974990845 1.0 0.9793450236320496 
mask 0.9609375 0.5845338106155396 0.4051518440246582 1.0 0.8599288463592529 
mask 0.67578125 0.0855063796043396 0.04001873731613159 0.6157287359237671 0.6181949377059937 
mask 0.94140625 0.14106124639511108 0.0 0.8527100682258606 0.2641274034976959 
mask 0.8828125 0.007206574082374573 0.09135040640830994 0.4333903193473816 0.938788652420044 
mask 0.87109375 0.6932737827301025 0.0 1.0 0.6083487272262573 
mask 0.60546875 0.13166745007038116 0.34210270643234253 0.6197382807731628 0.8978610634803772 
mask 0.984375 0.18342271447181702 0.010059863328933716 0.9439336061477661 0.4953484833240509 
mask 0.75390625 0.36188894510269165 0.2565332353115082 0.7085921168327332 0.7221781015396118 
mask 0.984375 0.0 0.005880415439605713 0.7030293345451355 0.45091935992240906 
mask 0.95703125 0.21520592272281647 0.05559934675693512 0.5401108264923096 0.5015161037445068 
mask 0.52734375 0.25376272201538086 0.0 0.7400085926055908 0.3882601261138916 
mask 0.8125 0.0 0.401919424533844 0.7181006669998169 0.846958339214325 
mask 0.984375 0.9048106670379639 0.6491455435752869 1.0 1.0 
nomask 0.53125 0.6361004710197449 0.9048106670379639 1.0 1.0 
mask 0.703125 0.8479565382003784 0.0209771990776062 1.0 0.8734862208366394 
mask 0.84375 0.6776295900344849 0.6541534662246704 1.0 1.0 
mask 0.703125 0.23094111680984497 0.661975622177124 0.9536839127540588 1.0 
mask 0.96484375 0.005880415439605713 0.6279943585395813 0.45091935992240906 1.0 
