mask 0.671875 7 26 183 279 
mask 0.984375 11 248 206 303 
mask 0.6328125 61 82 151 219 
mask 0.90625 10 37 127 206 
mask 0.80859375 212 1 244 277 
mask 0.6796875 6 195 135 303 
mask 0.984375 0 0 151 159 
nomask 0.984375 60 0 215 187 
nomask 0.88671875 125 4 244 303 
mask 0.97265625 83 66 176 206 
mask 0.90625 0 121 174 268 
mask 0.984375 167 47 244 297 
mask 0.578125 0 206 131 303 
mask 0.984375 2 52 77 227 
mask 0.9453125 25 29 203 143 
nomask 0.98046875 0 244 171 303 
mask 0.80078125 22 74 105 238 
mask 0.984375 65 217 224 303 
mask 0.9765625 161 225 244 303 
nomask 0.94921875 0 90 168 212 
mask 0.984375 197 187 244 303 
nomask 0.73828125 161 26 244 197 
nomask 0.73828125 20 95 140 280 
mask 0.984375 207 247 244 303 
nomask 0.66796875 158 274 244 303 
