nomask 0.7890625 16 3 187 243 
mask 0.9765625 0 0 89 38 
nomask 0.8359375 0 0 119 57 
mask 0.55078125 0 0 137 121 
nomask 0.98046875 29 0 164 112 
nomask 0.5078125 26 0 142 44 
nomask 0.5 14 213 164 258 
mask 0.8203125 61 113 137 215 
mask 0.97265625 33 0 136 87 
mask 0.625 16 4 115 172 
mask 0.9375 184 11 209 208 
mask 0.640625 0 0 91 87 
nomask 0.90625 0 0 65 87 
nomask 0.54296875 43 0 101 104 
nomask 0.515625 0 20 99 115 
nomask 0.78515625 0 0 30 82 
nomask 0.703125 65 0 121 117 
nomask 0.80859375 83 4 194 167 
nomask 0.52734375 0 14 49 237 
mask 0.9609375 0 19 60 96 
nomask 0.72265625 17 0 101 22 
nomask 0.9296875 0 0 35 130 
nomask 0.7109375 94 80 190 255 
mask 0.984375 155 0 209 148 
nomask 0.71875 18 5 89 115 
nomask 0.640625 1 13 98 246 
mask 0.984375 140 84 209 230 
mask 0.9296875 51 10 156 174 
mask 0.62890625 57 0 124 67 
nomask 0.5703125 0 196 130 258 
mask 0.984375 2 159 93 258 
mask 0.97265625 46 191 204 258 
mask 0.98046875 151 179 209 258 
nomask 0.51953125 0 18 120 91 
nomask 0.58203125 3 0 54 72 
mask 0.734375 0 4 76 65 
mask 0.6015625 168 30 209 254 
mask 0.91796875 75 56 147 161 
nomask 0.59765625 84 159 181 258 
mask 0.984375 0 7 26 185 
mask 0.78515625 0 0 52 53 
mask 0.625 16 0 88 60 
mask 0.65625 64 78 129 188 
mask 0.94921875 177 213 209 258 
mask 0.64453125 135 233 209 258 
