nomask 0.984375 0.4718572199344635 0.053717851638793945 0.8897378444671631 0.5399637222290039 
mask 0.96484375 0.608881413936615 0.03740641474723816 1.0 0.5562751293182373 
mask 0.859375 0.37959325313568115 0.0 0.7900605201721191 0.43158769607543945 
mask 0.9765625 0.2559063732624054 0.1503962278366089 0.8116159439086914 0.7696241140365601 
mask 0.984375 0.6181524991989136 0.0 1.0 0.3992343544960022 
nomask 0.65625 0.7423193454742432 0.0 1.0 0.4791233539581299 
nomask 0.96484375 0.5719347596168518 0.10831716656684875 1.0 0.3733711540699005 
nomask 0.84375 0.3634779155254364 0.0 1.0 0.27669858932495117 
nomask 0.65625 0.59745854139328 0.0 0.8890357613563538 0.30548930168151855 
nomask 0.94140625 0.8798547387123108 0.17590251564979553 0.9913645386695862 0.8817280530929565 
mask 0.69921875 0.7454240322113037 0.11552509665489197 0.9884945154190063 0.709123969078064 
mask 0.84765625 0.5255966186523438 0.0 0.9715133905410767 0.177139550447464 
mask 0.62890625 0.6173127293586731 0.10792598128318787 0.8711370825767517 0.664203405380249 
mask 0.984375 0.34645897150039673 0.0 0.7828273177146912 0.17183171212673187 
mask 0.88671875 0.4922523498535156 0.0 0.8188085556030273 0.2415771782398224 
mask 0.8671875 0.5235621929168701 0.11970999836921692 0.7886161804199219 0.6524194478988647 
mask 0.984375 0.39853426814079285 0.2916736602783203 0.9312436580657959 0.5684540867805481 
mask 0.984375 0.20055872201919556 0.0 0.8239421248435974 0.29730224609375 
mask 0.57421875 0.44473257660865784 0.14122962951660156 0.6825982332229614 0.7096792459487915 
mask 0.984375 0.8387526869773865 0.09464475512504578 1.0 0.591530442237854 
mask 0.72265625 0.576505184173584 0.0010113716125488281 1.0 0.45578840374946594 
mask 0.84765625 0.7516212463378906 0.0 1.0 0.5930742025375366 
mask 0.62890625 0.5353729724884033 0.0 0.7681452035903931 0.3385356068611145 
mask 0.7734375 0.6168924570083618 0.15591323375701904 1.0 0.7886907458305359 
mask 0.97265625 0.5240064859390259 0.33195313811302185 1.0 0.6555325984954834 
mask 0.9296875 0.3514215648174286 0.19708481431007385 0.8506379127502441 0.47386524081230164 
mask 0.984375 0.3286688029766083 0.11525054275989532 0.6331459283828735 0.5709246397018433 
mask 0.98046875 0.596170961856842 0.15084604918956757 0.8247309327125549 0.4287008047103882 
mask 0.96484375 0.41951385140419006 0.0 0.6987377405166626 0.29373449087142944 
