nomask 0.55078125 3 15 192 308 
mask 0.984375 41 21 172 224 
mask 0.8984375 13 265 183 322 
nomask 0.546875 149 291 231 322 
nomask 0.8046875 197 3 231 272 
mask 0.6875 201 255 231 322 
nomask 0.6171875 10 43 120 218 
mask 0.9296875 165 69 231 308 
mask 0.76953125 18 95 202 222 
mask 0.984375 0 219 126 322 
mask 0.984375 94 55 217 271 
mask 0.984375 63 221 213 322 
mask 0.98046875 109 118 227 316 
mask 0.984375 165 219 231 322 
nomask 0.78515625 135 130 231 279 
mask 0.9765625 0 259 164 322 
nomask 0.58984375 4 0 135 132 
mask 0.625 0 9 89 170 
mask 0.546875 0 11 27 233 
mask 0.8125 38 1 221 148 
nomask 0.76171875 139 2 231 142 
nomask 0.75 33 148 231 322 
mask 0.984375 0 32 56 299 
