nomask 0.6015625 0.2871796190738678 0.26597005128860474 0.7065917253494263 0.7646767497062683 
mask 0.9453125 0.14348256587982178 0.10166096687316895 0.7606187462806702 0.8197606801986694 
mask 0.96484375 0.44129225611686707 0.39416393637657166 0.9218392372131348 0.95360267162323 
mask 0.93359375 0.03748980164527893 0.36210402846336365 0.6053590774536133 0.9948815107345581 
mask 0.7421875 0.38072654604911804 0.1995505690574646 0.8825337886810303 0.8095855116844177 
mask 0.8671875 0.41510283946990967 0.16002848744392395 0.6689271926879883 0.6813310384750366 
mask 0.6796875 0.07825377583503723 0.14403605461120605 0.47142860293388367 0.8871694803237915 
mask 0.88671875 0.04539680480957031 0.3242412209510803 0.698021650314331 0.6695300936698914 
mask 0.64453125 0.452557772397995 0.04173031449317932 0.9028912782669067 0.613410472869873 
nomask 0.51171875 0.30000513792037964 0.2152034342288971 0.8101450800895691 0.48605719208717346 
nomask 0.515625 0.06967920064926147 0.04786264896392822 0.5455130934715271 0.5780850052833557 
nomask 0.66015625 0.3321039080619812 0.7609296441078186 0.8079378008842468 0.9957568049430847 
nomask 0.7890625 0.3201753497123718 0.4946401119232178 0.7677657008171082 0.993390679359436 
mask 0.953125 0.5184382200241089 0.010808229446411133 1.0 1.0 
mask 0.76953125 0.2763271629810333 0.6278387904167175 0.8206931352615356 0.8606110215187073 
mask 0.9765625 0.2484138309955597 0.2755904495716095 0.5134677886962891 0.8082998991012573 
mask 0.94140625 0.32942816615104675 0.32942816615104675 1.0 1.0 
mask 0.890625 0.9048106670379639 0.6491455435752869 1.0 1.0 
mask 0.8984375 0.0 0.8938673734664917 1.0 1.0 
nomask 0.9140625 0.8365952968597412 0.002120405435562134 1.0 0.854629397392273 
mask 0.56640625 0.3572993874549866 0.30979225039482117 0.867439329624176 0.5806460380554199 
mask 0.50390625 0.6622351408004761 0.6385093927383423 1.0 1.0 
mask 0.62890625 0.29660505056381226 0.652908444404602 0.9036641716957092 1.0 
mask 0.796875 0.0 0.6380742788314819 0.5861987471580505 1.0 
mask 0.61328125 0.6854516267776489 0.14953646063804626 1.0 0.9725120067596436 
mask 0.7109375 0.22290408611297607 0.4852233827114105 0.7330440282821655 0.7620037794113159 
mask 0.98046875 0.5167392492294312 0.11628121137619019 0.765128493309021 0.6725586652755737 
mask 0.8671875 0.0040825605392456055 0.0 0.41221004724502563 0.7101423740386963 
nomask 0.6171875 0.11696425080299377 0.4028036296367645 0.4022979438304901 0.8684484958648682 
mask 0.8984375 0.33184969425201416 0.17217475175857544 0.580238938331604 0.6823146939277649 
nomask 0.87109375 0.34963127970695496 0.39712968468666077 0.8488476276397705 0.6739101409912109 
mask 0.93359375 0.06440657377243042 0.8041490912437439 0.784940242767334 1.0 
nomask 0.9453125 0.21541008353233337 0.16254714131355286 0.5133674144744873 0.5989154577255249 
nomask 0.7421875 0.7742928862571716 0.8522942066192627 1.0 1.0 
mask 0.9375 0.21806401014328003 0.5422286987304688 0.5160213708877563 0.9979027509689331 
mask 0.953125 0.0041814446449279785 0.5125018358230591 1.0 1.0 
mask 0.92578125 0.3410474359989166 0.38991641998291016 0.5599238872528076 0.6677712202072144 
