nomask 0.53515625 261 44 707 721 
nomask 0.55859375 373 132 671 594 
nomask 0.74609375 476 143 720 795 
nomask 0.77734375 534 0 720 595 
nomask 0.60546875 281 106 565 604 
nomask 0.6796875 128 0 700 476 
nomask 0.8125 425 8 720 445 
nomask 0.90234375 515 185 720 913 
mask 0.7890625 166 612 675 960 
mask 0.6640625 614 3 720 858 
mask 0.5234375 0 804 650 960 
mask 0.7890625 613 793 720 960 
nomask 0.92578125 254 78 492 839 
nomask 0.53515625 397 249 720 682 
mask 0.5859375 336 330 667 903 
nomask 0.546875 361 245 600 673 
mask 0.5390625 0 3 523 403 
nomask 0.87109375 333 96 720 374 
nomask 0.66015625 346 0 657 422 
nomask 0.9375 96 380 720 856 
mask 0.9375 632 29 720 664 
nomask 0.734375 427 385 720 813 
mask 0.89453125 0 650 423 960 
mask 0.5234375 485 84 720 626 
nomask 0.85546875 515 660 720 960 
nomask 0.94921875 162 241 641 683 
mask 0.890625 467 868 720 960 
