nomask 0.984375 0.11211466789245605 0.22429999709129333 0.7587383389472961 0.9605998992919922 
mask 0.7578125 0.005880415439605713 0.5915378928184509 0.45091935992240906 1.0 
mask 0.984375 0.1645849496126175 0.33794838190078735 0.5700591802597046 0.8524290919303894 
mask 0.92578125 0.011204883456230164 0.12145441770553589 0.48610204458236694 0.9329889416694641 
nomask 0.50390625 0.0 0.4007894992828369 0.6943406462669373 0.896696925163269 
mask 0.95703125 0.8470816612243652 0.002120405435562134 1.0 0.854629397392273 
mask 0.84375 0.0 0.2630006670951843 0.2488042116165161 1.0 
mask 0.9609375 0.00396960973739624 0.8342694044113159 0.8939858078956604 1.0 
mask 0.9296875 0.6491455435752869 0.1046312153339386 1.0 0.6452635526657104 
mask 0.91015625 0.34539079666137695 0.189999520778656 0.9132601022720337 0.8652309775352478 
mask 0.9296875 0.0 0.040293604135513306 0.9987286925315857 0.6693732738494873 
nomask 0.68359375 0.35881662368774414 0.27212634682655334 0.7306609153747559 0.7142720222473145 
mask 0.64453125 0.6776295900344849 0.6544118523597717 1.0 1.0 
mask 0.58984375 0.24625149369239807 0.6385093927383423 0.9383735656738281 1.0 
mask 0.97265625 0.0 0.8060598969459534 0.6911187171936035 1.0 
mask 0.984375 0.7317867279052734 0.17514705657958984 1.0 0.9457839727401733 
mask 0.76171875 0.0 0.31491273641586304 0.6900994181632996 0.6914297938346863 
nomask 0.546875 0.13862770795822144 0.30878713726997375 0.4036816954612732 0.942211389541626 
mask 0.81640625 0.0 0.18664279580116272 0.38233503699302673 0.819420337677002 
mask 0.6953125 0.0 0.0 0.45893436670303345 0.6376068592071533 
nomask 0.7890625 0.18809741735458374 0.5202401876449585 0.781090259552002 1.0 
mask 0.9765625 0.13327530026435852 0.7328904867172241 0.8604960441589355 1.0 
mask 0.984375 0.006693214178085327 0.5638073682785034 0.5869883298873901 1.0 
mask 0.98046875 0.2735762298107147 0.07858055830001831 0.7048302888870239 0.638019323348999 
nomask 0.55078125 0.5184382200241089 0.0 1.0 1.0 
mask 0.83984375 0.0 0.5125018358230591 1.0 1.0 
mask 0.96875 0.32942816615104675 0.32942816615104675 1.0 1.0 
mask 0.83203125 0.8470816612243652 0.8022998571395874 1.0 1.0 
mask 0.875 0.6361004710197449 0.9048106670379639 1.0 1.0 
