mask 0.6171875 31 9 310 460 
mask 0.98046875 21 381 252 475 
mask 0.84375 130 22 315 335 
nomask 0.5625 58 1 318 222 
nomask 0.6015625 222 369 327 475 
nomask 0.96484375 286 20 327 384 
mask 0.94921875 72 303 309 475 
mask 0.984375 1 0 137 339 
mask 0.9453125 263 288 327 475 
mask 0.734375 118 149 230 342 
mask 0.52734375 225 0 327 235 
mask 0.79296875 0 413 327 475 
mask 0.7734375 0 52 179 442 
mask 0.984375 259 401 327 475 
mask 0.6328125 63 139 169 365 
mask 0.94921875 91 202 205 391 
mask 0.984375 250 109 327 454 
mask 0.984375 206 192 327 404 
mask 0.984375 0 3 228 209 
mask 0.84765625 65 27 259 346 
nomask 0.58203125 247 48 327 450 
mask 0.984375 0 319 158 475 
mask 0.984375 0 382 229 475 
mask 0.703125 292 314 327 475 
