mask 0.96875 159 74 791 810 
mask 0.92578125 314 192 695 645 
mask 0.64453125 694 199 960 912 
mask 0.59375 394 23 855 634 
mask 0.8046875 658 635 960 960 
mask 0.5703125 817 24 960 809 
mask 0.7890625 61 771 753 960 
mask 0.53515625 610 868 960 960 
nomask 0.5 868 623 960 960 
mask 0.984375 195 132 535 609 
mask 0.7734375 0 652 525 960 
mask 0.90625 269 674 882 960 
mask 0.86328125 77 88 462 865 
mask 0.96484375 185 178 719 474 
nomask 0.96484375 0 852 960 960 
mask 0.53515625 257 297 955 650 
mask 0.77734375 464 123 741 718 
mask 0.75390625 440 113 960 960 
mask 0.89453125 717 79 960 856 
mask 0.625 23 265 617 942 
mask 0.796875 260 286 693 859 
mask 0.92578125 561 385 960 821 
mask 0.98046875 120 513 833 867 
mask 0.69140625 372 356 903 899 
mask 0.94140625 0 0 597 490 
nomask 0.73828125 3 0 403 678 
mask 0.8984375 159 4 922 480 
nomask 0.93359375 238 0 715 352 
nomask 0.953125 298 79 754 419 
mask 0.5078125 694 0 960 559 
