mask 0.62890625 31 8 316 469 
mask 0.9765625 75 106 231 388 
mask 0.95703125 124 20 309 333 
mask 0.76171875 27 52 199 412 
mask 0.9296875 72 295 309 475 
mask 0.984375 263 288 327 475 
mask 0.828125 289 20 327 384 
mask 0.94921875 0 413 327 475 
mask 0.83984375 259 401 327 475 
mask 0.8984375 0 3 224 209 
nomask 0.62890625 2 293 141 475 
mask 0.984375 124 146 230 349 
mask 0.7109375 292 314 327 475 
mask 0.671875 30 90 139 359 
mask 0.9609375 1 0 137 343 
mask 0.94140625 58 2 318 214 
nomask 0.6953125 0 76 129 390 
mask 0.984375 198 382 327 475 
mask 0.703125 247 112 327 457 
mask 0.984375 199 190 327 406 
mask 0.984375 17 387 252 475 
mask 0.90234375 0 48 80 441 
