mask 0.87890625 0.017956405878067017 0.02425512671470642 0.6371842622756958 0.7605550289154053 
mask 0.984375 0.6210848689079285 0.9048106670379639 1.0 1.0 
mask 0.92578125 0.0 0.8878229856491089 1.0 1.0 
mask 0.828125 0.8385281562805176 0.011650115251541138 1.0 0.8828133344650269 
mask 0.7890625 0.07739067077636719 0.09978625178337097 0.48964202404022217 0.6186549663543701 
mask 0.984375 0.12847548723220825 0.09360000491142273 0.899708092212677 0.9345835447311401 
mask 0.984375 0.6491455435752869 0.09871631860733032 1.0 0.6511784195899963 
mask 0.60546875 0.8517708778381348 0.8174054026603699 1.0 1.0 
nomask 0.54296875 0.2080620676279068 0.1705530732870102 0.6048538684844971 0.6423628330230713 
mask 0.984375 0.3016067445278168 0.07144597172737122 0.6544510126113892 0.8474569320678711 
mask 0.984375 0.08764347434043884 0.674403727054596 0.6521942615509033 1.0 
nomask 0.94140625 0.13019013404846191 0.4609558582305908 1.0 1.0 
mask 0.97265625 0.0 0.08284837007522583 0.2490958273410797 0.9109229445457458 
mask 0.85546875 0.0 0.17887476086616516 0.4049058258533478 0.782630443572998 
mask 0.984375 0.0972432792186737 0.06955640017986298 0.8403767347335815 0.48012596368789673 
mask 0.953125 0.0 0.661975622177124 0.5712804198265076 1.0 
nomask 0.97265625 0.0 0.805241584777832 0.6911187171936035 1.0 
mask 0.90625 0.6544971466064453 0.13271036744117737 1.0 0.9736939668655396 
mask 0.84765625 0.0 0.40263354778289795 0.6845247745513916 0.8381428718566895 
mask 0.984375 0.0 0.03352010250091553 0.41492724418640137 0.5140671133995056 
mask 0.8515625 0.2733526825904846 0.0 0.8674128651618958 0.6402782201766968 
mask 0.984375 0.07265432178974152 0.0 0.5133448839187622 0.45503202080726624 
nomask 0.59765625 0.0797542929649353 0.3134603500366211 0.8391485810279846 0.6740253567695618 
mask 0.984375 0.4586470127105713 0.1323009431362152 1.0 1.0 
