mask 0.98046875 58 21 196 147 
mask 0.7421875 71 17 172 107 
mask 0.58984375 229 0 259 194 
mask 0.609375 217 157 259 194 
mask 0.796875 1 17 116 182 
mask 0.765625 103 4 231 125 
mask 0.75390625 187 37 259 187 
mask 0.546875 78 46 166 139 
mask 0.625 206 8 259 154 
mask 0.61328125 25 8 159 120 
nomask 0.69921875 1 163 231 194 
nomask 0.68359375 164 175 259 194 
nomask 0.640625 21 130 167 194 
mask 0.90234375 0 6 256 128 
nomask 0.6328125 62 26 134 143 
nomask 0.625 51 21 189 73 
mask 0.66796875 187 0 259 114 
mask 0.61328125 0 78 183 163 
mask 0.921875 120 43 203 148 
nomask 0.546875 90 50 247 186 
mask 0.96875 53 0 191 53 
mask 0.6796875 195 34 255 171 
mask 0.6171875 0 1 178 85 
mask 0.8359375 0 133 141 194 
mask 0.88671875 74 0 183 82 
mask 0.703125 67 137 239 194 
mask 0.890625 171 143 259 194 
mask 0.8203125 40 67 158 169 
mask 0.71484375 145 78 259 168 
mask 0.6171875 85 0 148 96 
mask 0.85546875 208 118 259 194 
mask 0.5546875 78 13 258 90 
mask 0.890625 37 89 259 194 
mask 0.91015625 81 60 259 194 
mask 0.96875 3 60 184 131 
mask 0.703125 73 60 258 130 
mask 0.8203125 29 37 170 93 
