mask 0.984375 0.20851671695709229 0.08336883783340454 0.799506425857544 0.7860918641090393 
mask 0.984375 0.2747117877006531 0.1752016395330429 0.6890584230422974 0.6678851246833801 
mask 0.984375 0.5311510562896729 0.3685385286808014 0.6300649642944336 0.48117026686668396 
nomask 0.76171875 0.7844611406326294 0.8522942066192627 1.0 1.0 
nomask 0.80078125 0.05633065104484558 0.8114272356033325 0.8381327390670776 1.0 
mask 0.83984375 0.8599750399589539 0.02560010552406311 1.0 0.8611809015274048 
mask 0.61328125 0.3845677077770233 0.024423182010650635 0.8863749504089355 0.6614471077919006 
mask 0.95703125 0.9048106670379639 0.6341299414634705 1.0 1.0 
mask 0.60546875 0.12145441770553589 0.3991425037384033 0.9329889416694641 0.8740396499633789 
mask 0.984375 0.4723040759563446 0.22382116317749023 0.7834435701370239 0.7656455636024475 
mask 0.984375 0.0 0.1505255103111267 0.6096649169921875 0.9558787941932678 
mask 0.984375 0.7010958194732666 0.0 1.0 0.6083487272262573 
mask 0.62109375 0.3052155375480652 0.0879187136888504 0.7810494303703308 0.45788270235061646 
nomask 0.52734375 0.0 0.0 0.5869245529174805 0.6012723445892334 
mask 0.9296875 0.3760533630847931 0.25062087178230286 0.9563485383987427 0.9711545705795288 
mask 0.984375 0.21520592272281647 0.05559934675693512 0.5401108264923096 0.5015161037445068 
mask 0.92578125 0.2850998342037201 0.30496475100517273 0.7163538932800293 0.8891540765762329 
mask 0.984375 0.010808229446411133 0.5125018358230591 1.0 1.0 
mask 0.984375 0.6619113087654114 0.09368783235549927 1.0 0.6461499333381653 
mask 0.6484375 0.0 0.03526511788368225 0.9915623664855957 0.6643447875976562 
mask 0.984375 0.6700571775436401 0.6541534662246704 1.0 1.0 
nomask 0.671875 0.23094111680984497 0.661975622177124 0.9536839127540588 1.0 
mask 0.9765625 0.0 0.6697976589202881 0.5856281518936157 1.0 
mask 0.984375 0.24408376216888428 0.1352904736995697 0.509137749671936 0.7418781518936157 
mask 0.9609375 0.6935234069824219 0.16518059372901917 1.0 0.9881561994552612 
mask 0.6796875 0.2858757972717285 0.0 0.7078955173492432 0.42430245876312256 
mask 0.50390625 0.5845338106155396 0.4051518440246582 1.0 0.8599288463592529 
mask 0.9140625 0.4996403455734253 0.325491338968277 0.6612962484359741 0.5263127088546753 
