nomask 0.984375 0.13819292187690735 0.0071163177490234375 0.9044709205627441 0.8796647191047668 
mask 0.984375 0.2744832932949066 0.09914857149124146 0.7952994108200073 0.6794946789741516 
mask 0.98046875 0.5180410742759705 0.05477270483970642 0.919819176197052 0.8828473091125488 
mask 0.9765625 0.07228478789329529 0.14400845766067505 0.650460958480835 0.7744753956794739 
mask 0.984375 0.001276552677154541 0.8342694044113159 0.8722348809242249 1.0 
nomask 0.75390625 0.1399463564157486 0.026419520378112793 0.6386969089508057 0.5586318969726562 
mask 0.9453125 0.23085710406303406 0.6463314294815063 0.9381238222122192 1.0 
mask 0.94921875 0.6465251445770264 0.19609418511390686 1.0 0.7869217395782471 
mask 0.97265625 0.8813073635101318 0.10420915484428406 1.0 0.8254791498184204 
mask 0.703125 0.1346774697303772 0.29599660634994507 0.8778108954429626 0.6977747082710266 
mask 0.984375 0.8470816612243652 0.8208556175231934 1.0 1.0 
mask 0.66796875 0.8648804426193237 0.029608100652694702 1.0 0.8459985256195068 
mask 0.8046875 0.6491455435752869 0.9048106670379639 1.0 1.0 
nomask 0.6953125 0.5629671812057495 0.19823265075683594 0.9190573692321777 0.6599395871162415 
mask 0.86328125 0.2412361055612564 0.000919826328754425 0.507318913936615 0.07836127281188965 
nomask 0.8671875 0.7157574892044067 0.6700560450553894 1.0 1.0 
mask 0.828125 0.2429179549217224 0.0 0.6755959391593933 0.3685816526412964 
nomask 0.90625 0.2000473439693451 0.0 0.8060157299041748 0.4919688403606415 
nomask 0.7734375 0.20271089673042297 0.2406766712665558 0.5419901609420776 0.7595454454421997 
mask 0.984375 0.0 0.6857854127883911 0.5869245529174805 1.0 
mask 0.79296875 0.7314016819000244 0.19887417554855347 1.0 0.9701067805290222 
mask 0.96484375 0.726277768611908 0.3956778049468994 0.9879459738731384 1.0 
mask 0.96484375 0.6185199022293091 0.40597015619277954 1.0 0.8510090708732605 
mask 0.97265625 0.08475646376609802 0.4007894992828369 0.9696868658065796 0.896696925163269 
mask 0.984375 0.009931132197380066 0.08207881450653076 0.4549700617790222 0.9480602741241455 
mask 0.984375 0.0 0.32560616731643677 0.6582938432693481 0.8944975733757019 
mask 0.984375 0.7235795259475708 0.0 1.0 0.5930383205413818 
mask 0.875 0.45336318016052246 0.06984353065490723 0.8501549959182739 0.5315504670143127 
mask 0.703125 0.08505493402481079 0.0 0.5163090229034424 0.4012552499771118 
nomask 0.69921875 0.14106124639511108 0.0 0.8527100682258606 0.25773799419403076 
mask 0.52734375 0.0 0.00659450888633728 0.7119081020355225 0.4421038329601288 
mask 0.64453125 0.0 0.0 0.49002355337142944 0.6228259801864624 
mask 0.98046875 0.45075154304504395 0.2708669602870941 0.8225958347320557 0.7130125761032104 
mask 0.984375 0.2942745089530945 0.001577865332365036 0.46056610345840454 0.05214181914925575 
nomask 0.91015625 0.16783511638641357 0.0 0.7487232685089111 0.14693230390548706 
nomask 0.625 0.7509610652923584 0.09220689535140991 1.0 0.9202814698219299 
