nomask 0.984375 0.0666339099407196 0.03009277582168579 0.865543007850647 0.9397977590560913 
mask 0.7109375 0.22198355197906494 0.1811639368534088 0.6996033191680908 0.7615100145339966 
nomask 0.71484375 0.8593432903289795 0.025886058807373047 1.0 0.8435746431350708 
mask 0.703125 0.06440657377243042 0.8041490912437439 0.784940242767334 1.0 
nomask 0.90625 0.11596038937568665 0.07709495723247528 0.8590937852859497 0.47887301445007324 
nomask 0.984375 0.6932737827301025 0.0 1.0 0.6239928603172302 
nomask 0.76171875 0.8988957405090332 0.6491455435752869 1.0 1.0 
nomask 0.63671875 0.0 0.8766179084777832 1.0 1.0 
nomask 0.90625 0.4586470127105713 0.12772062420845032 1.0 1.0 
mask 0.671875 0.0 0.0 0.5721582174301147 0.6321487426757812 
nomask 0.53125 0.6894193291664124 0.08261498808860779 1.0 0.6471657752990723 
nomask 0.92578125 0.7006839513778687 0.6622338891029358 1.0 1.0 
nomask 0.6640625 0.2231190800666809 0.6224300861358643 0.9458618760108948 1.0 
nomask 0.5625 0.12531894445419312 0.29599660634994507 0.8684523701667786 0.6977747082710266 
mask 0.92578125 0.606367826461792 0.8108246922492981 1.0 1.0 
nomask 0.984375 0.0 0.6700560450553894 0.5869245529174805 1.0 
mask 0.73046875 0.0 0.8060598969459534 0.7129526138305664 1.0 
nomask 0.78515625 0.05082467198371887 0.15246200561523438 0.4888307750225067 0.7328081130981445 
mask 0.953125 0.6778792142868042 0.18181383609771729 1.0 0.9871671199798584 
nomask 0.56640625 0.5966860055923462 0.4051518440246582 1.0 0.8599288463592529 
mask 0.67578125 0.357412725687027 0.00244179368019104 0.9504055976867676 0.7387417554855347 
mask 0.92578125 0.7844611406326294 0.8522942066192627 1.0 1.0 
nomask 0.8984375 0.4622753858566284 0.1424778699874878 0.8261573314666748 0.5846235156059265 
