mask 0.734375 0.18890687823295593 0.08263924717903137 0.8843933343887329 0.8919073343276978 
mask 0.9609375 0.001276552677154541 0.8425012826919556 0.8722348809242249 1.0 
mask 0.81640625 0.8748881816864014 0.025887399911880493 1.0 0.8089326620101929 
mask 0.84375 0.016320854425430298 0.0 0.6732321977615356 0.9808263778686523 
mask 0.97265625 0.3608742356300354 0.22426947951316833 0.7308382391929626 0.689914345741272 
mask 0.7421875 0.14106124639511108 0.09503450989723206 0.8527100682258606 0.4797903001308441 
nomask 0.953125 0.0 0.805241584777832 0.7032708525657654 1.0 
mask 0.83203125 0.17589901387691498 0.150020569562912 0.5813732147216797 0.5921661853790283 
mask 0.8125 0.2774174213409424 0.594208836555481 0.708671510219574 1.0 
mask 0.9609375 0.4835461378097534 0.09174326062202454 0.9409303665161133 0.6596624851226807 
mask 0.73828125 0.08319762349128723 0.34000658988952637 0.5335311889648438 0.9770305156707764 
mask 0.984375 0.8661545515060425 0.7821896076202393 1.0 1.0 
