nomask 0.9296875 134 11 355 268 
mask 0.9296875 81 0 302 217 
mask 0.9296875 64 0 426 337 
mask 0.96875 176 37 474 385 
mask 0.90625 2 34 223 291 
mask 0.97265625 194 0 338 143 
nomask 0.984375 177 2 439 130 
nomask 0.77734375 253 0 378 233 
mask 0.98046875 124 18 246 311 
mask 0.96875 21 71 276 375 
mask 0.953125 124 153 493 327 
nomask 0.55859375 356 0 493 294 
nomask 0.515625 173 94 430 234 
mask 0.8984375 273 50 453 263 
mask 0.87109375 411 8 493 429 
nomask 0.94921875 21 411 398 493 
nomask 0.640625 118 0 337 88 
nomask 0.984375 415 407 493 493 
nomask 0.98046875 92 143 378 274 
mask 0.94921875 69 230 493 493 
mask 0.640625 154 154 493 493 
mask 0.50390625 206 40 334 320 
mask 0.87890625 237 68 387 313 
mask 0.984375 184 25 399 212 
mask 0.54296875 108 2 349 139 
nomask 0.984375 225 0 447 199 
mask 0.6015625 320 48 493 321 
mask 0.87109375 163 47 290 333 
