nomask 0.6015625 0.04842507839202881 0.001283109188079834 0.9780358076095581 0.9308938384056091 
mask 0.984375 0.05826064944267273 0.8041490912437439 0.7787942886352539 1.0 
nomask 0.734375 0.28996336460113525 0.0 0.9103058576583862 0.664845883846283 
mask 0.90625 0.1914871633052826 0.6302522420883179 0.9462053775787354 1.0 
mask 0.984375 0.8645861148834229 0.001276552677154541 1.0 0.8722348809242249 
nomask 0.62109375 0.802723228931427 0.0 1.0 0.7181006669998169 
nomask 0.78125 0.6615701913833618 0.00659450888633728 1.0 0.4421038329601288 
nomask 0.89453125 0.8067739605903625 0.6185199022293091 1.0 1.0 
nomask 0.71484375 0.11718851327896118 0.0 0.8765828013420105 0.2734519839286804 
mask 0.7734375 0.0 0.805241584777832 0.7129526138305664 1.0 
nomask 0.75390625 0.0 0.6644923090934753 0.5013170838356018 1.0 
mask 0.60546875 3.184378147125244e-05 0.0 0.4081593155860901 0.7452855110168457 
mask 0.94140625 0.4586470127105713 0.12772062420845032 1.0 1.0 
mask 0.984375 0.6808172464370728 0.7615385055541992 1.0 1.0 
nomask 0.67578125 0.8385281562805176 0.8208556175231934 1.0 1.0 
nomask 0.7734375 0.0 0.0031558573246002197 0.7574377059936523 0.42933961749076843 
nomask 0.69921875 0.8043166995048523 0.11153113842010498 1.0 1.0 
nomask 0.671875 0.0 0.8766179084777832 1.0 1.0 
mask 0.53515625 0.6727430820465088 0.31302177906036377 1.0 0.9070819616317749 
mask 0.984375 0.6491455435752869 0.9048106670379639 1.0 1.0 
