nomask 0.515625 48 55 244 304 
mask 0.9765625 64 41 353 392 
mask 0.984375 114 64 266 252 
mask 0.77734375 135 2 377 278 
mask 0.96484375 83 0 266 205 
nomask 0.734375 0 0 217 254 
mask 0.72265625 339 353 400 436 
mask 0.703125 10 0 257 421 
mask 0.984375 340 0 400 398 
mask 0.84375 0 391 400 436 
mask 0.79296875 259 43 400 283 
mask 0.65625 28 346 316 436 
mask 0.60546875 254 394 400 436 
nomask 0.609375 0 83 142 335 
mask 0.93359375 56 42 162 284 
mask 0.97265625 0 39 93 393 
mask 0.9296875 86 19 199 257 
mask 0.81640625 108 136 400 290 
mask 0.984375 195 81 309 288 
mask 0.9375 213 36 374 397 
mask 0.984375 0 216 257 421 
mask 0.98046875 22 102 182 436 
mask 0.984375 88 166 300 413 
mask 0.984375 36 167 263 288 
mask 0.94921875 237 2 400 192 
mask 0.73828125 283 0 400 279 
mask 0.65625 127 81 233 334 
mask 0.9765625 0 285 207 436 
nomask 0.7265625 157 145 276 371 
mask 0.98046875 25 0 220 160 
nomask 0.77734375 0 0 261 112 
mask 0.5234375 71 0 326 127 
nomask 0.640625 132 144 400 436 
mask 0.98046875 100 47 322 162 
nomask 0.69140625 0 0 114 281 
