mask 0.8203125 13 0 305 420 
mask 0.83984375 21 353 246 433 
mask 0.53515625 217 327 320 433 
mask 0.97265625 58 51 252 336 
mask 0.82421875 212 136 320 387 
mask 0.75 264 13 320 332 
nomask 0.68359375 258 267 320 433 
mask 0.81640625 0 291 157 433 
mask 0.90625 50 0 310 215 
nomask 0.984375 0 379 320 433 
mask 0.703125 258 57 320 433 
mask 0.8984375 233 0 320 273 
nomask 0.64453125 254 369 320 433 
nomask 0.51171875 0 349 228 433 
mask 0.671875 134 30 298 380 
mask 0.8828125 105 294 287 433 
mask 0.56640625 89 131 202 324 
nomask 0.875 286 281 320 433 
mask 0.62890625 43 347 320 433 
