nomask 0.96875 11 12 293 454 
mask 0.97265625 12 24 170 299 
nomask 0.953125 17 383 235 455 
mask 0.9765625 211 29 297 297 
nomask 0.6328125 114 79 286 392 
mask 0.94921875 0 0 112 287 
nomask 0.7421875 192 411 297 455 
nomask 0.671875 253 0 297 248 
nomask 0.69921875 223 13 296 327 
mask 0.73046875 63 28 231 315 
nomask 0.96875 1 42 136 436 
mask 0.65234375 70 148 197 390 
mask 0.96484375 251 373 297 455 
mask 0.91015625 0 3 204 201 
nomask 0.76953125 50 2 291 205 
nomask 0.79296875 0 9 74 267 
mask 0.69921875 49 275 288 455 
mask 0.984375 239 61 297 455 
mask 0.9609375 225 306 297 455 
mask 0.984375 182 368 297 455 
mask 0.97265625 260 44 296 372 
mask 0.78515625 256 0 297 455 
mask 0.78125 0 9 37 337 
