mask 0.796875 202 100 675 550 
mask 0.984375 281 150 611 470 
mask 0.953125 159 38 656 372 
mask 0.7890625 337 54 712 451 
mask 0.828125 537 56 797 423 
nomask 0.59375 47 531 632 650 
mask 0.89453125 690 0 797 579 
mask 0.71484375 625 553 797 650 
nomask 0.87890625 365 83 797 650 
mask 0.984375 180 424 603 650 
mask 0.984375 353 240 655 528 
mask 0.984375 213 347 530 610 
mask 0.984375 576 0 797 369 
nomask 0.57421875 249 49 491 333 
nomask 0.9609375 5 59 352 610 
mask 0.81640625 103 256 736 586 
mask 0.984375 598 140 797 612 
nomask 0.73828125 475 263 797 553 
mask 0.984375 0 451 441 650 
mask 0.83203125 63 128 486 503 
mask 0.95703125 224 447 732 650 
mask 0.984375 570 447 797 650 
nomask 0.984375 721 421 797 650 
mask 0.7265625 234 247 551 541 
mask 0.984375 52 553 293 649 
mask 0.859375 0 18 790 436 
