nomask 0.984375 0.23617848753929138 0.03000640869140625 0.7898588180541992 0.6604733467102051 
mask 0.984375 0.7165919542312622 0.20683351159095764 1.0 0.9652204513549805 
mask 0.79296875 0.7006839513778687 0.0 1.0 0.6240781545639038 
mask 0.875 0.2850998342037201 0.0 0.7163538932800293 0.4645354747772217 
mask 0.7578125 0.8066335916519165 0.04846775531768799 1.0 0.8008790612220764 
mask 0.75390625 0.4161264896392822 0.11006906628608704 0.8044217824935913 0.5717760324478149 
mask 0.94140625 0.15803903341293335 0.3000870943069458 0.8544493317604065 0.6685418486595154 
mask 0.984375 0.9048106670379639 0.6491455435752869 1.0 1.0 
nomask 0.5 0.05633065104484558 0.8208556175231934 0.8381327390670776 1.0 
nomask 0.5546875 0.6361004710197449 0.9048106670379639 1.0 1.0 
nomask 0.734375 0.8766179084777832 0.0 1.0 1.0 
mask 0.57421875 0.06146165728569031 0.1101025938987732 0.66743004322052 0.785334050655365 
mask 0.984375 0.5073597431182861 0.0 0.9179292917251587 0.6978853940963745 
mask 0.984375 0.8060598969459534 0.6185199022293091 1.0 1.0 
nomask 0.5078125 0.606367826461792 0.805241584777832 1.0 1.0 
nomask 0.6328125 0.20738965272903442 0.6296364068984985 0.9459471106529236 1.0 
mask 0.75390625 0.0 0.661975622177124 0.5861987471580505 1.0 
mask 0.70703125 0.5942156314849854 0.4001762270927429 1.0 0.8649044632911682 
mask 0.93359375 0.18339785933494568 0.17752665281295776 0.9375331401824951 0.8839007019996643 
mask 0.984375 0.007206574082374573 0.10042351484298706 0.4333903193473816 0.9297155737876892 
mask 0.73828125 0.606367826461792 0.00659450888633728 1.0 0.4421038329601288 
mask 0.6796875 0.45045459270477295 0.0 0.8304353952407837 0.38075849413871765 
nomask 0.57421875 0.15803903341293335 0.0 0.8544493317604065 0.2640236020088196 
nomask 0.8046875 0.21656163036823273 0.08383077383041382 0.5865256190299988 0.5915890336036682 
mask 0.984375 0.3000301420688629 0.06327082216739655 0.9815282821655273 0.4738404154777527 
mask 0.96875 0.0 0.00659450888633728 0.7151814699172974 0.4421038329601288 
nomask 0.69921875 0.0 0.0 0.49498218297958374 0.6053422689437866 
mask 0.859375 0.2794012725353241 0.35874149203300476 0.7297347784042358 0.9429308176040649 
mask 0.984375 0.0 0.35595813393592834 0.6447362899780273 0.9887356758117676 
mask 0.98046875 0.4586470127105713 0.12772062420845032 1.0 1.0 
mask 0.984375 0.0 0.8938673734664917 1.0 1.0 
