mask 0.98046875 38 3 176 164 
nomask 0.828125 55 28 152 138 
mask 0.515625 181 10 225 180 
mask 0.73046875 12 182 188 225 
mask 0.51953125 196 176 225 225 
mask 0.7734375 0 0 137 137 
nomask 0.94921875 151 0 225 115 
mask 0.6953125 2 20 100 211 
nomask 0.6015625 89 5 200 204 
mask 0.95703125 169 39 225 216 
mask 0.9375 62 0 159 103 
nomask 0.515625 197 0 225 225 
mask 0.703125 143 203 225 225 
mask 0.57421875 33 67 190 152 
mask 0.8671875 99 33 175 155 
nomask 0.5390625 47 55 121 167 
mask 0.6640625 48 78 175 205 
mask 0.9765625 74 48 148 225 
mask 0.984375 70 111 225 215 
mask 0.92578125 0 74 61 204 
mask 0.84375 6 88 131 215 
mask 0.6640625 23 77 88 201 
mask 0.9375 72 0 174 68 
mask 0.81640625 180 0 225 155 
mask 0.640625 115 75 213 203 
mask 0.75390625 59 120 147 211 
mask 0.8046875 12 0 126 81 
mask 0.81640625 0 0 151 57 
mask 0.8203125 40 21 168 88 
mask 0.95703125 131 90 225 195 
mask 0.65625 0 170 134 225 
mask 0.66796875 46 170 219 225 
nomask 0.58203125 1 139 103 225 
nomask 0.50390625 159 154 225 225 
mask 0.80078125 26 35 96 157 
mask 0.640625 74 74 225 225 
mask 0.984375 64 15 224 105 
mask 0.81640625 42 0 167 33 
nomask 0.59765625 49 0 110 133 
