mask 0.5703125 0.1983579397201538 0.0071163177490234375 0.9482276439666748 0.8796647191047668 
mask 0.8671875 0.38876503705978394 0.14338281750679016 0.8875156044960022 0.7237288951873779 
mask 0.609375 0.23085710406303406 0.6541534662246704 0.9381238222122192 1.0 
mask 0.59765625 0.7634143829345703 0.0 1.0 0.620640754699707 
mask 0.86328125 0.0 0.0031558573246002197 0.7119081020355225 0.42933961749076843 
nomask 0.7578125 0.6279943585395813 0.00659450888633728 1.0 0.4421038329601288 
nomask 0.85546875 0.059163808822631836 0.8261599540710449 0.7929766178131104 1.0 
mask 0.76171875 0.8376532793045044 0.029608100652694702 1.0 0.8459985256195068 
mask 0.6953125 0.023354053497314453 0.0 0.6661989688873291 0.9875176548957825 
nomask 0.84765625 0.3274838924407959 0.07299700379371643 0.7040009498596191 0.8833401203155518 
mask 0.9765625 0.7085059881210327 0.18261423707008362 1.0 0.9707225561141968 
mask 0.91796875 0.6471286416053772 0.035453617572784424 1.0 0.6012493371963501 
mask 0.69921875 0.30371546745300293 0.2962004244327545 0.6675974726676941 0.7480208873748779 
mask 0.875 0.3052445352077484 0.0758420079946518 1.0 0.48641157150268555 
nomask 0.921875 0.0040825605392456055 0.0 0.41221004724502563 0.7119081020355225 
mask 0.90234375 0.20038923621177673 0.6068442463874817 0.7933820486068726 1.0 
mask 0.70703125 0.5317710638046265 0.24236494302749634 0.9249459505081177 1.0 
mask 0.984375 0.3112000823020935 0.4681806266307831 1.0 0.9487276077270508 
mask 0.9765625 0.053240299224853516 0.012182354927062988 0.583462655544281 0.6030099391937256 
mask 0.53515625 0.2858757972717285 0.0 0.7078955173492432 0.41662004590034485 
mask 0.66796875 0.8938673734664917 0.6619113087654114 1.0 1.0 
nomask 0.88671875 0.0 0.40597015619277954 0.7154229879379272 0.8510090708732605 
mask 0.640625 0.6491455435752869 0.9048106670379639 1.0 1.0 
nomask 0.58203125 0.37788325548171997 0.5736500024795532 0.7417652010917664 0.953630805015564 
mask 0.84765625 0.0 0.5052487850189209 0.6524914503097534 0.9654362201690674 
nomask 0.80078125 0.5807067155838013 0.1674278974533081 1.0 0.8140515685081482 
mask 0.98046875 0.8067739605903625 0.606367826461792 1.0 1.0 
nomask 0.765625 0.606367826461792 0.8060598969459534 1.0 1.0 
mask 0.63671875 0.0 0.6778780817985535 0.5783766508102417 1.0 
nomask 0.81640625 0.7512526512145996 0.10107263922691345 1.0 0.911415696144104 
mask 0.84375 0.606367826461792 0.401919424533844 1.0 0.846958339214325 
mask 0.90234375 0.5590713024139404 0.06259092688560486 0.9229532480239868 0.4860040247440338 
nomask 0.61328125 0.8860481977462769 0.022804290056228638 1.0 0.7135159969329834 
