mask 0.984375 0.25278371572494507 0.019154727458953857 0.9333778023719788 0.8284227848052979 
mask 0.97265625 0.4437507390975952 0.12685301899909973 0.8385361433029175 0.6130988597869873 
mask 0.9765625 0.8784463405609131 0.00396960973739624 1.0 0.8939858078956604 
mask 0.96484375 0.32560616731643677 0.7063677906990051 0.8944975733757019 1.0 
nomask 0.75 0.06967246532440186 0.1799611747264862 0.5885412096977234 0.7707887887954712 
mask 0.984375 0.0018296986818313599 0.6279943585395813 0.4468686580657959 1.0 
nomask 0.515625 0.6279943585395813 0.4066842198371887 1.0 0.8421935439109802 
mask 0.984375 0.7733316421508789 0.17514705657958984 1.0 0.9457839727401733 
mask 0.984375 0.3037625551223755 0.11054158210754395 0.6580521464347839 0.6294103264808655 
mask 0.96484375 0.704151451587677 0.002088874578475952 1.0 0.6530518531799316 
mask 0.953125 0.8847742080688477 0.10635840892791748 1.0 0.7970700860023499 
mask 0.96484375 0.3036718964576721 0.08652336895465851 1.0 0.48830145597457886 
mask 0.58984375 0.11565473675727844 0.40319323539733887 0.9630930423736572 0.8780903816223145 
mask 0.984375 0.0031558573246002197 0.08207881450653076 0.42933961749076843 0.9480602741241455 
mask 0.88671875 0.7157574892044067 0.0 1.0 0.6008604168891907 
mask 0.9453125 0.0 0.007206574082374573 0.7240602374076843 0.4333903193473816 
nomask 0.97265625 0.20673808455467224 0.6107465624809265 0.787033200263977 1.0 
mask 0.88671875 0.21288397908210754 0.0 0.7931791543960571 0.4673851728439331 
nomask 0.93359375 0.0 0.33552342653274536 0.6582938432693481 0.9044148325920105 
mask 0.984375 0.6052903532981873 0.1674278974533081 1.0 0.8140515685081482 
mask 0.98046875 0.8385281562805176 0.8208556175231934 1.0 1.0 
mask 0.546875 0.6491455435752869 0.9048106670379639 1.0 1.0 
mask 0.6171875 0.05527260899543762 0.8203591108322144 0.8203340768814087 1.0 
mask 0.75 0.0 0.7764145135879517 0.6087074875831604 1.0 
mask 0.62109375 0.1455172598361969 0.8073337078094482 1.0 1.0 
mask 0.74609375 0.5648711919784546 0.24037757515907288 0.8897761106491089 0.7705999612808228 
mask 0.984375 0.701644241809845 0.07643839716911316 1.0 0.6533423662185669 
mask 0.9453125 0.1707095205783844 0.3002982437610626 0.8979302644729614 0.6934731006622314 
mask 0.984375 0.7157574892044067 0.6700560450553894 1.0 1.0 
nomask 0.85546875 0.7514819502830505 0.10974854230880737 1.0 0.9027398228645325 
