mask 0.98046875 0.20615866780281067 0.12065339088439941 0.8689574003219604 0.8918859958648682 
mask 0.984375 0.3500363528728485 0.2353079915046692 0.7363681793212891 0.7111418843269348 
mask 0.9140625 0.1505117416381836 0.09923428297042847 0.6281315088272095 0.6430922150611877 
mask 0.87109375 0.037473857402801514 0.8109307289123535 0.819275975227356 1.0 
mask 0.7421875 0.6894193291664124 0.08261498808860779 1.0 0.6471657752990723 
mask 0.9140625 0.43610718846321106 0.06197303533554077 0.8962947130203247 0.6853564381599426 
mask 0.984375 0.8585396409034729 0.017320305109024048 1.0 0.8174997568130493 
mask 0.9453125 0.0 0.040293604135513306 0.9875176548957825 0.6693732738494873 
mask 0.9765625 0.7085059881210327 0.6700560450553894 1.0 1.0 
mask 0.8125 0.2345433235168457 0.14068511128425598 0.4883676767349243 0.8021330833435059 
mask 0.9765625 0.8513148427009583 0.8174054026603699 1.0 1.0 
mask 0.73828125 0.8813073635101318 0.11442530155181885 1.0 0.7758733034133911 
mask 0.9453125 0.24625149369239807 0.6622338891029358 0.9383735656738281 1.0 
mask 0.98046875 0.0 0.6778780817985535 0.5856281518936157 1.0 
mask 0.6953125 0.8083674311637878 0.1278068721294403 1.0 0.9752451181411743 
mask 0.85546875 0.0 0.15132597088813782 0.6034464836120605 0.939434289932251 
mask 0.984375 0.4231923222541809 0.3778872787952423 0.8199841380119324 0.8200329542160034 
mask 0.984375 0.27848315238952637 0.3892013132572174 0.6928297877311707 0.8313469886779785 
mask 0.984375 0.625113844871521 0.007206574082374573 1.0 0.4333903193473816 
mask 0.74609375 0.0 0.0 0.5712804198265076 0.5940208435058594 
mask 0.88671875 0.20673808455467224 0.5820412635803223 0.787033200263977 1.0 
mask 0.97265625 0.2684037685394287 0.06550121307373047 0.6651955842971802 0.49817919731140137 
nomask 0.56640625 0.6491455435752869 0.9048106670379639 1.0 1.0 
