mask 0.8359375 107 25 418 347 
mask 0.984375 112 44 327 266 
mask 0.9375 199 111 373 288 
mask 0.72265625 60 214 395 365 
mask 0.984375 60 277 372 400 
mask 0.95703125 98 74 238 277 
mask 0.94921875 0 1 320 175 
mask 0.515625 78 0 428 194 
nomask 0.6171875 345 0 450 245 
mask 0.96875 286 1 450 171 
mask 0.6484375 31 7 259 234 
mask 0.96875 254 46 400 258 
nomask 0.67578125 347 69 450 371 
mask 0.9765625 0 277 249 400 
mask 0.98046875 128 0 318 169 
nomask 0.7421875 104 292 436 400 
mask 0.98046875 325 280 450 400 
mask 0.9453125 33 61 289 325 
mask 0.984375 386 10 450 323 
mask 0.84375 0 337 396 400 
mask 0.60546875 34 274 294 400 
mask 0.984375 383 326 450 400 
mask 0.90234375 292 361 450 400 
nomask 0.671875 137 20 283 206 
