mask 0.63671875 1 11 280 455 
mask 0.96484375 104 4 287 354 
nomask 0.55859375 252 375 297 455 
mask 0.61328125 191 3 297 201 
nomask 0.8984375 248 123 297 375 
mask 0.94140625 53 88 232 388 
mask 0.96484375 98 306 267 455 
mask 0.984375 222 63 294 371 
mask 0.91015625 216 316 297 455 
mask 0.85546875 17 324 192 455 
mask 0.984375 226 0 297 277 
mask 0.625 261 19 297 333 
mask 0.9140625 111 142 283 442 
mask 0.98046875 244 195 296 324 
nomask 0.5 139 183 236 371 
mask 0.95703125 0 1 208 199 
mask 0.546875 245 17 297 352 
