nomask 0.984375 0.05186653137207031 0.029806971549987793 0.8695551156997681 0.9608958959579468 
mask 0.984375 0.05050364136695862 0.8347256779670715 0.7843164205551147 1.0 
mask 0.68359375 0.8845201134681702 0.04293122887611389 1.0 0.8092092275619507 
mask 0.8515625 0.41060778498649597 0.027228981256484985 0.9294764995574951 0.6309846639633179 
nomask 0.65625 0.32064753770828247 0.6986356973648071 0.8895389437675476 1.0 
mask 0.984375 0.277923047542572 0.1615411937236786 0.7555428147315979 0.7418873310089111 
mask 0.91015625 0.20059216022491455 0.0 0.7808873057365417 0.45475149154663086 
nomask 0.90234375 0.0 0.6871949434280396 0.5412190556526184 1.0 
mask 0.97265625 0.11724837124347687 0.12352040410041809 0.6159989237785339 0.6914396286010742 
nomask 0.58984375 0.7234206199645996 0.7024832367897034 1.0 1.0 
mask 0.7734375 0.18538106977939606 0.2837144434452057 0.549263060092926 0.7454214096069336 
mask 0.84765625 0.03487153351306915 0.02187994122505188 0.5229423642158508 0.554092288017273 
nomask 0.796875 0.04628509283065796 0.19556370377540588 0.4842911958694458 0.8015854358673096 
mask 0.984375 0.7944116592407227 0.8461483716964722 1.0 1.0 
mask 0.578125 0.5705074667930603 0.0 0.7044335007667542 0.03840436041355133 
nomask 0.82421875 0.8628548383712769 0.0 0.9575780630111694 0.03246010094881058 
