nomask 0.57421875 0.14270347356796265 0.014248967170715332 0.9480567574501038 0.9513580203056335 
mask 0.984375 0.30970025062561035 0.20394760370254517 0.7873200178146362 0.7478055357933044 
mask 0.90625 0.14701072871685028 0.20010331273078918 0.6043949723243713 0.8061250448226929 
mask 0.98046875 0.0 0.7022503018379211 0.5341652631759644 1.0 
mask 0.9765625 0.06967246532440186 0.03369304537773132 0.5885412096977234 0.6245206594467163 
nomask 0.578125 0.0 0.8060598969459534 0.6911187171936035 1.0 
mask 0.62109375 0.2952801585197449 0.3977065086364746 0.683575451374054 0.8303844928741455 
mask 0.984375 0.7683730125427246 0.0 1.0 0.6129087209701538 
mask 0.984375 0.0 0.00659450888633728 0.6876038312911987 0.4421038329601288 
nomask 0.93359375 0.7944116592407227 0.8461483716964722 1.0 1.0 
nomask 0.5078125 0.18725430965423584 0.004137217998504639 0.9644062519073486 0.46886542439460754 
nomask 0.96484375 0.06509816646575928 0.7136073708534241 0.6546257138252258 1.0 
mask 0.96875 0.8982874155044556 0.010601431131362915 1.0 0.8629100322723389 
mask 0.80859375 0.40980714559555054 0.03378337621688843 0.9225947260856628 0.713546097278595 
mask 0.6015625 0.7235795259475708 0.6857854127883911 1.0 1.0 
mask 0.62890625 0.238429456949234 0.6385093927383423 0.9305515289306641 1.0 
mask 0.984375 0.0 0.8766179084777832 1.0 1.0 
