mask 0.984375 0.33248719573020935 0.10271507501602173 0.9384555816650391 0.7927215695381165 
mask 0.95703125 0.42950040102005005 0.1955619901418686 0.8438469767570496 0.677695631980896 
mask 0.96484375 0.7442107200622559 0.20084547996520996 1.0 0.9429930448532104 
mask 0.9765625 0.17510217428207397 0.0071541666984558105 0.9522541165351868 0.4820513427257538 
mask 0.5703125 0.2774972915649414 0.10167598724365234 0.7348815202713013 0.6224921345710754 
mask 0.90625 0.24625149369239807 0.6541534662246704 0.9383735656738281 1.0 
mask 0.984375 0.6471286416053772 0.04151129722595215 1.0 0.5951916575431824 
nomask 0.796875 0.16118425130844116 0.40204817056655884 0.9904763102531433 0.887336790561676 
mask 0.984375 0.0 0.14171436429023743 0.5947465896606445 0.9646899700164795 
mask 0.97265625 0.7006839513778687 0.0 1.0 0.6008604168891907 
nomask 0.77734375 0.0 0.0 0.5799802541732788 0.6012723445892334 
nomask 0.8046875 0.3854259252548218 0.5619500875473022 0.7493078708648682 0.9502453804016113 
mask 0.984375 0.8817181587219238 0.17998391389846802 0.9981613159179688 0.9170363545417786 
mask 0.5703125 0.6202782988548279 0.34288910031318665 1.0 0.9895128011703491 
mask 0.984375 0.7446754574775696 0.23560765385627747 1.0 1.0 
mask 0.984375 0.5243266820907593 0.22469809651374817 0.9261047840118408 1.0 
mask 0.984375 0.34412693977355957 0.23405662178993225 0.6747868061065674 1.0 
mask 0.984375 0.8385281562805176 0.8208556175231934 1.0 1.0 
mask 0.58984375 0.6491455435752869 0.9048106670379639 1.0 1.0 
nomask 0.88671875 0.04690226912498474 0.8114272356033325 0.8287043571472168 1.0 
mask 0.9453125 0.0 0.8938673734664917 1.0 1.0 
nomask 0.5390625 0.8282248973846436 0.011247783899307251 1.0 0.8455020189285278 
mask 0.91015625 0.7157574892044067 0.6700560450553894 1.0 1.0 
mask 0.9453125 0.18785399198532104 0.2971554398536682 0.8995028138160706 0.6903302669525146 
mask 0.984375 0.0 0.6700560450553894 0.5861987471580505 1.0 
mask 0.80859375 0.5430932641029358 0.07478678226470947 0.9313885569572449 0.5266072154045105 
nomask 0.98046875 0.5942156314849854 0.40597015619277954 1.0 0.8510090708732605 
