nomask 0.51953125 0.04894956946372986 0.027861297130584717 0.958654522895813 0.9985995888710022 
mask 0.984375 0.024928033351898193 0.020879536867141724 0.6179208755493164 0.7571794986724854 
mask 0.6953125 0.7235795259475708 0.0 1.0 0.6006106734275818 
mask 0.97265625 0.8661545515060425 0.7821896076202393 1.0 1.0 
mask 0.640625 0.053619831800460815 0.7253143787384033 0.6560471057891846 1.0 
mask 0.984375 0.3985796272754669 0.026815295219421387 0.9522600173950195 0.6851751804351807 
mask 0.89453125 0.01106138527393341 0.21933019161224365 0.29639506340026855 0.8776900768280029 
mask 0.97265625 0.23106274008750916 0.28065428137779236 0.7086825370788574 0.8866759538650513 
mask 0.953125 0.8784463405609131 0.0 1.0 0.8506879806518555 
mask 0.98046875 0.8067739605903625 0.606367826461792 1.0 1.0 
mask 0.984375 0.47736549377441406 0.31794682145118713 0.8110672235488892 0.7413599491119385 
mask 0.84375 0.0 0.005880415439605713 0.6876038312911987 0.45091935992240906 
mask 0.80078125 0.0 0.0 0.38302475214004517 0.6385903358459473 
mask 0.98046875 0.05226665735244751 0.3156448304653168 0.6059470176696777 0.9599072933197021 
mask 0.984375 0.408277690410614 0.6088380813598633 0.8730059266090393 1.0 
mask 0.984375 0.007718786597251892 0.6279943585395813 0.42477667331695557 1.0 
mask 0.97265625 0.6932737827301025 0.19825837016105652 1.0 0.9863666296005249 
mask 0.984375 0.6088380813598633 0.4051518440246582 1.0 0.8599288463592529 
mask 0.984375 0.3887115716934204 0.2353079915046692 0.7136164903640747 0.7111418843269348 
mask 0.8046875 0.6808172464370728 0.772457480430603 1.0 1.0 
mask 0.94140625 0.0 0.870306134223938 1.0 1.0 
mask 0.98046875 0.15791088342666626 0.005062088370323181 0.9694454073905945 0.4598391056060791 
mask 0.9375 0.6491455435752869 0.9048106670379639 1.0 1.0 
mask 0.52734375 0.0 0.042499154806137085 0.12370121479034424 0.7332108020782471 
