mask 0.796875 0.34657755494117737 0.22536203265190125 0.5654540061950684 0.4801715910434723 
mask 0.97265625 0.3312095105648041 0.15974420309066772 0.647781252861023 0.5281071066856384 
mask 0.9453125 0.4247513711452484 0.2223581075668335 0.530301570892334 0.3451763391494751 
nomask 0.9609375 0.23603549599647522 0.09642751514911652 0.5405125617980957 0.4714432954788208 
mask 0.79296875 0.21362364292144775 0.20547927916049957 0.5740988254547119 0.607157289981842 
mask 0.9140625 0.3772101104259491 0.2609280049800873 0.4850699007511139 0.39485403895378113 
mask 0.5390625 0.4168355464935303 0.30246275663375854 0.5319318175315857 0.433521032333374 
mask 0.953125 0.37463948130607605 0.30165886878967285 0.48973575234413147 0.4385153651237488 
mask 0.984375 0.09050886332988739 0.03134387731552124 0.5892155170440674 0.599213182926178 
mask 0.91796875 0.23524050414562225 0.18215540051460266 0.7339471578598022 0.7378649711608887 
mask 0.8125 0.3866662383079529 0.1624595820903778 0.5591678619384766 0.38144341111183167 
mask 0.7265625 0.3772101104259491 0.22340568900108337 0.4850699007511139 0.346223920583725 
