nomask 0.55078125 229 161 869 1058 
mask 0.96484375 0 210 664 1308 
mask 0.9765625 997 0 1130 1393 
mask 0.95703125 109 79 683 867 
mask 0.9140625 947 1143 1130 1393 
mask 0.65234375 72 1106 886 1393 
mask 0.7890625 733 1260 1130 1393 
mask 0.51171875 256 206 589 1033 
mask 0.953125 454 23 1033 910 
mask 0.88671875 0 49 1120 925 
mask 0.8671875 387 126 835 742 
mask 0.90625 897 58 1130 1107 
mask 0.96484375 737 0 1130 743 
mask 0.98046875 352 277 678 1104 
mask 0.8828125 0 559 800 1179 
mask 0.9765625 492 422 912 1000 
mask 0.984375 717 380 1130 1263 
mask 0.98046875 0 925 586 1393 
mask 0.9140625 318 0 795 591 
nomask 0.57421875 260 877 1060 1393 
mask 0.84765625 774 900 1130 1393 
mask 0.91796875 560 108 873 917 
mask 0.95703125 137 260 497 967 
mask 0.97265625 906 0 1130 979 
mask 0.95703125 362 458 1130 1393 
mask 0.984375 12 713 1130 1393 
mask 0.984375 579 5 1130 1393 
mask 0.984375 0 187 315 1175 
mask 0.9765625 123 269 752 671 
mask 0.8671875 218 152 846 530 
mask 0.9453125 15 432 802 934 
mask 0.98046875 311 432 1115 934 
mask 0.97265625 302 484 811 1264 
mask 0.98046875 0 1236 1130 1393 
mask 0.64453125 0 9 770 615 
mask 0.66796875 4 0 475 972 
mask 0.91796875 122 63 452 697 
