mask 0.54296875 852 76 3349 3868 
mask 0.65234375 1112 540 2835 3214 
mask 0.63671875 2475 841 3456 4473 
mask 0.9765625 0 3201 1891 4608 
nomask 0.9140625 798 3370 3349 4608 
mask 0.6796875 982 1301 2295 3475 
mask 0.81640625 2500 3170 3456 4608 
mask 0.515625 1945 714 3456 3694 
mask 0.9140625 80 0 2302 4550 
mask 0.828125 2939 119 3456 3806 
mask 0.5390625 0 3862 3047 4608 
mask 0.7734375 1636 373 3286 3047 
nomask 0.88671875 2571 0 3456 2618 
nomask 0.875 2711 3927 3456 4608 
nomask 0.7578125 1411 2794 3017 4608 
mask 0.96484375 573 373 2054 2879 
mask 0.83984375 0 33 2460 1997 
nomask 0.91015625 264 3163 2257 4608 
nomask 0.84765625 3106 2991 3456 4608 
mask 0.6640625 2128 1874 3456 3880 
