mask 0.84375 0.25706398487091064 0.24924060702323914 0.7244154810905457 0.7814061641693115 
mask 0.953125 0.21598049998283386 0.2650904059410095 0.5552597045898438 0.6921148300170898 
mask 0.83984375 0.40761491656303406 0.16493195295333862 0.9094221591949463 0.8595688939094543 
mask 0.9375 0.40145978331565857 0.31889331340789795 0.678240180015564 0.840195894241333 
mask 0.87890625 0.49541670083999634 0.19983533024787903 0.7604706883430481 0.756112813949585 
mask 0.91796875 0.3803480863571167 0.2201901078224182 0.6848251819610596 0.6380707025527954 
mask 0.89453125 0.3467513620853424 0.30380070209503174 0.8911173343658447 0.586637556552887 
mask 0.85546875 0.21157078444957733 0.403100848197937 0.5834150314331055 0.8174474239349365 
mask 0.953125 0.11336812376976013 0.07518741488456726 0.7999520301818848 0.8569895029067993 
mask 0.9609375 0.0 0.18366512656211853 0.5821787118911743 0.9383833408355713 
mask 0.71875 0.2523652911186218 0.0 0.9009714722633362 0.656597375869751 
mask 0.78125 0.28872039914131165 0.2159382700920105 0.8214298486709595 0.48099225759506226 
