mask 0.98046875 0.18273261189460754 0.15603935718536377 0.7418971061706543 0.8070023655891418 
mask 0.9609375 0.8988957405090332 0.6491455435752869 1.0 1.0 
mask 0.95703125 0.07432767748832703 0.36925065517425537 0.6161520481109619 0.960078239440918 
mask 0.9765625 0.21921555697917938 0.2569881081581116 0.589179515838623 0.7432339787483215 
mask 0.953125 0.06440657377243042 0.7944116592407227 0.784940242767334 1.0 
mask 0.8515625 0.38837459683418274 0.03369304537773132 0.9301990270614624 0.6245206594467163 
mask 0.6328125 0.8827944993972778 0.0 1.0 1.0 
mask 0.97265625 0.0183255672454834 0.0 0.661170482635498 0.9915623664855957 
mask 0.94921875 0.11392718553543091 0.05981379747390747 0.564260721206665 0.6567860841751099 
mask 0.8046875 0.7944116592407227 0.0442315936088562 1.0 0.7805315256118774 
mask 0.6484375 0.7844611406326294 0.8522942066192627 1.0 1.0 
mask 0.8046875 0.2490932047367096 0.30951547622680664 0.9763139486312866 0.6779702305793762 
mask 0.9375 0.33927708864212036 0.08812934160232544 0.7275723814964294 0.5208073258399963 
mask 0.60546875 0.1226387619972229 0.27855658531188965 0.4337782859802246 0.7754422426223755 
mask 0.90234375 0.42949768900871277 0.1871383786201477 0.7837872505187988 0.6840240359306335 
mask 0.953125 0.02350407838821411 0.30951547622680664 0.7199143767356873 0.6779702305793762 
mask 0.9453125 0.0 0.1674278974533081 0.3776853680610657 0.8140515685081482 
mask 0.9140625 0.5125018358230591 0.010808229446411133 1.0 1.0 
mask 0.984375 0.32942816615104675 0.32942816615104675 1.0 1.0 
mask 0.98046875 0.1097162663936615 0.20141488313674927 0.6659936904907227 0.47819530963897705 
mask 0.8515625 0.0 0.8878229856491089 1.0 1.0 
nomask 0.58203125 0.0 0.03526511788368225 1.0 0.6643447875976562 
mask 0.89453125 0.2231190800666809 0.6302522420883179 0.9458618760108948 1.0 
mask 0.984375 0.0 0.6380742788314819 0.5934502482414246 1.0 
mask 0.9765625 0.4786909818649292 0.37099242210388184 0.8035959005355835 0.8572382926940918 
mask 0.984375 0.6698075532913208 0.15735849738121033 1.0 0.9803340435028076 
mask 0.91796875 0.32314491271972656 0.3617357909679413 0.7286190986633301 0.8135561943054199 
mask 0.96484375 0.0 0.805241584777832 0.6911187171936035 1.0 
mask 0.796875 0.6932737827301025 0.0 1.0 0.6478026509284973 
nomask 0.54296875 0.692861795425415 0.6385093927383423 1.0 1.0 
mask 0.95703125 0.0 0.3977023661136627 0.2606770396232605 0.9165711402893066 
mask 0.92578125 0.003668069839477539 0.0 0.4207259714603424 0.7186449766159058 
mask 0.69140625 0.0 0.007206574082374573 0.6821885108947754 0.4333903193473816 
nomask 0.6640625 0.3478394150733948 0.19708481431007385 0.9162890315055847 0.47386524081230164 
mask 0.5546875 0.403957337141037 0.3932019770145416 0.9576376676559448 0.9468823671340942 
mask 0.984375 0.010808229446411133 0.5125018358230591 1.0 1.0 
