nomask 0.984375 0.08439901471138 0.0 0.9437845945358276 0.902214527130127 
mask 0.87109375 0.2974773645401001 0.16056549549102783 0.7450677156448364 0.670229434967041 
mask 0.97265625 0.41913852095603943 0.0 0.9209457635879517 0.705535888671875 
mask 0.97265625 0.7157574892044067 0.6700560450553894 1.0 1.0 
mask 0.8359375 0.8671998381614685 0.04293122887611389 1.0 0.8092092275619507 
mask 0.8359375 0.23867914080619812 0.6302522420883179 0.9459458589553833 1.0 
mask 0.98046875 0.47752645611763 0.13764047622680664 0.8259917497634888 0.5894609093666077 
mask 0.96484375 0.8043166995048523 0.11853528022766113 1.0 0.9845167398452759 
mask 0.98046875 0.6727430820465088 0.31442341208457947 1.0 0.8957630395889282 
mask 0.984375 0.8470816612243652 0.8208556175231934 1.0 1.0 
mask 0.5859375 0.6491455435752869 0.9048106670379639 1.0 1.0 
nomask 0.78125 0.7306757569313049 0.0 1.0 0.6239928603172302 
mask 0.97265625 0.0634637176990509 0.8208556175231934 0.8121429681777954 1.0 
mask 0.66796875 0.0 0.8878229856491089 1.0 1.0 
