nomask 0.53515625 0.2638784646987915 0.06420069932937622 0.7212627530097961 0.5964130759239197 
nomask 0.7265625 0.1316279172897339 0.0 0.8641034364700317 0.7034748792648315 
mask 0.83203125 0.843387246131897 0.8260668516159058 1.0 1.0 
nomask 0.921875 0.2281920164823532 0.17615357041358948 0.5748952031135559 0.6519874334335327 
mask 0.890625 0.692861795425415 0.0 1.0 0.6319001913070679 
mask 0.9140625 0.4321935176849365 0.13227933645248413 0.9232555627822876 0.7693032622337341 
mask 0.91796875 0.4215359389781952 0.04573526978492737 0.7758255004882812 0.5113801956176758 
nomask 0.5390625 0.14868050813674927 0.29774636030197144 0.8450908064842224 0.6583113670349121 
nomask 0.50390625 0.30145230889320374 0.01090136170387268 0.6125918626785278 0.4472697079181671 
nomask 0.984375 0.055927544832229614 0.13055241107940674 0.623796820640564 0.7771760821342468 
mask 0.8828125 0.24624881148338318 0.018876105546951294 0.5113028287887573 0.5632420778274536 
mask 0.78125 0.1673976182937622 0.0 0.8638079166412354 0.267166405916214 
nomask 0.7265625 0.2960814833641052 0.5788776278495789 0.7737012505531311 1.0 
nomask 0.88671875 0.04149298369884491 0.0698988139629364 0.48908329010009766 0.5907149314880371 
mask 0.61328125 0.1156720221042633 0.09726069867610931 0.6600379943847656 0.38009750843048096 
mask 0.7265625 0.7476567029953003 0.0 1.0 0.4175882339477539 
mask 0.8515625 0.38074982166290283 0.25076329708099365 0.7056547403335571 0.7064374089241028 
mask 0.92578125 0.5066014528274536 0.018437623977661133 0.9541918039321899 0.4758218824863434 
mask 0.52734375 0.31297340989112854 0.31297340989112854 1.0 1.0 
nomask 0.5 0.5184382200241089 0.010808229446411133 1.0 1.0 
mask 0.859375 0.09368783235549927 0.6619113087654114 0.6461499333381653 1.0 
nomask 0.859375 0.0 0.8522942066192627 0.9037232398986816 1.0 
nomask 0.96875 0.8827944993972778 0.0 1.0 1.0 
mask 0.9609375 0.16184140741825104 0.001489683985710144 0.5888658761978149 0.3059667944908142 
nomask 0.7890625 0.3533162772655487 0.09726069867610931 0.8976821899414062 0.38009750843048096 
nomask 0.546875 0.8083674311637878 0.1137896180152893 1.0 1.0 
mask 0.9609375 0.16522979736328125 0.2344430685043335 0.9358667135238647 0.8964052200317383 
mask 0.6328125 0.0 0.0031558573246002197 0.6936794519424438 0.42933961749076843 
mask 0.8203125 0.6027663946151733 0.08903762698173523 0.8943436145782471 0.5648715496063232 
mask 0.96875 0.3451530933380127 0.19312721490859985 0.8664556741714478 0.48215293884277344 
mask 0.94921875 0.32106533646583557 0.0 0.786710262298584 0.16991546750068665 
nomask 0.92578125 0.7821896076202393 0.05037751793861389 1.0 0.7866774797439575 
mask 0.98046875 0.13019013404846191 0.4609558582305908 1.0 1.0 
