nomask 0.82421875 75 40 915 1396 
mask 0.91796875 889 40 1046 1286 
mask 0.64453125 877 1278 1046 1557 
nomask 0.6015625 4 275 75 767 
nomask 0.52734375 0 155 555 1435 
mask 0.640625 367 375 748 1007 
mask 0.98046875 70 1286 838 1557 
nomask 0.79296875 2 328 53 604 
mask 0.80859375 679 1408 1046 1557 
nomask 0.64453125 0 797 1046 1557 
mask 0.95703125 536 16 1046 1557 
mask 0.984375 165 7 1014 779 
mask 0.62890625 422 0 908 1193 
mask 0.9609375 749 0 1046 951 
mask 0.9375 0 111 129 1055 
mask 0.875 12 238 280 1100 
mask 0.98046875 0 11 735 674 
nomask 0.85546875 218 86 707 880 
mask 0.8125 0 624 761 1332 
mask 0.984375 108 283 462 1056 
mask 0.89453125 674 454 1046 1399 
mask 0.984375 845 188 1046 1557 
mask 0.96484375 0 1058 566 1557 
mask 0.55859375 0 1253 722 1557 
nomask 0.6640625 301 1059 968 1557 
mask 0.6328125 724 1031 1046 1557 
mask 0.82421875 139 460 900 1086 
mask 0.97265625 309 141 729 1376 
mask 0.859375 173 329 641 1194 
mask 0.96875 0 1382 1046 1557 
