mask 0.64453125 4 635 107 864 
mask 0.6171875 118 2 1100 1336 
mask 0.97265625 1182 675 1251 908 
mask 0.8203125 287 60 932 1036 
mask 0.9375 1058 27 1257 1335 
mask 0.73046875 64 1334 1006 1599 
nomask 0.9296875 1070 1321 1257 1599 
nomask 0.9375 551 149 987 878 
mask 0.96484375 425 0 953 726 
mask 0.6328125 121 217 787 1182 
mask 0.96875 0 1045 727 1599 
mask 0.7890625 224 0 1024 475 
nomask 0.5078125 870 1046 1257 1599 
mask 0.90625 847 140 1257 1042 
mask 0.984375 815 1446 1257 1599 
nomask 0.5625 176 737 1257 1599 
mask 0.984375 15 582 134 806 
mask 0.72265625 19 235 327 948 
mask 0.8125 644 17 1257 1599 
mask 0.984375 145 476 1079 1092 
mask 0.98046875 1169 614 1257 971 
mask 0.75 86 84 625 865 
mask 0.92578125 512 165 1143 1300 
mask 0.984375 0 5 903 686 
mask 0.7734375 4 0 528 1149 
mask 0.82421875 138 354 531 1017 
mask 0.96875 247 322 685 1013 
mask 0.98046875 891 0 1257 954 
mask 0.97265625 0 649 914 1360 
mask 0.984375 456 287 894 964 
mask 0.9765625 3 386 48 635 
mask 0.70703125 1016 213 1257 1599 
