mask 0.703125 50 3 294 389 
mask 0.640625 308 0 344 33 
nomask 0.89453125 116 47 257 290 
mask 0.8515625 286 22 355 418 
nomask 0.55859375 278 448 355 526 
nomask 0.97265625 63 50 213 304 
mask 0.9609375 11 134 247 371 
mask 0.7890625 31 0 170 380 
mask 0.94921875 98 33 355 249 
mask 0.6875 183 0 322 371 
mask 0.97265625 63 0 289 168 
nomask 0.93359375 29 354 229 526 
mask 0.59765625 0 0 228 271 
mask 0.7890625 92 0 233 214 
mask 0.60546875 143 0 299 234 
mask 0.7890625 164 69 279 348 
mask 0.98046875 264 0 355 306 
mask 0.89453125 1 444 317 526 
mask 0.640625 256 108 355 507 
mask 0.9765625 321 341 355 526 
nomask 0.55859375 311 0 355 526 
mask 0.65625 92 357 328 526 
mask 0.5625 251 358 355 526 
nomask 0.84375 74 181 255 455 
mask 0.921875 173 163 289 454 
mask 0.984375 93 0 300 79 
nomask 0.9765625 214 168 318 466 
mask 0.94921875 101 265 219 521 
mask 0.9140625 20 0 201 190 
nomask 0.96484375 206 15 309 255 
mask 0.97265625 0 0 238 137 
nomask 0.74609375 97 0 226 119 
nomask 0.94140625 268 0 349 295 
mask 0.8203125 51 242 355 526 
mask 0.96484375 111 164 355 526 
mask 0.89453125 0 4 119 302 
mask 0.64453125 0 0 197 75 
nomask 0.91796875 0 0 82 389 
mask 0.90625 132 0 321 139 
nomask 0.984375 42 21 150 260 
mask 0.9140625 223 0 355 332 
mask 0.8515625 0 100 121 411 
mask 0.875 332 0 348 33 
nomask 0.75390625 313 12 355 367 
mask 0.55078125 102 136 343 373 
mask 0.94140625 256 58 355 448 
mask 0.96484375 183 177 355 348 
mask 0.97265625 14 218 215 509 
mask 0.91015625 141 221 342 506 
mask 0.97265625 74 0 176 152 
