mask 0.90625 312 101 981 991 
mask 0.88671875 1135 194 1314 898 
mask 0.84765625 1250 5 1313 211 
nomask 0.62890625 1031 18 1314 1045 
mask 0.8515625 97 178 813 1152 
mask 0.7578125 932 0 1317 928 
nomask 0.73828125 318 184 645 1098 
mask 0.9375 1063 196 1317 1501 
mask 0.97265625 0 37 1291 986 
mask 0.9140625 1109 24 1317 1311 
mask 0.96484375 67 1245 1077 1507 
nomask 0.74609375 1121 1231 1317 1507 
nomask 0.51953125 1072 436 1299 882 
nomask 0.74609375 604 192 1317 1507 
mask 0.96875 327 0 981 641 
nomask 0.73046875 693 0 1233 1014 
mask 0.7578125 882 9 1317 903 
mask 0.58984375 263 97 753 763 
mask 0.921875 4 164 554 1387 
mask 0.953125 512 257 1167 1110 
mask 0.9453125 1258 232 1317 467 
mask 0.79296875 0 0 836 769 
mask 0.78515625 871 148 1317 981 
mask 0.6015625 837 1363 1317 1507 
mask 0.7578125 1263 159 1316 384 
nomask 0.53515625 811 9 1317 666 
