mask 0.771240234375 1321 1507 1507 1811 
mask 0.01434326171875 1722 2158 1877 2455 
mask 0.005859375 866 1787 990 2019 
nomask 0.00714111328125 910 1345 1040 1611 
mask 0.004425048828125 2730 1785 2889 2039 
nomask 0.00689697265625 899 1259 1044 1501 
nomask 0.0028533935546875 1627 1575 1786 1859 
nomask 0.0025177001953125 1499 2572 1681 2891 
mask 0.0024261474609375 1081 1589 1202 1827 
mask 0.0019989013671875 1503 1965 1651 2231 
mask 0.003814697265625 1268 1529 1426 1834 
mask 0.0035400390625 1681 2022 1844 2333 
nomask 0.0032958984375 1256 1412 1418 1703 
mask 0.003326416015625 1796 2005 1929 2271 
