nomask 0.796875 100 9 470 570 
mask 0.95703125 179 102 428 479 
mask 0.87109375 57 57 287 692 
mask 0.96484375 216 126 541 599 
mask 0.96484375 0 4 416 360 
nomask 0.93359375 542 519 600 800 
mask 0.95703125 123 45 336 417 
nomask 0.7109375 9 245 436 534 
mask 0.92578125 0 0 300 492 
mask 0.8125 397 74 600 516 
mask 0.875 35 653 485 800 
nomask 0.88671875 381 723 600 800 
mask 0.78125 254 53 473 391 
nomask 0.7890625 505 20 600 688 
mask 0.87109375 164 0 422 374 
nomask 0.796875 15 0 392 781 
mask 0.94140625 0 715 600 800 
nomask 0.6484375 122 3 435 220 
nomask 0.94921875 155 248 600 531 
mask 0.93359375 139 319 457 752 
mask 0.98046875 249 344 567 787 
mask 0.96875 125 209 324 590 
mask 0.984375 403 0 600 409 
mask 0.73828125 215 82 535 299 
nomask 0.734375 0 325 412 673 
mask 0.9765625 65 77 399 304 
nomask 0.8671875 481 0 600 562 
mask 0.81640625 386 235 600 732 
mask 0.984375 0 529 347 800 
mask 0.890625 177 531 542 800 
nomask 0.76171875 234 288 429 685 
mask 0.984375 363 644 600 800 
nomask 0.5078125 485 96 600 800 
mask 0.91015625 281 196 404 392 
mask 0.6171875 483 494 600 800 
mask 0.77734375 35 0 333 280 
nomask 0.62890625 198 264 600 800 
mask 0.96484375 6 410 600 800 
mask 0.8046875 307 3 600 800 
