mask 0.9609375 124 22 425 489 
mask 0.68359375 44 79 378 597 
mask 0.96484375 502 1 600 698 
mask 0.94921875 0 5 408 353 
mask 0.83984375 0 20 588 523 
mask 0.9765625 28 656 508 800 
nomask 0.875 161 6 380 345 
mask 0.83203125 464 683 600 800 
nomask 0.96484375 204 105 484 522 
mask 0.7421875 84 241 511 523 
mask 0.984375 0 0 294 486 
mask 0.92578125 542 519 600 800 
mask 0.58203125 325 59 566 735 
nomask 0.80859375 139 97 305 562 
mask 0.984375 168 4 474 216 
nomask 0.57421875 397 0 600 418 
mask 0.78125 134 92 543 698 
mask 0.82421875 105 0 345 249 
mask 0.6875 417 140 600 774 
mask 0.94921875 243 54 471 378 
nomask 0.52734375 397 78 600 520 
mask 0.91015625 64 96 287 442 
mask 0.953125 483 0 600 562 
mask 0.94921875 62 0 321 339 
mask 0.8125 1 77 262 726 
mask 0.95703125 78 368 600 800 
mask 0.92578125 187 250 600 800 
mask 0.88671875 122 0 435 121 
