nomask 0.6484375 0.1984189748764038 0.031243443489074707 0.7338931560516357 0.6546268463134766 
mask 0.94140625 0.23868489265441895 0.1460285484790802 0.862830638885498 0.8567333221435547 
mask 0.9609375 0.007718786597251892 0.0 0.42477667331695557 0.6736859083175659 
mask 0.890625 0.0 0.005880415439605713 0.6858380436897278 0.45091935992240906 
nomask 0.73828125 0.3552550673484802 0.0 0.7191370129585266 0.40839269757270813 
nomask 0.96484375 0.15407449007034302 0.29774636030197144 0.8209797143936157 0.6583113670349121 
mask 0.98046875 0.9048106670379639 0.6491455435752869 1.0 1.0 
mask 0.71484375 0.21757633984088898 0.04573526978492737 0.5642795562744141 0.5113801956176758 
mask 0.5703125 0.6361004710197449 0.9048106670379639 1.0 1.0 
nomask 0.91796875 0.10396541655063629 0.13809141516685486 0.5742225050926208 0.7481263875961304 
mask 0.9765625 0.08764347434043884 0.674403727054596 0.6521942615509033 1.0 
nomask 0.53515625 0.00396960973739624 0.8444110155105591 0.8939858078956604 1.0 
nomask 0.60546875 0.378520131111145 0.02469828724861145 0.864766001701355 0.5904940366744995 
mask 0.61328125 0.8385281562805176 0.011650115251541138 1.0 0.8828133344650269 
mask 0.921875 0.6619113087654114 0.09368783235549927 1.0 0.6461499333381653 
mask 0.72265625 0.026914924383163452 0.0 0.6425241231918335 0.9658107757568359 
