nomask 0.73046875 526 310 800 554 
mask 0.58203125 482 214 887 576 
mask 0.51953125 353 82 965 593 
nomask 0.9765625 404 372 965 621 
mask 0.51171875 627 282 993 667 
nomask 0.92578125 393 421 811 786 
mask 0.828125 633 188 1025 538 
nomask 0.9453125 597 353 738 476 
mask 0.7578125 66 36 677 698 
nomask 0.984375 375 181 1124 849 
nomask 0.96875 557 350 689 473 
nomask 0.5078125 649 292 906 537 
nomask 0.57421875 304 393 940 913 
mask 0.6328125 604 313 736 423 
mask 0.6015625 448 262 752 702 
mask 0.87890625 551 389 695 521 
