nomask 0.984375 0.13246822357177734 0.1503962278366089 0.6646338105201721 0.7696241140365601 
nomask 0.69140625 0.024928033351898193 0.3263412415981293 0.6179208755493164 0.932309627532959 
mask 0.828125 0.3057207465171814 0.2859523594379425 0.6857015490531921 0.7280980348587036 
mask 0.796875 0.0 0.0 0.48951613903045654 0.6673586964607239 
nomask 0.6796875 0.12163478136062622 0.2306414246559143 0.5099300742149353 0.672787070274353 
mask 0.62890625 0.16515479981899261 0.3924516439437866 0.5619465708732605 0.7979258298873901 
mask 0.86328125 0.8517708778381348 0.8174054026603699 1.0 1.0 
mask 0.640625 0.016191601753234863 0.8444110155105591 0.906207799911499 1.0 
mask 0.73828125 0.02647826075553894 0.5562409162521362 0.5040980577468872 1.0 
mask 0.9765625 0.0 0.6510653495788574 0.5131102204322815 1.0 
mask 0.96484375 0.6700571775436401 0.1248883306980133 1.0 0.9658719301223755 
mask 0.609375 0.0714312195777893 0.5040768384933472 0.6780189275741577 0.7691308259963989 
mask 0.86328125 0.40484023094177246 0.06045219302177429 0.9007476568222046 0.9453825950622559 
mask 0.76171875 0.0011823028326034546 0.38156935572624207 0.2744271159172058 0.9004380702972412 
mask 0.9609375 0.18535953760147095 0.1997239589691162 0.7180689573287964 0.5015366673469543 
nomask 0.87890625 0.0 0.0025437921285629272 0.6821885108947754 0.4380531311035156 
nomask 0.984375 0.14163950085639954 0.4873866140842438 0.8214021921157837 0.9679336547851562 
mask 0.9375 0.20672926306724548 0.0 0.8840309381484985 0.6487753391265869 
nomask 0.94140625 0.0 0.1674278974533081 0.39089804887771606 0.8140515685081482 
mask 0.6328125 0.398662805557251 0.09741091728210449 0.6637167930603027 0.678299069404602 
nomask 0.640625 0.6361004710197449 0.9048106670379639 1.0 1.0 
mask 0.91015625 0.8385281562805176 0.002221733331680298 1.0 0.873384952545166 
mask 0.92578125 0.6491455435752869 0.09871631860733032 1.0 0.6511784195899963 
mask 0.84375 0.21889179944992065 0.6181536912918091 0.6845366954803467 0.9161111116409302 
mask 0.984375 0.08764347434043884 0.674403727054596 0.6521942615509033 1.0 
mask 0.95703125 0.23867914080619812 0.6463314294815063 0.9459458589553833 1.0 
mask 0.96875 0.0 0.8060598969459534 0.6911187171936035 1.0 
