mask 0.984375 208 346 806 1254 
mask 0.7578125 290 168 766 974 
mask 0.625 407 278 948 1196 
mask 0.66015625 215 362 606 1047 
mask 0.5703125 116 475 624 1354 
mask 0.88671875 491 520 988 1398 
mask 0.90234375 7 182 477 1301 
mask 0.984375 6 851 486 1440 
mask 0.9140625 47 43 647 935 
nomask 0.69140625 303 980 992 1440 
nomask 0.58203125 766 959 1080 1440 
mask 0.734375 498 62 974 903 
nomask 0.68359375 644 1160 1080 1440 
mask 0.88671875 0 454 747 985 
nomask 0.69140625 919 11 1080 1215 
mask 0.6953125 55 1177 865 1440 
mask 0.73828125 297 434 872 860 
nomask 0.8125 919 1164 1080 1440 
mask 0.578125 355 474 1080 1440 
mask 0.76171875 559 15 1080 1440 
mask 0.8984375 13 762 749 1316 
mask 0.8125 544 251 830 1125 
nomask 0.91796875 0 1159 746 1440 
mask 0.87109375 143 1046 929 1440 
mask 0.7890625 338 463 664 1300 
nomask 0.578125 159 343 421 1236 
mask 0.94140625 748 0 1080 909 
mask 0.85546875 701 142 1080 937 
mask 0.9453125 796 287 1080 1379 
mask 0.9609375 45 721 518 1440 
mask 0.91015625 670 1302 1080 1440 
