mask 0.6746368408203125 888 1479 1353 1908 
nomask 0.020751953125 0 0 1915 534 
mask 0.014892578125 10 188 309 1493 
nomask 0.008056640625 0 0 1631 272 
mask 0.00628662109375 46 0 1685 1115 
mask 0.0067138671875 0 75 622 1193 
nomask 0.005218505859375 0 3 1012 555 
mask 0.00274658203125 43 0 881 1391 
mask 0.0037689208984375 1412 123 1867 1821 
mask 0.00299072265625 210 952 1604 1846 
mask 0.0035552978515625 933 1496 1107 1709 
mask 0.0035858154296875 1095 1498 1299 1715 
nomask 0.0023345947265625 0 0 441 979 
mask 0.0025482177734375 0 0 830 735 
