mask 0.671875 486 801 1187 1640 
mask 0.96484375 284 296 1769 1850 
mask 0.984375 238 443 1148 1637 
mask 0.9453125 147 511 863 1313 
mask 0.9375 337 12 1767 1102 
mask 0.7734375 207 0 1916 548 
mask 0.59375 1000 103 1877 1880 
mask 0.9765625 193 605 1676 1353 
mask 0.9609375 0 279 881 1780 
mask 0.90625 748 0 1670 1473 
mask 0.87890625 0 0 1059 1160 
nomask 0.77734375 749 0 1880 831 
mask 0.59375 27 559 542 1676 
nomask 0.75 577 492 1070 1532 
mask 0.921875 233 640 715 1704 
nomask 0.84375 575 5 1307 1359 
mask 0.91796875 4 982 1920 1920 
mask 0.9609375 427 1210 1814 1920 
mask 0.984375 0 1146 1129 1920 
