nomask 0.5546875 0.236352801322937 0.2248782217502594 0.8087320327758789 0.87663733959198 
mask 0.96484375 0.3086547255516052 0.29417696595191956 0.7034401297569275 0.759821891784668 
mask 0.94140625 0.38879796862602234 0.36482104659080505 0.9190202951431274 0.9429972171783447 
mask 0.98046875 0.036877989768981934 0.29521074891090393 0.642846405506134 1.0 
mask 0.9296875 0.20711660385131836 0.26554611325263977 0.5954118967056274 0.6982240676879883 
mask 0.9296875 0.7256959080696106 0.16671571135520935 1.0 0.9542152881622314 
mask 0.609375 0.00659450888633728 0.09135040640830994 0.4421038329601288 0.938788652420044 
mask 0.89453125 0.23801752924919128 0.0 0.9153192043304443 0.6712590456008911 
mask 0.87890625 0.3918996751308441 0.1535651534795761 0.8299057483673096 0.6523156762123108 
mask 0.8046875 0.47270724177360535 0.25724151730537415 0.7745199203491211 0.8135190010070801 
mask 0.94921875 0.13327530026435852 0.516788125038147 0.8604960441589355 0.9273576736450195 
mask 0.97265625 0.2738569378852844 0.31265830993652344 0.9702672362327576 0.6811130046844482 
mask 0.80078125 0.22492079436779022 0.376198410987854 0.5569350719451904 0.8520323038101196 
mask 0.984375 0.6932737827301025 0.0 1.0 0.6478026509284973 
mask 0.6484375 0.31297340989112854 0.31297340989112854 1.0 1.0 
mask 0.96875 0.5184382200241089 0.010808229446411133 1.0 1.0 
mask 0.8984375 0.8479565382003784 0.8114272356033325 1.0 1.0 
nomask 0.62109375 0.6491455435752869 0.9048106670379639 1.0 1.0 
mask 0.5703125 0.04690226912498474 0.8114272356033325 0.8287043571472168 1.0 
nomask 0.55859375 0.8365952968597412 0.002120405435562134 1.0 0.854629397392273 
nomask 0.5 0.6619113087654114 0.09871631860733032 1.0 0.6511784195899963 
mask 0.5078125 0.28872039914131165 0.2108733355998993 0.8214298486709595 0.48172709345817566 
mask 0.7734375 0.04971557855606079 0.024102330207824707 0.6054251194000244 0.6433302164077759 
mask 0.9296875 0.6854516267776489 0.6385093927383423 1.0 1.0 
nomask 0.625 0.2231190800666809 0.6061701774597168 0.9458618760108948 1.0 
mask 0.9296875 0.0 0.643258273601532 0.547386884689331 1.0 
