mask 0.984375 714 870 1589 1867 
mask 0.87109375 566 1198 1764 1920 
mask 0.984375 774 770 1372 1645 
mask 0.96875 513 511 1512 1726 
mask 0.93359375 691 1270 1837 1920 
mask 0.984375 964 1010 1687 1920 
mask 0.9140625 752 802 1775 1311 
mask 0.81640625 1409 336 1920 1815 
mask 0.72265625 999 681 1486 1726 
mask 0.9375 1348 1293 1920 1920 
mask 0.9296875 590 1205 1289 1920 
mask 0.96875 632 632 1920 1920 
mask 0.97265625 8 984 1920 1920 
mask 0.9375 995 20 1920 1920 
mask 0.8984375 915 924 1752 1619 
mask 0.7890625 672 1584 1474 1920 
mask 0.9453125 1183 583 1649 1699 
nomask 0.69140625 1030 1154 1459 1644 
mask 0.9609375 300 791 1141 1728 
mask 0.95703125 408 1038 980 1876 
mask 0.94921875 481 1153 1504 1696 
mask 0.91796875 1241 850 1920 1846 
mask 0.95703125 456 977 1479 1508 
mask 0.76171875 1442 588 1920 1920 
