nomask 0.953125 0.2684037685394287 0.26611706614494324 0.6651955842971802 0.7278239727020264 
mask 0.78515625 0.4473150670528412 0.272175133228302 0.7883186340332031 0.6689669489860535 
mask 0.67578125 0.4425960183143616 0.1775115728378296 0.9128530621528625 0.8008949756622314 
mask 0.8515625 0.13690274953842163 0.1155754029750824 0.7152376770973206 0.7885259389877319 
mask 0.76171875 0.37042927742004395 0.402258038520813 0.8805692195892334 0.6731117963790894 
mask 0.69140625 0.4051579236984253 0.1403336226940155 0.670211911201477 0.661636233329773 
mask 0.80078125 0.8784463405609131 0.7844611406326294 1.0 1.0 
nomask 0.54296875 0.29233697056770325 0.2130383849143982 0.7915533781051636 0.48389214277267456 
nomask 0.953125 0.0 0.6512040495872498 0.5407044887542725 1.0 
mask 0.98046875 0.007206574082374573 0.12266197800636292 0.4333903193473816 0.883172869682312 
nomask 0.921875 0.1830347180366516 0.4694843888282776 0.780007004737854 0.9397414326667786 
mask 0.87109375 0.03134387731552124 0.3627329468727112 0.599213182926178 0.9819608330726624 
mask 0.84375 0.2420852780342102 0.12063875794410706 0.48515576124191284 0.6419413089752197 
nomask 0.94921875 0.1382468044757843 0.305965781211853 0.6374632120132446 0.5888025760650635 
nomask 0.5546875 0.6293056011199951 0.20841962099075317 0.9208828210830688 0.6842535138130188 
mask 0.7890625 0.39953145384788513 0.5099626183509827 0.6974887847900391 0.965636670589447 
mask 0.9765625 0.49481865763664246 0.39165598154067993 0.7927759885787964 0.8473300337791443 
mask 0.9375 0.41998541355133057 0.31975480914115906 0.6683746576309204 0.8524641990661621 
mask 0.98046875 0.29417696595191956 0.4162280857563019 0.759821891784668 0.7705177068710327 
