nomask 0.984375 0.006279200315475464 0.0 1.0 0.9984381198883057 
nomask 0.984375 0.20084547996520996 0.0 0.9429930448532104 0.6106462478637695 
mask 0.54296875 0.30573466420173645 0.047690048813819885 0.7731271982192993 0.546440601348877 
mask 0.765625 0.6491455435752869 0.9048106670379639 1.0 1.0 
nomask 0.6328125 0.7436961531639099 0.18300345540046692 1.0 0.9749428033828735 
mask 0.546875 0.0 0.870306134223938 1.0 1.0 
mask 0.6171875 0.0 0.09227442741394043 0.5098580718040466 0.9889875650405884 
nomask 0.73828125 0.8285930752754211 0.03193977475166321 1.0 0.7682397365570068 
mask 0.76953125 0.8938673734664917 0.6619113087654114 1.0 1.0 
mask 0.78515625 0.4886903762817383 0.07622027397155762 0.9589474201202393 0.9021862745285034 
nomask 0.9140625 0.606367826461792 0.8060598969459534 1.0 1.0 
nomask 0.61328125 0.15914800763130188 0.6053697466850281 0.947256326675415 1.0 
mask 0.84375 0.7634143829345703 0.6808172464370728 1.0 1.0 
mask 0.60546875 0.0 0.6778780817985535 0.5522049069404602 1.0 
nomask 0.52734375 0.06440657377243042 0.8163710236549377 0.784940242767334 1.0 
mask 0.7578125 0.1399463564157486 0.017645329236984253 0.6386969089508057 0.5855644941329956 
