mask 0.6796875 0.22670209407806396 0.025610923767089844 0.8852428197860718 0.7918888926506042 
nomask 0.984375 0.09273603558540344 0.13669833540916443 0.673031210899353 0.7833219766616821 
nomask 0.6796875 0.0 0.1635633409023285 0.4739740490913391 0.9176986217498779 
mask 0.97265625 0.7740808725357056 0.0 1.0 0.6129087209701538 
mask 0.96875 0.6491455435752869 0.9048106670379639 1.0 1.0 
mask 0.890625 0.8723005056381226 0.7944116592407227 1.0 1.0 
mask 0.71484375 0.05633065104484558 0.8203591108322144 0.8381327390670776 1.0 
mask 0.55859375 0.0 0.14956718683242798 0.285819947719574 0.8442041277885437 
mask 0.94921875 0.8565100431442261 0.02067619562149048 1.0 0.8549304604530334 
mask 0.91015625 0.0 0.661975622177124 0.5783766508102417 1.0 
mask 0.91015625 0.16135093569755554 0.2991393804550171 0.8885716199874878 0.7009174823760986 
