nomask 0.984375 0.44136419892311096 0.19210484623908997 0.7159978151321411 0.5048257112503052 
mask 0.65234375 0.5346706509590149 0.22603313624858856 0.7682318091392517 0.49793821573257446 
mask 0.7734375 0.3979596495628357 0.20190344750881195 0.6216254830360413 0.46798622608184814 
mask 0.56640625 0.42576536536216736 0.0887814462184906 0.845177412033081 0.566359281539917 
nomask 0.734375 0.43295538425445557 0.29258042573928833 0.8524043560028076 0.7499646544456482 
mask 0.77734375 0.3258746266365051 0.09562118351459503 0.6454383134841919 0.4756019711494446 
mask 0.5625 0.5462937951087952 0.2042265683412552 0.8711987137794495 0.6131591200828552 
mask 0.5234375 0.30435898900032043 0.21001888811588287 0.6807821989059448 0.6116968989372253 
nomask 0.6171875 0.4510642886161804 0.4498400390148163 0.8796914219856262 0.9172325134277344 
mask 0.8515625 0.3788394033908844 0.41009196639060974 0.9115488529205322 0.6479576230049133 
mask 0.93359375 0.4074932038784027 0.3273736238479614 0.7054505348205566 0.6943591833114624 
mask 0.8828125 0.24647988379001617 0.33858630061149597 0.6751070022583008 0.7765923738479614 
mask 0.5078125 0.540525496006012 0.0 0.7586626410484314 0.49441608786582947 
mask 0.84375 0.7209699153900146 0.19111214578151703 0.9826381206512451 0.6370288729667664 
mask 0.5625 0.22290076315402985 0.1627529114484787 0.5494569540023804 0.5266348719596863 
mask 0.859375 0.4516710638999939 0.01902313530445099 0.8518471121788025 0.30435681343078613 
mask 0.546875 0.47013235092163086 0.3031516969203949 0.9481981992721558 0.5569760799407959 
nomask 0.703125 0.6113701462745667 0.022859185934066772 0.8597593903541565 0.5329991579055786 
mask 0.96484375 0.4726869761943817 0.11548502743244171 0.9719033241271973 0.3748634457588196 
nomask 0.875 0.43922001123428345 0.0 0.6621302962303162 0.48883476853370667 
mask 0.8125 0.16597838699817657 0.22832150757312775 0.5854273438453674 0.6569486260414124 
mask 0.546875 0.6345236897468567 0.006148397922515869 1.0 0.612116813659668 
