mask 0.6015625 0.016985446214675903 0.0 0.9955539703369141 0.9984381198883057 
nomask 0.984375 0.7344322800636292 0.41236481070518494 0.9994862675666809 1.0 
nomask 0.6796875 0.0 0.3563452959060669 0.25256767868995667 0.9471728801727295 
nomask 0.83203125 0.00427979975938797 0.4380703568458557 0.15526017546653748 1.0 
nomask 0.7265625 0.7131615877151489 0.09023073315620422 1.0 0.9342701435089111 
mask 0.69921875 0.0 0.06732478737831116 0.12803128361701965 0.8886233568191528 
mask 0.8046875 0.8346522450447083 0.5211457014083862 0.9889362454414368 1.0 
mask 0.65234375 0.0 0.505730152130127 0.08680418133735657 0.8985798358917236 
nomask 0.5234375 0.6699990034103394 0.6215855479240417 1.0 1.0 
nomask 0.75 0.0 0.5777159333229065 0.3429569602012634 1.0 
