nomask 0.73828125 0.16567209362983704 0.1630088984966278 0.7128633260726929 0.8000328540802002 
nomask 0.94921875 0.008061304688453674 0.0779256522655487 0.1558087319135666 0.6715245246887207 
mask 0.96875 0.0 0.07653629779815674 0.2922147512435913 0.620394229888916 
nomask 0.70703125 0.0 0.15809084475040436 0.09752827882766724 0.5425284504890442 
mask 0.59765625 0.0 0.08035436272621155 0.24194350838661194 0.41236865520477295 
mask 0.5390625 0.0 0.0 0.23373453319072723 0.5446332693099976 
nomask 0.5703125 0.0 0.23860445618629456 0.14123666286468506 0.9598745107650757 
mask 0.9140625 0.0 0.21722301840782166 0.2906574308872223 0.47104737162590027 
mask 0.55078125 0.09252214431762695 0.1608135849237442 0.44098740816116333 0.5662878155708313 
nomask 0.57421875 0.00881125032901764 0.09368669986724854 0.3912785053253174 0.8878438472747803 
