mask 0.81640625 0.004179030656814575 0.005155742168426514 0.7247127294540405 0.5147748589515686 
nomask 0.984375 0.35707083344459534 0.0 0.9630392789840698 0.632444441318512 
nomask 0.9453125 0.0 0.14929553866386414 0.49447476863861084 0.9716354608535767 
nomask 0.8046875 0.7079354524612427 0.0 1.0 0.6404156684875488 
nomask 0.88671875 0.5820634365081787 0.00659450888633728 1.0 0.4421038329601288 
nomask 0.640625 0.5698786973953247 0.04393419623374939 0.9498594999313354 0.5473983287811279 
nomask 0.9296875 0.5177720785140991 0.0 0.9994773864746094 0.9975311756134033 
nomask 0.94140625 0.8385281562805176 0.8208556175231934 1.0 1.0 
nomask 0.984375 0.6210848689079285 0.9098391532897949 1.0 1.0 
nomask 0.8046875 0.029608100652694702 0.8297874927520752 0.8459985256195068 1.0 
nomask 0.95703125 0.01282384991645813 0.3688788414001465 0.765235185623169 0.9881067276000977 
nomask 0.75390625 0.0 0.0 0.2459530383348465 0.7233307361602783 
nomask 0.59375 0.8290997743606567 0.011650115251541138 1.0 0.8828133344650269 
nomask 0.9375 0.6619113087654114 0.08764347434043884 1.0 0.6521942615509033 
nomask 0.9140625 0.33469849824905396 0.0 0.6653583645820618 0.49005454778671265 
nomask 0.9140625 0.26295071840286255 0.1611385941505432 0.7231382131576538 0.7711735367774963 
nomask 0.953125 0.16697010397911072 0.6053697466850281 0.9550783634185791 1.0 
nomask 0.84765625 0.0 0.6224300861358643 0.5947465896606445 1.0 
nomask 0.859375 0.013163521885871887 0.0 0.4679405689239502 0.6653653383255005 
nomask 0.9609375 0.12705928087234497 0.10786524415016174 0.9324125647544861 0.9672508239746094 
