nomask 0.953125 126 116 337 385 
nomask 0.984375 0 76 211 457 
mask 0.6171875 68 169 270 438 
nomask 0.984375 174 60 379 436 
nomask 0.984375 90 270 224 494 
nomask 0.984375 333 82 441 471 
nomask 0.62109375 21 8 266 314 
nomask 0.98046875 0 329 244 494 
nomask 0.94921875 105 315 417 494 
nomask 0.9140625 312 329 441 494 
nomask 0.9453125 90 147 325 296 
nomask 0.984375 371 4 441 416 
mask 0.51953125 136 95 280 301 
nomask 0.984375 286 48 441 321 
mask 0.75 22 408 353 494 
nomask 0.875 375 403 441 494 
nomask 0.9609375 0 441 441 494 
nomask 0.55078125 226 5 441 494 
nomask 0.91796875 280 446 441 494 
