nomask 0.984375 0.05461364984512329 0.010601431131362915 0.8070249557495117 0.8629100322723389 
nomask 0.984375 0.9134202003479004 0.09734819829463959 1.0 0.4576150178909302 
nomask 0.79296875 0.8381407260894775 0.056042373180389404 1.0 0.5978667736053467 
mask 0.8203125 0.8653737306594849 0.003535941243171692 0.9955663681030273 0.41376596689224243 
nomask 0.5625 0.8804441690444946 0.13253027200698853 0.999435305595398 0.8857105374336243 
mask 0.90625 0.7530526518821716 0.0 0.9930180907249451 0.4350196123123169 
mask 0.67578125 0.8684467077255249 0.21407273411750793 0.9986393451690674 0.5516884326934814 
nomask 0.6796875 0.7641642689704895 0.0516895055770874 0.9870745539665222 0.7729595303535461 
mask 0.9453125 0.9635642170906067 0.26912644505500793 0.9936408400535583 0.46685734391212463 
nomask 0.6796875 0.9571936130523682 0.21959719061851501 0.9979162216186523 0.4173280894756317 
nomask 0.6796875 0.43719300627708435 0.10279059410095215 0.8875265121459961 0.8602511286735535 
