nomask 0.9765625 44 2 133 158 
nomask 0.62109375 80 37 162 216 
mask 0.51953125 0 0 83 167 
mask 0.83984375 35 85 137 159 
nomask 0.54296875 71 0 147 182 
mask 0.66796875 120 0 179 142 
mask 0.6328125 0 0 114 82 
nomask 0.69140625 144 0 179 194 
mask 0.78125 0 1 127 124 
nomask 0.9140625 34 0 143 97 
mask 0.609375 149 4 179 244 
mask 0.875 0 237 161 281 
nomask 0.6015625 18 0 95 114 
nomask 0.625 73 14 141 133 
nomask 0.67578125 138 239 179 281 
mask 0.60546875 57 0 138 54 
mask 0.6953125 15 189 116 281 
mask 0.640625 161 182 179 281 
mask 0.58203125 13 45 94 216 
mask 0.7421875 55 0 106 77 
