mask 0.921875 44 1 133 154 
nomask 0.984375 77 11 172 257 
nomask 0.984375 120 0 179 146 
nomask 0.6875 138 239 179 281 
nomask 0.87890625 71 0 149 184 
nomask 0.984375 7 234 144 281 
nomask 0.92578125 127 51 179 273 
nomask 0.93359375 38 179 167 281 
nomask 0.546875 126 12 177 266 
nomask 0.87890625 0 0 99 155 
mask 0.69140625 68 44 126 172 
nomask 0.94140625 77 0 152 88 
nomask 0.8046875 44 85 146 158 
nomask 0.984375 88 38 142 181 
nomask 0.859375 143 0 179 203 
mask 0.8203125 0 45 95 268 
nomask 0.84765625 1 0 115 81 
nomask 0.984375 106 9 161 143 
nomask 0.921875 118 206 179 281 
nomask 0.96875 144 171 179 281 
nomask 0.73828125 4 5 176 182 
nomask 0.984375 140 11 179 227 
mask 0.73046875 43 14 89 181 
nomask 0.75390625 54 0 178 74 
nomask 0.83203125 72 0 124 80 
nomask 0.95703125 104 114 179 242 
nomask 0.89453125 160 182 179 281 
mask 0.58984375 59 93 179 281 
nomask 0.984375 0 145 179 281 
nomask 0.6796875 158 0 179 281 
mask 0.62890625 58 19 119 223 
nomask 0.95703125 64 74 176 198 
nomask 0.984375 56 0 141 52 
nomask 0.984375 32 91 145 281 
