mask 0.96875 59 10 218 136 
nomask 0.984375 39 1 257 94 
nomask 0.9296875 24 8 170 114 
nomask 0.95703125 215 155 275 183 
nomask 0.51171875 219 8 275 146 
nomask 0.8671875 241 0 275 183 
nomask 0.7109375 1 154 245 183 
nomask 0.51171875 248 118 275 183 
nomask 0.86328125 145 11 256 159 
mask 0.671875 51 58 218 174 
nomask 0.984375 0 1 196 80 
mask 0.83203125 1 0 115 128 
nomask 0.80859375 63 14 137 120 
nomask 0.984375 66 0 206 71 
nomask 0.91015625 200 0 275 107 
nomask 0.875 0 31 151 170 
nomask 0.9296875 195 36 275 178 
nomask 0.91796875 0 119 159 183 
nomask 0.9609375 61 115 260 183 
nomask 0.703125 186 118 275 183 
nomask 0.64453125 114 30 213 125 
nomask 0.97265625 56 50 149 138 
nomask 0.984375 24 123 179 183 
nomask 0.95703125 2 93 275 183 
