mask 0.90234375 0.11248892545700073 0.015776455402374268 0.8955342173576355 0.8883248567581177 
nomask 0.984375 0.008612014353275299 0.00836801528930664 0.20610150694847107 0.5272367596626282 
nomask 0.62890625 0.06267772614955902 0.03526309132575989 0.38758260011672974 0.5110969543457031 
nomask 0.703125 0.0 0.18240174651145935 0.33352822065353394 0.7360820770263672 
nomask 0.8671875 0.0 0.06799446046352386 0.26122424006462097 0.43003642559051514 
nomask 0.5078125 0.06234201788902283 0.11748135089874268 0.6281377077102661 0.7902471423149109 
nomask 0.984375 0.0 0.03414389491081238 0.14608681201934814 0.7248555421829224 
mask 0.67578125 0.0 0.00659450888633728 0.6578842401504517 0.4421038329601288 
nomask 0.9296875 0.38176658749580383 0.03376248478889465 0.9475623369216919 0.7212493419647217 
nomask 0.984375 0.004626765847206116 0.0 0.3954629898071289 0.727333664894104 
nomask 0.73046875 0.7740808725357056 0.0 1.0 0.6129087209701538 
nomask 0.59765625 0.17006301879882812 0.006009161472320557 0.9815975427627563 0.49129778146743774 
nomask 0.984375 0.0 1.2114644050598145e-05 0.3466836214065552 0.3392913341522217 
nomask 0.69140625 0.0 0.2642974555492401 0.29283082485198975 0.5754369497299194 
nomask 0.52734375 0.6090191602706909 0.1735738217830658 1.0 0.8201974630355835 
nomask 0.9609375 0.7541038393974304 0.10107263922691345 1.0 0.911415696144104 
mask 0.58984375 0.0 0.1918915957212448 0.3855544924736023 0.47472840547561646 
nomask 0.87109375 0.0 0.012848064303398132 0.25427040457725525 0.26667243242263794 
nomask 0.546875 0.6372659206390381 0.007206574082374573 1.0 0.4333903193473816 
nomask 0.94140625 0.07289209961891174 0.8208556175231934 0.8215713500976562 1.0 
mask 0.7890625 0.8982874155044556 0.022823423147201538 1.0 0.8751319646835327 
mask 0.61328125 0.07814855873584747 0.0 0.5001682639122009 0.41662004590034485 
nomask 0.82421875 0.0 0.0 0.351300984621048 0.4363137483596802 
nomask 0.8125 0.24625149369239807 0.6778780817985535 0.9383735656738281 1.0 
mask 0.953125 0.0 0.0 0.6620237827301025 0.2545609474182129 
mask 0.5703125 0.0 0.805241584777832 0.7032708525657654 1.0 
mask 0.6875 0.0 0.6826603412628174 0.4807332754135132 1.0 
