mask 0.94921875 40 19 310 552 
nomask 0.984375 138 107 346 519 
nomask 0.984375 2 49 189 603 
nomask 0.94921875 1 574 351 682 
mask 0.84765625 109 145 261 463 
nomask 0.94140625 0 463 212 682 
mask 0.7890625 0 0 248 381 
nomask 0.953125 65 6 377 344 
nomask 0.96484375 337 23 393 581 
mask 0.9453125 30 468 256 682 
mask 0.82421875 334 557 393 682 
mask 0.6171875 51 200 331 468 
nomask 0.984375 255 617 393 682 
nomask 0.6015625 0 277 278 574 
nomask 0.984375 289 146 393 652 
mask 0.95703125 2 68 111 539 
mask 0.6015625 0 549 271 682 
mask 0.59765625 113 483 363 682 
mask 0.859375 278 464 393 682 
mask 0.75390625 68 193 211 503 
nomask 0.89453125 229 276 393 586 
mask 0.82421875 180 87 393 682 
nomask 0.87109375 292 81 393 622 
mask 0.90234375 0 172 96 682 
mask 0.6796875 27 249 200 648 
nomask 0.61328125 52 318 331 632 
nomask 0.96875 180 82 313 436 
nomask 0.85546875 267 0 393 341 
nomask 0.69140625 0 18 48 510 
