nomask 0.984375 207 968 479 1636 
nomask 0.984375 155 1025 382 1593 
nomask 0.984375 30 835 352 1690 
nomask 0.984375 106 1140 309 1629 
nomask 0.9609375 105 670 548 1735 
nomask 0.984375 270 963 613 1837 
nomask 0.91796875 55 1112 498 2155 
nomask 0.82421875 134 1164 261 1463 
nomask 0.7890625 216 1150 518 1968 
mask 0.9765625 282 669 618 1562 
nomask 0.98046875 0 513 392 1808 
nomask 0.91015625 317 970 539 1539 
nomask 0.9765625 200 1204 408 1703 
nomask 0.875 195 527 745 1822 
nomask 0.8125 217 1163 690 2229 
mask 0.671875 0 685 402 1410 
nomask 0.94921875 44 1038 256 1594 
nomask 0.94921875 375 1054 743 1866 
mask 0.6796875 0 1044 140 2280 
mask 0.91796875 16 1082 285 2271 
mask 0.8828125 3 1388 554 1955 
mask 0.68359375 179 1404 767 1959 
mask 0.8046875 75 1600 468 2280 
mask 0.91015625 211 1422 540 2280 
mask 0.984375 96 1737 684 2245 
mask 0.71484375 0 861 224 1656 
nomask 0.67578125 57 144 560 1380 
nomask 0.94921875 0 618 133 1942 
mask 0.98046875 241 1169 360 1468 
nomask 0.578125 287 1191 494 1701 
nomask 0.65234375 140 762 892 1532 
nomask 0.93359375 183 1162 304 1475 
mask 0.5859375 316 1468 653 2280 
mask 0.9609375 347 1062 463 1354 
nomask 0.83984375 18 495 581 1073 
mask 0.6015625 311 431 952 2078 
nomask 0.953125 0 1484 555 2280 
mask 0.75 210 444 525 1439 
nomask 0.671875 0 1168 471 1734 
nomask 0.94140625 151 281 392 1577 
mask 0.6796875 135 1273 259 1542 
mask 0.6796875 75 997 333 1435 
nomask 0.97265625 243 1060 360 1346 
