mask 0.9609375 0.4248217046260834 0.33544260263442993 0.7040455341339111 0.6647840142250061 
nomask 0.97265625 0.05551488697528839 0.30573466420173645 0.46598219871520996 0.7731271982192993 
mask 0.640625 0.0 0.707107663154602 0.3340076208114624 1.0 
mask 0.6171875 0.010683029890060425 0.5091967582702637 0.26450738310813904 1.0 
mask 0.93359375 0.01906280219554901 0.24027569591999054 0.3080885410308838 0.7288023829460144 
mask 0.73828125 0.0 0.2646310329437256 0.13041146099567413 0.8455191850662231 
nomask 0.640625 0.0 0.31195729970932007 0.4151597023010254 0.5828110575675964 
nomask 0.61328125 0.0 0.35707083344459534 0.39612311124801636 0.9630392789840698 
mask 0.94921875 0.1014208048582077 0.30899396538734436 0.5692498683929443 0.5857744216918945 
nomask 0.6796875 0.0 0.3342236876487732 0.4583241939544678 0.6721188426017761 
