nomask 0.6546630859375 2851 1005 3135 1278 
nomask 0.95361328125 1153 982 1457 1268 
mask 0.420623779296875 1958 1135 2185 1334 
mask 0.005340576171875 2420 1024 2600 1198 
mask 0.007568359375 1909 1166 2126 1389 
nomask 0.005767822265625 2004 926 2193 1104 
nomask 0.0025177001953125 2411 925 2609 1099 
mask 0.0027008056640625 2168 1018 2427 1251 
nomask 0.0019989013671875 2445 1310 2610 1518 
mask 0.0035552978515625 1905 1061 2086 1274 
mask 0.0037689208984375 2953 1114 3202 1348 
nomask 0.0033111572265625 1911 909 2062 1075 
nomask 0.003082275390625 2177 894 2409 1103 
nomask 0.0026397705078125 2433 1190 2614 1385 
