mask 0.66644287109375 882 1161 1187 1434 
mask 0.293731689453125 2842 1146 3260 1548 
mask 0.067840576171875 2045 1947 2230 2137 
mask 0.0152587890625 25 155 970 1869 
nomask 0.006439208984375 1654 1508 1780 1659 
mask 0.00732421875 188 172 1841 1762 
nomask 0.007598876953125 2587 1144 2885 1424 
nomask 0.00537109375 2774 1017 3115 1352 
nomask 0.00384521484375 1419 1486 1580 1681 
mask 0.0036163330078125 1646 1640 1778 1826 
nomask 0.0036773681640625 2032 1627 2209 1805 
mask 0.00372314453125 2958 1583 3277 1876 
nomask 0.0033721923828125 2446 1163 2706 1392 
mask 0.0029449462890625 1859 1828 2017 2010 
mask 0.003631591796875 1878 1922 2051 2108 
mask 0.0019989013671875 2353 1888 2980 2872 
mask 0.0030517578125 1227 1460 1400 1674 
nomask 0.00311279296875 2917 1013 3265 1356 
mask 0.003326416015625 1432 1210 1558 1405 
mask 0.0031280517578125 1682 1396 1814 1551 
