nomask 0.63671875 2193 1362 2437 1744 
nomask 0.98046875 1062 1237 1413 1798 
mask 0.984375 1848 1400 2003 1617 
mask 0.90234375 1664 1764 1835 2042 
mask 0.65234375 1334 1749 1553 2074 
mask 0.6875 1017 1372 1338 1884 
mask 0.984375 826 1754 1359 2395 
mask 0.90234375 1953 1357 2098 1616 
mask 0.54296875 832 1900 1152 2412 
mask 0.96484375 1480 1758 1647 2030 
mask 0.73828125 2662 1583 2885 1894 
nomask 0.7421875 1808 1602 1970 1867 
mask 0.73828125 1267 1317 1534 1744 
mask 0.9609375 1667 1619 1826 1903 
mask 0.60546875 1048 1543 1478 2542 
mask 0.94921875 2648 26 2991 304 
nomask 0.66796875 2700 89 2939 437 
mask 0.81640625 1489 1578 1645 1882 
nomask 0.6796875 1313 1522 1541 1921 
