nomask 0.617279052734375 159 264 192 293 
mask 0.0489959716796875 438 320 476 366 
nomask 0.051605224609375 249 274 277 301 
nomask 0.0284423828125 364 270 394 303 
nomask 0.0260009765625 333 263 365 296 
nomask 0.01214599609375 407 265 442 300 
nomask 0.01397705078125 285 280 314 308 
nomask 0.0137939453125 438 266 468 296 
nomask 0.00982666015625 280 292 309 321 
nomask 0.006591796875 138 266 173 298 
nomask 0.00750732421875 207 272 245 304 
nomask 0.00299072265625 401 246 439 285 
nomask 0.001983642578125 489 371 527 408 
mask 0.0031585693359375 9 5 294 112 
nomask 0.0022735595703125 239 252 275 282 
nomask 0.00360107421875 211 297 246 330 
