nomask 0.640625 0.001813739538192749 0.28908246755599976 0.23664085566997528 0.7649163603782654 
mask 0.7265625 0.566013753414154 0.32938021421432495 0.7995749115943909 0.6072350144386292 
mask 0.8984375 0.18544411659240723 0.3901882767677307 0.36951911449432373 0.5998943448066711 
mask 0.9140625 0.06872588396072388 0.32343682646751404 0.3603031039237976 0.7413173913955688 
mask 0.70703125 0.45855093002319336 0.2999488115310669 0.7516100406646729 0.633650541305542 
mask 0.953125 0.4703439474105835 0.22294865548610687 0.8989334106445312 0.7216553092002869 
mask 0.94921875 0.31634521484375 0.25359103083610535 0.7527135610580444 0.7294249534606934 
mask 0.87890625 0.5535246729850769 0.45813557505607605 0.8139098286628723 0.6382690072059631 
mask 0.9296875 0.6188477277755737 0.29681697487831116 0.7989811897277832 0.5254890322685242 
nomask 0.578125 0.1937459260225296 0.29903894662857056 0.4554141163825989 0.6581662893295288 
nomask 0.640625 0.6209506392478943 0.21455281972885132 0.9737070202827454 0.6525589227676392 
mask 0.609375 0.42660677433013916 0.1729874610900879 0.7181839942932129 0.556209146976471 
nomask 0.6875 0.5837885141372681 0.366658478975296 0.6848667860031128 0.4977167546749115 
nomask 0.5 0.5123748183250427 0.3176949620246887 0.9322155117988586 0.5770733952522278 
mask 0.9140625 0.03622014820575714 0.1750575751066208 0.4126433730125427 0.5945065021514893 
mask 0.80859375 0.6678724884986877 0.366658478975296 0.7734226584434509 0.4977167546749115 
mask 0.6796875 0.33429044485092163 0.2137732207775116 0.8021195530891418 0.47882720828056335 
nomask 0.7890625 0.6655375957489014 0.41130533814430237 0.7757575511932373 0.5395572781562805 
mask 0.84765625 0.0 0.141195148229599 0.14873352646827698 0.673904538154602 
mask 0.9765625 0.5431764125823975 0.05428987741470337 0.9448543787002563 0.5216823816299438 
mask 0.640625 0.3369513154029846 0.269584059715271 0.5930163860321045 0.6445997953414917 
nomask 0.921875 0.41855588555336 0.3884122371673584 0.9507215023040771 0.9562815427780151 
mask 0.921875 0.04279080033302307 0.42136314511299133 0.5186246633529663 0.9402319192886353 
mask 0.88671875 0.6219067573547363 0.4095158576965332 0.7395215034484863 0.543441891670227 
mask 0.6796875 0.29355818033218384 0.05970194935798645 0.7155779004096985 0.5954388380050659 
nomask 0.5 0.0 0.31052708625793457 0.36762797832489014 0.5755810737609863 
nomask 0.515625 0.5703900456428528 0.4202837347984314 0.9040917754173279 0.8002645373344421 
mask 0.86328125 0.41512781381607056 0.44735559821128845 0.7346914410591125 0.7958208322525024 
mask 0.66015625 0.6256041526794434 0.3680616617202759 0.7358241081237793 0.49631357192993164 
nomask 0.84765625 0.5772549510002136 0.4101458191871643 0.6851148009300232 0.547002375125885 
mask 0.89453125 0.6597169041633606 0.3730343282222748 0.8398503661155701 0.6170482635498047 
mask 0.96484375 0.7454240322113037 0.0828472375869751 0.9884945154190063 0.627213180065155 
nomask 0.92578125 0.4438103437423706 0.3971705436706543 0.8728377819061279 0.6565489768981934 
mask 0.83203125 0.22262544929981232 0.41807690262794495 0.34281378984451294 0.5579280853271484 
nomask 0.984375 0.5487967133522034 0.28300008177757263 0.7368995547294617 0.5270140171051025 
nomask 0.953125 0.625736653804779 0.320201575756073 0.7335965037345886 0.4430198073387146 
nomask 0.7890625 0.007970303297042847 0.4029929041862488 0.455978661775589 0.6680468916893005 
