mask 0.65625 0.4639233350753784 0.1674496829509735 0.9213075637817383 0.6996620893478394 
mask 0.6796875 0.7359334230422974 0.13327530026435852 1.0 0.8604960441589355 
mask 0.984375 0.31013086438179016 0.04173031449317932 0.7604644298553467 0.613410472869873 
mask 0.51171875 0.5884732604026794 0.21564143896102905 1.0 0.7458637952804565 
mask 0.86328125 0.44596588611602783 0.2380254864692688 0.6943551301956177 0.8064751029014587 
mask 0.98046875 0.8334448337554932 0.09440857172012329 1.0 0.6132773160934448 
nomask 0.91015625 0.7565798759460449 0.19147199392318726 1.0 0.9294590353965759 
mask 0.98046875 0.6601584553718567 0.09978625178337097 0.985063374042511 0.6186549663543701 
mask 0.84375 0.3153991997241974 0.32017409801483154 0.6198762655258179 0.7660908699035645 
mask 0.9609375 0.7575815916061401 0.0 1.0 0.620640754699707 
mask 0.8671875 0.38834521174430847 0.29512786865234375 0.9686403274536133 0.9143557548522949 
mask 0.6015625 0.5281506776809692 0.3284129500389099 1.0 0.659072756767273 
mask 0.75 0.3197000026702881 0.20141488313674927 0.8298399448394775 0.47819530963897705 
nomask 0.51171875 0.3612595796585083 0.09082499146461487 1.0 0.4839998185634613 
nomask 0.85546875 0.8782790899276733 0.20465624332427979 0.9972702264785767 0.866104245185852 
mask 0.7890625 0.5048283934593201 0.10806690156459808 0.8093054890632629 0.5350913405418396 
