nomask 0.984375 557 178 673 269 
mask 0.79296875 80 212 135 251 
nomask 0.53125 128 169 250 278 
mask 0.984375 101 208 161 255 
mask 0.50390625 152 191 224 247 
mask 0.83203125 182 194 245 243 
mask 0.88671875 594 46 782 359 
mask 0.87890625 70 10 219 119 
mask 0.828125 577 176 647 225 
nomask 0.94921875 148 173 221 216 
nomask 0.69921875 112 174 171 212 
nomask 0.65625 97 175 206 280 
mask 0.9765625 3 213 18 264 
nomask 0.59375 1 194 14 246 
nomask 0.53515625 681 28 792 378 
nomask 0.8125 534 90 713 328 
mask 0.953125 415 303 454 330 
nomask 0.66796875 72 174 123 213 
nomask 0.5703125 557 186 640 248 
nomask 0.90625 0 173 9 225 
nomask 0.51171875 581 226 659 277 
