nomask 0.889617919921875 453 270 534 346 
mask 0.66644287109375 262 239 347 317 
mask 0.014892578125 263 269 337 337 
mask 0.0093994140625 208 1 441 103 
mask 0.00506591796875 560 289 597 334 
mask 0.007598876953125 247 196 361 306 
mask 0.0030975341796875 439 265 505 330 
nomask 0.002593994140625 236 205 288 255 
mask 0.002716064453125 556 265 597 311 
mask 0.0023345947265625 288 228 361 301 
nomask 0.00372314453125 263 206 332 266 
mask 0.0037689208984375 241 248 297 320 
mask 0.0031280517578125 596 293 649 339 
mask 0.002777099609375 269 310 332 364 
mask 0.0022735595703125 5 373 27 459 
mask 0.002410888671875 6 398 23 483 
nomask 0.0029144287109375 238 226 288 296 
mask 0.0020751953125 358 263 391 308 
