nomask 0.61328125 0.2739575207233429 0.040219515562057495 0.7413500547409058 0.5840774774551392 
mask 0.984375 0.19839951395988464 0.21794211864471436 0.7953717708587646 0.6682756543159485 
mask 0.984375 0.23758864402770996 0.005009502172470093 0.5026426315307617 0.5377188920974731 
mask 0.984375 0.21496322751045227 0.07230478525161743 0.9070852994918823 0.8776580691337585 
mask 0.984375 0.04293122887611389 0.8261599540710449 0.8092092275619507 1.0 
mask 0.66015625 0.843387246131897 0.8260668516159058 1.0 1.0 
nomask 0.7109375 0.06429478526115417 0.1755315065383911 0.5831634998321533 0.7537077069282532 
mask 0.984375 0.3033560514450073 0.0031085610389709473 0.6213037967681885 0.4120410978794098 
mask 0.97265625 0.21401585638523102 0.006498396396636963 0.7025425434112549 0.27735215425491333 
mask 0.96484375 0.12622007727622986 0.10461896657943726 0.6363600492477417 0.3813994228839874 
mask 0.98046875 0.11384248733520508 0.2030419409275055 0.4054197072982788 0.6788758039474487 
mask 0.98046875 0.21785984933376312 0.18623347580432892 0.5427647233009338 0.6419075727462769 
mask 0.984375 0.8344504833221436 0.016458213329315186 1.0 0.8703228235244751 
mask 0.87890625 0.6619113087654114 0.09871631860733032 1.0 0.6511784195899963 
mask 0.98046875 0.6361004710197449 0.9048106670379639 1.0 1.0 
mask 0.69921875 0.004181504249572754 0.5125018358230591 1.0 1.0 
mask 0.8671875 0.5125018358230591 0.004181504249572754 1.0 1.0 
mask 0.984375 0.48126575350761414 0.06315237283706665 0.7702914476394653 0.6075183153152466 
mask 0.984375 0.42130807042121887 6.221234798431396e-05 0.8391886949539185 0.3180099129676819 
mask 0.828125 0.3758910596370697 0.10461896657943726 0.8751074075698853 0.3813994228839874 
mask 0.8984375 0.11133840680122375 0.05704481899738312 0.4523420035839081 0.4538366198539734 
mask 0.984375 0.35474836826324463 0.379420667886734 0.7347291707992554 0.8411276340484619 
mask 0.98046875 0.24820664525032043 0.6572805047035217 0.7670754194259644 1.0 
mask 0.875 0.400704026222229 0.5800169706344604 0.9685733318328857 1.0 
mask 0.984375 0.0041077882051467896 0.42386606335639954 0.27150166034698486 0.9656904935836792 
mask 0.98046875 0.28108733892440796 0.5510218739509583 0.6449692845344543 0.931002676486969 
mask 0.671875 0.4835970401763916 0.21007496118545532 0.7880741357803345 0.8009025454521179 
mask 0.984375 0.0649719089269638 0.5925160646438599 0.5056624412536621 1.0 
mask 0.90625 0.13064031302928925 0.030871182680130005 0.3900187015533447 0.6923191547393799 
mask 0.98046875 0.009755562990903854 0.6118361949920654 0.1199755072593689 0.7516872882843018 
mask 0.60546875 0.6545749306678772 0.30156368017196655 1.0 0.9086228013038635 
mask 0.984375 0.34218382835388184 0.7557350993156433 0.7978578805923462 1.0 
nomask 0.69140625 0.8032829761505127 0.1212129294872284 1.0 1.0 
mask 0.9609375 0.6628257036209106 0.7565798759460449 1.0 1.0 
mask 0.75 0.8060598969459534 0.6185199022293091 1.0 1.0 
nomask 0.6484375 0.23296579718589783 0.005853248760104179 0.6802973747253418 0.05191715061664581 
