nomask 0.9140625 0.13389232754707336 0.014248967170715332 0.9568679332733154 0.9513580203056335 
mask 0.984375 0.3742775022983551 0.3237147331237793 0.7227427959442139 0.7205065488815308 
mask 0.65234375 0.17875170707702637 0.004137217998504639 0.9729088544845581 0.46886542439460754 
nomask 0.97265625 0.3267383277416229 0.7063677906990051 0.8834481239318848 1.0 
mask 0.984375 0.7301030158996582 0.7095370888710022 1.0 1.0 
mask 0.94921875 0.878617525100708 0.028377294540405273 1.0 0.7342028021812439 
mask 0.80859375 0.8758600354194641 0.04293122887611389 1.0 0.8092092275619507 
mask 0.9140625 0.001276552677154541 0.8320032358169556 0.8722348809242249 1.0 
mask 0.72265625 0.09587270021438599 0.09510821104049683 0.5976799726486206 0.8525687456130981 
mask 0.984375 0.7600367665290833 0.11043122410774231 1.0 0.9207743406295776 
mask 0.984375 0.8577204346656799 0.3286988437175751 0.9961785674095154 0.9485595226287842 
mask 0.96484375 0.49262529611587524 0.1350845992565155 0.9500095248222351 0.7411062717437744 
mask 0.984375 0.6361004710197449 0.9048106670379639 1.0 1.0 
mask 0.73828125 0.01588478684425354 0.30717477202415466 0.7275335788726807 0.667739748954773 
mask 0.94921875 0.25985395908355713 0.31103515625 1.0 0.66387939453125 
mask 0.875 0.2317744791507721 0.38782426714897156 0.761996865272522 0.9415045976638794 
mask 0.98046875 0.42106398940086365 0.430845707654953 0.9512863159179688 0.9845260381698608 
mask 0.984375 0.35914453864097595 0.10541728138923645 0.891853928565979 0.3762710392475128 
mask 0.6484375 0.2041928768157959 0.004333361983299255 0.725495457649231 0.2751871347427368 
mask 0.578125 0.1097162663936615 0.09726069867610931 0.6659936904907227 0.38009750843048096 
mask 0.94921875 0.32314491271972656 0.2547155022621155 0.7286190986633301 0.7065359354019165 
mask 0.53125 0.723645806312561 0.1997796595096588 1.0 0.9581665992736816 
mask 0.984375 0.5723816156387329 0.4001762270927429 1.0 0.8649044632911682 
mask 0.984375 0.25301671028137207 0.6801410913467407 0.9190372228622437 1.0 
mask 0.984375 0.4702284038066864 0.24612459540367126 0.67534339427948 0.49013856053352356 
mask 0.5625 0.606367826461792 0.805241584777832 1.0 1.0 
nomask 0.54296875 0.39136552810668945 0.35491716861724854 0.7162704467773438 0.8518028259277344 
mask 0.97265625 0.8060598969459534 0.6185199022293091 1.0 1.0 
mask 0.86328125 0.33096641302108765 0.33096641302108765 1.0 1.0 
mask 0.984375 0.5125018358230591 0.004181504249572754 1.0 1.0 
mask 0.984375 0.010808169841766357 0.5125018358230591 1.0 1.0 
mask 0.984375 0.2882286310195923 0.18945595622062683 0.8822888135910034 0.9116405248641968 
mask 0.984375 0.22564689815044403 0.4638099670410156 0.33350670337677 0.5920618772506714 
mask 0.546875 0.3350551724433899 0.2036208063364029 0.9159433245658875 0.46299922466278076 
nomask 0.91015625 0.006760209798812866 0.6107465624809265 0.574629545211792 1.0 
mask 0.984375 0.20619329810142517 0.6222318410873413 0.8121616840362549 1.0 
mask 0.98046875 0.5966860055923462 0.8060598969459534 1.0 1.0 
nomask 0.671875 0.10473862290382385 0.3871254324913025 0.4092157185077667 0.8733713030815125 
mask 0.984375 0.1721276491880417 0.36927852034568787 0.5776018500328064 0.8210989236831665 
