mask 0.953125 177 259 456 590 
mask 0.96875 119 219 555 664 
mask 0.91015625 265 279 637 668 
mask 0.81640625 88 307 333 586 
mask 0.97265625 138 208 393 505 
mask 0.8046875 174 428 523 702 
mask 0.984375 7 172 392 650 
mask 0.82421875 41 29 375 402 
mask 0.72265625 6 283 182 631 
mask 0.87109375 189 49 492 442 
nomask 0.953125 22 357 404 539 
mask 0.89453125 7 233 475 481 
mask 0.6328125 200 227 699 474 
nomask 0.94140625 206 592 548 702 
mask 0.98046875 287 163 470 553 
nomask 0.54296875 33 454 382 702 
mask 0.984375 69 374 311 702 
mask 0.984375 196 350 343 532 
mask 0.7734375 147 122 352 435 
mask 0.7109375 237 91 397 490 
mask 0.66015625 566 85 702 702 
mask 0.91796875 177 457 655 702 
mask 0.9375 111 372 430 615 
mask 0.984375 142 222 500 412 
mask 0.62890625 418 565 702 702 
nomask 0.734375 565 427 702 702 
mask 0.75 131 152 521 334 
nomask 0.96484375 41 42 640 631 
nomask 0.87109375 591 5 702 592 
mask 0.93359375 41 567 568 702 
mask 0.98046875 70 188 309 466 
mask 0.62890625 592 573 702 702 
mask 0.7265625 99 307 259 702 
mask 0.9609375 179 417 553 611 
mask 0.98046875 231 231 702 702 
nomask 0.61328125 363 12 702 702 
nomask 0.59765625 339 335 553 669 
mask 0.88671875 464 69 702 457 
nomask 0.7734375 330 236 543 549 
nomask 0.703125 152 417 348 702 
mask 0.984375 455 635 702 702 
