nomask 0.984375 150 28 386 216 
mask 0.984375 75 3 459 250 
mask 0.984375 208 70 316 163 
mask 0.86328125 201 80 364 243 
mask 0.984375 133 22 266 225 
mask 0.984375 163 0 323 152 
nomask 0.8125 61 14 322 204 
mask 0.97265625 116 37 377 136 
nomask 0.80078125 86 104 443 230 
mask 0.984375 437 5 524 298 
nomask 0.53125 22 292 424 350 
mask 0.6796875 405 296 524 350 
mask 0.75 474 227 524 350 
mask 0.59375 70 69 356 166 
mask 0.984375 44 59 290 272 
mask 0.984375 186 67 448 168 
mask 0.984375 301 34 460 201 
mask 0.8671875 380 44 524 298 
nomask 0.54296875 396 15 516 228 
mask 0.578125 149 125 375 330 
mask 0.9765625 3 31 227 328 
mask 0.671875 96 80 491 312 
mask 0.984375 379 72 524 337 
mask 0.578125 299 141 524 300 
mask 0.91796875 104 223 499 350 
mask 0.8046875 355 226 524 350 
nomask 0.75 258 40 400 248 
mask 0.984375 340 34 524 227 
mask 0.8125 222 35 524 126 
mask 0.54296875 173 115 524 350 
mask 0.96875 5 179 524 350 
mask 0.90234375 268 3 524 350 
mask 0.9296875 176 67 306 275 
mask 0.984375 3 213 301 350 
mask 0.72265625 108 217 425 350 
mask 0.94921875 312 282 524 350 
mask 0.58203125 54 135 214 305 
mask 0.55078125 90 129 302 287 
