nomask 0.5546875 0.11221244931221008 0.024436622858047485 0.8784904479980469 0.8969850540161133 
mask 0.98046875 0.8548769950866699 0.08198168873786926 0.9968442916870117 0.483427494764328 
nomask 0.7890625 0.7752110362052917 0.03798064589500427 0.9933481812477112 0.6064302921295166 
mask 0.921875 0.29005563259124756 0.14338278770446777 0.7888062000274658 0.7237289547920227 
mask 0.96875 0.059163808822631836 0.8260655999183655 0.7929766178131104 1.0 
mask 0.74609375 0.7291018962860107 0.11883759498596191 1.0 0.8134745359420776 
mask 0.98046875 0.06234201788902283 0.020623445510864258 0.6281377077102661 0.637590229511261 
mask 0.9609375 0.17875170707702637 0.006009161472320557 0.9729088544845581 0.49129778146743774 
nomask 0.95703125 0.9140419960021973 0.035307422280311584 1.0 0.45451390743255615 
nomask 0.9140625 0.5743223428726196 0.13212627172470093 0.9227876663208008 0.5648042559623718 
mask 0.6796875 0.45336318016052246 0.06724405288696289 0.8501549959182739 0.5190644860267639 
nomask 0.765625 0.7498115301132202 0.15947364270687103 1.0 0.48437851667404175 
nomask 0.95703125 0.18944130837917328 0.19251605868339539 0.5287205576896667 0.6894017457962036 
mask 0.9140625 0.6683112382888794 0.0730099081993103 1.0 0.4197131097316742 
nomask 0.94921875 0.3932019770145416 0.3638730049133301 0.9468823671340942 0.9547005891799927 
mask 0.984375 0.8654858469963074 0.23593391478061676 0.9985272288322449 0.5962007641792297 
nomask 0.62890625 0.9522964954376221 0.1435723453760147 1.0 0.3249034881591797 
nomask 0.61328125 0.10140740871429443 0.17004668712615967 0.41254693269729614 0.7118710875511169 
mask 0.9765625 0.9589703679084778 0.09703205525875092 1.0 0.274480402469635 
nomask 0.7265625 0.7382187247276306 0.26762866973876953 1.0 0.5721057653427124 
nomask 0.73828125 0.7648577094078064 0.2228989601135254 1.0 0.9491549730300903 
mask 0.984375 0.6185199022293091 0.40597015619277954 1.0 0.8510090708732605 
mask 0.984375 0.2812331020832062 0.7022503018379211 0.9190361499786377 1.0 
mask 0.9609375 0.3104931712150574 0.3073037564754486 0.6353980302810669 0.7251843214035034 
mask 0.9453125 0.7234206199645996 0.6951964497566223 1.0 1.0 
mask 0.91796875 0.7228273153305054 0.11826205253601074 1.0 0.37208640575408936 
nomask 0.984375 0.44698017835617065 0.282181054353714 0.8188244700431824 0.7243267297744751 
mask 0.984375 0.8766635656356812 0.04320770502090454 1.0 0.8262529969215393 
mask 0.68359375 0.8721224069595337 0.1550503671169281 0.9990968704223633 0.8763203620910645 
mask 0.73828125 0.8513148427009583 0.8261599540710449 1.0 1.0 
mask 0.78125 0.5803929567337036 0.22796854376792908 0.8848700523376465 0.7937642335891724 
mask 0.984375 0.28812336921691895 0.45075148344039917 0.6681041121482849 0.8225957751274109 
mask 0.984375 0.6491455435752869 0.9048106670379639 1.0 1.0 
mask 0.72265625 0.6545749306678772 0.30156368017196655 1.0 0.9086228013038635 
mask 0.984375 0.34218382835388184 0.7557350993156433 0.7978578805923462 1.0 
mask 0.69140625 0.8032829761505127 0.1212129294872284 1.0 1.0 
mask 0.9453125 0.6628257036209106 0.7565798759460449 1.0 1.0 
mask 0.7578125 0.8060598969459534 0.6185199022293091 1.0 1.0 
mask 0.97265625 0.23296579718589783 0.005853248760104179 0.6802973747253418 0.05191715061664581 
