mask 0.984375 41 4 281 377 
mask 0.96484375 74 87 234 331 
mask 0.96875 18 353 253 428 
nomask 0.58203125 30 30 153 370 
mask 0.9765625 70 27 167 276 
nomask 0.78125 269 10 320 368 
mask 0.53515625 272 349 320 428 
mask 0.6953125 211 40 320 276 
mask 0.78515625 203 387 320 428 
mask 0.91796875 5 131 232 285 
mask 0.890625 83 133 320 284 
mask 0.9375 74 165 243 402 
mask 0.984375 134 184 304 421 
mask 0.984375 114 45 285 161 
mask 0.7890625 65 1 232 117 
nomask 0.76171875 35 41 213 162 
mask 0.84765625 103 109 233 302 
mask 0.6171875 231 85 320 410 
mask 0.97265625 183 171 320 370 
mask 0.984375 80 291 294 428 
mask 0.984375 150 105 216 209 
mask 0.578125 194 344 320 428 
nomask 0.50390625 125 151 229 364 
mask 0.97265625 257 264 320 428 
mask 0.9375 105 141 320 428 
mask 0.984375 164 1 320 428 
mask 0.98046875 3 219 320 428 
mask 0.98046875 92 81 282 390 
mask 0.984375 72 198 106 253 
mask 0.890625 107 87 293 198 
nomask 0.8984375 2 261 183 428 
mask 0.984375 65 266 259 428 
mask 0.984375 190 344 320 428 
mask 0.6484375 33 165 130 373 
mask 0.984375 55 158 184 351 
