mask 0.6328125 35 28 285 422 
mask 0.98046875 18 365 246 442 
nomask 0.87109375 74 135 233 380 
mask 0.984375 70 323 310 442 
mask 0.9765625 30 20 170 302 
mask 0.90234375 192 356 318 442 
nomask 0.6484375 20 150 192 417 
mask 0.984375 37 321 284 442 
mask 0.98046875 263 16 318 342 
mask 0.88671875 198 3 318 191 
nomask 0.53515625 252 373 318 442 
mask 0.8828125 222 80 318 429 
mask 0.984375 145 56 318 442 
mask 0.984375 128 273 276 442 
mask 0.984375 241 300 318 442 
mask 0.96484375 193 177 318 378 
mask 0.984375 284 292 318 442 
nomask 0.50390625 61 74 172 253 
mask 0.68359375 106 64 186 289 
mask 0.984375 161 56 245 297 
mask 0.97265625 163 136 248 387 
mask 0.96484375 267 3 318 372 
mask 0.9296875 16 365 254 442 
nomask 0.8828125 270 361 318 442 
mask 0.90625 189 358 318 442 
nomask 0.67578125 47 35 268 209 
nomask 0.6328125 104 145 318 442 
mask 0.984375 143 90 316 207 
nomask 0.796875 162 4 318 442 
mask 0.984375 183 161 278 376 
mask 0.984375 210 43 318 287 
mask 0.9140625 89 238 200 413 
mask 0.98046875 82 274 266 377 
mask 0.9765625 182 62 279 264 
mask 0.875 206 399 318 442 
mask 0.73046875 140 136 310 253 
mask 0.609375 106 85 295 210 
nomask 0.796875 41 203 318 442 
mask 0.984375 141 70 267 274 
mask 0.7578125 197 28 276 320 
mask 0.984375 210 334 318 442 
mask 0.75390625 256 273 318 442 
mask 0.83203125 74 2 216 22 
