nomask 0.9140625 0.9527711272239685 0.550123929977417 0.9981483817100525 0.7059602737426758 
mask 0.72265625 0.17356030642986298 0.5506359934806824 0.5535410642623901 0.9389312863349915 
nomask 0.984375 0.8470816612243652 0.8208556175231934 1.0 1.0 
nomask 0.6953125 0.8795530796051025 0.053479790687561035 0.9959962368011475 0.7747498154640198 
mask 0.97265625 0.7476643323898315 0.18785172700881958 1.0 0.9925829768180847 
mask 0.92578125 0.023885726928710938 0.03757062554359436 0.602061927318573 0.6959304809570312 
nomask 0.83984375 0.1137896180152893 0.8073337078094482 1.0 1.0 
nomask 0.91796875 0.7366423010826111 0.7024832367897034 1.0 1.0 
nomask 0.90625 0.9278324246406555 0.40912920236587524 1.0 0.7395156025886536 
mask 0.63671875 0.723325788974762 0.09791317582130432 1.0 0.9419525861740112 
mask 0.76171875 0.04690226912498474 0.8302839994430542 0.8287043571472168 1.0 
nomask 0.8828125 0.6491455435752869 0.9048106670379639 1.0 1.0 
nomask 0.703125 0.8381220102310181 0.03193977475166321 1.0 0.7682397365570068 
mask 0.9609375 0.6494181156158447 0.0025437921285629272 1.0 0.4380531311035156 
mask 0.7578125 0.35097700357437134 0.4312119483947754 0.7309578061103821 0.8195072412490845 
nomask 0.75390625 0.2231190800666809 0.6385093927383423 0.9458618760108948 1.0 
nomask 0.71875 0.8188556432723999 0.0380856990814209 1.0 0.7743856310844421 
mask 0.96484375 0.059163808822631836 0.8260668516159058 0.7929766178131104 1.0 
nomask 0.94921875 0.9605690240859985 0.004426553845405579 0.998731255531311 0.18187488615512848 
mask 0.93359375 0.5942156314849854 0.40597015619277954 1.0 0.8510090708732605 
mask 0.640625 0.6107465624809265 0.010404437780380249 1.0 0.657028079032898 
mask 0.5625 0.07551521062850952 0.17069131135940552 0.5258487462997437 0.8077152371406555 
nomask 0.83984375 0.2812331020832062 0.7022503018379211 0.9190361499786377 1.0 
nomask 0.796875 0.3104931712150574 0.3073037564754486 0.6353980302810669 0.7251843214035034 
nomask 0.7109375 0.7234206199645996 0.6951964497566223 1.0 1.0 
nomask 0.88671875 0.7228273153305054 0.11826205253601074 1.0 0.37208640575408936 
mask 0.90625 0.44698017835617065 0.282181054353714 0.8188244700431824 0.7243267297744751 
nomask 0.7578125 0.8766635656356812 0.04320770502090454 1.0 0.8262529969215393 
mask 0.96875 0.8721224069595337 0.1550503671169281 0.9990968704223633 0.8763203620910645 
mask 0.95703125 0.8513148427009583 0.8261599540710449 1.0 1.0 
nomask 0.71875 0.5803929567337036 0.22796854376792908 0.8848700523376465 0.7937642335891724 
nomask 0.85546875 0.28812336921691895 0.45075148344039917 0.6681041121482849 0.8225957751274109 
nomask 0.96875 0.6491455435752869 0.9048106670379639 1.0 1.0 
nomask 0.703125 0.6545749306678772 0.30156368017196655 1.0 0.9086228013038635 
nomask 0.6796875 0.34218382835388184 0.7557350993156433 0.7978578805923462 1.0 
nomask 0.64453125 0.8032829761505127 0.1212129294872284 1.0 1.0 
mask 0.9609375 0.6628257036209106 0.7565798759460449 1.0 1.0 
nomask 0.703125 0.8060598969459534 0.6185199022293091 1.0 1.0 
nomask 0.625 0.23296579718589783 0.005853248760104179 0.6802973747253418 0.05191715061664581 
