nomask 0.85546875 0.11377587914466858 0.02066439390182495 0.9126850366592407 0.9303693771362305 
mask 0.98046875 0.2870022654533386 0.22908729314804077 0.7646220326423645 0.7499034404754639 
mask 0.984375 0.38244661688804626 0.028486311435699463 0.9361269474029541 0.6727488040924072 
mask 0.7265625 0.8769772052764893 0.17192000150680542 0.9985721111297607 0.9251002669334412 
mask 0.77734375 0.892208456993103 0.04293122887611389 1.0 0.8092092275619507 
mask 0.8828125 0.05836018919944763 0.8260655999183655 0.7764599323272705 1.0 
nomask 0.88671875 0.34720563888549805 0.43536919355392456 0.7271864414215088 0.8153499960899353 
mask 0.9609375 0.052816957235336304 0.03000640869140625 0.5946413278579712 0.6604733467102051 
mask 0.53125 0.22847549617290497 0.38090068101882935 0.5533803701400757 0.8365747332572937 
mask 0.984375 0.370145320892334 0.28130894899368286 0.8258193731307983 0.6433508992195129 
nomask 0.69921875 0.214816153049469 0.7541822195053101 0.9854530692100525 1.0 
nomask 0.6015625 0.8083674311637878 0.13336506485939026 1.0 1.0 
mask 0.84375 0.6628257036209106 0.7516212463378906 1.0 1.0 
nomask 0.6484375 0.19779936969280243 0.04573643207550049 0.6965498924255371 0.5665525794029236 
nomask 0.8515625 0.40422695875167847 0.606367826461792 0.8689551949501038 1.0 
mask 0.98046875 0.8067739605903625 0.6185199022293091 1.0 1.0 
mask 0.77734375 0.6036900877952576 0.00659450888633728 1.0 0.4421038329601288 
mask 0.80078125 0.13387084007263184 0.4609558582305908 1.0 1.0 
mask 0.9453125 0.33096641302108765 0.33096641302108765 1.0 1.0 
mask 0.984375 0.06452375650405884 0.2411368489265442 0.4663018584251404 0.9842702746391296 
mask 0.97265625 0.3242412209510803 0.06776544451713562 0.6695300936698914 0.7949861288070679 
mask 0.85546875 0.3621916174888611 0.2601952850818634 0.9855750203132629 0.7105288505554199 
mask 0.984375 0.44698017835617065 0.282181054353714 0.8188244700431824 0.7243267297744751 
mask 0.86328125 0.8766635656356812 0.04320770502090454 1.0 0.8262529969215393 
mask 0.86328125 0.8721224069595337 0.1550503671169281 0.9990968704223633 0.8763203620910645 
mask 0.765625 0.8513148427009583 0.8261599540710449 1.0 1.0 
nomask 0.6875 0.5803929567337036 0.22796854376792908 0.8848700523376465 0.7937642335891724 
mask 0.984375 0.28812336921691895 0.45075148344039917 0.6681041121482849 0.8225957751274109 
mask 0.9609375 0.6491455435752869 0.9048106670379639 1.0 1.0 
nomask 0.78515625 0.6545749306678772 0.30156368017196655 1.0 0.9086228013038635 
mask 0.984375 0.34218382835388184 0.7557350993156433 0.7978578805923462 1.0 
mask 0.85546875 0.8032829761505127 0.1212129294872284 1.0 1.0 
mask 0.84375 0.6628257036209106 0.7565798759460449 1.0 1.0 
nomask 0.81640625 0.8060598969459534 0.6185199022293091 1.0 1.0 
mask 0.77734375 0.23296579718589783 0.005853248760104179 0.6802973747253418 0.05191715061664581 
