nomask 0.7734375 0.1601737141609192 0.043300777673721313 0.847849428653717 0.8434802293777466 
mask 0.984375 0.35765695571899414 0.19446128606796265 0.7544487714767456 0.6561682224273682 
mask 0.921875 0.5160571336746216 0.07231435179710388 0.9092319011688232 0.8653056621551514 
mask 0.984375 0.8513148427009583 0.8174054026603699 1.0 1.0 
nomask 0.72265625 0.8599750399589539 0.025886058807373047 1.0 0.8435746431350708 
nomask 0.54296875 0.059163808822631836 0.8174054026603699 0.7929766178131104 1.0 
mask 0.83984375 0.1665995717048645 0.010059863328933716 0.9607567191123962 0.4953484833240509 
nomask 0.83984375 0.07377737760543823 0.03798434138298035 0.6274577379226685 0.641740083694458 
mask 0.984375 0.15041977167129517 0.28971099853515625 0.8620685935020447 0.6914891004562378 
mask 0.984375 0.009931132197380066 0.6185199022293091 0.4549700617790222 1.0 
mask 0.953125 0.27425506711006165 0.7022503018379211 0.9260141849517822 1.0 
mask 0.953125 0.7163667678833008 0.6951964497566223 1.0 1.0 
nomask 0.81640625 0.09875351190567017 0.23791131377220154 0.4098930358886719 0.8160874843597412 
mask 0.984375 0.1930737942457199 0.25143203139305115 0.5250880718231201 0.7703007459640503 
mask 0.984375 0.7481098771095276 0.08284837007522583 1.0 0.9109229445457458 
mask 0.734375 0.4093349874019623 0.35203129053115845 0.9630153179168701 0.9557870030403137 
mask 0.984375 0.45799732208251953 0.07208144664764404 0.8379781246185303 0.5142270922660828 
mask 0.64453125 0.7445821762084961 0.21495318412780762 1.0 0.9571007490158081 
mask 0.75 0.5966860055923462 0.40110111236572266 1.0 0.8558781147003174 
mask 0.984375 0.6491455435752869 0.9048106670379639 1.0 1.0 
nomask 0.703125 0.6894193291664124 0.08261498808860779 1.0 0.6471657752990723 
mask 0.8828125 0.6491455435752869 0.9048106670379639 1.0 1.0 
nomask 0.703125 0.8813073635101318 0.03743612766265869 1.0 0.698884129524231 
nomask 0.6015625 0.07505014538764954 0.1799611747264862 0.5939189195632935 0.7707887887954712 
mask 0.984375 0.21860015392303467 0.5422286987304688 0.5101773738861084 0.9979027509689331 
mask 0.984375 0.6491455435752869 0.9048106670379639 1.0 1.0 
nomask 0.703125 0.3410474359989166 0.38687649369239807 0.5599238872528076 0.6708111763000488 
mask 0.9375 0.33096641302108765 0.33096641302108765 1.0 1.0 
mask 0.984375 0.5125018358230591 0.010808169841766357 1.0 1.0 
mask 0.984375 0.5160501599311829 0.3382387161254883 1.0 0.6618181467056274 
mask 0.984375 0.040831297636032104 0.41471269726753235 0.6066269874572754 0.968393087387085 
mask 0.984375 0.20147186517715454 0.3776192367076874 0.7922994494438171 0.9194436073303223 
mask 0.9765625 0.40327730774879456 0.4206406772136688 0.9690730571746826 0.9624650478363037 
mask 0.984375 0.5479228496551514 0.20047056674957275 0.8963881731033325 0.6426162123680115 
mask 0.98046875 0.10799849033355713 0.25070956349372864 0.40595585107803345 0.7925339937210083 
mask 0.984375 0.23094111680984497 0.6380742788314819 0.9536839127540588 1.0 
mask 0.98046875 0.4919605255126953 0.3103868067264557 0.8168654441833496 0.8640671968460083 
mask 0.984375 0.5845338106155396 0.4051518440246582 1.0 0.8599288463592529 
