nomask 0.64453125 42 8 309 414 
mask 0.97265625 118 136 230 310 
mask 0.65234375 16 348 247 428 
mask 0.9140625 99 1 285 297 
nomask 0.8359375 233 303 320 428 
mask 0.5390625 18 11 188 270 
nomask 0.58203125 282 18 320 346 
nomask 0.55859375 260 23 313 167 
mask 0.60546875 58 79 174 302 
mask 0.9453125 156 167 253 362 
mask 0.98046875 127 215 223 410 
mask 0.9296875 191 97 302 282 
mask 0.86328125 21 15 188 269 
mask 0.66015625 50 167 206 291 
mask 0.5546875 20 175 183 412 
mask 0.984375 58 199 249 400 
mask 0.96484375 130 154 195 270 
mask 0.76171875 83 288 296 428 
mask 0.9296875 207 387 320 428 
mask 0.8046875 229 294 320 428 
mask 0.62109375 16 6 190 270 
nomask 0.58984375 168 35 320 196 
mask 0.54296875 114 146 307 404 
mask 0.984375 194 206 320 403 
mask 0.984375 46 255 271 428 
mask 0.93359375 206 270 320 428 
mask 0.984375 156 260 294 428 
mask 0.97265625 238 201 320 428 
mask 0.98046875 137 250 267 406 
mask 0.95703125 221 143 320 387 
mask 0.984375 89 300 294 428 
mask 0.9609375 235 303 320 428 
mask 0.51171875 280 18 320 346 
nomask 0.56640625 286 283 320 428 
mask 0.69140625 210 5 320 248 
mask 0.78125 116 81 275 205 
