mask 0.50390625 95 147 152 232 
mask 0.76171875 107 196 138 247 
mask 0.8125 104 159 141 217 
nomask 0.7890625 263 18 327 344 
mask 0.92578125 19 357 259 433 
nomask 0.796875 29 12 206 268 
nomask 0.53125 56 109 268 408 
mask 0.87890625 205 3 327 187 
mask 0.859375 208 391 327 433 
mask 0.73046875 191 173 327 370 
mask 0.97265625 75 325 316 433 
mask 0.8515625 96 28 327 206 
nomask 0.8671875 232 294 327 433 
mask 0.9453125 5 137 237 290 
mask 0.84375 149 12 262 237 
mask 0.95703125 67 115 176 340 
mask 0.9765625 104 143 327 433 
mask 0.90625 3 221 327 433 
mask 0.94140625 167 1 327 433 
mask 0.96484375 88 134 327 290 
mask 0.625 245 39 327 398 
mask 0.984375 13 172 187 417 
mask 0.984375 155 101 261 326 
mask 0.98046875 130 184 315 419 
mask 0.96875 32 80 132 310 
mask 0.984375 31 5 175 264 
mask 0.54296875 146 86 321 206 
mask 0.53125 102 135 327 433 
mask 0.76171875 215 15 327 250 
mask 0.984375 126 109 196 240 
mask 0.88671875 286 18 327 350 
mask 0.8828125 292 286 327 433 
mask 0.953125 214 6 327 251 
mask 0.96484375 118 82 281 207 
