nomask 0.578125 0.12900447845458984 0.013130366802215576 0.6367627382278442 0.5913065671920776 
mask 0.984375 0.3057207465171814 0.04750552773475647 0.6857015490531921 0.4709186255931854 
mask 0.97265625 0.4260183274745941 0.0003406107425689697 0.967842698097229 0.6040962934494019 
mask 0.9765625 0.03791767358779907 0.23428721725940704 0.6479526162147522 0.6749777793884277 
mask 0.984375 0.3016067445278168 0.06103721261024475 0.6544510126113892 0.8204314708709717 
mask 0.984375 0.843387246131897 0.8260668516159058 1.0 1.0 
nomask 0.61328125 0.7944116592407227 0.0423218309879303 1.0 0.7947331666946411 
mask 0.9453125 0.022859185934066772 0.0007381290197372437 0.5329991579055786 0.2657921314239502 
nomask 0.578125 0.4927852153778076 0.07828226685523987 0.8107329607009888 0.5541161298751831 
mask 0.984375 0.1758430302143097 0.08577790856361389 0.9305613040924072 0.9267615079879761 
mask 0.984375 0.12454251945018768 0.16562768816947937 0.44249022006988525 0.6625133752822876 
mask 0.984375 0.09368783235549927 0.6619113087654114 0.6461499333381653 1.0 
mask 0.8515625 0.6361004710197449 0.9048106670379639 1.0 1.0 
mask 0.6484375 0.32942816615104675 0.32942816615104675 1.0 1.0 
mask 0.96484375 0.5125018358230591 0.004181504249572754 1.0 1.0 
mask 0.984375 0.16044560074806213 0.29816877841949463 0.7167230844497681 0.5749492049217224 
mask 0.984375 0.31649094820022583 0.09618163108825684 0.5260941982269287 0.3801162838935852 
mask 0.82421875 0.46027469635009766 0.31146013736724854 0.679151177406311 0.583365261554718 
mask 0.984375 0.4181481599807739 0.14336559176445007 0.6832021474838257 0.72425377368927 
mask 0.984375 0.5125018358230591 0.010808169841766357 1.0 1.0 
mask 0.984375 0.5160501599311829 0.3382387161254883 1.0 0.6618181467056274 
mask 0.83984375 0.040831297636032104 0.41471269726753235 0.6066269874572754 0.968393087387085 
mask 0.92578125 0.20147186517715454 0.3776192367076874 0.7922994494438171 0.9194436073303223 
mask 0.984375 0.40327730774879456 0.4206406772136688 0.9690730571746826 0.9624650478363037 
mask 0.98046875 0.5479228496551514 0.20047056674957275 0.8963881731033325 0.6426162123680115 
mask 0.94140625 0.10799849033355713 0.25070956349372864 0.40595585107803345 0.7925339937210083 
mask 0.984375 0.23094111680984497 0.6380742788314819 0.9536839127540588 1.0 
mask 0.87890625 0.4919605255126953 0.3103868067264557 0.8168654441833496 0.8640671968460083 
mask 0.984375 0.5845338106155396 0.4051518440246582 1.0 0.8599288463592529 
