nomask 0.796875 251 55 933 1564 
mask 0.91796875 240 89 1187 2138 
mask 0.9296875 486 84 876 1059 
mask 0.6171875 996 115 1255 1909 
mask 0.80859375 860 393 1255 2355 
mask 0.56640625 80 1893 985 2384 
nomask 0.52734375 1058 1948 1255 2384 
nomask 0.890625 549 263 1152 1849 
mask 0.97265625 516 25 1052 783 
mask 0.80859375 84 70 833 1216 
mask 0.96484375 798 2157 1255 2384 
nomask 0.67578125 66 390 732 1799 
mask 0.875 250 549 1016 1599 
mask 0.96484375 207 832 1055 2373 
mask 0.953125 413 274 753 1659 
mask 0.94140625 650 25 1255 2384 
mask 0.88671875 522 242 854 1597 
mask 0.79296875 718 963 1255 2071 
nomask 0.6796875 280 1639 1172 2384 
mask 0.5390625 881 1622 1255 2384 
mask 0.625 692 459 1129 1514 
mask 0.984375 950 172 1230 1855 
mask 0.95703125 464 717 931 1663 
mask 0.9140625 299 989 1094 1532 
mask 0.5625 415 789 1255 2384 
mask 0.96875 37 1 634 681 
nomask 0.5625 678 137 1115 1062 
mask 0.984375 541 249 1254 867 
mask 0.91015625 911 69 1239 1155 
mask 0.98046875 136 212 494 1371 
mask 0.984375 155 483 884 1115 
mask 0.98046875 824 33 1255 1382 
mask 0.984375 455 455 1081 1144 
