nomask 0.93359375 0.9580562710762024 0.18073314428329468 0.9970535635948181 0.3742300868034363 
mask 0.77734375 0.9387750625610352 0.10847344994544983 1.0 0.3924081027507782 
mask 0.80078125 0.05159136652946472 0.8174054026603699 0.8178693056106567 1.0 
mask 0.5078125 0.39378148317337036 0.013719439506530762 0.884843647480011 0.6106917262077332 
mask 0.98046875 0.7742928862571716 0.8522942066192627 1.0 1.0 
nomask 0.671875 0.0858055055141449 0.1540207862854004 0.604674220085144 0.7321969866752625 
mask 0.953125 0.15407449007034302 0.29774636030197144 0.8209797143936157 0.6583113670349121 
mask 0.98046875 0.23868489265441895 0.1460285484790802 0.862830638885498 0.8567333221435547 
mask 0.95703125 0.9048106670379639 0.6491455435752869 1.0 1.0 
mask 0.7734375 0.19785964488983154 0.1592913568019867 0.55214923620224 0.7011157274246216 
mask 0.9375 0.8743046522140503 0.2209738790988922 0.9882544279098511 0.9906349182128906 
mask 0.953125 0.6907345056533813 0.32560616731643677 1.0 0.8944975733757019 
mask 0.93359375 0.005062088370323181 0.6279943585395813 0.4598391056060791 1.0 
mask 0.7734375 0.7234206199645996 0.6951964497566223 1.0 1.0 
nomask 0.6796875 0.2412361055612564 0.000919826328754425 0.507318913936615 0.07836127281188965 
nomask 0.96484375 0.17440009117126465 0.0007381290197372437 0.7552882432937622 0.2657921314239502 
mask 0.68359375 0.5857008099555969 0.20026761293411255 0.8901779055595398 0.7784438133239746 
mask 0.984375 0.8381220102310181 0.0423218309879303 1.0 0.7947331666946411 
mask 0.84375 0.8092923164367676 0.11853528022766113 1.0 0.9845167398452759 
mask 0.87109375 0.8513148427009583 0.8261599540710449 1.0 1.0 
nomask 0.73046875 0.6491455435752869 0.9048106670379639 1.0 1.0 
nomask 0.55078125 0.6519028544425964 0.03007596731185913 1.0 0.5958716869354248 
mask 0.96875 0.665897786617279 0.19318123161792755 0.9924539923667908 0.664991021156311 
mask 0.984375 0.12654703855514526 0.2991393804550171 0.8859413266181946 0.7009174823760986 
mask 0.9765625 0.29588595032691956 0.0802377462387085 1.0 0.48201584815979004 
mask 0.85546875 0.2979981303215027 0.25143876671791077 0.637277364730835 0.727272629737854 
mask 0.98046875 0.2942745089530945 0.0005302652716636658 0.46056610345840454 0.05109421908855438 
nomask 0.83203125 0.43016523122787476 0.5854707956314087 0.8356394171714783 0.9493527412414551 
nomask 0.51171875 0.6907345056533813 0.33552342653274536 1.0 0.9044148325920105 
mask 0.94140625 0.2812331020832062 0.7024832367897034 0.9190361499786377 1.0 
mask 0.68359375 0.737156867980957 0.7095370888710022 1.0 1.0 
nomask 0.52734375 0.8766635656356812 0.04293122887611389 1.0 0.8092092275619507 
mask 0.8515625 0.8938673734664917 0.6619113087654114 1.0 1.0 
mask 0.72265625 0.6565747857093811 0.013942927122116089 1.0 0.5797386169433594 
mask 0.9765625 0.36276116967201233 0.19096216559410095 0.8619775772094727 0.47998788952827454 
