mask 0.640625 0.02668192982673645 0.09483453631401062 0.6874547004699707 0.8764528036117554 
mask 0.91796875 0.045210689306259155 0.21302682161331177 0.5126031637191772 0.756884753704071 
mask 0.96484375 0.0010284092277288437 0.3826678395271301 0.04640568047761917 0.5891467332839966 
nomask 0.5703125 0.7844611406326294 0.8522942066192627 1.0 1.0 
mask 0.765625 0.059795498847961426 0.8261599540710449 0.8096652030944824 1.0 
nomask 0.625 0.8426546454429626 0.007798045873641968 1.0 0.8616626262664795 
nomask 0.6796875 0.9048106670379639 0.6491455435752869 1.0 1.0 
mask 0.91796875 0.23823292553424835 0.2622582018375397 0.6350247263908386 0.7140786647796631 
mask 0.92578125 0.029531672596931458 0.0522296279668808 0.5282822251319885 0.5509801506996155 
mask 0.60546875 0.07039573788642883 0.3054843544960022 0.8297899961471558 0.6820013523101807 
mask 0.9140625 0.4586470127105713 0.1323009431362152 1.0 1.0 
mask 0.92578125 0.2981458902359009 0.6727430820465088 0.892206072807312 1.0 
mask 0.83984375 0.6491455435752869 0.09871631860733032 1.0 0.6511784195899963 
mask 0.828125 0.14471685886383057 0.4609558582305908 1.0 1.0 
mask 0.91015625 0.31297340989112854 0.31297340989112854 1.0 1.0 
mask 0.95703125 0.0972432792186737 0.08874890208244324 0.8403767347335815 0.4735046923160553 
nomask 0.59375 0.0016278177499771118 0.28575676679611206 0.06536145508289337 0.6090686321258545 
mask 0.88671875 0.2387099415063858 0.3446676433086395 0.7089670300483704 0.9416399002075195 
mask 0.921875 0.26319727301597595 0.6303309798240662 0.8075631856918335 0.8581188321113586 
mask 0.93359375 0.1346302032470703 0.3889436423778534 0.6673396229743958 0.6907563209533691 
mask 0.93359375 0.08764347434043884 0.674403727054596 0.6521942615509033 1.0 
mask 0.94921875 0.009968310594558716 0.5024530291557312 0.44797441363334656 1.0 
mask 0.9765625 0.45986756682395935 0.12213689088821411 1.0 1.0 
mask 0.89453125 0.0957329124212265 0.1998758316040039 0.38106662034988403 0.583097517490387 
mask 0.74609375 0.6219067573547363 0.4095158576965332 0.7395215034484863 0.543441891670227 
mask 0.71875 0.5487967133522034 0.283000111579895 0.7368995547294617 0.5270140767097473 
mask 0.9375 0.5826826095581055 0.366658478975296 0.6859726905822754 0.4977167546749115 
mask 0.92578125 0.5750851035118103 0.14213891327381134 0.8795621991157532 0.5978130102157593 
mask 0.8984375 0.6491455435752869 0.9048106670379639 1.0 1.0 
nomask 0.796875 0.4428105652332306 0.30836206674575806 0.9755200147628784 0.5734160542488098 
mask 0.90234375 0.33526480197906494 0.19405661523342133 0.9288636445999146 0.47689342498779297 
nomask 0.58984375 0.13019013404846191 0.4609558582305908 1.0 1.0 
mask 0.9140625 0.4458204507827759 0.15909671783447266 0.8426122665405273 0.6208036541938782 
nomask 0.7265625 0.6200302839279175 0.06369593739509583 0.8684195280075073 0.7251439094543457 
mask 0.8046875 0.6628257036209106 0.7565798759460449 1.0 1.0 
nomask 0.53125 0.8060598969459534 0.6185199022293091 1.0 1.0 
mask 0.92578125 0.23296579718589783 0.005853248760104179 0.6802973747253418 0.05191715061664581 
