mask 0.6484375 0.2828461527824402 0.20233897864818573 0.7022950649261475 0.7010895013809204 
mask 0.953125 0.30145230889320374 0.09374208748340607 0.6125918626785278 0.549416184425354 
nomask 0.64453125 0.10211694240570068 0.04688897728919983 0.5883628129959106 0.6005693674087524 
mask 0.8984375 0.24255062639713287 0.1735755205154419 0.5193310976028442 0.7298529744148254 
mask 0.53125 0.38072654604911804 0.16214677691459656 0.8825337886810303 0.7855302095413208 
mask 0.9296875 0.1273512840270996 0.0827399492263794 0.7465791702270508 0.8152154684066772 
mask 0.984375 0.2716220021247864 0.014941006898880005 0.8440012335777283 0.6390867233276367 
mask 0.9296875 0.8426546454429626 0.007798045873641968 1.0 0.8616626262664795 
mask 0.75 0.6491455435752869 0.09871631860733032 1.0 0.6511784195899963 
nomask 0.6640625 0.05159136652946472 0.8261599540710449 0.8178693056106567 1.0 
nomask 0.6171875 0.1984894573688507 0.10678400099277496 0.7311989068984985 0.38356447219848633 
mask 0.66015625 0.843387246131897 0.8261599540710449 1.0 1.0 
nomask 0.8515625 0.6491455435752869 0.9048106670379639 1.0 1.0 
nomask 0.65625 0.32942816615104675 0.32942816615104675 1.0 1.0 
mask 0.984375 0.41232579946517944 0.03309407830238342 0.6717042326927185 0.601543664932251 
nomask 0.71484375 0.11407378315925598 0.20357991755008698 0.6353763341903687 0.48036038875579834 
mask 0.84375 0.004181504249572754 0.5125018358230591 1.0 1.0 
mask 0.98046875 0.7405717968940735 0.16671571135520935 1.0 0.9542152881622314 
nomask 0.66796875 0.18718430399894714 0.004187911748886108 0.7556339502334595 0.2580122649669647 
mask 0.71875 0.45075148344039917 0.058819591999053955 0.8225957751274109 0.4822326898574829 
nomask 0.87109375 0.0972432792186737 0.3002982437610626 0.8403767347335815 0.6934731006622314 
mask 0.984375 0.7306996583938599 0.21495318412780762 1.0 0.9571007490158081 
nomask 0.83203125 0.5966860055923462 0.4051518440246582 1.0 0.8599288463592529 
nomask 0.94140625 0.2850998342037201 0.594208836555481 0.7163538932800293 1.0 
mask 0.984375 0.12654703855514526 0.2991393804550171 0.8859413266181946 0.7009174823760986 
mask 0.984375 0.29588595032691956 0.0802377462387085 1.0 0.48201584815979004 
mask 0.6953125 0.2979981303215027 0.25143876671791077 0.637277364730835 0.727272629737854 
mask 0.9453125 0.2942745089530945 0.0005302652716636658 0.46056610345840454 0.05109421908855438 
mask 0.59765625 0.43016523122787476 0.5854707956314087 0.8356394171714783 0.9493527412414551 
mask 0.96484375 0.6907345056533813 0.33552342653274536 1.0 0.9044148325920105 
nomask 0.75390625 0.2812331020832062 0.7024832367897034 0.9190361499786377 1.0 
mask 0.9765625 0.737156867980957 0.7095370888710022 1.0 1.0 
nomask 0.5078125 0.8766635656356812 0.04293122887611389 1.0 0.8092092275619507 
mask 0.640625 0.8938673734664917 0.6619113087654114 1.0 1.0 
nomask 0.8046875 0.6565747857093811 0.013942927122116089 1.0 0.5797386169433594 
nomask 0.78125 0.36276116967201233 0.19096216559410095 0.8619775772094727 0.47998788952827454 
