nomask 0.90625 31 2 298 396 
mask 0.96875 13 320 203 432 
mask 0.5390625 6 222 188 433 
mask 0.984375 295 9 327 378 
nomask 0.6484375 21 357 256 433 
nomask 0.66796875 122 150 311 406 
mask 0.984375 243 105 326 433 
mask 0.76953125 33 226 148 433 
mask 0.984375 60 282 249 433 
mask 0.984375 46 367 244 433 
nomask 0.78125 15 10 196 288 
nomask 0.75 61 3 315 208 
nomask 0.98046875 4 35 155 410 
mask 0.984375 75 81 238 338 
mask 0.97265625 29 228 289 399 
mask 0.984375 91 310 295 433 
mask 0.921875 238 307 327 433 
nomask 0.92578125 286 14 327 346 
mask 0.61328125 278 357 327 433 
nomask 0.78515625 212 391 327 433 
nomask 0.8125 102 197 199 403 
mask 0.98046875 214 133 327 390 
mask 0.984375 61 265 247 373 
mask 0.984375 264 52 327 433 
nomask 0.8359375 3 257 148 433 
mask 0.96875 47 349 327 433 
nomask 0.63671875 195 349 327 433 
nomask 0.875 117 128 291 253 
nomask 0.59765625 108 143 327 433 
mask 0.984375 167 4 327 433 
mask 0.9296875 168 146 327 286 
mask 0.984375 13 179 198 419 
mask 0.984375 65 163 259 398 
mask 0.98046875 131 182 316 416 
mask 0.984375 179 86 293 278 
nomask 0.62890625 35 108 132 343 
mask 0.984375 75 276 311 433 
mask 0.98046875 160 134 267 374 
mask 0.984375 191 175 327 372 
