mask 0.984375 18 7 297 423 
mask 0.96484375 18 357 248 428 
mask 0.9609375 237 88 318 428 
mask 0.984375 278 46 320 362 
mask 0.8515625 80 146 223 364 
mask 0.984375 15 15 188 284 
nomask 0.75390625 228 30 320 277 
mask 0.98046875 146 242 270 401 
mask 0.984375 277 340 320 428 
nomask 0.6484375 207 387 320 428 
nomask 0.8515625 37 53 197 291 
nomask 0.703125 242 98 320 409 
mask 0.98046875 62 126 166 329 
mask 0.87109375 241 43 320 405 
mask 0.97265625 197 173 320 364 
mask 0.984375 89 297 294 428 
mask 0.94921875 90 182 201 352 
mask 0.9296875 283 4 320 369 
mask 0.87890625 94 162 221 356 
mask 0.9453125 80 288 298 428 
mask 0.9765625 227 288 320 428 
mask 0.9453125 99 27 317 202 
nomask 0.953125 207 387 320 428 
nomask 0.8515625 220 35 320 276 
mask 0.92578125 207 387 320 428 
nomask 0.8515625 282 16 320 299 
mask 0.734375 24 77 190 329 
mask 0.94921875 69 232 163 427 
mask 0.9765625 207 387 320 428 
nomask 0.8515625 109 165 179 287 
mask 0.71484375 105 141 320 428 
mask 0.984375 164 4 320 428 
mask 0.953125 165 144 320 283 
mask 0.5234375 13 177 194 414 
mask 0.984375 64 161 253 393 
mask 0.984375 129 180 310 411 
mask 0.984375 175 85 286 275 
mask 0.51953125 34 107 129 339 
mask 0.984375 73 273 305 428 
mask 0.98046875 157 132 261 369 
mask 0.984375 187 173 320 368 
