nomask 0.86328125 29 3 304 427 
mask 0.984375 81 144 227 380 
mask 0.984375 122 16 303 301 
nomask 0.578125 285 18 320 350 
mask 0.8359375 281 48 320 354 
mask 0.859375 15 357 245 433 
mask 0.92578125 57 2 311 199 
nomask 0.984375 17 13 186 280 
mask 0.5078125 264 14 320 369 
mask 0.88671875 1 360 286 433 
mask 0.859375 272 357 320 433 
nomask 0.87890625 55 134 298 293 
mask 0.8046875 111 35 220 378 
mask 0.9375 176 112 320 307 
mask 0.6171875 160 110 266 303 
mask 0.75390625 148 43 320 168 
nomask 0.72265625 281 13 320 299 
mask 0.87890625 74 14 273 232 
nomask 0.94140625 190 174 320 366 
mask 0.984375 207 391 320 433 
nomask 0.94140625 229 297 320 433 
mask 0.8671875 16 6 190 273 
nomask 0.54296875 168 36 320 199 
nomask 0.703125 114 147 307 409 
mask 0.984375 194 208 320 408 
mask 0.984375 46 258 271 433 
mask 0.98046875 206 273 320 433 
mask 0.984375 156 263 294 433 
mask 0.984375 238 203 320 433 
mask 0.8984375 137 253 267 411 
mask 0.984375 221 145 320 391 
mask 0.984375 89 304 294 433 
mask 0.97265625 235 307 320 433 
nomask 0.50390625 280 18 320 350 
mask 0.75390625 286 286 320 433 
nomask 0.5625 210 6 320 251 
mask 0.875 116 82 275 207 
