nomask 0.9296875 0.23356497287750244 0.1326599419116974 0.7141119837760925 0.6920987367630005 
mask 0.984375 0.2972235679626465 0.09650582075119019 0.622128427028656 0.5143864154815674 
nomask 0.640625 0.11548902094364166 0.04444900155067444 0.5857461094856262 0.6414213180541992 
mask 0.97265625 0.42418983578681946 0.11609768867492676 0.7784794569015503 0.6023435592651367 
mask 0.9453125 0.15613660216331482 0.10025337338447571 0.8376346826553345 0.49342820048332214 
mask 0.95703125 0.4586470127105713 0.11777421832084656 1.0 1.0 
mask 0.98046875 0.11407378315925598 0.19962233304977417 0.6353763341903687 0.48864805698394775 
mask 0.87890625 0.35700857639312744 0.1817217469215393 0.8647668361663818 0.747517466545105 
mask 0.984375 0.19424331188201904 0.2944989502429962 0.7872361540794373 0.9272764921188354 
mask 0.984375 0.21863441169261932 0.2675718069076538 0.5579136610031128 0.7434056997299194 
mask 0.984375 0.8426546454429626 0.007798045873641968 1.0 0.8616626262664795 
mask 0.59375 0.6491455435752869 0.09871631860733032 1.0 0.6511784195899963 
nomask 0.61328125 0.05159136652946472 0.8174054026603699 0.8178693056106567 1.0 
mask 0.921875 0.4435437023639679 0.3118308186531067 0.7845473289489746 0.7173050045967102 
mask 0.984375 0.8517708778381348 0.8261599540710449 1.0 1.0 
mask 0.6953125 0.23726089298725128 0.02470436692237854 0.48565012216567993 0.5574138164520264 
mask 0.953125 0.6361004710197449 0.9048106670379639 1.0 1.0 
mask 0.53125 0.18718430399894714 0.004187911748886108 0.7556339502334595 0.2580122649669647 
nomask 0.96875 0.45075148344039917 0.058819591999053955 0.8225957751274109 0.4822326898574829 
nomask 0.6484375 0.0972432792186737 0.3002982437610626 0.8403767347335815 0.6934731006622314 
mask 0.984375 0.7306996583938599 0.21495318412780762 1.0 0.9571007490158081 
mask 0.76171875 0.5966860055923462 0.4051518440246582 1.0 0.8599288463592529 
mask 0.79296875 0.2850998342037201 0.594208836555481 0.7163538932800293 1.0 
mask 0.9375 0.12654703855514526 0.2991393804550171 0.8859413266181946 0.7009174823760986 
mask 0.984375 0.29588595032691956 0.0802377462387085 1.0 0.48201584815979004 
mask 0.89453125 0.2979981303215027 0.25143876671791077 0.637277364730835 0.727272629737854 
mask 0.984375 0.2942745089530945 0.0005302652716636658 0.46056610345840454 0.05109421908855438 
nomask 0.796875 0.43016523122787476 0.5854707956314087 0.8356394171714783 0.9493527412414551 
mask 0.984375 0.6907345056533813 0.33552342653274536 1.0 0.9044148325920105 
mask 0.76171875 0.2812331020832062 0.7024832367897034 0.9190361499786377 1.0 
mask 0.88671875 0.737156867980957 0.7095370888710022 1.0 1.0 
nomask 0.6640625 0.8766635656356812 0.04293122887611389 1.0 0.8092092275619507 
mask 0.56640625 0.8938673734664917 0.6619113087654114 1.0 1.0 
mask 0.64453125 0.6565747857093811 0.013942927122116089 1.0 0.5797386169433594 
mask 0.6328125 0.36276116967201233 0.19096216559410095 0.8619775772094727 0.47998788952827454 
