nomask 0.7890625 60 14 174 141 
mask 0.921875 41 1 211 108 
mask 0.6015625 192 178 229 220 
nomask 0.5859375 117 0 229 220 
mask 0.96484375 19 33 127 171 
mask 0.984375 47 13 132 108 
mask 0.8671875 39 64 192 144 
mask 0.97265625 85 31 204 161 
mask 0.9609375 38 75 186 217 
mask 0.984375 77 1 175 74 
mask 0.5078125 167 47 229 213 
nomask 0.73828125 45 136 218 220 
nomask 0.51953125 153 142 229 220 
nomask 0.96484375 193 3 229 191 
mask 0.58203125 151 21 229 143 
mask 0.546875 11 181 187 220 
mask 0.68359375 145 199 229 220 
mask 0.5703125 0 112 229 220 
mask 0.73046875 118 2 229 220 
mask 0.953125 7 117 105 220 
nomask 0.515625 82 67 201 127 
mask 0.92578125 26 110 151 167 
mask 0.96484375 29 50 100 150 
mask 0.91015625 20 148 149 220 
nomask 0.5 65 77 114 139 
nomask 0.59375 75 72 229 220 
mask 0.9765625 118 24 175 146 
