nomask 0.9375 29 8 222 335 
mask 0.984375 41 2 237 173 
nomask 0.8359375 11 294 196 359 
mask 0.73046875 41 87 149 286 
mask 0.9765625 1 1 56 239 
mask 0.97265625 165 114 242 323 
mask 0.984375 14 27 120 222 
mask 0.9375 195 46 242 357 
mask 0.9609375 68 249 222 359 
mask 0.984375 164 275 242 359 
mask 0.703125 52 43 178 252 
mask 0.90625 172 44 242 328 
mask 0.9765625 154 1 242 154 
nomask 0.796875 49 144 128 304 
mask 0.96484375 202 15 242 280 
mask 0.9609375 2 222 107 359 
mask 0.9609375 195 222 242 359 
mask 0.5390625 189 305 242 359 
nomask 0.83984375 216 237 242 359 
nomask 0.93359375 1 183 242 359 
mask 0.98046875 125 3 242 359 
mask 0.98046875 7 191 111 359 
mask 0.98046875 86 110 212 207 
mask 0.9140625 27 180 159 273 
mask 0.97265625 30 82 106 245 
mask 0.9765625 21 242 157 359 
mask 0.984375 68 125 120 227 
mask 0.90625 79 118 242 359 
mask 0.984375 125 39 185 239 
