mask 0.87109375 173 5 193 222 
mask 0.703125 11 220 149 261 
mask 0.8125 36 1 186 120 
nomask 0.66015625 8 7 114 172 
nomask 0.5390625 115 49 165 185 
mask 0.85546875 64 91 114 186 
mask 0.92578125 110 95 132 128 
nomask 0.65234375 110 117 131 151 
nomask 0.609375 82 57 171 126 
nomask 0.91015625 94 76 131 142 
nomask 0.70703125 81 19 177 170 
nomask 0.83203125 127 60 193 198 
mask 0.72265625 85 107 175 245 
mask 0.984375 71 66 163 215 
mask 0.984375 57 76 118 195 
mask 0.875 169 44 192 241 
mask 0.53515625 173 169 193 261 
nomask 0.65625 57 117 118 242 
mask 0.96484375 126 32 193 256 
mask 0.984375 45 179 180 261 
mask 0.984375 155 162 193 261 
nomask 0.67578125 161 3 193 225 
mask 0.75 76 117 170 253 
mask 0.984375 14 2 133 194 
mask 0.6015625 156 30 193 256 
nomask 0.79296875 164 215 193 261 
nomask 0.61328125 125 236 193 261 
nomask 0.6953125 125 7 193 155 
mask 0.53125 128 50 191 173 
mask 0.72265625 24 78 170 182 
mask 0.6796875 57 20 193 125 
nomask 0.8515625 57 65 122 189 
mask 0.84375 56 0 88 13 
nomask 0.71875 83 152 161 247 
mask 0.984375 133 87 193 236 
mask 0.9765625 54 183 177 261 
mask 0.984375 142 185 193 261 
mask 0.68359375 169 11 193 211 
nomask 0.60546875 172 172 193 261 
nomask 0.71484375 126 3 193 151 
mask 0.60546875 70 49 166 125 
