mask 0.9375 22 3 204 304 
mask 0.984375 96 0 214 55 
nomask 0.55078125 80 235 181 316 
nomask 0.8515625 54 71 150 246 
mask 0.95703125 187 28 214 277 
mask 0.55078125 177 108 213 307 
nomask 0.67578125 9 259 173 316 
nomask 0.56640625 79 267 209 316 
mask 0.55859375 153 36 214 297 
mask 0.94921875 140 0 214 42 
mask 0.5546875 130 224 214 316 
nomask 0.76171875 170 267 214 316 
nomask 0.65625 184 164 211 316 
nomask 0.76953125 138 10 213 141 
mask 0.66796875 95 18 184 152 
nomask 0.87109375 75 48 158 185 
nomask 0.515625 11 4 127 199 
mask 0.78125 112 26 214 145 
nomask 0.96875 76 107 205 298 
mask 0.984375 130 152 214 297 
mask 0.98046875 30 188 181 316 
mask 0.9765625 138 199 214 316 
mask 0.84765625 104 192 196 316 
mask 0.984375 159 148 214 316 
mask 0.5078125 92 185 178 299 
mask 0.9765625 147 106 214 285 
mask 0.94140625 60 221 196 316 
mask 0.96484375 157 224 214 316 
nomask 0.859375 187 13 214 255 
mask 0.69921875 191 209 214 316 
nomask 0.83984375 140 4 214 183 
nomask 0.58203125 77 60 184 151 
