nomask 0.77734375 12 0 155 232 
mask 0.984375 33 23 130 178 
mask 0.9453125 166 9 190 222 
nomask 0.52734375 8 8 99 147 
mask 0.84375 11 213 151 266 
nomask 0.7734375 30 1 178 130 
mask 0.671875 123 240 190 266 
nomask 0.984375 52 186 175 266 
nomask 0.984375 136 183 190 266 
nomask 0.734375 64 50 133 165 
mask 0.52734375 9 52 100 217 
mask 0.984375 70 37 175 209 
mask 0.93359375 161 217 190 266 
nomask 0.72265625 5 99 117 256 
mask 0.984375 97 4 190 266 
mask 0.9765625 50 86 135 251 
mask 0.984375 77 107 182 260 
mask 0.984375 1 160 111 266 
mask 0.9375 33 157 150 266 
mask 0.94140625 85 15 156 128 
nomask 0.515625 18 79 159 184 
mask 0.98046875 138 57 190 254 
mask 0.83984375 113 107 190 228 
mask 0.53125 54 158 136 266 
mask 0.82421875 24 79 168 186 
mask 0.96875 56 21 190 128 
nomask 0.5625 56 66 121 193 
mask 0.98046875 55 0 87 13 
nomask 0.83203125 81 155 158 252 
nomask 0.54296875 131 89 190 240 
mask 0.6328125 53 186 174 266 
nomask 0.984375 140 188 190 266 
nomask 0.65234375 166 11 190 215 
nomask 0.6015625 169 176 190 266 
mask 0.73046875 124 3 190 154 
mask 0.52734375 68 50 163 127 
