mask 0.83203125 85 21 379 516 
mask 0.984375 122 96 321 423 
mask 0.97265625 299 101 398 555 
mask 0.984375 186 55 380 382 
mask 0.87890625 42 90 233 473 
mask 0.984375 347 0 398 502 
mask 0.8515625 129 396 356 576 
nomask 0.51953125 26 463 306 576 
mask 0.71875 67 3 390 282 
nomask 0.92578125 248 3 398 254 
nomask 0.95703125 284 385 398 576 
nomask 0.515625 89 34 288 334 
nomask 0.7421875 81 79 216 365 
mask 0.71875 237 231 398 487 
mask 0.984375 57 462 398 576 
nomask 0.5703125 279 44 398 376 
mask 0.859375 138 109 374 279 
nomask 0.95703125 339 470 398 576 
mask 0.609375 258 521 398 576 
nomask 0.5625 242 116 398 456 
mask 0.85546875 298 63 398 530 
mask 0.96875 35 212 210 563 
mask 0.984375 65 251 348 546 
mask 0.984375 130 139 267 576 
mask 0.984375 211 145 375 576 
mask 0.984375 110 339 285 576 
mask 0.97265625 156 227 286 473 
mask 0.984375 124 180 398 576 
mask 0.984375 110 180 398 388 
mask 0.984375 171 37 316 286 
nomask 0.9375 178 114 390 274 
nomask 0.96875 124 180 398 576 
mask 0.984375 261 21 398 333 
nomask 0.875 153 145 238 320 
nomask 0.69140625 348 24 398 466 
mask 0.7734375 355 381 398 576 
mask 0.90234375 261 8 398 333 
nomask 0.62109375 144 109 343 276 
