mask 0.96875 230 37 389 226 
mask 0.96484375 179 11 353 213 
mask 0.96484375 245 85 432 204 
mask 0.953125 365 50 432 255 
mask 0.7734375 262 44 363 166 
nomask 0.56640625 293 62 394 187 
mask 0.9375 230 62 340 282 
mask 0.984375 379 64 432 331 
mask 0.859375 234 72 331 195 
mask 0.86328125 188 2 386 119 
nomask 0.81640625 423 4 432 81 
mask 0.53515625 105 70 340 343 
mask 0.9375 304 66 432 336 
mask 0.96484375 348 1 421 12 
mask 0.5546875 86 99 349 289 
mask 0.96875 71 150 363 430 
mask 0.6796875 142 49 259 300 
mask 0.96484375 223 4 432 432 
mask 0.9765625 179 43 294 289 
mask 0.97265625 247 174 432 375 
mask 0.953125 96 297 403 432 
mask 0.578125 303 294 432 432 
mask 0.54296875 238 83 388 274 
mask 0.984375 327 31 423 336 
mask 0.97265625 159 130 320 301 
mask 0.984375 102 179 376 277 
mask 0.97265625 142 142 432 432 
mask 0.8046875 12 0 218 123 
mask 0.640625 233 24 383 192 
mask 0.859375 186 45 431 157 
mask 0.55859375 313 12 426 209 
mask 0.87109375 47 38 170 248 
mask 0.72265625 53 87 304 202 
mask 0.92578125 283 6 432 250 
mask 0.984375 156 82 372 207 
