mask 0.87109375 46 3 302 345 
mask 0.89453125 123 73 262 266 
mask 0.97265625 72 44 201 256 
mask 0.94921875 133 8 331 266 
mask 0.75 20 343 305 418 
mask 0.703125 114 288 326 418 
mask 0.86328125 256 284 365 418 
mask 0.67578125 319 14 365 356 
mask 0.8828125 48 34 307 202 
nomask 0.75 310 341 365 418 
mask 0.53125 23 2 190 215 
mask 0.734375 236 378 365 418 
mask 0.58984375 48 125 307 289 
mask 0.96875 278 44 360 327 
mask 0.91015625 320 47 365 335 
mask 0.9296875 194 22 325 369 
mask 0.984375 28 150 193 400 
mask 0.984375 164 26 300 211 
nomask 0.8515625 48 336 365 418 
mask 0.859375 269 89 365 400 
mask 0.9375 213 169 365 359 
mask 0.984375 42 71 153 297 
mask 0.984375 31 281 238 418 
mask 0.9453125 103 146 181 265 
mask 0.984375 120 137 365 418 
mask 0.984375 189 45 280 278 
