nomask 0.640625 55 35 217 159 
mask 0.984375 78 44 187 135 
mask 0.984375 175 164 276 182 
nomask 0.640625 235 148 276 182 
mask 0.62890625 16 148 218 182 
mask 0.77734375 117 57 250 176 
mask 0.984375 54 30 156 107 
mask 0.828125 85 122 245 182 
mask 0.984375 13 4 170 121 
mask 0.9453125 187 117 276 182 
nomask 0.87890625 222 8 276 142 
nomask 0.703125 133 38 211 153 
mask 0.984375 97 15 200 92 
mask 0.84375 57 65 164 152 
mask 0.984375 74 96 276 168 
mask 0.984375 32 133 241 182 
mask 0.97265625 58 100 215 182 
mask 0.984375 51 37 205 88 
mask 0.97265625 92 93 179 182 
mask 0.984375 86 83 168 169 
mask 0.984375 180 56 276 164 
nomask 0.95703125 51 111 208 156 
mask 0.96875 223 22 276 182 
nomask 0.90625 2 108 125 182 
mask 0.7421875 40 146 276 182 
mask 0.88671875 164 146 276 182 
nomask 0.89453125 99 53 246 106 
mask 0.96875 91 60 276 182 
mask 0.984375 141 1 276 182 
mask 0.96484375 142 61 276 120 
nomask 0.609375 11 75 167 176 
mask 0.984375 55 68 218 167 
mask 0.984375 111 76 267 175 
mask 0.984375 151 36 247 116 
mask 0.75390625 29 45 112 144 
mask 0.73046875 63 116 263 182 
mask 0.984375 135 56 225 157 
mask 0.984375 161 73 276 156 
