mask 0.984375 125 24 426 231 
mask 0.984375 4 32 290 342 
mask 0.94140625 28 315 543 382 
mask 0.6796875 551 4 658 337 
mask 0.625 573 299 658 382 
mask 0.54296875 84 116 532 248 
mask 0.984375 102 2 591 184 
mask 0.97265625 157 63 586 341 
mask 0.93359375 427 37 658 248 
mask 0.609375 262 41 436 268 
mask 0.984375 418 345 658 382 
mask 0.7734375 2 195 658 382 
mask 0.83984375 337 1 658 382 
mask 0.828125 97 19 276 246 
mask 0.98046875 101 2 370 131 
nomask 0.5078125 175 73 503 184 
mask 0.9296875 384 153 658 326 
mask 0.58984375 189 260 609 382 
mask 0.8125 455 252 658 382 
mask 0.828125 443 33 658 249 
mask 0.6171875 269 138 626 369 
mask 0.875 321 199 525 380 
mask 0.66015625 165 289 464 381 
mask 0.9296875 91 118 427 221 
mask 0.984375 143 207 335 381 
mask 0.89453125 427 345 658 382 
mask 0.80078125 224 147 368 256 
mask 0.984375 217 126 658 382 
mask 0.76953125 337 4 658 382 
mask 0.765625 339 129 658 252 
mask 0.60546875 26 158 399 369 
mask 0.9765625 132 144 521 351 
mask 0.828125 265 160 637 367 
mask 0.75 360 76 589 245 
mask 0.55078125 71 95 267 302 
mask 0.9765625 151 243 627 382 
mask 0.70703125 323 118 537 330 
mask 0.7265625 384 154 658 328 
