nomask 0.875 21 0 270 438 
mask 0.984375 16 370 218 461 
mask 0.50390625 242 19 280 380 
mask 0.96484375 1 285 123 461 
mask 0.97265625 90 310 253 461 
mask 0.9140625 204 320 280 461 
mask 0.59375 68 103 202 360 
mask 0.9765625 16 68 168 359 
mask 0.984375 238 376 280 461 
mask 0.5859375 38 372 280 461 
nomask 0.85546875 27 81 114 320 
mask 0.984375 206 95 280 444 
mask 0.984375 167 184 280 394 
mask 0.984375 134 153 268 446 
mask 0.984375 181 417 280 461 
nomask 0.75390625 179 193 280 454 
mask 0.984375 110 208 247 448 
mask 0.984375 20 3 193 343 
mask 0.984375 226 54 280 453 
mask 0.984375 238 380 280 461 
mask 0.640625 181 417 280 461 
nomask 0.75390625 182 13 280 274 
mask 0.96875 186 89 277 306 
mask 0.984375 35 137 248 323 
mask 0.98046875 82 36 280 222 
nomask 0.74609375 83 115 178 335 
mask 0.9765625 82 0 128 23 
nomask 0.6640625 120 269 233 437 
mask 0.95703125 193 154 280 416 
mask 0.984375 78 323 257 461 
nomask 0.6484375 206 327 280 461 
mask 0.57421875 245 19 280 373 
mask 0.953125 250 305 280 461 
mask 0.78125 183 6 280 267 
mask 0.98046875 101 88 241 221 
