nomask 0.6015625 45 0 322 386 
mask 0.9453125 400 10 480 557 
mask 0.97265625 24 534 392 640 
nomask 0.6328125 408 523 480 640 
nomask 0.75 317 59 480 413 
mask 0.78125 147 34 317 541 
mask 0.94140625 305 579 480 640 
nomask 0.828125 142 22 337 299 
mask 0.6796875 158 211 480 640 
mask 0.9765625 5 328 480 640 
mask 0.703125 246 2 480 640 
mask 0.95703125 132 98 291 390 
mask 0.91796875 279 3 480 288 
mask 0.5546875 100 86 434 582 
mask 0.9765625 247 197 374 561 
mask 0.97265625 404 5 480 540 
mask 0.96484375 24 528 384 640 
mask 0.51171875 408 523 480 640 
nomask 0.75 286 518 480 640 
mask 0.91015625 71 52 405 303 
mask 0.90234375 158 210 480 640 
mask 0.9765625 216 131 477 300 
mask 0.87890625 246 6 480 640 
mask 0.9609375 277 233 420 545 
mask 0.97265625 317 63 480 416 
mask 0.87109375 135 344 302 598 
nomask 0.86328125 123 397 402 546 
nomask 0.92578125 276 90 422 382 
mask 0.90625 311 579 480 640 
nomask 0.83203125 212 197 468 366 
mask 0.9765625 160 124 445 305 
mask 0.93359375 62 295 480 640 
mask 0.94921875 213 101 404 397 
mask 0.984375 297 40 416 464 
mask 0.92578125 318 484 480 640 
mask 0.88671875 386 395 480 640 
mask 0.96875 111 3 326 33 
