mask 0.546875 142 51 720 711 
mask 0.98046875 583 102 720 720 
mask 0.984375 192 479 661 720 
mask 0.98046875 525 510 720 720 
mask 0.984375 126 3 685 331 
nomask 0.61328125 277 216 523 535 
nomask 0.7265625 603 584 720 720 
mask 0.90625 169 57 576 501 
mask 0.72265625 11 2 484 720 
mask 0.96484375 606 18 720 594 
mask 0.96484375 456 5 720 312 
mask 0.8671875 35 594 552 720 
mask 0.9765625 497 240 720 659 
mask 0.98046875 467 651 720 720 
mask 0.7578125 93 331 720 720 
mask 0.984375 225 225 720 720 
mask 0.984375 254 20 693 373 
nomask 0.546875 197 81 573 271 
mask 0.77734375 291 23 482 424 
nomask 0.7890625 172 157 363 575 
mask 0.96875 129 276 521 488 
mask 0.73046875 96 331 720 720 
mask 0.984375 225 225 720 720 
mask 0.984375 580 438 720 720 
mask 0.984375 133 159 582 483 
mask 0.73828125 233 48 482 572 
mask 0.8828125 260 187 709 511 
nomask 0.68359375 321 203 589 521 
nomask 0.76953125 631 31 720 594 
mask 0.875 627 111 719 630 
mask 0.86328125 612 594 720 720 
mask 0.88671875 417 164 637 571 
nomask 0.640625 207 324 481 592 
mask 0.9375 467 651 720 720 
mask 0.7578125 471 217 720 654 
mask 0.98046875 246 544 574 720 
mask 0.984375 578 87 720 720 
mask 0.98046875 477 544 720 720 
mask 0.984375 580 445 720 720 
mask 0.984375 167 4 489 37 
