mask 0.89453125 27 25 283 410 
mask 0.9765625 16 357 256 433 
nomask 0.640625 14 355 265 433 
nomask 0.69140625 55 105 201 346 
mask 0.984375 2 1 76 288 
mask 0.94140625 223 138 327 390 
mask 0.85546875 19 33 162 268 
mask 0.94140625 264 56 327 431 
mask 0.56640625 91 301 300 433 
mask 0.98046875 222 332 327 433 
nomask 0.71875 71 52 241 304 
nomask 0.5859375 233 53 327 396 
mask 0.8984375 208 1 327 185 
mask 0.55859375 66 174 173 367 
mask 0.984375 274 19 327 337 
mask 0.9140625 3 267 145 433 
mask 0.97265625 263 267 327 433 
nomask 0.9140625 256 369 327 433 
nomask 0.8828125 292 286 327 433 
mask 0.59765625 1 221 327 433 
mask 0.984375 169 4 327 433 
mask 0.984375 10 231 150 433 
mask 0.984375 117 133 287 250 
mask 0.65625 37 217 215 329 
mask 0.96875 41 99 143 296 
mask 0.9140625 28 292 213 433 
mask 0.984375 92 151 162 274 
mask 0.859375 107 142 327 433 
mask 0.984375 169 47 250 288 
