mask 0.8203125 0.08622115850448608 0.019620150327682495 0.9218019843101501 0.9710826873779297 
mask 0.984375 0.19557484984397888 0.005062088370323181 0.9560856819152832 0.4598391056060791 
nomask 0.6484375 0.05836018919944763 0.8260655999183655 0.7764599323272705 1.0 
mask 0.8046875 0.18915240466594696 0.4295003414154053 0.5530343651771545 0.8438469171524048 
mask 0.984375 0.052816957235336304 0.03137880563735962 0.5946413278579712 0.6483455896377563 
mask 0.59765625 0.20696069300174713 0.02473720908164978 0.5536639094352722 0.521622896194458 
nomask 0.96484375 0.005062088370323181 0.6158422827720642 0.4598391056060791 1.0 
mask 0.9765625 0.3080631494522095 0.6545749306678772 0.9021233320236206 1.0 
mask 0.984375 0.7024843692779541 0.6589796543121338 1.0 1.0 
mask 0.9765625 0.701644241809845 0.07012662291526794 1.0 0.6596541404724121 
mask 0.94140625 0.3156876862049103 0.008952423930168152 0.7813326120376587 0.34096670150756836 
nomask 0.91015625 0.8431106805801392 0.8260655999183655 1.0 1.0 
nomask 0.69921875 0.4586470127105713 0.12772062420845032 1.0 1.0 
mask 0.984375 0.7191500663757324 0.13420119881629944 1.0 0.8595701456069946 
mask 0.984375 0.6491455435752869 0.9048106670379639 1.0 1.0 
nomask 0.7421875 0.7377535104751587 0.22094115614891052 1.0 0.9793280363082886 
mask 0.984375 0.31335124373435974 0.45686131715774536 0.6113085746765137 0.932695209980011 
mask 0.96484375 0.6545749306678772 0.3080631494522095 1.0 0.9021233320236206 
mask 0.984375 0.18718430399894714 0.6135351657867432 0.7556339502334595 0.861924409866333 
mask 0.984375 0.8083674311637878 0.1212129294872284 1.0 1.0 
mask 0.96875 0.009931132197380066 0.5942156314849854 0.4549700617790222 1.0 
mask 0.97265625 0.1455172598361969 0.8073337078094482 1.0 1.0 
mask 0.828125 0.5966860055923462 0.8060598969459534 1.0 1.0 
nomask 0.70703125 0.35914453864097595 0.29637619853019714 0.891853928565979 0.5854018926620483 
nomask 0.55859375 0.33096641302108765 0.33096641302108765 1.0 1.0 
mask 0.984375 0.5125018358230591 0.010808169841766357 1.0 1.0 
mask 0.984375 0.5160501599311829 0.3382387161254883 1.0 0.6618181467056274 
mask 0.9296875 0.040831297636032104 0.41471269726753235 0.6066269874572754 0.968393087387085 
mask 0.984375 0.20147186517715454 0.3776192367076874 0.7922994494438171 0.9194436073303223 
mask 0.984375 0.40327730774879456 0.4206406772136688 0.9690730571746826 0.9624650478363037 
mask 0.984375 0.5479228496551514 0.20047056674957275 0.8963881731033325 0.6426162123680115 
nomask 0.66796875 0.10799849033355713 0.25070956349372864 0.40595585107803345 0.7925339937210083 
mask 0.984375 0.23094111680984497 0.6380742788314819 0.9536839127540588 1.0 
mask 0.98046875 0.4919605255126953 0.3103868067264557 0.8168654441833496 0.8640671968460083 
mask 0.9765625 0.5845338106155396 0.4051518440246582 1.0 0.8599288463592529 
