nomask 0.59375 0.1671760380268097 0.021078497171401978 0.9158552885055542 0.8922417163848877 
mask 0.96484375 0.18725430965423584 0.0071541666984558105 0.9644062519073486 0.4820513427257538 
nomask 0.984375 0.2891385555267334 0.18570351600646973 0.7988024950027466 0.7660496830940247 
mask 0.96875 0.10190615057945251 0.10321792960166931 0.6146937608718872 0.844459056854248 
mask 0.984375 0.2880617380142212 0.6951964497566223 0.9122074842453003 1.0 
mask 0.984375 0.11044825613498688 0.10444143414497375 0.43535315990448 0.6462658643722534 
mask 0.97265625 0.883548378944397 0.04293122887611389 1.0 0.8092092275619507 
nomask 0.72265625 0.06702035665512085 0.8261599540710449 0.7851200699806213 1.0 
mask 0.8359375 0.1665995717048645 0.008801177144050598 0.9607567191123962 0.5047086477279663 
nomask 0.94140625 0.6491455435752869 0.9048106670379639 1.0 1.0 
mask 0.5546875 0.7377535104751587 0.21495318412780762 1.0 0.9571007490158081 
mask 0.984375 0.0057000815868377686 0.10635840892791748 0.28248053789138794 0.7970700860023499 
mask 0.9609375 0.288286954164505 0.70930415391922 0.9260900020599365 1.0 
mask 0.984375 0.7095381021499634 0.6806963682174683 1.0 1.0 
mask 0.7578125 0.17275211215019226 0.28302937746047974 0.5347940921783447 0.7387034296989441 
mask 0.984375 0.5845338106155396 0.4051518440246582 1.0 0.8599288463592529 
mask 0.984375 0.4586470127105713 0.12772062420845032 1.0 1.0 
mask 0.984375 0.13428494334220886 0.4668367803096771 0.8441215753555298 0.927024245262146 
mask 0.984375 0.18335889279842377 0.5255966186523438 0.5082637667655945 0.9715133905410767 
mask 0.984375 0.45823419094085693 0.1212969422340393 0.797513484954834 0.6401656866073608 
nomask 0.93359375 0.26319727301597595 0.6303309798240662 0.8075631856918335 0.8581188321113586 
mask 0.98046875 0.1346302032470703 0.3889436423778534 0.6673396229743958 0.6907563209533691 
mask 0.984375 0.08764347434043884 0.674403727054596 0.6521942615509033 1.0 
mask 0.984375 0.009968310594558716 0.5024530291557312 0.44797441363334656 1.0 
mask 0.984375 0.45986756682395935 0.12213689088821411 1.0 1.0 
mask 0.984375 0.0957329124212265 0.1998758316040039 0.38106662034988403 0.583097517490387 
mask 0.9765625 0.6219067573547363 0.4095158576965332 0.7395215034484863 0.543441891670227 
mask 0.73828125 0.5487967133522034 0.283000111579895 0.7368995547294617 0.5270140767097473 
nomask 0.6875 0.5826826095581055 0.366658478975296 0.6859726905822754 0.4977167546749115 
nomask 0.78125 0.5750851035118103 0.14213891327381134 0.8795621991157532 0.5978130102157593 
mask 0.8828125 0.6491455435752869 0.9048106670379639 1.0 1.0 
mask 0.5546875 0.4428105652332306 0.30836206674575806 0.9755200147628784 0.5734160542488098 
mask 0.8515625 0.33526480197906494 0.19405661523342133 0.9288636445999146 0.47689342498779297 
nomask 0.82421875 0.13019013404846191 0.4609558582305908 1.0 1.0 
mask 0.984375 0.4458204507827759 0.15909671783447266 0.8426122665405273 0.6208036541938782 
mask 0.5859375 0.6200302839279175 0.06369593739509583 0.8684195280075073 0.7251439094543457 
mask 0.98046875 0.6628257036209106 0.7565798759460449 1.0 1.0 
nomask 0.79296875 0.8060598969459534 0.6185199022293091 1.0 1.0 
mask 0.7265625 0.23296579718589783 0.005853248760104179 0.6802973747253418 0.05191715061664581 
