mask 0.984375 0.15763777494430542 0.14284422993659973 0.7255070805549622 0.7894679307937622 
mask 0.984375 0.25472283363342285 0.25143876671791077 0.6327821612358093 0.727272629737854 
mask 0.984375 0.02458617091178894 0.23832902312278748 0.6305545568466187 0.9588626623153687 
mask 0.984375 0.8723005056381226 0.7844611406326294 1.0 1.0 
nomask 0.765625 0.452604204416275 0.1323009431362152 1.0 1.0 
mask 0.96484375 0.25278371572494507 0.7022503018379211 0.9333778023719788 1.0 
mask 0.8203125 0.07055249810218811 0.7944116592407227 0.7910861968994141 1.0 
mask 0.875 0.6361004710197449 0.9048106670379639 1.0 1.0 
mask 0.71484375 0.15700429677963257 0.4306621253490448 0.8367670178413391 0.932469367980957 
mask 0.984375 0.35073086619377136 0.17887476086616516 0.8925552368164062 0.782630443572998 
mask 0.984375 0.8432501554489136 0.008068859577178955 0.9955633878707886 0.5382912158966064 
mask 0.8515625 0.11964115500450134 0.20864909887313843 0.4739307463169098 0.7055347561836243 
mask 0.984375 0.14701072871685028 0.06584842503070831 0.6043949723243713 0.5645989775657654 
nomask 0.75390625 0.7466626167297363 0.16671571135520935 1.0 0.9542152881622314 
mask 0.6015625 0.6491455435752869 0.09871631860733032 1.0 0.6511784195899963 
mask 0.6484375 0.7427057027816772 0.6727430820465088 1.0 1.0 
nomask 0.52734375 0.27731597423553467 0.5437760949134827 0.6411979794502258 0.9156203866004944 
mask 0.984375 0.396673321723938 0.48912733793258667 0.7215782403945923 0.9649612307548523 
mask 0.984375 0.2252330482006073 0.6226896643638611 0.8586572408676147 0.8657601475715637 
mask 0.98046875 0.33233338594436646 0.7530811429023743 0.8292190432548523 0.998297393321991 
mask 0.6171875 0.11861416697502136 0.05609835684299469 0.4165715277194977 0.5117724537849426 
nomask 0.96875 0.18014046549797058 0.11191238462924957 0.7364178895950317 0.38276612758636475 
nomask 0.984375 0.31297340989112854 0.31297340989112854 1.0 1.0 
mask 0.9765625 0.34682685136795044 0.03352010250091553 0.9702102541923523 0.5140671133995056 
mask 0.5078125 0.26159900426864624 0.2921477258205414 0.7829015851020813 0.5939604043960571 
mask 0.640625 0.1735755205154419 0.20079025626182556 0.7298529744148254 0.4961402714252472 
nomask 0.984375 0.44949787855148315 0.19783595204353333 0.7744027972221375 0.6840817928314209 
mask 0.96484375 0.3754420280456543 0.05677381157875061 0.7003469467163086 0.5326076745986938 
nomask 0.8984375 0.566614031791687 0.22945551574230194 0.9304959774017334 0.6438021063804626 
nomask 0.64453125 0.660243034362793 0.1830245852470398 1.0 0.7999913692474365 
nomask 0.5625 0.925834059715271 0.033178165555000305 0.9984065294265747 0.4615575075149536 
nomask 0.78515625 0.7240396738052368 0.2727868854999542 1.0 0.9981558322906494 
mask 0.51171875 0.3350551724433899 0.2036208063364029 0.9159433245658875 0.46299922466278076 
nomask 0.89453125 0.006760209798812866 0.6107465624809265 0.574629545211792 1.0 
mask 0.921875 0.20619329810142517 0.6222318410873413 0.8121616840362549 1.0 
mask 0.97265625 0.5966860055923462 0.8060598969459534 1.0 1.0 
mask 0.72265625 0.10473862290382385 0.3871254324913025 0.4092157185077667 0.8733713030815125 
mask 0.984375 0.1721276491880417 0.36927852034568787 0.5776018500328064 0.8210989236831665 
