nomask 0.50390625 55 9 305 394 
mask 0.953125 205 175 327 368 
mask 0.984375 106 309 292 433 
mask 0.60546875 236 304 327 433 
mask 0.7109375 32 44 199 365 
mask 0.98046875 120 135 313 402 
mask 0.97265625 286 14 327 346 
nomask 0.62109375 96 88 262 339 
mask 0.98046875 58 1 318 206 
nomask 0.8515625 19 357 253 433 
nomask 0.55078125 278 357 327 433 
nomask 0.83203125 212 1 327 185 
nomask 0.66015625 212 391 327 433 
mask 0.69921875 234 85 327 421 
mask 0.984375 72 272 309 433 
mask 0.84765625 221 279 327 433 
mask 0.94140625 67 120 178 326 
mask 0.984375 28 292 213 433 
mask 0.78125 3 221 327 433 
mask 0.96484375 212 42 327 281 
mask 0.984375 195 173 327 370 
mask 0.984375 212 391 327 433 
mask 0.69921875 225 35 327 280 
mask 0.98046875 212 391 327 433 
mask 0.69921875 288 16 327 302 
nomask 0.7890625 24 77 194 333 
mask 0.984375 71 234 166 432 
mask 0.96875 212 391 327 433 
mask 0.69921875 111 167 183 290 
mask 0.92578125 108 143 327 433 
mask 0.96484375 167 4 327 433 
mask 0.984375 168 146 327 286 
mask 0.9140625 13 179 198 419 
mask 0.984375 65 163 259 398 
mask 0.984375 131 182 316 416 
mask 0.984375 179 86 293 278 
mask 0.703125 35 108 132 343 
mask 0.984375 75 276 311 433 
mask 0.83203125 160 134 267 374 
mask 0.96875 191 175 327 372 
