nomask 0.89453125 30 3 275 380 
mask 0.94921875 22 348 253 433 
mask 0.86328125 71 325 312 433 
mask 0.9140625 37 37 274 208 
nomask 0.984375 212 327 320 433 
mask 0.6640625 80 82 247 333 
mask 0.95703125 120 11 297 278 
mask 0.65625 258 267 320 433 
mask 0.51171875 265 21 320 340 
nomask 0.6875 2 57 189 400 
mask 0.984375 251 366 320 433 
nomask 0.875 130 262 279 433 
mask 0.9765625 287 281 320 433 
nomask 0.71875 146 55 320 433 
mask 0.984375 105 191 238 359 
mask 0.984375 238 93 320 414 
mask 0.9765625 190 173 320 370 
mask 0.984375 207 42 320 281 
mask 0.953125 105 97 214 433 
mask 0.890625 113 164 235 364 
mask 0.98046875 79 284 245 433 
mask 0.94921875 128 251 309 433 
mask 0.984375 1 183 86 418 
mask 0.984375 89 238 206 403 
mask 0.9765625 154 90 252 346 
mask 0.984375 20 256 161 433 
mask 0.9765625 41 13 124 299 
mask 0.98046875 3 264 38 325 
nomask 0.921875 209 130 320 393 
mask 0.984375 109 327 255 433 
mask 0.6015625 257 52 320 433 
mask 0.7109375 212 327 320 433 
mask 0.6640625 257 267 320 433 
nomask 0.609375 74 2 217 22 
