mask 0.59765625 141 162 305 359 
mask 0.640625 113 327 460 507 
mask 0.98046875 104 53 339 317 
nomask 0.8984375 347 339 491 507 
nomask 0.546875 434 25 491 406 
mask 0.95703125 32 423 385 507 
nomask 0.5234375 219 39 450 449 
mask 0.984375 318 458 491 507 
nomask 0.828125 202 16 329 304 
mask 0.5390625 56 103 311 243 
nomask 0.796875 2 259 491 507 
mask 0.98046875 363 84 491 483 
mask 0.93359375 91 2 371 130 
mask 0.796875 221 29 403 244 
nomask 0.75 47 152 412 351 
mask 0.97265625 358 108 491 485 
mask 0.88671875 292 205 491 435 
mask 0.9765625 139 301 351 507 
mask 0.984375 62 151 434 355 
mask 0.9296875 145 40 491 244 
nomask 0.70703125 146 127 312 368 
mask 0.77734375 144 0 226 25 
nomask 0.890625 211 296 410 481 
mask 0.984375 339 170 491 458 
mask 0.93359375 138 356 451 507 
mask 0.96875 361 359 491 507 
nomask 0.875 430 21 491 410 
mask 0.92578125 438 335 491 507 
mask 0.546875 322 7 491 293 
mask 0.66015625 178 96 423 243 
