mask 0.97265625 0.0858055055141449 0.09379550814628601 0.604674220085144 0.6719716787338257 
mask 0.984375 0.29324471950531006 0.09478965401649475 0.6682605147361755 0.5311579704284668 
mask 0.9375 0.4247513711452484 0.2223581075668335 0.530301570892334 0.3451763391494751 
nomask 0.51953125 0.10041972994804382 0.04615819454193115 0.531673789024353 0.5936177372932434 
mask 0.984375 0.37463948130607605 0.30165886878967285 0.48973575234413147 0.4385153651237488 
nomask 0.51953125 0.23524050414562225 0.18215540051460266 0.7339471578598022 0.7378649711608887 
mask 0.984375 0.3772101104259491 0.26236188411712646 0.4850699007511139 0.39342015981674194 
nomask 0.76171875 0.4168355464935303 0.30246275663375854 0.5319318175315857 0.433521032333374 
nomask 0.84375 0.24448063969612122 0.24349886178970337 0.5505051612854004 0.5845024585723877 
mask 0.9609375 0.23693791031837463 0.1075664758682251 0.5429624319076538 0.4636566638946533 
mask 0.74609375 0.3772101104259491 0.22472064197063446 0.4850699007511139 0.3449089825153351 
nomask 0.60546875 0.35024160146713257 0.23972752690315247 0.6562661528587341 0.5807311534881592 
mask 0.90625 0.4020048677921295 0.1862042248249054 0.59422367811203 0.4302181899547577 
nomask 0.70703125 0.6622351408004761 0.1405324637889862 1.0 0.9815160036087036 
mask 0.984375 0.31850969791412354 0.22556644678115845 0.6564048528671265 1.0 
mask 0.984375 0.5942156314849854 0.00659450888633728 1.0 0.4421038329601288 
nomask 0.51953125 0.22459843754768372 0.19241651892662048 0.4896524250507355 0.7733047008514404 
mask 0.984375 0.25405043363571167 0.19529223442077637 0.7641903758049011 0.48431795835494995 
mask 0.921875 0.09368783235549927 0.6619113087654114 0.6461499333381653 1.0 
mask 0.58984375 0.13019013404846191 0.4609558582305908 1.0 1.0 
mask 0.984375 0.31297340989112854 0.31297340989112854 1.0 1.0 
mask 0.984375 0.2942745089530945 0.0005302652716636658 0.46056610345840454 0.05109421908855438 
mask 0.57421875 0.43016523122787476 0.5854707956314087 0.8356394171714783 0.9493527412414551 
mask 0.9609375 0.6907345056533813 0.33552342653274536 1.0 0.9044148325920105 
mask 0.90234375 0.2812331020832062 0.7024832367897034 0.9190361499786377 1.0 
mask 0.55078125 0.737156867980957 0.7095370888710022 1.0 1.0 
mask 0.703125 0.8766635656356812 0.04293122887611389 1.0 0.8092092275619507 
mask 0.90625 0.8938673734664917 0.6619113087654114 1.0 1.0 
nomask 0.546875 0.6565747857093811 0.013942927122116089 1.0 0.5797386169433594 
mask 0.72265625 0.36276116967201233 0.19096216559410095 0.8619775772094727 0.47998788952827454 
