nomask 0.57421875 64 30 187 128 
mask 0.984375 29 5 231 143 
mask 0.984375 13 150 233 183 
mask 0.9140625 213 155 276 183 
nomask 0.78125 51 49 212 167 
mask 0.984375 249 118 276 183 
nomask 0.5546875 83 21 167 98 
mask 0.96875 110 10 244 165 
mask 0.91015625 195 32 276 177 
nomask 0.53125 11 9 173 99 
mask 0.984375 216 7 276 145 
mask 0.72265625 33 37 173 88 
mask 0.94921875 36 53 177 108 
mask 0.984375 35 84 276 183 
mask 0.9140625 86 57 276 183 
mask 0.9453125 97 5 265 95 
mask 0.859375 75 20 219 69 
mask 0.87890625 111 5 184 107 
mask 0.7578125 66 40 139 146 
mask 0.984375 49 70 199 124 
mask 0.984375 36 84 276 183 
mask 0.9140625 86 57 276 183 
mask 0.9453125 222 111 276 183 
nomask 0.87890625 51 40 223 122 
mask 0.984375 89 12 184 145 
mask 0.98046875 99 47 272 130 
mask 0.98046875 123 51 225 132 
mask 0.984375 241 7 276 151 
mask 0.50390625 240 28 275 160 
nomask 0.515625 234 151 276 183 
nomask 0.83984375 160 41 244 145 
nomask 0.5390625 79 82 184 150 
mask 0.984375 179 165 276 183 
nomask 0.609375 180 55 276 166 
nomask 0.73046875 94 138 220 183 
mask 0.70703125 221 22 276 183 
nomask 0.55859375 182 138 276 183 
mask 0.8515625 222 113 276 183 
nomask 0.7890625 64 1 187 9 
