mask 0.984375 47 7 316 426 
mask 0.97265625 268 16 320 331 
mask 0.98046875 0 353 279 428 
mask 0.92578125 119 20 308 302 
mask 0.74609375 18 14 184 267 
mask 0.64453125 145 184 261 347 
mask 0.953125 228 30 320 277 
mask 0.76171875 146 242 270 401 
mask 0.98046875 277 340 320 428 
mask 0.72265625 207 387 320 428 
nomask 0.73046875 37 53 197 291 
mask 0.71875 242 98 320 409 
mask 0.984375 62 126 166 329 
mask 0.9453125 241 43 320 405 
mask 0.984375 197 173 320 364 
mask 0.984375 89 297 294 428 
mask 0.984375 90 182 201 352 
mask 0.98046875 283 4 320 369 
mask 0.9609375 94 162 221 356 
mask 0.984375 80 288 298 428 
mask 0.984375 227 288 320 428 
mask 0.98046875 99 27 317 202 
nomask 0.97265625 207 387 320 428 
nomask 0.73046875 220 35 320 276 
mask 0.7890625 207 387 320 428 
nomask 0.73046875 282 16 320 299 
mask 0.890625 24 77 190 329 
mask 0.984375 69 232 163 427 
mask 0.984375 207 387 320 428 
nomask 0.73046875 109 165 179 287 
mask 0.81640625 105 141 320 428 
mask 0.984375 164 4 320 428 
mask 0.97265625 165 144 320 283 
mask 0.76953125 13 177 194 414 
mask 0.984375 64 161 253 393 
mask 0.984375 129 180 310 411 
mask 0.984375 175 85 286 275 
mask 0.5234375 34 107 129 339 
mask 0.984375 73 273 305 428 
mask 0.984375 157 132 261 369 
mask 0.95703125 187 173 320 368 
