nomask 0.984375 50 13 290 385 
mask 0.96484375 76 85 235 333 
mask 0.94921875 31 10 172 295 
mask 0.97265625 62 102 168 339 
mask 0.984375 59 3 308 202 
nomask 0.984375 0 359 279 428 
mask 0.8671875 149 93 260 283 
mask 0.828125 68 26 263 241 
nomask 0.8984375 95 66 222 264 
mask 0.52734375 21 338 246 428 
mask 0.9140625 138 132 292 405 
mask 0.984375 237 116 320 428 
mask 0.984375 50 296 267 428 
mask 0.984375 134 38 283 186 
mask 0.69140625 89 244 208 421 
mask 0.984375 20 10 179 247 
nomask 0.5234375 190 173 320 364 
mask 0.984375 189 36 277 290 
mask 0.9453125 57 269 260 375 
mask 0.984375 105 140 320 428 
mask 0.984375 164 4 320 428 
mask 0.984375 107 82 192 353 
mask 0.98046875 202 94 320 331 
mask 0.984375 167 140 320 282 
mask 0.8671875 203 387 320 428 
mask 0.7421875 1 219 320 428 
mask 0.984375 149 86 316 204 
nomask 0.7265625 88 134 320 288 
mask 0.95703125 138 28 254 213 
mask 0.7734375 143 85 314 203 
nomask 0.703125 100 133 320 428 
mask 0.984375 210 15 320 247 
nomask 0.50390625 123 108 191 237 
mask 0.6875 280 18 320 346 
mask 0.58984375 286 283 320 428 
mask 0.93359375 210 5 320 248 
mask 0.5546875 116 81 275 205 
