mask 0.65234375 38 9 226 156 
mask 0.9375 214 156 273 184 
mask 0.578125 20 126 178 184 
mask 0.984375 28 3 159 125 
nomask 0.6796875 236 4 273 155 
nomask 0.56640625 75 34 183 123 
mask 0.54296875 1 155 244 184 
mask 0.76171875 144 8 249 167 
mask 0.984375 34 88 165 183 
mask 0.984375 76 100 176 172 
mask 0.9765625 60 22 136 143 
mask 0.76953125 76 53 199 168 
mask 0.984375 247 119 273 184 
mask 0.640625 44 1 256 90 
mask 0.5234375 199 38 273 177 
nomask 0.53125 160 74 273 158 
mask 0.97265625 76 129 250 184 
mask 0.984375 188 15 273 119 
mask 0.54296875 122 17 215 119 
mask 0.6796875 193 125 273 184 
mask 0.64453125 38 54 232 128 
mask 0.98046875 111 66 259 177 
mask 0.984375 133 95 218 183 
mask 0.984375 68 139 192 183 
mask 0.984375 38 57 177 106 
nomask 0.53125 59 99 139 183 
mask 0.984375 177 166 273 184 
nomask 0.609375 93 71 152 123 
mask 0.84765625 90 60 273 184 
mask 0.984375 139 1 273 184 
mask 0.984375 140 62 273 121 
mask 0.6796875 11 76 165 178 
mask 0.984375 55 69 216 169 
mask 0.984375 110 77 264 177 
mask 0.984375 149 36 244 118 
nomask 0.6484375 29 46 110 145 
mask 0.91796875 63 117 260 184 
mask 0.984375 134 57 223 158 
mask 0.984375 159 74 273 158 
