nomask 0.5546875 0.12907671928405762 0.05041706562042236 0.8789464235305786 0.9229654669761658 
mask 0.98046875 0.22583721578121185 0.17740532755851746 0.7139080166816711 0.7834270000457764 
mask 0.96875 0.8758600354194641 0.03454756736755371 1.0 0.8175928592681885 
mask 0.75 0.05826064944267273 0.8041490912437439 0.7787942886352539 1.0 
mask 0.796875 0.1776285618543625 0.26068341732025146 0.5494728088378906 0.7533669471740723 
mask 0.984375 0.23867914080619812 0.6463314294815063 0.9459458589553833 1.0 
mask 0.984375 0.6727430820465088 0.31938204169273376 1.0 0.9007216691970825 
mask 0.984375 0.015196569263935089 0.1902552843093872 0.26041287183761597 0.820722222328186 
mask 0.73046875 0.38837459683418274 0.0367564857006073 0.9301990270614624 0.6537232398986816 
mask 0.97265625 0.12391674518585205 0.09396776556968689 0.8511374592781067 0.4871425926685333 
mask 0.66015625 0.6708998680114746 0.7674988508224487 1.0 1.0 
nomask 0.5078125 0.8067739605903625 0.6185199022293091 1.0 1.0 
mask 0.73828125 0.7844611406326294 0.8522942066192627 1.0 1.0 
mask 0.50390625 0.531559944152832 0.0737886130809784 0.9000146389007568 0.9199826717376709 
mask 0.984375 0.8988957405090332 0.6491455435752869 1.0 1.0 
mask 0.51171875 0.025131940841674805 0.6141323447227478 0.5808414816856384 1.0 
mask 0.984375 0.2259734570980072 0.6411474943161011 0.7677978277206421 1.0 
mask 0.984375 0.0011823028326034546 0.4722651541233063 0.2744271159172058 1.0 
mask 0.92578125 0.8043166995048523 0.13995900750160217 1.0 0.987397313117981 
mask 0.9765625 0.3660624623298645 0.7138772010803223 0.7460432648658752 1.0 
mask 0.984375 0.44320881366729736 0.22309869527816772 0.8150531053543091 0.6652443408966064 
mask 0.9609375 0.392988920211792 0.36503732204437256 0.6831364631652832 0.5531401634216309 
mask 0.6015625 0.1358354687690735 0.806188702583313 1.0 1.0 
mask 0.68359375 0.09570150077342987 0.013719439506530762 0.5363920331001282 0.6106917262077332 
nomask 0.5546875 0.44937554001808167 0.19924984872341156 0.9820849895477295 0.47603029012680054 
mask 0.90625 0.31297340989112854 0.31297340989112854 1.0 1.0 
mask 0.984375 0.6578840017318726 0.03668394684791565 1.0 0.5785083770751953 
mask 0.9296875 0.385796457529068 0.2528992295265198 0.5999861359596252 0.5558834075927734 
mask 0.81640625 0.8766635656356812 0.04293122887611389 1.0 0.8092092275619507 
mask 0.78515625 0.8938673734664917 0.6619113087654114 1.0 1.0 
nomask 0.51171875 0.6565747857093811 0.013942927122116089 1.0 0.5797386169433594 
mask 0.94140625 0.36276116967201233 0.19096216559410095 0.8619775772094727 0.47998788952827454 
