mask 0.53125 0.04305696487426758 0.04690226912498474 0.7005521655082703 0.8287043571472168 
mask 0.984375 0.7844611406326294 0.8522942066192627 1.0 1.0 
nomask 0.578125 0.006454169750213623 0.8444110155105591 0.9159452319145203 1.0 
mask 0.94140625 0.1563773900270462 0.21207129955291748 0.5707240104675293 0.7265520095825195 
nomask 0.6953125 0.09584107995033264 0.3054843544960022 0.8230618238449097 0.6820013523101807 
mask 0.91796875 0.8426546454429626 0.016939938068389893 1.0 0.852520763874054 
mask 0.734375 0.9048106670379639 0.6491455435752869 1.0 1.0 
mask 0.57421875 0.3015635013580322 0.21331804990768433 0.6898587942123413 0.6750249862670898 
mask 0.56640625 0.08764347434043884 0.674403727054596 0.6521942615509033 1.0 
mask 0.984375 0.13019013404846191 0.4609558582305908 1.0 1.0 
mask 0.984375 0.14157530665397644 0.1888987421989441 0.7224634885787964 0.4907114505767822 
nomask 0.6953125 0.45986756682395935 0.12213689088821411 1.0 1.0 
mask 0.94921875 0.31297340989112854 0.31297340989112854 1.0 1.0 
mask 0.984375 0.053842440247535706 0.2153395116329193 0.46441203355789185 0.9913504123687744 
mask 0.984375 0.23486874997615814 0.33045387268066406 0.7051258087158203 0.9404888153076172 
mask 0.984375 0.10851353406906128 0.22711306810379028 0.9132447838783264 0.9334871172904968 
mask 0.984375 0.25278371572494507 0.6730872392654419 0.9333778023719788 1.0 
mask 0.984375 0.6491455435752869 0.09871631860733032 1.0 0.6511784195899963 
mask 0.94140625 0.3310808539390564 0.22624912858009338 0.6689760088920593 1.0 
mask 0.984375 0.35474836826324463 0.379420667886734 0.7347291707992554 0.8411276340484619 
mask 0.984375 0.24820664525032043 0.6572805047035217 0.7670754194259644 1.0 
mask 0.984375 0.400704026222229 0.5800169706344604 0.9685733318328857 1.0 
mask 0.984375 0.0041077882051467896 0.42386606335639954 0.27150166034698486 0.9656904935836792 
mask 0.984375 0.28108733892440796 0.5510218739509583 0.6449692845344543 0.931002676486969 
mask 0.984375 0.4835970401763916 0.21007496118545532 0.7880741357803345 0.8009025454521179 
mask 0.91796875 0.0649719089269638 0.5925160646438599 0.5056624412536621 1.0 
mask 0.984375 0.13064031302928925 0.030871182680130005 0.3900187015533447 0.6923191547393799 
mask 0.96484375 0.009755562990903854 0.6118361949920654 0.1199755072593689 0.7516872882843018 
nomask 0.5078125 0.6545749306678772 0.30156368017196655 1.0 0.9086228013038635 
mask 0.6015625 0.34218382835388184 0.7557350993156433 0.7978578805923462 1.0 
mask 0.984375 0.8032829761505127 0.1212129294872284 1.0 1.0 
mask 0.734375 0.6628257036209106 0.7565798759460449 1.0 1.0 
mask 0.5390625 0.8060598969459534 0.6185199022293091 1.0 1.0 
mask 0.625 0.23296579718589783 0.005853248760104179 0.6802973747253418 0.05191715061664581 
