nomask 0.703125 5 30 284 530 
mask 0.98046875 20 449 270 538 
mask 0.984375 274 76 341 538 
mask 0.82421875 137 40 318 526 
mask 0.984375 6 161 99 493 
mask 0.953125 95 373 318 538 
mask 0.984375 17 157 173 470 
mask 0.9609375 244 370 341 538 
mask 0.80078125 298 18 341 449 
mask 0.86328125 28 297 155 515 
mask 0.98046875 290 444 341 538 
mask 0.7265625 213 1 341 235 
mask 0.52734375 221 486 341 538 
mask 0.578125 0 88 125 407 
mask 0.96875 243 35 341 352 
mask 0.6875 221 486 341 538 
mask 0.578125 0 10 93 295 
mask 0.86328125 196 53 299 309 
mask 0.66796875 247 68 341 458 
mask 0.625 258 24 335 350 
mask 0.6796875 97 193 244 507 
mask 0.984375 2 49 147 505 
mask 0.984375 62 123 319 479 
mask 0.953125 246 111 341 519 
mask 0.8515625 195 217 341 462 
mask 0.96484375 67 343 325 538 
mask 0.984375 231 347 341 538 
mask 0.953125 167 62 260 381 
mask 0.87109375 221 53 341 350 
nomask 0.6640625 145 55 341 194 
nomask 0.9765625 112 178 341 538 
mask 0.984375 3 275 341 538 
mask 0.984375 174 5 341 538 
mask 0.875 114 103 199 422 
mask 0.8984375 2 328 195 538 
mask 0.984375 70 334 276 538 
mask 0.984375 203 433 341 538 
mask 0.96875 35 208 139 469 
mask 0.97265625 58 198 196 441 
