nomask 0.796875 31 12 301 436 
mask 0.97265625 18 368 251 446 
mask 0.90625 271 16 324 345 
mask 0.80859375 113 254 239 420 
mask 0.984375 210 403 324 446 
nomask 0.62109375 98 1 287 309 
mask 0.5546875 96 135 199 334 
mask 0.7109375 68 70 253 373 
mask 0.9765625 275 368 324 446 
mask 0.66796875 0 10 88 252 
mask 0.8125 113 192 236 365 
mask 0.9609375 72 284 306 446 
mask 0.984375 265 16 324 345 
mask 0.875 19 368 256 446 
mask 0.8828125 311 1 323 81 
mask 0.53125 192 181 324 379 
mask 0.984375 197 4 324 293 
mask 0.80859375 24 76 170 360 
mask 0.984375 91 313 297 446 
mask 0.984375 100 137 205 323 
mask 0.640625 234 310 324 446 
mask 0.9609375 234 52 324 165 
nomask 0.91015625 144 125 265 323 
mask 0.6796875 284 19 324 368 
mask 0.6640625 282 69 323 390 
mask 0.66015625 275 368 324 446 
mask 0.66796875 188 101 286 354 
mask 0.953125 93 201 216 366 
mask 0.96875 210 403 324 446 
nomask 0.62109375 212 134 324 405 
mask 0.984375 110 337 258 446 
mask 0.984375 260 54 324 446 
mask 0.921875 214 337 324 446 
nomask 0.5703125 261 275 324 446 
mask 0.953125 75 2 220 23 
