nomask 0.70703125 0.22524285316467285 0.08937269449234009 0.7931121587753296 0.7501454949378967 
mask 0.94921875 0.34634286165237427 0.0911916047334671 0.7431346774101257 0.5630013942718506 
mask 0.90234375 0.8599750399589539 0.034546226263046265 1.0 0.8522348403930664 
mask 0.77734375 0.06440657377243042 0.7919270396232605 0.784940242767334 1.0 
mask 0.75 0.8431106805801392 0.8174054026603699 1.0 1.0 
mask 0.75 0.2152148187160492 0.18152451515197754 0.5772567987442017 0.7003932595252991 
mask 0.984375 0.5845338106155396 0.4051518440246582 1.0 0.8599288463592529 
mask 0.6640625 0.8032829761505127 0.11853528022766113 1.0 0.9845167398452759 
mask 0.96875 0.22306695580482483 0.7577393054962158 0.977202296257019 1.0 
mask 0.6875 0.7095381021499634 0.6806963682174683 1.0 1.0 
mask 0.734375 0.6361004710197449 0.9048106670379639 1.0 1.0 
mask 0.6796875 0.4586470127105713 0.12772062420845032 1.0 1.0 
mask 0.9453125 0.06881313025951385 0.35450923442840576 0.5095036625862122 0.9778926372528076 
mask 0.9765625 0.15700429677963257 0.43987584114074707 0.8367670178413391 0.9309380054473877 
mask 0.984375 0.21520592272281647 0.05072067677974701 0.5401108264923096 0.5063947439193726 
nomask 0.50390625 0.2763271629810333 0.10808590054512024 0.8206931352615356 0.3909227252006531 
mask 0.90625 0.0010113716125488281 0.6279943585395813 0.45578840374946594 1.0 
mask 0.94921875 0.36188894510269165 0.25653326511383057 0.7085921168327332 0.7221781611442566 
mask 0.984375 0.8517708778381348 0.8174054026603699 1.0 1.0 
mask 0.7578125 0.5966860055923462 0.8101106286048889 1.0 1.0 
mask 0.78125 0.14868050813674927 0.08139657974243164 0.8450908064842224 0.4745714068412781 
mask 0.91796875 0.32942816615104675 0.32942816615104675 1.0 1.0 
mask 0.953125 0.4501121938228607 0.20511308312416077 0.9944781064987183 0.4701670706272125 
nomask 0.53515625 0.5125018358230591 0.010808169841766357 1.0 1.0 
mask 0.9140625 0.5783449411392212 0.36561477184295654 0.8763023614883423 0.8518606424331665 
mask 0.828125 0.6619113087654114 0.09871631860733032 1.0 0.6511784195899963 
nomask 0.81640625 0.28125298023223877 0.5388450026512146 0.6297182440757751 0.9356368184089661 
mask 0.984375 0.2580660581588745 0.6213436722755432 0.8389542102813721 0.854115903377533 
mask 0.9609375 0.5750851035118103 0.14213891327381134 0.8795621991157532 0.5978130102157593 
nomask 0.51953125 0.6491455435752869 0.9048106670379639 1.0 1.0 
mask 0.640625 0.4428105652332306 0.30836206674575806 0.9755200147628784 0.5734160542488098 
mask 0.89453125 0.33526480197906494 0.19405661523342133 0.9288636445999146 0.47689342498779297 
mask 0.73828125 0.13019013404846191 0.4609558582305908 1.0 1.0 
mask 0.96484375 0.4458204507827759 0.15909671783447266 0.8426122665405273 0.6208036541938782 
mask 0.82421875 0.6200302839279175 0.06369593739509583 0.8684195280075073 0.7251439094543457 
nomask 0.55078125 0.6628257036209106 0.7565798759460449 1.0 1.0 
mask 0.703125 0.8060598969459534 0.6185199022293091 1.0 1.0 
mask 0.8125 0.23296579718589783 0.005853248760104179 0.6802973747253418 0.05191715061664581 
