mask 0.6328125 5 13 190 306 
mask 0.984375 21 44 139 227 
mask 0.9375 10 267 191 322 
nomask 0.5546875 149 291 231 322 
nomask 0.8046875 155 28 231 210 
mask 0.7109375 198 263 231 322 
nomask 0.578125 82 51 170 190 
mask 0.8125 92 17 214 314 
mask 0.984375 151 99 231 290 
nomask 0.5234375 49 242 227 322 
mask 0.85546875 186 42 231 322 
mask 0.734375 153 242 231 322 
mask 0.70703125 45 14 160 182 
mask 0.546875 93 195 200 322 
mask 0.9609375 186 199 231 322 
nomask 0.6328125 139 2 231 142 
nomask 0.75390625 30 148 231 322 
mask 0.984375 76 106 231 322 
mask 0.984375 14 77 107 316 
mask 0.98046875 74 21 154 255 
mask 0.953125 83 83 227 228 
mask 0.96875 103 90 189 233 
mask 0.984375 202 13 231 266 
mask 0.58984375 201 49 230 282 
mask 0.7734375 196 266 231 322 
nomask 0.58203125 134 73 204 255 
mask 0.96875 66 145 154 264 
mask 0.98046875 149 291 231 322 
nomask 0.8046875 151 97 231 292 
mask 0.671875 79 243 184 322 
mask 0.6484375 185 39 231 322 
mask 0.76171875 153 243 231 322 
mask 0.640625 186 199 231 322 
nomask 0.6328125 53 1 157 16 
