nomask 0.6328125 0.06890085339546204 0.012486666440963745 0.9044816493988037 0.9435756206512451 
mask 0.96875 0.040831297636032104 0.021851301193237305 0.6066269874572754 0.6256070137023926 
mask 0.8515625 0.2962972819805145 0.4382777214050293 0.6523874998092651 0.8350695371627808 
mask 0.9765625 0.2809784412384033 0.003010183572769165 0.8498698472976685 0.6945977210998535 
mask 0.73828125 0.8845201134681702 0.04293122887611389 1.0 0.8092092275619507 
mask 0.62890625 0.01072375476360321 0.005100283771753311 0.4299302101135254 0.0895456075668335 
nomask 0.9296875 0.06702035665512085 0.8260655999183655 0.7851200699806213 1.0 
mask 0.8125 0.09016308188438416 0.060128018260002136 0.8661739826202393 0.4706975817680359 
nomask 0.96484375 0.4514720141887665 0.3109548091888428 0.9116594791412354 0.9907175302505493 
mask 0.984375 0.06778903305530548 0.03441666066646576 0.4732632637023926 0.43120843172073364 
nomask 0.6796875 0.7512645721435547 0.21495318412780762 1.0 0.9571007490158081 
mask 0.90625 0.001696532592177391 0.005499720573425293 0.04154715687036514 0.16823051869869232 
nomask 0.5859375 0.2812331020832062 0.7024832367897034 0.9190361499786377 1.0 
mask 0.984375 0.10406133532524109 0.16949638724327087 0.4152008593082428 0.7231767177581787 
mask 0.91796875 0.7234206199645996 0.6951964497566223 1.0 1.0 
nomask 0.546875 0.008187934756278992 0.05077040195465088 0.4729161262512207 0.9550644159317017 
mask 0.984375 0.36292287707328796 0.21880628168582916 0.7039264440536499 0.6242805123329163 
nomask 0.578125 0.5966860055923462 0.40110111236572266 1.0 0.8558781147003174 
mask 0.984375 0.30676016211509705 0.3073037564754486 0.6178996562957764 0.7251843214035034 
mask 0.953125 0.8513148427009583 0.8261599540710449 1.0 1.0 
mask 0.61328125 0.6491455435752869 0.9048106670379639 1.0 1.0 
nomask 0.546875 0.6545749306678772 0.30156368017196655 1.0 0.9086228013038635 
mask 0.9765625 0.34218382835388184 0.7557350993156433 0.7978578805923462 1.0 
mask 0.984375 0.8032829761505127 0.1212129294872284 1.0 1.0 
mask 0.91015625 0.6628257036209106 0.7565798759460449 1.0 1.0 
mask 0.7578125 0.8060598969459534 0.6185199022293091 1.0 1.0 
nomask 0.7734375 0.23296579718589783 0.005853248760104179 0.6802973747253418 0.05191715061664581 
