nomask 0.984375 0.4738118052482605 0.054494306445121765 0.8932607769966125 0.542565107345581 
mask 0.96484375 0.6035037636756897 0.03740641474723816 1.0 0.5562751293182373 
mask 0.875 0.2618560492992401 0.1442503035068512 0.8056662082672119 0.76347815990448 
mask 0.984375 0.4963921904563904 0.006498396396636963 0.9744580388069153 0.27735215425491333 
nomask 0.82421875 0.3514215648174286 0.19708479940891266 0.8506379127502441 0.473865270614624 
mask 0.984375 0.5354471206665039 0.11162517964839935 1.0 0.4569140076637268 
mask 0.9453125 0.3894710838794708 0.239005446434021 0.9736604690551758 0.6702595353126526 
mask 0.9765625 0.6519028544425964 0.1931571066379547 1.0 0.7468374967575073 
mask 0.9765625 0.5240064859390259 0.33195313811302185 1.0 0.6555325984954834 
mask 0.92578125 0.8414065837860107 0.09464475512504578 1.0 0.591530442237854 
mask 0.81640625 0.6355036497116089 0.1477726250886917 0.8640636205673218 0.4379202127456665 
mask 0.97265625 0.5235621929168701 0.11970999836921692 0.7886161804199219 0.6524194478988647 
mask 0.98046875 0.6173127293586731 0.12044668197631836 0.8711370825767517 0.6648126244544983 
mask 0.984375 0.7454240322113037 0.11552509665489197 0.9884945154190063 0.709123969078064 
mask 0.8046875 0.8807997703552246 0.12099024653434753 0.9947495460510254 0.7824382781982422 
mask 0.66796875 0.6545749306678772 0.3080631494522095 1.0 0.9021233320236206 
mask 0.890625 0.18718430399894714 0.6135351657867432 0.7556339502334595 0.861924409866333 
mask 0.8125 0.8083674311637878 0.1212129294872284 1.0 1.0 
mask 0.83984375 0.009931132197380066 0.5942156314849854 0.4549700617790222 1.0 
mask 0.8515625 0.1455172598361969 0.8073337078094482 1.0 1.0 
mask 0.84765625 0.5966860055923462 0.8060598969459534 1.0 1.0 
mask 0.59375 0.35914453864097595 0.29637619853019714 0.891853928565979 0.5854018926620483 
mask 0.96875 0.33096641302108765 0.33096641302108765 1.0 1.0 
mask 0.94921875 0.5125018358230591 0.010808169841766357 1.0 1.0 
mask 0.9765625 0.5160501599311829 0.3382387161254883 1.0 0.6618181467056274 
mask 0.92578125 0.040831297636032104 0.41471269726753235 0.6066269874572754 0.968393087387085 
nomask 0.54296875 0.20147186517715454 0.3776192367076874 0.7922994494438171 0.9194436073303223 
mask 0.88671875 0.40327730774879456 0.4206406772136688 0.9690730571746826 0.9624650478363037 
mask 0.94921875 0.5479228496551514 0.20047056674957275 0.8963881731033325 0.6426162123680115 
mask 0.9765625 0.10799849033355713 0.25070956349372864 0.40595585107803345 0.7925339937210083 
nomask 0.6015625 0.23094111680984497 0.6380742788314819 0.9536839127540588 1.0 
mask 0.58984375 0.4919605255126953 0.3103868067264557 0.8168654441833496 0.8640671968460083 
mask 0.9609375 0.5845338106155396 0.4051518440246582 1.0 0.8599288463592529 
