mask 0.72265625 439 574 995 1449 
mask 0.95703125 206 195 1095 1573 
mask 0.9609375 53 695 871 1910 
mask 0.75 575 818 1338 1836 
mask 0.9609375 548 383 1270 1554 
mask 0.8671875 326 490 837 1346 
mask 0.94140625 405 615 1386 1292 
mask 0.7421875 616 360 1129 1122 
mask 0.71875 203 1018 1227 1790 
mask 0.9609375 168 773 579 1667 
mask 0.8984375 403 1115 1038 1920 
mask 0.91796875 267 863 937 1486 
mask 0.96875 519 403 1320 901 
nomask 0.8125 358 630 701 1746 
mask 0.92578125 1059 320 1440 1832 
mask 0.5625 374 1278 1333 1920 
mask 0.84375 953 1225 1440 1920 
mask 0.54296875 1212 15 1440 1620 
nomask 0.5234375 934 189 1440 1250 
mask 0.7890625 74 1586 1177 1920 
nomask 0.953125 640 681 1129 1594 
mask 0.96875 1226 1569 1440 1920 
mask 0.8203125 311 413 1046 933 
nomask 0.87890625 345 1157 1001 1717 
mask 0.9765625 474 632 1440 1920 
mask 0.859375 746 20 1440 1920 
mask 0.76953125 570 997 1009 1835 
mask 0.96484375 703 1001 1151 1914 
mask 0.98046875 361 1456 1017 1916 
nomask 0.94140625 200 594 935 1114 
nomask 0.65234375 314 1041 734 1915 
mask 0.93359375 934 1737 1440 1920 
mask 0.88671875 491 742 806 1287 
mask 0.9609375 476 635 1440 1920 
mask 0.87109375 738 20 1440 1920 
mask 0.83203125 743 649 1440 1270 
mask 0.54296875 58 796 873 1859 
mask 0.70703125 290 725 1140 1765 
mask 0.9609375 580 807 1395 1847 
mask 0.8828125 789 384 1290 1233 
mask 0.58203125 155 481 584 1521 
mask 0.765625 332 1225 1373 1920 
mask 0.82421875 708 595 1176 1659 
mask 0.97265625 841 777 1440 1651 
