nomask 0.94921875 31 9 310 460 
mask 0.98046875 19 392 253 475 
mask 0.5625 58 1 318 222 
nomask 0.62109375 130 22 315 335 
nomask 0.60546875 236 325 327 475 
mask 0.62890625 233 33 327 307 
mask 0.94140625 149 269 276 445 
mask 0.984375 283 377 327 475 
nomask 0.609375 212 429 327 475 
mask 0.703125 38 59 201 323 
nomask 0.5703125 247 109 327 454 
mask 0.98046875 63 139 169 365 
mask 0.9453125 246 48 327 450 
mask 0.98046875 202 192 327 404 
mask 0.984375 91 330 300 475 
mask 0.984375 91 202 205 391 
mask 0.98046875 289 5 327 409 
mask 0.9140625 96 180 226 395 
mask 0.97265625 82 319 305 475 
mask 0.984375 232 319 327 475 
mask 0.6953125 101 30 324 225 
mask 0.875 212 429 327 475 
mask 0.703125 225 39 327 307 
mask 0.92578125 212 429 327 475 
mask 0.703125 288 17 327 331 
mask 0.88671875 24 85 194 366 
mask 0.9609375 71 257 166 474 
mask 0.98046875 212 429 327 475 
mask 0.703125 111 183 183 318 
mask 0.84765625 108 157 327 475 
mask 0.984375 167 5 327 475 
mask 0.828125 168 160 327 314 
mask 0.58203125 13 196 198 459 
mask 0.984375 65 179 259 436 
mask 0.984375 131 199 316 457 
mask 0.984375 179 95 293 305 
nomask 0.5546875 35 119 132 376 
mask 0.96484375 75 303 311 475 
mask 0.984375 160 147 267 410 
mask 0.96484375 191 192 327 408 
