nomask 0.84765625 160 76 781 783 
mask 0.9609375 314 192 695 645 
mask 0.609375 804 788 960 960 
mask 0.87109375 716 177 960 917 
mask 0.69921875 394 23 855 634 
mask 0.81640625 658 635 960 960 
mask 0.56640625 56 784 761 960 
mask 0.51953125 195 132 535 609 
mask 0.76171875 610 868 960 960 
nomask 0.51953125 99 385 912 851 
mask 0.95703125 561 385 960 821 
mask 0.98046875 269 674 882 960 
mask 0.87109375 185 178 719 474 
nomask 0.96484375 647 84 960 626 
mask 0.640625 466 123 743 718 
mask 0.671875 257 297 955 650 
mask 0.6796875 690 128 960 810 
mask 0.65625 440 113 960 960 
mask 0.87890625 50 355 570 910 
mask 0.921875 260 286 693 859 
mask 0.92578125 159 4 922 480 
nomask 0.94140625 281 64 600 511 
nomask 0.87890625 582 6 960 424 
mask 0.859375 848 22 960 671 
mask 0.92578125 493 117 690 357 
mask 0.66796875 625 183 960 750 
mask 0.9140625 495 324 960 635 
mask 0.93359375 39 398 582 929 
mask 0.73828125 193 362 760 882 
mask 0.8984375 387 403 930 923 
mask 0.953125 526 192 860 616 
mask 0.82421875 103 240 389 760 
mask 0.859375 221 612 915 960 
mask 0.84765625 472 297 784 829 
mask 0.9453125 561 388 960 825 
