nomask 0.8828125 0.2050805389881134 0.030331164598464966 0.8378580808639526 0.7354360818862915 
mask 0.6015625 0.32691627740859985 0.15407703816890717 0.7323904633522034 0.6362107396125793 
nomask 0.94921875 0.8517708778381348 0.8260655999183655 1.0 1.0 
mask 0.67578125 0.7089178562164307 0.18181383609771729 1.0 0.9871671199798584 
nomask 0.88671875 0.8066335916519165 0.0423218309879303 1.0 0.7947331666946411 
mask 0.60546875 0.059163808822631836 0.8261599540710449 0.7929766178131104 1.0 
nomask 0.859375 0.09046068787574768 0.028315365314483643 0.6322851181030273 0.6191429495811462 
nomask 0.875 0.1735738217830658 0.2535926103591919 0.8201974630355835 0.9435991048812866 
mask 0.9375 0.6279943585395813 0.007206574082374573 1.0 0.4333903193473816 
nomask 0.984375 0.6361004710197449 0.9048106670379639 1.0 1.0 
nomask 0.796875 0.5845338106155396 0.40110111236572266 1.0 0.8558781147003174 
nomask 0.8671875 0.2311410903930664 0.7527806758880615 0.9691281318664551 1.0 
nomask 0.8046875 0.29431337118148804 0.06641362607479095 1.0 0.4769831895828247 
nomask 0.98046875 0.7095381021499634 0.6806963682174683 1.0 1.0 
nomask 0.6328125 0.01588478684425354 0.31732073426246643 0.7275335788726807 0.670164942741394 
nomask 0.953125 0.457176148891449 0.029878705739974976 0.8038793206214905 0.5487474203109741 
nomask 0.984375 0.2063433676958084 0.2675650417804718 0.538357675075531 0.7864338159561157 
mask 0.53125 0.32069993019104004 0.33096641302108765 1.0 1.0 
mask 0.8984375 0.010808169841766357 0.5125018358230591 1.0 1.0 
mask 0.82421875 0.5125018358230591 0.004181504249572754 1.0 1.0 
nomask 0.984375 0.2692124843597412 0.3103175461292267 1.0 0.6708825826644897 
nomask 0.58984375 0.7509610652923584 0.09220689535140991 1.0 0.9202814698219299 
nomask 0.6875 0.04248496890068054 0.39789965748786926 0.5727072954177856 0.9636954069137573 
mask 0.75390625 0.47603702545166016 0.2352989912033081 0.8009419441223145 0.7541677355766296 
nomask 0.703125 0.39789965748786926 0.4260183274745941 0.9636954069137573 0.967842698097229 
nomask 0.5546875 0.09943079948425293 0.18660306930541992 0.4039078950881958 0.7168254256248474 
nomask 0.6015625 0.09570150077342987 0.013719439506530762 0.5363920331001282 0.6106917262077332 
nomask 0.92578125 0.44937554001808167 0.19924984872341156 0.9820849895477295 0.47603029012680054 
nomask 0.9296875 0.31297340989112854 0.31297340989112854 1.0 1.0 
mask 0.72265625 0.6578840017318726 0.03668394684791565 1.0 0.5785083770751953 
nomask 0.98046875 0.385796457529068 0.2528992295265198 0.5999861359596252 0.5558834075927734 
nomask 0.59765625 0.8766635656356812 0.04293122887611389 1.0 0.8092092275619507 
nomask 0.6796875 0.8938673734664917 0.6619113087654114 1.0 1.0 
mask 0.796875 0.6565747857093811 0.013942927122116089 1.0 0.5797386169433594 
nomask 0.984375 0.36276116967201233 0.19096216559410095 0.8619775772094727 0.47998788952827454 
