nomask 0.84375 11 11 407 365 
mask 0.984375 133 62 387 293 
mask 0.9765625 193 34 418 406 
mask 0.984375 47 72 312 314 
mask 0.984375 120 68 566 440 
mask 0.984375 56 323 417 480 
nomask 0.93359375 415 47 640 312 
mask 0.56640625 545 392 640 480 
nomask 0.51953125 397 434 640 480 
mask 0.93359375 65 116 482 342 
mask 0.984375 3 18 180 322 
mask 0.96875 418 63 640 467 
mask 0.83984375 211 158 640 480 
mask 0.98046875 6 246 640 480 
mask 0.9765625 308 30 492 291 
mask 0.96875 269 0 537 152 
mask 0.796875 240 50 560 183 
mask 0.80859375 71 27 289 217 
mask 0.58203125 227 182 470 403 
mask 0.984375 158 315 490 480 
mask 0.515625 256 278 619 480 
mask 0.9140625 2 203 173 463 
mask 0.81640625 179 264 412 446 
mask 0.984375 309 100 504 384 
mask 0.8828125 41 284 323 480 
mask 0.59765625 83 14 249 332 
mask 0.98046875 6 293 76 360 
mask 0.734375 418 144 640 436 
mask 0.734375 218 362 510 480 
mask 0.63671875 514 58 640 480 
mask 0.625 424 363 640 480 
mask 0.86328125 515 296 640 480 
nomask 0.6953125 149 2 435 24 
