mask 0.984375 0.017956435680389404 0.02425512671470642 0.6371843218803406 0.7605550289154053 
mask 0.984375 0.2080620676279068 0.13002653419971466 0.6048538684844971 0.6121602654457092 
mask 0.9765625 0.3016067445278168 0.07144597172737122 0.6544510126113892 0.8474569320678711 
mask 0.984375 0.07466690242290497 0.15095451474189758 0.4890134930610657 0.6544187068939209 
mask 0.984375 0.18890687823295593 0.14210548996925354 0.8843933343887329 0.9170870780944824 
mask 0.984375 0.08764347434043884 0.674403727054596 0.6521942615509033 1.0 
nomask 0.93359375 0.6491455435752869 0.09871631860733032 1.0 0.6511784195899963 
mask 0.56640625 0.8517708778381348 0.8174054026603699 1.0 1.0 
nomask 0.51953125 0.6210848689079285 0.9048106670379639 1.0 1.0 
mask 0.93359375 0.10226261615753174 0.24255113303661346 0.7532256245613098 0.7128081917762756 
mask 0.984375 0.0057000815868377686 0.038318097591400146 0.28248053789138794 0.67174232006073 
mask 0.96875 0.6544971466064453 0.13271036744117737 1.0 0.9736939668655396 
mask 0.83984375 0.33096641302108765 0.33096641302108765 1.0 1.0 
mask 0.98046875 0.010808169841766357 0.5125018358230591 1.0 1.0 
mask 0.9765625 0.1665995717048645 0.004750445485115051 0.9607567191123962 0.5006579160690308 
mask 0.859375 0.29366886615753174 0.06724599003791809 0.6256831288337708 0.5328909158706665 
mask 0.84765625 0.606367826461792 0.00659450888633728 1.0 0.4421038329601288 
mask 0.53125 0.8838831782341003 0.02363443374633789 1.0 0.6995559334754944 
mask 0.79296875 0.5141705274581909 0.12269116193056107 0.7192854881286621 0.37204450368881226 
mask 0.6796875 0.6519028544425964 0.19071650505065918 1.0 0.7815440893173218 
mask 0.60546875 0.5160501599311829 0.3382387161254883 1.0 0.6618181467056274 
nomask 0.9140625 0.040831297636032104 0.41471269726753235 0.6066269874572754 0.968393087387085 
mask 0.984375 0.20147186517715454 0.3776192367076874 0.7922994494438171 0.9194436073303223 
mask 0.984375 0.40327730774879456 0.4206406772136688 0.9690730571746826 0.9624650478363037 
mask 0.9296875 0.5479228496551514 0.20047056674957275 0.8963881731033325 0.6426162123680115 
mask 0.734375 0.10799849033355713 0.25070956349372864 0.40595585107803345 0.7925339937210083 
mask 0.984375 0.23094111680984497 0.6380742788314819 0.9536839127540588 1.0 
mask 0.96484375 0.4919605255126953 0.3103868067264557 0.8168654441833496 0.8640671968460083 
mask 0.8515625 0.5845338106155396 0.4051518440246582 1.0 0.8599288463592529 
