nomask 0.984375 57 22 194 145 
mask 0.515625 71 17 172 107 
mask 0.5390625 203 165 259 194 
mask 0.84765625 45 1 246 95 
mask 0.515625 61 16 133 129 
mask 0.640625 78 46 166 139 
mask 0.59765625 1 17 116 182 
mask 0.75 187 37 259 187 
mask 0.55078125 25 8 159 120 
nomask 0.75 218 3 259 165 
mask 0.625 16 154 203 194 
mask 0.62890625 234 125 259 194 
nomask 0.55859375 118 22 259 194 
mask 0.9765625 49 21 190 73 
mask 0.61328125 104 38 203 128 
nomask 0.5078125 29 37 170 93 
mask 0.765625 31 77 241 169 
mask 0.94140625 145 78 259 166 
mask 0.58984375 67 137 239 194 
mask 0.8984375 194 34 255 171 
mask 0.58984375 181 132 259 194 
mask 0.78515625 0 119 118 194 
mask 0.8125 171 18 259 125 
mask 0.5859375 81 60 259 194 
mask 0.97265625 71 60 259 130 
mask 0.83984375 111 12 206 96 
nomask 0.5859375 116 38 254 92 
mask 0.6875 81 60 259 194 
mask 0.97265625 170 7 259 112 
mask 0.6015625 99 49 155 107 
mask 0.9375 227 8 259 156 
mask 0.625 231 128 259 194 
mask 0.5859375 170 2 259 112 
mask 0.60546875 93 37 223 93 
