nomask 0.95703125 0.22101911902427673 0.11712008714675903 0.7512414455413818 0.7475870251655579 
mask 0.515625 0.2764233946800232 0.0924716591835022 0.6647186875343323 0.5541785955429077 
mask 0.5390625 0.7844611406326294 0.8522942066192627 1.0 1.0 
mask 0.84765625 0.17510217428207397 0.006009161472320557 0.9522541165351868 0.49129778146743774 
mask 0.515625 0.23822052776813507 0.08428099751472473 0.5150009989738464 0.6651691198348999 
mask 0.640625 0.303305983543396 0.2406834065914154 0.6425852179527283 0.7165173292160034 
mask 0.59765625 0.005880415439605713 0.09135040640830994 0.45091935992240906 0.938788652420044 
mask 0.75 0.723645806312561 0.1914823353290558 1.0 0.9664639234542847 
mask 0.55078125 0.09656083583831787 0.04539641737937927 0.6154295802116394 0.623572587966919 
nomask 0.75 0.8431106805801392 0.016939938068389893 1.0 0.852520763874054 
mask 0.625 0.06440657377243042 0.7944116592407227 0.784940242767334 1.0 
mask 0.62890625 0.9048106670379639 0.6491455435752869 1.0 1.0 
nomask 0.55859375 0.4586470127105713 0.11777421832084656 1.0 1.0 
mask 0.9765625 0.19266119599342346 0.10974735021591187 0.7370271682739258 0.38060110807418823 
mask 0.61328125 0.405198335647583 0.19823265075683594 0.7851791381835938 0.6599395871162415 
nomask 0.5078125 0.1156720221042633 0.19529223442077637 0.6600379943847656 0.48431795835494995 
mask 0.765625 0.12145441770553589 0.3991425037384033 0.9329889416694641 0.8740396499633789 
mask 0.94140625 0.5624879598617554 0.4051518440246582 1.0 0.8599288463592529 
mask 0.58984375 0.2600705027580261 0.70930415391922 0.9260910153388977 1.0 
mask 0.8984375 0.7527382373809814 0.17590251564979553 0.9855104684829712 0.8817280530929565 
mask 0.58984375 0.7024843692779541 0.6806963682174683 1.0 1.0 
mask 0.78515625 0.0010113716125488281 0.6185199022293091 0.45578840374946594 1.0 
mask 0.8125 0.6619113087654114 0.09368783235549927 1.0 0.6461499333381653 
mask 0.5859375 0.31297340989112854 0.31297340989112854 1.0 1.0 
mask 0.97265625 0.2771688401699066 0.3134603500366211 1.0 0.6740253567695618 
mask 0.83984375 0.43210452795028687 0.06550121307373047 0.7959864735603333 0.49817919731140137 
nomask 0.5859375 0.44937554001808167 0.19924984872341156 0.9820849895477295 0.47603029012680054 
mask 0.6875 0.31297340989112854 0.31297340989112854 1.0 1.0 
mask 0.97265625 0.6578840017318726 0.03668394684791565 1.0 0.5785083770751953 
mask 0.6015625 0.385796457529068 0.2528992295265198 0.5999861359596252 0.5558834075927734 
mask 0.9375 0.8766635656356812 0.04293122887611389 1.0 0.8092092275619507 
mask 0.625 0.8938673734664917 0.6619113087654114 1.0 1.0 
mask 0.5859375 0.6565747857093811 0.013942927122116089 1.0 0.5797386169433594 
mask 0.60546875 0.36276116967201233 0.19096216559410095 0.8619775772094727 0.47998788952827454 
