nomask 0.984375 51 31 165 172 
mask 0.75390625 39 20 207 223 
mask 0.953125 188 10 237 200 
nomask 0.5078125 183 213 237 252 
mask 0.72265625 44 21 136 133 
mask 0.69140625 77 2 220 165 
mask 0.765625 214 163 237 252 
mask 0.87890625 56 48 116 204 
mask 0.7265625 20 166 154 252 
nomask 0.50390625 69 21 177 109 
nomask 0.51171875 30 116 237 252 
mask 0.8203125 121 2 237 252 
mask 0.6171875 74 78 237 252 
mask 0.9453125 94 5 160 148 
nomask 0.66015625 91 52 197 189 
mask 0.87109375 63 77 237 168 
mask 0.92578125 16 89 122 246 
mask 0.8671875 53 90 181 236 
mask 0.90234375 61 69 182 149 
mask 0.828125 26 27 157 94 
mask 0.625 22 166 153 252 
mask 0.52734375 30 116 237 252 
mask 0.8203125 74 78 237 252 
mask 0.9453125 69 0 109 12 
mask 0.5703125 101 147 198 239 
mask 0.8046875 163 84 237 227 
mask 0.6875 66 177 217 252 
mask 0.5078125 174 178 237 252 
mask 0.8671875 207 10 237 203 
nomask 0.6875 211 166 237 252 
mask 0.91015625 155 3 237 146 
mask 0.56640625 85 48 204 120 
