nomask 0.796875 38 5 294 400 
nomask 0.50390625 59 3 308 204 
nomask 0.984375 16 361 250 433 
nomask 0.9375 30 1 174 315 
nomask 0.984375 236 70 320 397 
mask 0.8046875 289 274 320 433 
mask 0.59765625 233 50 320 379 
mask 0.53125 79 143 226 407 
mask 0.8203125 132 30 214 282 
nomask 0.984375 56 3 304 208 
nomask 0.984375 198 396 320 433 
nomask 0.90625 126 120 234 345 
nomask 0.875 85 62 196 249 
nomask 0.984375 188 2 320 195 
nomask 0.984375 2 275 141 433 
nomask 0.9765625 229 301 320 433 
mask 0.88671875 174 175 320 372 
mask 0.734375 269 7 320 369 
nomask 0.703125 207 45 320 279 
mask 0.6015625 22 357 267 433 
nomask 0.9296875 277 58 320 344 
mask 0.76171875 88 120 194 335 
nomask 0.953125 179 175 320 372 
mask 0.75 83 307 296 433 
nomask 0.9296875 240 76 315 381 
mask 0.72265625 224 294 320 433 
mask 0.69921875 0 267 145 433 
nomask 0.9609375 211 40 320 279 
mask 0.70703125 100 135 320 433 
mask 0.9765625 88 135 320 291 
mask 0.76171875 138 28 254 215 
nomask 0.984375 143 86 314 206 
nomask 0.984375 100 135 320 433 
mask 0.9765625 210 15 320 250 
nomask 0.9453125 123 109 191 240 
nomask 0.984375 280 18 320 350 
mask 0.77734375 286 286 320 433 
mask 0.703125 210 6 320 251 
nomask 0.953125 116 82 275 207 
