nomask 0.73046875 0.059829115867614746 0.05310046672821045 0.7649340033531189 0.8692989349365234 
mask 0.953125 0.1498258262872696 0.17062035202980042 0.6378966569900513 0.7509665489196777 
nomask 0.796875 0.06025153398513794 0.8260655999183655 0.8265295028686523 1.0 
nomask 0.94140625 0.8470816612243652 0.8208556175231934 1.0 1.0 
nomask 0.578125 0.3883461654186249 0.07153326272964478 0.9440556764602661 0.9099462032318115 
mask 0.75 0.17953869700431824 0.011947184801101685 0.9017232656478882 0.5567362308502197 
nomask 0.984375 0.020452454686164856 0.5226779580116272 0.5192030072212219 1.0 
nomask 0.703125 0.8066335916519165 0.04846775531768799 1.0 0.8008790612220764 
mask 0.63671875 0.6491455435752869 0.9048106670379639 1.0 1.0 
nomask 0.70703125 0.35951846837997437 0.24037757515907288 0.6844233870506287 0.7705999612808228 
nomask 0.94921875 0.6036900877952576 0.005880415439605713 1.0 0.45091935992240906 
nomask 0.94140625 0.7096139192581177 0.16889575123786926 1.0 0.9608350992202759 
nomask 0.9375 0.24454094469547272 0.07585281133651733 0.6588875651359558 0.517998456954956 
nomask 0.984375 0.002575397491455078 0.445261150598526 0.25096461176872253 1.0 
nomask 0.83203125 0.2672012150287628 0.7306986451148987 0.9189603328704834 1.0 
nomask 0.984375 0.7095381021499634 0.6806963682174683 1.0 1.0 
nomask 0.69921875 0.2622305154800415 0.5552999377250671 0.6261125206947327 0.9191818833351135 
nomask 0.9609375 0.5624879598617554 0.40422695875167847 1.0 0.8689551949501038 
nomask 0.95703125 0.24758592247962952 0.301594614982605 0.7077734470367432 0.938618540763855 
nomask 0.72265625 0.07144597172737122 0.5328378677368164 0.8474569320678711 0.9175935983657837 
nomask 0.8828125 0.10591496527194977 0.19783511757850647 0.4451942443847656 0.7055933475494385 
mask 0.83984375 0.11115401983261108 0.6964278221130371 0.8365229368209839 1.0 
nomask 0.9765625 0.2850998342037201 0.594208836555481 0.7163538932800293 1.0 
nomask 0.9765625 0.12654703855514526 0.2991393804550171 0.8859413266181946 0.7009174823760986 
nomask 0.93359375 0.29588595032691956 0.0802377462387085 1.0 0.48201584815979004 
nomask 0.97265625 0.2979981303215027 0.25143876671791077 0.637277364730835 0.727272629737854 
nomask 0.9453125 0.2942745089530945 0.0005302652716636658 0.46056610345840454 0.05109421908855438 
mask 0.59765625 0.43016523122787476 0.5854707956314087 0.8356394171714783 0.9493527412414551 
nomask 0.94921875 0.6907345056533813 0.33552342653274536 1.0 0.9044148325920105 
nomask 0.953125 0.2812331020832062 0.7024832367897034 0.9190361499786377 1.0 
nomask 0.91796875 0.737156867980957 0.7095370888710022 1.0 1.0 
nomask 0.6484375 0.8766635656356812 0.04293122887611389 1.0 0.8092092275619507 
nomask 0.78125 0.8938673734664917 0.6619113087654114 1.0 1.0 
nomask 0.58984375 0.6565747857093811 0.013942927122116089 1.0 0.5797386169433594 
nomask 0.7734375 0.36276116967201233 0.19096216559410095 0.8619775772094727 0.47998788952827454 
