nomask 0.984375 0.13175776600837708 0.0021189451217651367 0.9135599136352539 0.8923444747924805 
mask 0.984375 0.23670214414596558 0.09006935358047485 0.7575182914733887 0.6704155206680298 
mask 0.9765625 0.06771969795227051 0.021851301193237305 0.6335154175758362 0.6256070137023926 
mask 0.96875 0.06702035665512085 0.8174054026603699 0.7851200699806213 1.0 
nomask 0.7109375 0.48308154940605164 0.07191097736358643 0.9504740238189697 0.6522571444511414 
mask 0.88671875 0.23085710406303406 0.6385093927383423 0.9381238222122192 1.0 
mask 0.9765625 0.46792253851890564 0.3182326555252075 0.9182560443878174 0.9834396839141846 
mask 0.984375 0.45075148344039917 0.2708669602870941 0.8225957751274109 0.7130125761032104 
mask 0.984375 0.6538659930229187 0.42009034752845764 1.0 0.9737707376480103 
mask 0.984375 0.7411799430847168 0.22624912858009338 0.996200442314148 1.0 
mask 0.97265625 0.11983436346054077 0.3239443302154541 0.6406505107879639 0.8797026872634888 
mask 0.984375 0.8813073635101318 0.022804290056228638 1.0 0.7135159969329834 
mask 0.6015625 0.19785964488983154 0.1592913568019867 0.55214923620224 0.7011157274246216 
mask 0.984375 0.8743046522140503 0.2209738790988922 0.9882544279098511 0.9906349182128906 
mask 0.875 0.6907345056533813 0.32560616731643677 1.0 0.8944975733757019 
mask 0.9765625 0.005062088370323181 0.6279943585395813 0.4598391056060791 1.0 
mask 0.9609375 0.7234206199645996 0.6951964497566223 1.0 1.0 
mask 0.76953125 0.2412361055612564 0.000919826328754425 0.507318913936615 0.07836127281188965 
nomask 0.87890625 0.17440009117126465 0.0007381290197372437 0.7552882432937622 0.2657921314239502 
nomask 0.80078125 0.5857008099555969 0.20026761293411255 0.8901779055595398 0.7784438133239746 
mask 0.96484375 0.8381220102310181 0.0423218309879303 1.0 0.7947331666946411 
mask 0.55078125 0.8092923164367676 0.11853528022766113 1.0 0.9845167398452759 
mask 0.8671875 0.8513148427009583 0.8261599540710449 1.0 1.0 
mask 0.6484375 0.6491455435752869 0.9048106670379639 1.0 1.0 
nomask 0.70703125 0.6519028544425964 0.03007596731185913 1.0 0.5958716869354248 
mask 0.8125 0.665897786617279 0.19318123161792755 0.9924539923667908 0.664991021156311 
mask 0.74609375 0.12654703855514526 0.2991393804550171 0.8859413266181946 0.7009174823760986 
mask 0.984375 0.29588595032691956 0.0802377462387085 1.0 0.48201584815979004 
nomask 0.890625 0.2979981303215027 0.25143876671791077 0.637277364730835 0.727272629737854 
mask 0.9765625 0.2942745089530945 0.0005302652716636658 0.46056610345840454 0.05109421908855438 
nomask 0.9140625 0.43016523122787476 0.5854707956314087 0.8356394171714783 0.9493527412414551 
mask 0.8984375 0.6907345056533813 0.33552342653274536 1.0 0.9044148325920105 
mask 0.96484375 0.2812331020832062 0.7024832367897034 0.9190361499786377 1.0 
mask 0.80078125 0.737156867980957 0.7095370888710022 1.0 1.0 
mask 0.83984375 0.8766635656356812 0.04293122887611389 1.0 0.8092092275619507 
mask 0.8125 0.8938673734664917 0.6619113087654114 1.0 1.0 
mask 0.671875 0.6565747857093811 0.013942927122116089 1.0 0.5797386169433594 
mask 0.640625 0.36276116967201233 0.19096216559410095 0.8619775772094727 0.47998788952827454 
