mask 0.7265625 0.18890687823295593 0.08263924717903137 0.8843933343887329 0.8919073343276978 
mask 0.95703125 0.3759464621543884 0.12352043390274048 0.8640173077583313 0.6914396286010742 
mask 0.90625 0.8661545515060425 0.7821896076202393 1.0 1.0 
nomask 0.50390625 0.15190769731998444 0.20255222916603088 0.5994980335235596 0.8218345642089844 
mask 0.97265625 0.08319762349128723 0.34682685136795044 0.5335311889648438 0.9702102541923523 
mask 0.984375 0.2774174213409424 0.594208836555481 0.708671510219574 1.0 
mask 0.9609375 0.007206574082374573 0.10042351484298706 0.4333903193473816 0.9297155737876892 
mask 0.94921875 0.09954269230365753 0.03023529052734375 0.5402332544326782 0.6402702331542969 
mask 0.890625 0.14106124639511108 0.09503450989723206 0.8527100682258606 0.4797903001308441 
nomask 0.953125 0.8748881816864014 0.025887399911880493 1.0 0.8089326620101929 
mask 0.8359375 0.05050364136695862 0.8174997568130493 0.7843164205551147 1.0 
mask 0.8125 0.8513148427009583 0.007798045873641968 1.0 0.8616626262664795 
mask 0.8046875 0.21889179944992065 0.6213438510894775 0.6845366954803467 0.9129210710525513 
mask 0.9765625 0.08764347434043884 0.674403727054596 0.6521942615509033 1.0 
mask 0.59375 0.20945042371749878 0.12284618616104126 0.5048004388809204 0.6791236400604248 
mask 0.90234375 0.4586470127105713 0.11777421832084656 1.0 1.0 
mask 0.98046875 0.12234413623809814 0.07269920408725739 0.8339929580688477 0.4832687973976135 
nomask 0.94921875 0.006490141153335571 0.2548569142818451 0.2797349691390991 0.8206526041030884 
mask 0.6328125 0.15073764324188232 0.2252413034439087 0.40456199645996094 0.8061294555664062 
mask 0.9765625 0.14163950085639954 0.4873866140842438 0.8214021921157837 0.9679336547851562 
mask 0.85546875 0.09524047374725342 0.20295530557632446 0.6279498934745789 0.4983053207397461 
nomask 0.59375 0.6491455435752869 0.09871631860733032 1.0 0.6511784195899963 
mask 0.89453125 0.6361004710197449 0.9048106670379639 1.0 1.0 
nomask 0.83984375 0.1130901575088501 0.290683388710022 0.6232300996780396 0.6127451062202454 
mask 0.9453125 0.6700571775436401 0.11568734049797058 1.0 0.9750728607177734 
mask 0.984375 0.8092923164367676 0.11853528022766113 1.0 0.9845167398452759 
mask 0.9296875 0.8513148427009583 0.8261599540710449 1.0 1.0 
mask 0.57421875 0.6491455435752869 0.9048106670379639 1.0 1.0 
nomask 0.8515625 0.6519028544425964 0.03007596731185913 1.0 0.5958716869354248 
nomask 0.546875 0.665897786617279 0.19318123161792755 0.9924539923667908 0.664991021156311 
mask 0.9453125 0.12654703855514526 0.2991393804550171 0.8859413266181946 0.7009174823760986 
mask 0.984375 0.29588595032691956 0.0802377462387085 1.0 0.48201584815979004 
nomask 0.9765625 0.2979981303215027 0.25143876671791077 0.637277364730835 0.727272629737854 
mask 0.9453125 0.2942745089530945 0.0005302652716636658 0.46056610345840454 0.05109421908855438 
nomask 0.62890625 0.43016523122787476 0.5854707956314087 0.8356394171714783 0.9493527412414551 
mask 0.984375 0.6907345056533813 0.33552342653274536 1.0 0.9044148325920105 
mask 0.984375 0.2812331020832062 0.7024832367897034 0.9190361499786377 1.0 
mask 0.78515625 0.737156867980957 0.7095370888710022 1.0 1.0 
nomask 0.69140625 0.8766635656356812 0.04293122887611389 1.0 0.8092092275619507 
mask 0.6875 0.8938673734664917 0.6619113087654114 1.0 1.0 
mask 0.65234375 0.6565747857093811 0.013942927122116089 1.0 0.5797386169433594 
mask 0.72265625 0.36276116967201233 0.19096216559410095 0.8619775772094727 0.47998788952827454 
