mask 0.984375 132 9 353 266 
mask 0.92578125 176 37 474 385 
mask 0.88671875 4 34 225 291 
mask 0.984375 74 65 300 321 
mask 0.984375 228 5 469 251 
mask 0.953125 124 18 249 311 
mask 0.98046875 66 153 432 323 
mask 0.89453125 173 94 430 234 
mask 0.8828125 241 18 377 305 
mask 0.97265625 411 8 493 429 
nomask 0.95703125 32 89 189 334 
mask 0.88671875 21 411 398 493 
nomask 0.66015625 57 95 344 231 
nomask 0.78125 387 417 493 493 
nomask 0.95703125 443 320 493 493 
nomask 0.87109375 69 230 493 493 
mask 0.6640625 154 154 493 493 
mask 0.58984375 320 48 493 321 
mask 0.87109375 294 197 493 421 
nomask 0.51953125 320 446 493 493 
nomask 0.87890625 339 40 493 319 
mask 0.6171875 320 446 493 493 
nomask 0.87890625 434 18 493 344 
mask 0.55859375 36 88 292 379 
mask 0.97265625 107 267 251 491 
nomask 0.95703125 320 446 493 493 
nomask 0.87890625 168 190 276 330 
nomask 0.984375 163 163 493 493 
mask 0.6953125 252 5 493 493 
mask 0.97265625 254 166 493 326 
mask 0.921875 20 204 299 477 
mask 0.9453125 99 186 390 453 
mask 0.88671875 198 207 477 474 
mask 0.60546875 270 98 441 316 
mask 0.984375 53 123 200 390 
mask 0.66796875 113 314 470 493 
nomask 0.59375 242 153 402 425 
mask 0.6328125 288 199 493 423 
