nomask 0.984375 24 0 303 411 
nomask 0.9375 18 357 248 433 
nomask 0.97265625 287 8 320 369 
mask 0.8359375 163 188 268 353 
mask 0.58203125 20 62 162 278 
nomask 0.984375 92 109 225 311 
nomask 0.98046875 63 146 133 256 
nomask 0.88671875 28 292 208 433 
nomask 0.87890625 72 61 167 324 
nomask 0.984375 109 104 224 310 
nomask 0.92578125 86 83 256 216 
nomask 0.984375 126 18 285 385 
nomask 0.96484375 203 118 320 392 
mask 0.9375 73 272 300 433 
nomask 0.5234375 219 279 320 433 
mask 0.953125 211 42 320 281 
mask 0.91015625 102 142 320 433 
mask 0.97265625 3 221 320 433 
mask 0.9765625 61 47 239 164 
nomask 0.984375 4 134 227 290 
mask 0.8046875 88 135 315 291 
mask 0.71875 72 141 245 397 
mask 0.86328125 33 19 129 216 
nomask 0.98046875 24 77 190 333 
mask 0.84765625 69 234 163 432 
nomask 0.86328125 207 391 320 433 
nomask 0.90625 109 167 179 290 
mask 0.64453125 105 143 320 433 
mask 0.97265625 164 4 320 433 
mask 0.78125 165 146 320 286 
nomask 0.72265625 13 179 194 419 
nomask 0.7734375 64 163 253 398 
mask 0.9375 129 182 310 416 
mask 0.9609375 175 86 286 278 
nomask 0.984375 34 108 129 343 
mask 0.7421875 73 276 305 433 
nomask 0.55859375 157 134 261 374 
mask 0.921875 187 175 320 372 
