mask 0.75 72 64 242 275 
mask 0.9140625 41 14 283 334 
mask 0.96484375 135 2 377 278 
mask 0.96484375 7 126 274 290 
mask 0.984375 103 57 341 379 
mask 0.984375 337 3 400 375 
mask 0.8671875 309 368 400 436 
nomask 0.5625 29 22 212 240 
mask 0.7265625 259 43 400 283 
mask 0.65625 361 283 400 436 
mask 0.7734375 56 42 162 284 
mask 0.97265625 41 47 258 168 
mask 0.5625 101 130 305 250 
mask 0.92578125 108 136 400 290 
mask 0.984375 213 36 374 397 
mask 0.984375 192 81 309 288 
mask 0.80859375 86 166 302 413 
mask 0.984375 155 61 266 303 
mask 0.96484375 127 98 262 436 
mask 0.984375 237 2 400 192 
mask 0.7421875 89 83 195 337 
mask 0.9765625 101 85 305 211 
nomask 0.6953125 37 288 258 436 
mask 0.65234375 52 200 400 436 
mask 0.984375 125 136 400 436 
mask 0.98046875 117 0 184 22 
nomask 0.578125 172 255 334 413 
mask 0.82421875 276 146 400 394 
mask 0.94140625 112 306 367 436 
mask 0.78515625 294 309 400 436 
mask 0.67578125 350 18 400 352 
mask 0.8671875 357 288 400 436 
mask 0.76171875 262 6 400 252 
mask 0.54296875 145 83 344 209 
