mask 0.90625 0.04842507839202881 0.0018076002597808838 0.9780358076095581 0.9115126132965088 
mask 0.984375 0.8645861148834229 0.001276552677154541 1.0 0.8722348809242249 
nomask 0.60546875 0.05527260899543762 0.8208556175231934 0.8203340768814087 1.0 
nomask 0.82421875 0.19930925965309143 0.6302522420883179 0.954027533531189 1.0 
mask 0.984375 0.7442107200622559 0.1997796595096588 1.0 0.9581665992736816 
mask 0.9765625 0.8517708778381348 0.8174054026603699 1.0 1.0 
nomask 0.78515625 0.4586470127105713 0.12772062420845032 1.0 1.0 
mask 0.984375 0.7301030158996582 0.6951964497566223 1.0 1.0 
nomask 0.5546875 0.6615701913833618 0.00659450888633728 1.0 0.4421038329601288 
nomask 0.8515625 0.6491455435752869 0.9048106670379639 1.0 1.0 
nomask 0.640625 0.5966860055923462 0.40110111236572266 1.0 0.8558781147003174 
mask 0.984375 0.22583721578121185 0.06874027848243713 0.7139080166816711 0.6009526252746582 
mask 0.90234375 0.09937900304794312 0.40422695875167847 1.0 0.8689551949501038 
mask 0.9765625 0.353925496339798 0.0050682127475738525 0.9102029800415039 0.2701222002506256 
mask 0.609375 0.5845338106155396 0.40597015619277954 1.0 0.8510090708732605 
mask 0.984375 0.031243443489074707 0.02288997173309326 0.6546268463134766 0.5246972441673279 
mask 0.5546875 0.18487437069416046 0.09985567629337311 0.56485515832901 0.5819894075393677 
mask 0.9453125 0.22306695580482483 0.7527806758880615 0.977202296257019 1.0 
nomask 0.703125 0.7095381021499634 0.6881425976753235 1.0 1.0 
nomask 0.60546875 0.32942816615104675 0.32942816615104675 1.0 1.0 
mask 0.98046875 0.11270040273666382 0.14798569679260254 0.4171774983406067 0.7016660571098328 
mask 0.9765625 0.10534459352493286 0.04534299671649933 0.4033019542694092 0.5010170936584473 
mask 0.71875 0.07505014538764954 0.1799611747264862 0.5939189195632935 0.7707887887954712 
mask 0.984375 0.21860015392303467 0.5422286987304688 0.5101773738861084 0.9979027509689331 
mask 0.9765625 0.6491455435752869 0.9048106670379639 1.0 1.0 
nomask 0.640625 0.3410474359989166 0.38687649369239807 0.5599238872528076 0.6708111763000488 
mask 0.84765625 0.33096641302108765 0.33096641302108765 1.0 1.0 
mask 0.98046875 0.5125018358230591 0.010808169841766357 1.0 1.0 
mask 0.984375 0.5160501599311829 0.3382387161254883 1.0 0.6618181467056274 
mask 0.98046875 0.040831297636032104 0.41471269726753235 0.6066269874572754 0.968393087387085 
mask 0.984375 0.20147186517715454 0.3776192367076874 0.7922994494438171 0.9194436073303223 
mask 0.984375 0.40327730774879456 0.4206406772136688 0.9690730571746826 0.9624650478363037 
mask 0.984375 0.5479228496551514 0.20047056674957275 0.8963881731033325 0.6426162123680115 
mask 0.96484375 0.10799849033355713 0.25070956349372864 0.40595585107803345 0.7925339937210083 
mask 0.98046875 0.23094111680984497 0.6380742788314819 0.9536839127540588 1.0 
mask 0.984375 0.4919605255126953 0.3103868067264557 0.8168654441833496 0.8640671968460083 
mask 0.98046875 0.5845338106155396 0.4051518440246582 1.0 0.8599288463592529 
