mask 0.953125 202 100 675 550 
mask 0.984375 285 149 614 465 
mask 0.92578125 159 38 656 372 
mask 0.78125 337 54 712 451 
mask 0.80859375 47 531 632 650 
mask 0.8828125 678 531 797 650 
nomask 0.59765625 119 343 687 582 
mask 0.984375 365 76 797 650 
mask 0.98046875 250 92 520 402 
nomask 0.69140625 176 424 598 650 
mask 0.984375 353 240 655 528 
mask 0.984375 2 59 349 610 
mask 0.703125 598 140 797 612 
nomask 0.8046875 475 263 797 553 
mask 0.984375 224 447 732 650 
mask 0.984375 63 128 486 503 
mask 0.953125 537 56 797 423 
nomask 0.546875 570 447 797 650 
nomask 0.984375 517 588 797 650 
mask 0.55859375 234 247 551 541 
mask 0.984375 201 437 743 650 
mask 0.984375 565 437 797 650 
nomask 0.97265625 246 41 789 307 
mask 0.875 517 588 797 650 
mask 0.55859375 549 53 797 420 
mask 0.54296875 517 588 797 650 
mask 0.55859375 702 24 797 454 
mask 0.62890625 59 116 473 501 
mask 0.95703125 174 352 406 648 
mask 0.984375 517 588 797 650 
mask 0.55859375 271 251 446 436 
mask 0.91796875 263 215 797 650 
mask 0.984375 408 7 797 650 
mask 0.953125 411 219 797 430 
mask 0.87109375 32 269 483 629 
mask 0.984375 160 245 631 597 
mask 0.984375 321 273 772 625 
mask 0.984375 436 130 714 417 
mask 0.82421875 86 162 323 515 
nomask 0.55859375 184 414 760 650 
mask 0.984375 392 201 651 561 
mask 0.984375 465 263 797 558 
