nomask 0.92578125 39 7 175 163 
nomask 0.65625 68 29 161 137 
mask 0.74609375 45 10 125 122 
nomask 0.85546875 18 151 145 225 
mask 0.6171875 91 26 204 179 
mask 0.94921875 167 39 225 216 
mask 0.94921875 2 20 100 211 
nomask 0.66796875 181 10 225 180 
mask 0.734375 176 191 225 225 
nomask 0.54296875 202 146 225 225 
mask 0.640625 58 70 225 150 
mask 0.76171875 46 55 122 167 
mask 0.6328125 48 78 175 205 
mask 0.9765625 74 50 148 225 
mask 0.984375 89 84 216 214 
mask 0.95703125 39 88 175 150 
mask 0.75390625 0 74 61 204 
mask 0.859375 6 88 131 215 
mask 0.67578125 26 56 91 178 
mask 0.88671875 40 21 168 88 
mask 0.95703125 71 0 175 68 
mask 0.8203125 135 63 199 202 
mask 0.85546875 59 119 147 210 
mask 0.84765625 55 159 208 225 
mask 0.61328125 131 90 225 195 
mask 0.640625 158 154 225 225 
mask 0.79296875 110 8 172 148 
nomask 0.71875 72 4 213 120 
nomask 0.73828125 32 103 225 225 
mask 0.890625 115 0 225 225 
mask 0.61328125 37 115 177 171 
mask 0.6015625 100 90 185 189 
mask 0.74609375 136 73 201 200 
mask 0.8671875 38 83 129 184 
