mask 0.984375 0.21902993321418762 0.025143206119537354 0.7993251085281372 0.685916006565094 
mask 0.984375 0.07432767748832703 0.15198639035224915 0.6161520481109619 0.755742073059082 
mask 0.984375 0.4161264896392822 0.11006906628608704 0.8044217824935913 0.5717760324478149 
mask 0.9453125 0.059795498847961426 0.8261599540710449 0.8096652030944824 1.0 
mask 0.5390625 0.6361004710197449 0.9048106670379639 1.0 1.0 
nomask 0.765625 0.8385281562805176 0.8117282390594482 1.0 1.0 
mask 0.63671875 0.8066335916519165 0.04846775531768799 1.0 0.8008790612220764 
mask 0.7265625 0.15803903341293335 0.30403196811676025 0.8544493317604065 0.6645969748497009 
mask 0.984375 0.7165919542312622 0.2138873040676117 1.0 0.9722741842269897 
mask 0.8515625 0.2850874960422516 0.04619014263153076 0.6714193820953369 0.5324360132217407 
mask 0.9609375 0.4586470127105713 0.12772062420845032 1.0 1.0 
mask 0.984375 0.22474315762519836 0.3985796272754669 0.7905389070510864 0.9522600173950195 
mask 0.984375 0.18339785933494568 0.17752665281295776 0.9375331401824951 0.8839007019996643 
mask 0.984375 0.5942156314849854 0.4001762270927429 1.0 0.8649044632911682 
mask 0.94921875 0.25278371572494507 0.6730872392654419 0.9333778023719788 1.0 
mask 0.78515625 0.7095381021499634 0.673642635345459 1.0 1.0 
nomask 0.74609375 0.3093887269496918 0.06327082216739655 0.9908868074417114 0.4738404154777527 
mask 0.97265625 0.6491455435752869 0.9048106670379639 1.0 1.0 
nomask 0.74609375 0.6894193291664124 0.08261498808860779 1.0 0.6471657752990723 
mask 0.75 0.6491455435752869 0.9048106670379639 1.0 1.0 
nomask 0.74609375 0.8813073635101318 0.03743612766265869 1.0 0.698884129524231 
mask 0.71484375 0.07505014538764954 0.1799611747264862 0.5939189195632935 0.7707887887954712 
mask 0.984375 0.21860015392303467 0.5422286987304688 0.5101773738861084 0.9979027509689331 
mask 0.96484375 0.6491455435752869 0.9048106670379639 1.0 1.0 
nomask 0.74609375 0.3410474359989166 0.38687649369239807 0.5599238872528076 0.6708111763000488 
mask 0.90625 0.33096641302108765 0.33096641302108765 1.0 1.0 
mask 0.984375 0.5125018358230591 0.010808169841766357 1.0 1.0 
mask 0.984375 0.5160501599311829 0.3382387161254883 1.0 0.6618181467056274 
mask 0.92578125 0.040831297636032104 0.41471269726753235 0.6066269874572754 0.968393087387085 
mask 0.98046875 0.20147186517715454 0.3776192367076874 0.7922994494438171 0.9194436073303223 
mask 0.984375 0.40327730774879456 0.4206406772136688 0.9690730571746826 0.9624650478363037 
mask 0.984375 0.5479228496551514 0.20047056674957275 0.8963881731033325 0.6426162123680115 
mask 0.85546875 0.10799849033355713 0.25070956349372864 0.40595585107803345 0.7925339937210083 
mask 0.81640625 0.23094111680984497 0.6380742788314819 0.9536839127540588 1.0 
mask 0.82421875 0.4919605255126953 0.3103868067264557 0.8168654441833496 0.8640671968460083 
mask 0.984375 0.5845338106155396 0.4051518440246582 1.0 0.8599288463592529 
