mask 0.58203125 12 12 279 418 
mask 0.984375 74 101 220 329 
mask 0.83984375 87 179 203 345 
mask 0.875 11 93 149 352 
mask 0.98046875 11 24 192 294 
mask 0.8359375 97 92 194 275 
nomask 0.56640625 18 162 184 415 
mask 0.9765625 56 76 170 253 
nomask 0.9140625 137 164 211 291 
mask 0.87890625 79 135 160 389 
mask 0.9453125 236 71 320 408 
mask 0.88671875 92 91 258 207 
nomask 0.73828125 83 288 296 428 
mask 0.97265625 190 344 320 428 
mask 0.828125 257 260 320 428 
mask 0.69921875 131 63 214 296 
mask 0.875 254 18 320 334 
nomask 0.80859375 5 358 289 428 
mask 0.9296875 272 349 320 428 
mask 0.58984375 157 74 242 328 
mask 0.93359375 64 231 161 422 
mask 0.92578125 203 387 320 428 
nomask 0.6875 99 217 192 404 
mask 0.953125 41 197 320 428 
mask 0.9765625 26 123 130 341 
mask 0.984375 100 133 320 428 
mask 0.984375 84 269 258 367 
mask 0.9609375 43 166 213 295 
mask 0.88671875 28 288 208 428 
mask 0.953125 3 215 143 428 
mask 0.9765625 147 52 320 428 
mask 0.984375 30 85 121 249 
mask 0.95703125 199 175 236 232 
nomask 0.81640625 175 121 235 225 
mask 0.76171875 186 156 219 213 
nomask 0.875 184 60 281 255 
mask 0.734375 207 387 320 428 
nomask 0.69921875 141 131 312 245 
mask 0.515625 107 83 297 204 
mask 0.85546875 41 197 320 428 
mask 0.9765625 142 68 269 265 
nomask 0.9296875 198 27 277 310 
mask 0.984375 212 323 320 428 
mask 0.83203125 257 264 320 428 
mask 0.7421875 74 2 217 22 
