nomask 0.640625 59 31 180 205 
mask 0.9765625 84 51 169 172 
mask 0.984375 174 205 205 251 
nomask 0.6796875 143 168 205 251 
nomask 0.82421875 169 2 205 212 
mask 0.9140625 151 52 205 238 
mask 0.953125 50 78 151 223 
mask 0.984375 57 170 188 251 
nomask 0.8515625 44 15 169 141 
mask 0.89453125 61 38 142 154 
nomask 0.71484375 13 198 158 251 
nomask 0.5 88 77 187 237 
mask 0.984375 152 68 205 251 
mask 0.96484375 32 173 171 251 
nomask 0.5703125 85 22 181 109 
mask 0.58984375 57 143 133 247 
mask 0.96875 13 6 115 145 
nomask 0.9296875 121 101 205 213 
mask 0.9765625 121 21 177 170 
mask 0.94140625 37 157 166 220 
mask 0.96484375 67 82 205 251 
mask 0.984375 105 2 205 251 
mask 0.984375 68 48 123 207 
mask 0.9609375 129 55 205 194 
mask 0.984375 107 82 205 165 
mask 0.984375 130 227 205 251 
nomask 0.92578125 0 128 205 251 
mask 0.98046875 95 50 202 120 
mask 0.9140625 56 78 205 169 
mask 0.984375 88 16 163 125 
nomask 0.53125 92 50 201 119 
mask 0.87109375 64 78 205 251 
mask 0.984375 134 9 205 145 
mask 0.859375 79 63 122 139 
mask 0.78125 179 10 205 203 
mask 0.95703125 183 166 205 251 
nomask 0.66796875 134 3 205 145 
mask 0.89453125 74 47 176 120 
