nomask 0.7890625 0.238429456949234 0.06448271870613098 0.9305515289306641 0.8698359727859497 
mask 0.98046875 0.2634139657020569 0.15413585305213928 0.7308064699172974 0.7220550775527954 
mask 0.94921875 0.43914055824279785 0.22203266620635986 0.8191213607788086 0.6738530993461609 
nomask 0.60546875 0.8385281562805176 0.8208556175231934 1.0 1.0 
mask 0.88671875 0.5403390526771545 0.2972664535045624 0.8964292407035828 0.7394120693206787 
mask 0.7890625 0.21521809697151184 0.6572805047035217 0.7570425271987915 1.0 
mask 0.984375 0.08351758122444153 0.6919777393341064 0.604333758354187 1.0 
mask 0.984375 0.1481320559978485 0.7617254853248596 0.781556248664856 0.9895133376121521 
mask 0.984375 0.1346774697303772 0.5369572043418884 0.8778108954429626 0.9134742617607117 
mask 0.984375 0.2194346785545349 0.1870797574520111 0.5305742025375366 0.6948380470275879 
mask 0.94921875 0.7712570428848267 0.21584510803222656 1.0 0.9421011209487915 
mask 0.98046875 0.17510217428207397 0.0019584447145462036 0.9522541165351868 0.4872470498085022 
nomask 0.64453125 0.2311410903930664 0.7314051985740662 0.9691281318664551 1.0 
mask 0.9765625 0.2759464979171753 0.06347271800041199 0.672738254070282 0.5152931213378906 
nomask 0.74609375 0.7234206199645996 0.7022503018379211 1.0 1.0 
mask 0.93359375 0.8585396409034729 0.025887399911880493 1.0 0.8089326620101929 
mask 0.82421875 0.05050364136695862 0.8260668516159058 0.7843164205551147 1.0 
mask 0.78515625 0.6491455435752869 0.9048106670379639 1.0 1.0 
nomask 0.67578125 0.35059112310409546 0.1547544002532959 0.7388864159584045 0.5874323844909668 
mask 0.59765625 0.052816957235336304 0.015245765447616577 0.5946413278579712 0.6322125196456909 
mask 0.9609375 0.5254086852073669 0.083439901471138 1.0 0.45995694398880005 
mask 0.84765625 0.35740894079208374 0.3412759304046631 0.961164653301239 0.9450316429138184 
mask 0.984375 0.6078808307647705 0.48220154643058777 1.0 0.9423890113830566 
mask 0.984375 0.14433321356773376 0.5967273116111755 0.8494380712509155 1.0 
mask 0.984375 0.6458194255828857 0.632341742515564 1.0 1.0 
mask 0.984375 0.4889858663082123 0.6078808307647705 0.9202399253845215 1.0 
mask 0.984375 0.7449671030044556 0.47048550844192505 1.0 1.0 
mask 0.9375 0.43016523122787476 0.5854707956314087 0.8356394171714783 0.9493527412414551 
mask 0.984375 0.6907345056533813 0.33552342653274536 1.0 0.9044148325920105 
mask 0.953125 0.2812331020832062 0.7024832367897034 0.9190361499786377 1.0 
mask 0.96875 0.737156867980957 0.7095370888710022 1.0 1.0 
mask 0.88671875 0.8766635656356812 0.04293122887611389 1.0 0.8092092275619507 
mask 0.91015625 0.8938673734664917 0.6619113087654114 1.0 1.0 
mask 0.87109375 0.6565747857093811 0.013942927122116089 1.0 0.5797386169433594 
mask 0.76171875 0.36276116967201233 0.19096216559410095 0.8619775772094727 0.47998788952827454 
