nomask 0.515625 76 47 302 316 
mask 0.984375 122 86 258 260 
mask 0.9296875 21 3 225 240 
mask 0.9765625 294 297 351 366 
mask 0.73828125 83 51 172 293 
mask 0.9765625 126 114 329 344 
mask 0.984375 72 213 276 366 
mask 0.96875 309 69 350 317 
mask 0.97265625 219 2 351 158 
mask 0.7890625 99 142 244 304 
mask 0.984375 227 331 351 366 
mask 0.84375 265 78 351 344 
mask 0.9453125 65 48 208 217 
mask 0.703125 101 254 320 366 
mask 0.984375 251 251 351 366 
mask 0.625 156 62 292 231 
nomask 0.53125 49 34 299 175 
mask 0.92578125 287 13 351 283 
mask 0.8125 20 302 278 366 
mask 0.68359375 337 1 350 66 
mask 0.58203125 208 148 351 311 
mask 0.984375 214 3 351 240 
mask 0.98046875 26 62 184 295 
mask 0.984375 98 257 322 366 
mask 0.98046875 108 112 223 265 
mask 0.9296875 253 254 351 366 
mask 0.5234375 253 43 351 136 
nomask 0.7421875 156 103 287 265 
mask 0.984375 307 15 351 302 
mask 0.94921875 306 56 350 320 
mask 0.97265625 298 302 351 366 
mask 0.73828125 203 83 310 290 
mask 0.984375 101 164 234 301 
mask 0.984375 227 331 351 366 
mask 0.84375 229 110 351 332 
mask 0.984375 120 276 280 366 
mask 0.6953125 281 44 351 366 
mask 0.9296875 232 276 351 366 
mask 0.83984375 282 226 351 366 
mask 0.9140625 81 2 238 19 
