nomask 0.77734375 45 7 342 313 
mask 0.96484375 74 62 256 259 
mask 0.7578125 286 361 450 400 
nomask 0.578125 4 106 295 382 
mask 0.984375 389 2 450 366 
mask 0.94921875 30 317 362 400 
mask 0.93359375 389 313 450 400 
mask 0.8046875 73 1 423 200 
nomask 0.515625 182 11 401 381 
mask 0.98046875 328 79 450 383 
mask 0.875 120 283 413 400 
mask 0.984375 319 269 450 400 
mask 0.84765625 149 75 316 255 
mask 0.65625 49 100 198 303 
mask 0.984375 50 118 371 276 
mask 0.953125 60 185 372 377 
mask 0.984375 297 35 450 260 
mask 0.921875 50 16 202 215 
