mask 0.7421875 0.013795197010040283 0.026530742645263672 0.9249467253684998 0.9988126754760742 
mask 0.9765625 0.3504410982131958 0.010737836360931396 0.969668984413147 0.7796130180358887 
nomask 0.69140625 0.8642155528068542 0.020309865474700928 1.0 0.6011980175971985 
mask 0.9296875 0.33056479692459106 0.6727430820465088 0.8994562029838562 1.0 
mask 0.984375 0.606367826461792 0.8060598969459534 1.0 1.0 
nomask 0.6171875 0.40551844239234924 0.2628766596317291 0.8435245752334595 0.8432228565216064 
mask 0.9140625 0.758455753326416 0.6808172464370728 1.0 1.0 
mask 0.8671875 0.701644241809845 0.07140994071960449 1.0 0.6483139395713806 
mask 0.6640625 0.5516531467437744 0.3074432611465454 0.9077433347702026 0.7895770072937012 
mask 0.87890625 0.6090191602706909 0.15662506222724915 1.0 0.8617299795150757 
mask 0.61328125 0.06597504019737244 0.8163710236549377 0.7710798978805542 1.0 
mask 0.98046875 0.8513148427009583 0.8261599540710449 1.0 1.0 
mask 0.609375 0.6491455435752869 0.9048106670379639 1.0 1.0 
nomask 0.6875 0.7443227767944336 0.22674190998077393 0.9993432760238647 1.0 
mask 0.84765625 0.16118425130844116 0.004137217998504639 0.9904763102531433 0.46886542439460754 
nomask 0.53515625 0.805241584777832 0.14283955097198486 1.0 1.0 
mask 0.7265625 0.8784463405609131 0.010601431131362915 1.0 0.8629100322723389 
mask 0.984375 0.8734818696975708 0.13085487484931946 0.9977374076843262 0.9005159139633179 
mask 0.93359375 0.8499936461448669 0.3513588309288025 1.0 0.6817452311515808 
nomask 0.50390625 0.916192352771759 0.021331265568733215 0.9988294243812561 0.35171765089035034 
nomask 0.828125 0.0041077882051467896 0.3304049074649811 0.27150166034698486 0.9085811376571655 
mask 0.96484375 0.030755966901779175 0.3925219476222992 0.584436297416687 0.9583176374435425 
mask 0.98046875 0.11649641394615173 0.25070956349372864 0.40807363390922546 0.7925339937210083 
mask 0.84765625 0.18061935901641846 0.09749922156333923 0.7490689754486084 0.39284923672676086 
nomask 0.7109375 0.3156876862049103 0.001489683985710144 0.7813326120376587 0.3059667944908142 
nomask 0.9296875 0.6032342910766602 0.28412124514579773 0.8885679244995117 0.9010879993438721 
mask 0.87890625 0.2651093304157257 0.5307324528694153 0.6534045934677124 0.9362066388130188 
mask 0.98046875 0.24572992324829102 0.70930415391922 0.9263240098953247 1.0 
mask 0.984375 0.5845338106155396 0.40422695875167847 1.0 0.8689551949501038 
mask 0.92578125 0.7024843692779541 0.6881425976753235 1.0 1.0 
mask 0.8828125 0.49171847105026245 0.03853490948677063 0.768498957157135 0.6583956480026245 
mask 0.5625 0.3237796425819397 0.02124100923538208 0.9471630454063416 0.5340285897254944 
nomask 0.8515625 0.14471685886383057 0.4609558582305908 1.0 1.0 
mask 0.984375 0.5125018358230591 0.004181504249572754 1.0 1.0 
mask 0.953125 0.16804370284080505 0.5145742297172546 0.7879043817520142 0.7629634737968445 
mask 0.92578125 0.44668322801589966 0.4005154073238373 0.8266640305519104 0.8426610231399536 
mask 0.984375 0.6054202914237976 0.3258398473262787 0.8969975113868713 0.891635537147522 
mask 0.953125 0.1721276491880417 0.36927852034568787 0.5776018500328064 0.8210989236831665 
