nomask 0.8984375 0.0634637176990509 0.011247783899307251 0.8121429681777954 0.8455020189285278 
mask 0.9765625 0.05633065104484558 0.8208556175231934 0.8381327390670776 1.0 
mask 0.97265625 0.005807323381304741 0.5470936298370361 0.06425490230321884 0.8019031286239624 
nomask 0.578125 0.7844611406326294 0.8522942066192627 1.0 1.0 
nomask 0.765625 0.006645310670137405 0.6105194091796875 0.049169570207595825 0.7697657346725464 
nomask 0.640625 0.1490255445241928 0.08514904975891113 0.6477760672569275 0.6911707520484924 
mask 0.9765625 0.3884122371673584 0.18221992254257202 0.9562815427780151 1.0 
mask 0.9375 0.1629500389099121 0.004750445485115051 0.9401019811630249 0.5006579160690308 
mask 0.94140625 0.2231190800666809 0.6700560450553894 0.9458618760108948 1.0 
mask 0.97265625 0.8686351180076599 0.034546226263046265 1.0 0.8522348403930664 
mask 0.9140625 0.19071650505065918 0.3305205702781677 0.7815440893173218 0.934276282787323 
mask 0.984375 0.9048106670379639 0.6491455435752869 1.0 1.0 
nomask 0.73828125 0.3439410328865051 0.19823265075683594 0.7078229784965515 0.6599395871162415 
mask 0.66015625 0.7415326833724976 0.0737871527671814 1.0 0.9574183821678162 
mask 0.78125 0.050699636340141296 0.22556644678115845 0.46126919984817505 1.0 
mask 0.984375 0.3310808539390564 0.22624912858009338 0.6689760088920593 1.0 
mask 0.984375 0.35474836826324463 0.379420667886734 0.7347291707992554 0.8411276340484619 
mask 0.984375 0.24820664525032043 0.6572805047035217 0.7670754194259644 1.0 
mask 0.984375 0.400704026222229 0.5800169706344604 0.9685733318328857 1.0 
mask 0.8828125 0.0041077882051467896 0.42386606335639954 0.27150166034698486 0.9656904935836792 
mask 0.94921875 0.28108733892440796 0.5510218739509583 0.6449692845344543 0.931002676486969 
mask 0.984375 0.4835970401763916 0.21007496118545532 0.7880741357803345 0.8009025454521179 
mask 0.7734375 0.0649719089269638 0.5925160646438599 0.5056624412536621 1.0 
mask 0.984375 0.13064031302928925 0.030871182680130005 0.3900187015533447 0.6923191547393799 
mask 0.93359375 0.009755562990903854 0.6118361949920654 0.1199755072593689 0.7516872882843018 
nomask 0.73828125 0.6545749306678772 0.30156368017196655 1.0 0.9086228013038635 
mask 0.55859375 0.34218382835388184 0.7557350993156433 0.7978578805923462 1.0 
mask 0.7890625 0.8032829761505127 0.1212129294872284 1.0 1.0 
mask 0.8984375 0.6628257036209106 0.7565798759460449 1.0 1.0 
nomask 0.63671875 0.8060598969459534 0.6185199022293091 1.0 1.0 
nomask 0.55859375 0.23296579718589783 0.005853248760104179 0.6802973747253418 0.05191715061664581 
