mask 0.984375 45 6 303 407 
mask 0.984375 48 88 188 342 
mask 0.984375 96 93 249 325 
mask 0.953125 93 177 212 354 
mask 0.9765625 59 2 308 196 
nomask 0.875 42 13 195 236 
nomask 0.73828125 68 246 249 428 
mask 0.984375 76 143 167 386 
mask 0.984375 105 224 208 428 
mask 0.96484375 34 131 205 249 
mask 0.75390625 137 172 248 353 
mask 0.9765625 242 71 320 408 
mask 0.953125 85 294 294 428 
mask 0.98046875 212 316 320 428 
mask 0.9453125 254 18 320 334 
mask 0.96484375 289 271 320 428 
mask 0.68359375 102 141 320 428 
mask 0.984375 98 96 193 334 
mask 0.921875 1 253 144 428 
mask 0.984375 3 219 320 428 
mask 0.984375 257 260 320 428 
mask 0.9765625 91 135 318 289 
mask 0.7421875 59 88 237 207 
nomask 0.9765625 26 263 161 428 
mask 0.984375 69 70 167 265 
nomask 0.8671875 133 113 254 298 
nomask 0.78125 42 313 275 428 
mask 0.98046875 37 86 215 204 
nomask 0.890625 120 24 224 227 
nomask 0.64453125 181 98 297 275 
mask 0.625 211 78 320 342 
mask 0.96484375 296 14 319 197 
mask 0.9375 231 116 320 427 
mask 0.98046875 107 87 293 198 
nomask 0.94921875 2 261 183 428 
mask 0.984375 65 266 259 428 
mask 0.984375 190 344 320 428 
mask 0.6953125 33 165 130 373 
mask 0.984375 55 158 184 351 
