nomask 0.8125 16 15 289 423 
mask 0.984375 15 20 192 284 
nomask 0.50390625 18 349 249 428 
mask 0.8359375 88 179 200 349 
mask 0.94921875 76 160 203 342 
mask 0.97265625 8 238 161 428 
mask 0.984375 5 361 289 428 
mask 0.81640625 47 217 233 325 
mask 0.671875 96 283 290 428 
mask 0.984375 272 3 320 368 
mask 0.56640625 70 265 219 390 
mask 0.96484375 28 288 208 428 
mask 0.984375 67 52 161 290 
nomask 0.62890625 146 50 320 428 
mask 0.984375 39 31 266 206 
nomask 0.8671875 2 109 89 351 
mask 0.98046875 48 96 129 345 
mask 0.98046875 45 208 262 414 
mask 0.984375 30 86 200 213 
mask 0.59375 207 42 320 278 
mask 0.80078125 203 387 320 428 
nomask 0.78125 36 124 199 262 
mask 0.80859375 214 49 320 417 
mask 0.984375 258 50 320 421 
mask 0.7578125 272 353 320 428 
nomask 0.6484375 207 387 320 428 
nomask 0.796875 208 12 320 255 
mask 0.828125 213 82 317 284 
mask 0.76171875 40 128 283 299 
mask 0.84765625 94 34 320 206 
nomask 0.92578125 95 107 203 311 
nomask 0.64453125 94 0 147 21 
mask 0.60546875 137 250 267 406 
mask 0.984375 221 143 320 387 
mask 0.96875 89 300 294 428 
mask 0.984375 235 303 320 428 
mask 0.640625 280 18 320 346 
nomask 0.50390625 286 283 320 428 
nomask 0.546875 210 5 320 248 
mask 0.86328125 116 81 275 205 
