mask 0.56640625 13 10 261 399 
mask 0.984375 6 8 168 302 
mask 0.72265625 204 77 273 386 
mask 0.984375 88 101 208 319 
mask 0.53515625 58 245 260 400 
mask 0.984375 165 322 273 400 
mask 0.94140625 23 118 160 396 
mask 0.984375 194 26 273 261 
mask 0.96484375 108 10 259 274 
mask 0.87890625 126 100 225 273 
mask 0.66015625 207 272 273 400 
mask 0.96484375 1 331 244 400 
mask 0.984375 216 338 273 400 
mask 0.59765625 166 162 273 343 
mask 0.984375 244 264 273 400 
mask 0.5546875 43 2 264 183 
mask 0.94140625 48 2 265 192 
mask 0.921875 36 272 234 400 
mask 0.984375 177 361 273 400 
mask 0.56640625 65 137 193 376 
mask 0.984375 71 252 220 343 
mask 0.94140625 36 155 182 276 
nomask 0.625 23 269 178 400 
mask 0.984375 2 200 122 400 
mask 0.984375 125 48 273 400 
mask 0.984375 26 79 104 233 
mask 0.8203125 169 163 201 217 
mask 0.89453125 149 113 201 210 
nomask 0.74609375 159 146 187 199 
mask 0.56640625 156 56 240 239 
mask 0.7265625 177 361 273 400 
mask 0.56640625 120 123 266 229 
mask 0.73828125 91 77 253 190 
mask 0.6796875 35 184 273 400 
mask 0.984375 121 63 230 248 
nomask 0.53125 169 25 237 290 
mask 0.9765625 180 302 273 400 
mask 0.9375 220 247 273 400 
mask 0.984375 63 2 185 20 
