nomask 0.984375 49 2 305 392 
mask 0.7578125 22 305 207 428 
mask 0.953125 254 362 320 428 
nomask 0.9453125 76 273 297 428 
mask 0.8984375 286 283 320 428 
nomask 0.75 27 4 174 308 
mask 0.75 277 18 320 346 
mask 0.9453125 62 49 170 276 
nomask 0.93359375 277 11 320 346 
mask 0.9375 16 353 250 428 
nomask 0.90234375 207 387 320 428 
nomask 0.828125 272 353 320 428 
nomask 0.83203125 200 1 320 187 
mask 0.5859375 207 387 320 428 
nomask 0.828125 0 70 118 324 
mask 0.9375 228 27 320 280 
mask 0.703125 207 387 320 428 
nomask 0.828125 0 8 87 234 
nomask 0.7890625 184 42 281 246 
nomask 0.984375 232 54 320 364 
mask 0.98046875 242 19 315 278 
mask 0.7734375 91 153 229 403 
nomask 0.7109375 2 39 138 401 
mask 0.984375 58 98 300 381 
mask 0.9609375 231 88 320 413 
mask 0.984375 183 173 320 368 
mask 0.984375 63 273 305 428 
mask 0.7890625 216 276 320 428 
mask 0.50390625 157 49 244 303 
nomask 0.9296875 207 42 320 278 
mask 0.71484375 136 43 320 154 
nomask 0.96875 105 141 320 428 
mask 0.94140625 3 219 320 428 
mask 0.96875 164 4 320 428 
mask 0.5546875 107 82 187 336 
nomask 0.85546875 2 261 183 428 
mask 0.984375 65 266 259 428 
mask 0.5625 190 344 320 428 
nomask 0.96875 33 165 130 373 
mask 0.921875 55 158 184 351 
