mask 0.984375 0.2614002525806427 0.2036409080028534 0.7977923154830933 0.8414438962936401 
mask 0.94140625 0.3645429015159607 0.32779932022094727 0.7112460732460022 0.8036332130432129 
mask 0.98046875 0.4873012900352478 0.12654703855514526 0.9254165291786194 0.8859413266181946 
mask 0.8125 0.04254007339477539 0.29661405086517334 0.6617679595947266 0.9866205453872681 
mask 0.953125 0.3314620852470398 0.4552406668663025 0.9548454880714417 0.9463028311729431 
mask 0.88671875 0.3031045198440552 0.652908444404602 0.8971647024154663 1.0 
mask 0.9453125 0.7165919542312622 0.19272580742835999 1.0 0.9511127471923828 
mask 0.50390625 0.3206731081008911 0.19132953882217407 0.7763471603393555 0.5533714890480042 
nomask 0.8359375 0.37042927742004395 0.2943127751350403 0.8805692195892334 0.5961254835128784 
mask 0.65234375 0.6776295900344849 0.6463314294815063 1.0 1.0 
mask 0.65234375 0.1647045612335205 0.19688227772712708 0.632097065448761 0.7065461874008179 
mask 0.953125 0.7146722078323364 0.14956596493721008 1.0 0.8749349117279053 
mask 0.73046875 0.5883547067642212 0.25070956349372864 0.8928318023681641 0.7925339937210083 
mask 0.8046875 0.21843069791793823 0.4090206027030945 0.6067259907722473 0.8416985869407654 
mask 0.984375 0.3410041928291321 0.11710578203201294 0.5840746760368347 0.6979939341545105 
mask 0.90234375 0.00659450888633728 0.0882713794708252 0.4421038329601288 0.9175634384155273 
mask 0.75 0.2812938690185547 0.48676374554634094 0.8025964498519897 0.782113790512085 
mask 0.96875 0.5062418580055237 0.11738592386245728 0.7712958455085754 0.7239736318588257 
mask 0.8984375 0.1455172598361969 0.8073337078094482 1.0 1.0 
mask 0.95703125 0.5966860055923462 0.8060598969459534 1.0 1.0 
mask 0.95703125 0.21934667229652405 0.5750851035118103 0.7055925130844116 0.8795621991157532 
mask 0.96484375 0.7944116592407227 0.0442315936088562 1.0 0.7805315256118774 
mask 0.5859375 0.5723816156387329 0.4051518440246582 1.0 0.8599288463592529 
nomask 0.6796875 0.00396960973739624 0.8382651805877686 0.8939858078956604 1.0 
mask 0.8671875 0.25507551431655884 0.23201480507850647 0.4981459975242615 0.8518755435943604 
mask 0.9609375 0.7844611406326294 0.8522942066192627 1.0 1.0 
mask 0.828125 0.8988957405090332 0.6491455435752869 1.0 1.0 
mask 0.5078125 0.010808169841766357 0.5125018358230591 1.0 1.0 
mask 0.921875 0.31297340989112854 0.31297340989112854 1.0 1.0 
mask 0.9296875 0.08261498808860779 0.674403727054596 0.6471657752990723 1.0 
mask 0.97265625 0.23045268654823303 0.38780659437179565 0.7517552375793457 0.6962234377861023 
mask 0.96875 0.46027469635009766 0.31146013736724854 0.679151177406311 0.583365261554718 
nomask 0.91796875 0.4181481599807739 0.14336559176445007 0.6832021474838257 0.72425377368927 
mask 0.91796875 0.5125018358230591 0.010808169841766357 1.0 1.0 
mask 0.8828125 0.5160501599311829 0.3382387161254883 1.0 0.6618181467056274 
nomask 0.53515625 0.040831297636032104 0.41471269726753235 0.6066269874572754 0.968393087387085 
mask 0.96875 0.20147186517715454 0.3776192367076874 0.7922994494438171 0.9194436073303223 
mask 0.93359375 0.40327730774879456 0.4206406772136688 0.9690730571746826 0.9624650478363037 
mask 0.69921875 0.5479228496551514 0.20047056674957275 0.8963881731033325 0.6426162123680115 
nomask 0.6953125 0.10799849033355713 0.25070956349372864 0.40595585107803345 0.7925339937210083 
mask 0.78125 0.23094111680984497 0.6380742788314819 0.9536839127540588 1.0 
mask 0.9375 0.4919605255126953 0.3103868067264557 0.8168654441833496 0.8640671968460083 
mask 0.953125 0.5845338106155396 0.4051518440246582 1.0 0.8599288463592529 
