nomask 0.92578125 1028 771 2833 2381 
mask 0.98046875 448 496 2471 2508 
mask 0.96484375 1655 1170 3747 2881 
mask 0.92578125 29 303 1747 2811 
mask 0.8125 1147 916 3117 1828 
mask 0.6953125 737 1346 3144 2799 
mask 0.97265625 1228 652 2456 1943 
mask 0.69921875 237 1149 2329 2935 
mask 0.9140625 717 541 2153 1794 
nomask 0.58203125 1737 1160 2658 2056 
mask 0.94921875 998 954 2021 2749 
mask 0.984375 2985 504 4032 2885 
mask 0.78125 1160 644 3262 1463 
nomask 0.9140625 1048 2035 3733 3024 
mask 0.890625 2405 2435 4032 3024 
mask 0.85546875 3250 1841 4032 3024 
mask 0.8359375 1653 449 2699 2095 
nomask 0.67578125 3203 133 4032 2360 
mask 0.8828125 65 2534 3653 3024 
mask 0.8359375 3434 2471 4032 3024 
mask 0.90625 1988 528 3057 2323 
nomask 0.85546875 812 1638 2040 2986 
mask 0.91796875 2564 2736 4032 3024 
mask 0.84375 1254 1538 2430 2858 
mask 0.98046875 524 1393 4032 3024 
mask 0.93359375 338 874 1648 2410 
mask 0.87890625 1261 946 4032 3024 
mask 0.94921875 1061 1906 3256 2594 
mask 0.94921875 542 1176 2690 2088 
mask 0.76171875 353 2039 2629 3024 
mask 0.82421875 40 1519 1806 3024 
mask 0.6484375 1854 369 4032 3024 
mask 0.75 385 604 1536 1763 
mask 0.83203125 2507 1238 2981 1643 
mask 0.59375 2212 855 2971 1593 
nomask 0.984375 2349 1108 2765 1505 
nomask 0.6796875 2318 429 3546 1807 
nomask 0.921875 2617 2736 4032 3024 
mask 0.90234375 1785 932 3933 1734 
mask 0.50390625 1351 586 3745 1442 
nomask 0.83203125 524 1393 4032 3024 
mask 0.93359375 1797 481 3397 1877 
nomask 0.8203125 2499 192 3501 2192 
mask 0.77734375 2672 2287 4032 3024 
mask 0.73828125 3250 1870 4032 3024 
mask 0.875 939 17 2742 156 
