nomask 0.66796875 274 432 449 697 
nomask 0.54296875 955 61 1080 1140 
mask 0.5859375 63 1202 838 1440 
nomask 0.90625 264 470 769 1236 
mask 0.83203125 424 66 1022 974 
mask 0.62890625 57 62 630 931 
mask 0.828125 215 8 1054 649 
mask 0.52734375 63 547 624 1398 
mask 0.796875 192 257 576 854 
mask 0.74609375 465 552 712 979 
mask 0.671875 267 454 541 1309 
mask 0.9296875 799 240 1080 1374 
mask 0.58984375 310 306 873 696 
mask 0.65625 280 969 1000 1440 
nomask 0.6796875 644 1159 1080 1440 
nomask 0.84765625 870 876 1080 1440 
nomask 0.66796875 442 213 723 997 
mask 0.5078125 857 63 1080 1123 
nomask 0.671875 17 1207 978 1440 
nomask 0.703125 919 1177 1080 1440 
nomask 0.5234375 532 251 818 1106 
nomask 0.62890625 217 780 546 1422 
mask 0.89453125 686 1302 1080 1440 
nomask 0.78515625 336 732 651 1361 
mask 0.953125 140 663 1080 1440 
mask 0.64453125 90 416 441 1147 
mask 0.8671875 338 450 1080 1440 
mask 0.8828125 284 907 872 1235 
mask 0.86328125 145 560 720 994 
mask 0.87109375 94 971 704 1440 
mask 0.70703125 10 723 483 1440 
mask 0.96484375 496 175 1080 1440 
mask 0.9453125 103 287 411 839 
mask 0.6796875 671 589 798 782 
nomask 0.71484375 592 407 795 758 
nomask 0.64453125 629 527 740 716 
mask 0.6484375 621 204 949 860 
mask 0.75 701 1302 1080 1440 
nomask 0.6484375 478 444 1053 825 
mask 0.8359375 362 279 1003 686 
nomask 0.5625 140 663 1080 1440 
mask 0.64453125 481 229 910 893 
mask 0.78125 669 91 937 1044 
mask 0.625 715 1089 1080 1440 
nomask 0.9609375 870 890 1080 1440 
nomask 0.90625 251 8 734 74 
