mask 0.984375 852 40 3349 3832 
mask 0.71875 1112 540 2835 3214 
mask 0.65625 2352 1471 3456 4150 
mask 0.9765625 297 686 1887 3751 
mask 0.9296875 1019 3136 3176 4608 
mask 0.50390625 2500 3170 3456 4608 
mask 0.52734375 814 168 2464 2568 
nomask 0.91796875 982 1301 2295 3475 
mask 0.80859375 2406 582 3456 3925 
mask 0.95703125 2912 119 3456 3806 
mask 0.5546875 204 3806 2740 4608 
nomask 0.5390625 2779 546 3456 4536 
mask 0.921875 2711 3927 3456 4608 
nomask 0.7578125 1636 352 3286 3026 
nomask 0.83203125 3106 2991 3456 4608 
mask 0.65234375 2243 454 3456 3000 
nomask 0.76171875 2566 3100 3456 4608 
mask 0.52734375 958 2505 2215 4219 
mask 0.953125 1370 2253 2493 4446 
mask 0.85546875 778 2869 2967 3989 
mask 0.8984375 1148 3470 2865 4600 
nomask 0.69140625 409 258 1439 2358 
nomask 0.64453125 622 515 2545 1763 
nomask 0.70703125 1081 1442 3456 4608 
mask 0.953125 1198 154 3353 2368 
nomask 0.9765625 904 1346 2705 2736 
mask 0.54296875 599 925 2522 2286 
nomask 0.9765625 1553 911 2676 3152 
nomask 0.609375 1297 261 2420 2454 
nomask 0.94140625 1958 1057 3215 2966 
nomask 0.7109375 2281 843 3456 3686 
mask 0.91015625 3199 152 3450 2126 
mask 0.69140625 2502 1257 3456 4599 
mask 0.96484375 1157 938 3165 2133 
nomask 0.984375 23 2814 1985 4608 
nomask 0.984375 712 2867 2806 4608 
nomask 0.640625 2062 3714 3456 4608 
nomask 0.640625 361 1783 1414 4024 
mask 0.96875 594 1701 1996 3783 
