nomask 0.62890625 226 133 882 1053 
mask 0.96875 946 16 1130 1203 
mask 0.97265625 488 169 888 861 
mask 0.82421875 4 1176 1010 1393 
mask 0.671875 962 1138 1130 1393 
nomask 0.5546875 733 1260 1130 1393 
mask 0.5703125 171 77 677 787 
mask 0.8125 99 939 736 1393 
mask 0.9296875 256 197 589 1042 
mask 0.9296875 385 335 794 998 
mask 0.96875 303 267 905 697 
mask 0.828125 448 59 1008 1240 
mask 0.9765625 717 380 1130 1263 
mask 0.9765625 260 877 1060 1393 
mask 0.83984375 774 900 1130 1393 
mask 0.93359375 747 137 1130 907 
mask 0.984375 362 458 1130 1393 
mask 0.984375 12 713 1130 1393 
mask 0.984375 218 152 846 530 
mask 0.94921875 15 432 802 934 
mask 0.98046875 311 436 1115 938 
mask 0.97265625 255 454 867 1277 
mask 0.97265625 119 63 455 697 
mask 0.8125 84 250 671 1073 
mask 0.97265625 247 755 576 1390 
mask 0.9765625 733 1260 1130 1393 
mask 0.5703125 385 538 632 934 
mask 0.97265625 373 461 1130 1393 
mask 0.984375 579 15 1130 1393 
mask 0.984375 583 471 1130 921 
mask 0.9765625 46 577 685 1348 
mask 0.96484375 227 526 895 1280 
mask 0.984375 455 585 1095 1340 
mask 0.984375 619 279 1012 895 
mask 0.984375 122 349 458 1103 
mask 0.98046875 260 888 1077 1393 
mask 0.82421875 555 432 923 1203 
mask 0.984375 660 564 1130 1197 
