nomask 0.7109375 1328 109 1561 2086 
mask 0.94140625 102 2030 1203 2525 
nomask 0.8984375 572 529 1140 1598 
mask 0.953125 259 343 928 1777 
mask 0.90234375 1117 1672 1561 2525 
mask 0.51953125 1328 2086 1561 2525 
nomask 0.6015625 715 322 1561 2525 
mask 0.984375 1129 522 1561 2437 
mask 0.984375 927 1014 1561 2138 
mask 0.98046875 439 1681 1434 2525 
nomask 0.94921875 1013 2284 1561 2525 
mask 0.54296875 1063 377 1561 2170 
mask 0.984375 1329 2086 1561 2525 
nomask 0.65234375 1013 2284 1561 2525 
mask 0.54296875 818 567 1445 2525 
mask 0.984375 1008 1033 1561 2431 
mask 0.984375 1372 74 1561 1818 
mask 0.87109375 601 1418 1169 2399 
mask 0.9140625 927 1025 1561 2148 
mask 0.98046875 953 26 1561 1658 
mask 0.9765625 117 430 820 2039 
mask 0.9765625 439 1773 1434 2525 
nomask 0.9375 484 775 991 1831 
mask 0.98046875 1129 1755 1561 2525 
mask 0.58203125 1128 298 1561 939 
mask 0.5625 697 712 1278 1828 
mask 0.953125 1368 109 1561 2086 
mask 0.91015625 1361 391 1559 2212 
mask 0.94140625 1328 2086 1561 2525 
nomask 0.6015625 905 575 1381 2004 
mask 0.984375 449 1138 1042 2077 
mask 0.984375 1013 2284 1561 2525 
mask 0.54296875 1021 761 1561 2294 
mask 0.984375 534 1908 1245 2525 
nomask 0.96875 1253 306 1561 2525 
mask 0.98046875 1034 1910 1561 2525 
mask 0.70703125 1258 1561 1561 2525 
mask 0.55078125 363 14 1061 131 
