nomask 0.984375 257 34 1169 1062 
mask 0.94140625 455 162 1014 829 
mask 0.8203125 1187 16 1416 1210 
mask 0.8515625 900 1267 1416 1401 
nomask 0.89453125 84 1145 1146 1401 
nomask 0.63671875 1235 1099 1416 1401 
nomask 0.89453125 1024 279 1416 1342 
mask 0.93359375 199 417 1207 956 
mask 0.97265625 621 49 1111 761 
mask 0.8984375 293 132 828 859 
mask 0.9609375 163 559 1363 1224 
mask 0.9453125 827 567 1416 1204 
mask 0.9375 368 963 1311 1401 
nomask 0.8828125 1004 964 1416 1401 
nomask 0.6796875 40 23 646 707 
mask 0.8125 414 93 1400 668 
mask 0.578125 273 137 1061 542 
nomask 0.77734375 454 475 1416 1401 
mask 0.921875 737 352 992 679 
mask 0.7421875 1023 166 1416 1161 
mask 0.9765625 391 459 1015 1277 
mask 0.97265625 858 9 1416 619 
mask 0.69140625 1251 33 1416 980 
mask 0.8671875 728 171 1018 521 
mask 0.9453125 923 267 1416 1094 
mask 0.984375 730 473 1416 927 
mask 0.9765625 57 581 858 1356 
mask 0.94140625 285 529 1121 1288 
mask 0.96875 571 589 1372 1348 
mask 0.94921875 775 280 1269 900 
mask 0.984375 152 351 574 1110 
mask 0.984375 327 893 1350 1401 
mask 0.8359375 696 434 1156 1210 
mask 0.984375 827 567 1416 1204 
