mask 0.625 321 407 1039 1429 
mask 0.9296875 567 335 1347 1572 
mask 0.9375 169 115 1181 1586 
mask 0.8125 1264 1506 1440 1920 
mask 0.9765625 353 138 936 1025 
mask 0.65234375 0 582 1070 1289 
mask 0.953125 1157 84 1440 1498 
mask 0.71484375 126 1270 939 1920 
mask 0.89453125 934 1737 1440 1920 
mask 0.50390625 461 635 1440 1920 
mask 0.94140625 15 984 1440 1920 
mask 0.625 451 69 970 1659 
mask 0.96484375 942 254 1440 1869 
mask 0.921875 476 635 1440 1920 
mask 0.921875 15 984 1440 1920 
mask 0.625 693 121 1109 1166 
mask 0.765625 606 0 1208 610 
mask 0.50390625 541 200 1260 732 
nomask 0.953125 160 109 651 871 
mask 0.57421875 510 728 1058 1614 
mask 0.98046875 357 1261 1104 1920 
mask 0.94921875 577 1113 1394 1920 
mask 0.953125 5 813 390 1854 
mask 0.921875 404 1057 928 1787 
mask 0.984375 696 403 1134 1537 
mask 0.98046875 93 1137 728 1920 
mask 0.921875 188 59 561 1329 
mask 0.8671875 14 1174 172 1443 
mask 0.62890625 942 579 1440 1744 
mask 0.55859375 492 1451 1148 1920 
mask 0.9296875 1156 232 1440 1920 
mask 0.921875 954 1452 1440 1920 
nomask 0.59375 1160 1187 1440 1920 
mask 0.6875 335 11 979 99 
