mask 0.94921875 177 132 1098 1238 
mask 0.9453125 262 279 903 1048 
mask 0.90234375 1124 2 1342 1208 
mask 0.96484375 576 22 1221 903 
mask 0.8515625 1052 1205 1342 1414 
mask 0.83203125 129 103 811 903 
mask 0.73828125 7 252 775 1324 
mask 0.9140625 68 1155 1074 1414 
mask 0.56640625 1206 917 1342 1414 
mask 0.9609375 443 412 1311 1367 
mask 0.984375 457 278 1220 670 
mask 0.828125 558 427 1068 1038 
mask 0.98046875 207 2 1273 688 
mask 0.5703125 793 8 1342 637 
nomask 0.6171875 292 501 728 1189 
mask 0.9609375 391 88 1032 841 
nomask 0.52734375 157 750 1176 1318 
mask 0.984375 967 237 1342 1375 
mask 0.875 300 164 663 950 
mask 0.921875 686 119 1034 958 
mask 0.921875 349 941 1242 1414 
mask 0.984375 929 902 1342 1414 
mask 0.953125 888 139 1342 920 
nomask 0.8125 687 15 1342 1414 
mask 0.984375 420 442 1342 1414 
mask 0.9765625 164 401 582 1104 
mask 0.90234375 530 156 918 977 
mask 0.796875 156 284 902 676 
mask 0.7421875 503 80 939 753 
mask 0.63671875 760 324 1248 910 
mask 0.93359375 886 258 1342 1131 
nomask 0.51953125 1242 46 1339 652 
mask 0.9140625 971 385 1342 1411 
mask 0.87890625 449 287 1229 654 
mask 0.92578125 9 863 771 1414 
mask 0.96875 276 879 1089 1414 
mask 0.984375 800 1139 1342 1414 
mask 0.87890625 140 547 549 1234 
mask 0.9375 230 522 775 1161 
