nomask 0.5625 0.09610331058502197 0.0018076002597808838 0.9303575754165649 0.9115126132965088 
mask 0.875 0.41005805134773254 0.08266404271125793 0.8480641841888428 0.6505832672119141 
mask 0.96875 0.8513148427009583 0.8261599540710449 1.0 1.0 
mask 0.66796875 0.7575815916061401 0.17514705657958984 1.0 0.9457839727401733 
mask 0.9765625 0.606367826461792 0.40191948413848877 1.0 0.8469583988189697 
mask 0.984375 0.0634637176990509 0.8208556175231934 0.8121429681777954 1.0 
mask 0.6640625 0.6491455435752869 0.9048106670379639 1.0 1.0 
nomask 0.7734375 0.29511559009552 0.6951964497566223 0.9192613363265991 1.0 
mask 0.96875 0.29008644819259644 0.2227747142314911 0.6080341935157776 0.6591430902481079 
mask 0.984375 0.5349138975143433 0.04581350088119507 0.9280886650085449 0.9105235934257507 
mask 0.984375 0.7234206199645996 0.6881425976753235 1.0 1.0 
mask 0.7734375 0.8671998381614685 0.04293122887611389 1.0 0.8092092275619507 
mask 0.83203125 0.6279943585395813 0.00659450888633728 1.0 0.4421038329601288 
mask 0.7109375 0.2249857783317566 0.14835697412490845 0.7841503024101257 0.7993199825286865 
mask 0.984375 0.7844611406326294 0.8522942066192627 1.0 1.0 
mask 0.625 0.531559944152832 0.0737886130809784 0.9000146389007568 0.9199826717376709 
mask 0.984375 0.8988957405090332 0.6491455435752869 1.0 1.0 
mask 0.921875 0.025131940841674805 0.6141323447227478 0.5808414816856384 1.0 
mask 0.95703125 0.2259734570980072 0.6411474943161011 0.7677978277206421 1.0 
mask 0.984375 0.0011823028326034546 0.4722651541233063 0.2744271159172058 1.0 
mask 0.90234375 0.8043166995048523 0.13995900750160217 1.0 0.987397313117981 
mask 0.984375 0.3660624623298645 0.7138772010803223 0.7460432648658752 1.0 
mask 0.796875 0.44320881366729736 0.22309869527816772 0.8150531053543091 0.6652443408966064 
mask 0.984375 0.392988920211792 0.36503732204437256 0.6831364631652832 0.5531401634216309 
mask 0.984375 0.1358354687690735 0.806188702583313 1.0 1.0 
mask 0.80859375 0.09570150077342987 0.013719439506530762 0.5363920331001282 0.6106917262077332 
mask 0.9375 0.44937554001808167 0.19924984872341156 0.9820849895477295 0.47603029012680054 
mask 0.9609375 0.31297340989112854 0.31297340989112854 1.0 1.0 
mask 0.97265625 0.6578840017318726 0.03668394684791565 1.0 0.5785083770751953 
mask 0.9609375 0.385796457529068 0.2528992295265198 0.5999861359596252 0.5558834075927734 
mask 0.9375 0.8766635656356812 0.04293122887611389 1.0 0.8092092275619507 
mask 0.83984375 0.8938673734664917 0.6619113087654114 1.0 1.0 
mask 0.9140625 0.6565747857093811 0.013942927122116089 1.0 0.5797386169433594 
mask 0.98046875 0.36276116967201233 0.19096216559410095 0.8619775772094727 0.47998788952827454 
