mask 0.984375 0.021146804094314575 0.00623011589050293 0.9522356986999512 0.897871196269989 
mask 0.9453125 0.701644241809845 0.07643839716911316 1.0 0.6533423662185669 
mask 0.984375 0.059163808822631836 0.8348201513290405 0.7929766178131104 1.0 
nomask 0.6171875 0.8479565382003784 0.8208556175231934 1.0 1.0 
mask 0.5390625 0.7079354524612427 0.19043633341789246 1.0 0.9785445928573608 
mask 0.98046875 0.6491455435752869 0.9048106670379639 1.0 1.0 
nomask 0.58984375 0.1947491317987442 0.11562013626098633 0.5340284109115601 0.6458424925804138 
mask 0.89453125 0.8671998381614685 0.025887399911880493 1.0 0.8089326620101929 
mask 0.90625 0.05050364136695862 0.8260668516159058 0.7843164205551147 1.0 
nomask 0.640625 0.6491455435752869 0.9048106670379639 1.0 1.0 
nomask 0.58984375 0.8513148427009583 0.8261599540710449 1.0 1.0 
nomask 0.6015625 0.625113844871521 0.0025437921285629272 1.0 0.4380531311035156 
mask 0.56640625 0.6491455435752869 0.9048106670379639 1.0 1.0 
nomask 0.58984375 0.0005557090044021606 0.16427096724510193 0.36891859769821167 0.7573158740997314 
mask 0.984375 0.7136073708534241 0.06509816646575928 1.0 0.6546257138252258 
mask 0.98046875 0.6491455435752869 0.9048106670379639 1.0 1.0 
nomask 0.58984375 0.0011823028326034546 0.018824219703674316 0.2744271159172058 0.5490465760231018 
mask 0.96484375 0.5750851035118103 0.0997929573059082 0.8795621991157532 0.5756268501281738 
mask 0.91796875 0.7261958122253418 0.12651881575584412 1.0 0.8518877029418945 
mask 0.984375 0.7573954463005066 0.04517140984535217 0.9851832985877991 0.651759147644043 
mask 0.97265625 0.2850998342037201 0.35874149203300476 0.7163538932800293 0.9429308176040649 
mask 0.93359375 0.007206574082374573 0.09135040640830994 0.4333903193473816 0.938788652420044 
mask 0.984375 0.18339785933494568 0.2294844388961792 0.9375331401824951 0.891446590423584 
mask 0.97265625 0.723645806312561 0.20683351159095764 1.0 0.9652204513549805 
mask 0.984375 0.5723816156387329 0.4051518440246582 1.0 0.8599288463592529 
mask 0.984375 0.19930925965309143 0.6380742788314819 0.954027533531189 1.0 
mask 0.953125 0.6776295900344849 0.6463314294815063 1.0 1.0 
mask 0.9609375 0.49251681566238403 0.11552509665489197 0.7633705735206604 0.709123969078064 
mask 0.94921875 0.6491455435752869 0.09871631860733032 1.0 0.6511784195899963 
mask 0.98046875 0.4254957437515259 0.10249480605125427 1.0 0.36187320947647095 
nomask 0.6328125 0.33096641302108765 0.33096641302108765 1.0 1.0 
mask 0.9765625 0.010808169841766357 0.5125018358230591 1.0 1.0 
mask 0.984375 0.5125018358230591 0.010808169841766357 1.0 1.0 
mask 0.96484375 0.33617979288101196 0.19262611865997314 0.5845690369606018 0.7862249612808228 
mask 0.96484375 0.006760209798812866 0.6107465624809265 0.574629545211792 1.0 
mask 0.984375 0.20619329810142517 0.6222318410873413 0.8121616840362549 1.0 
mask 0.8984375 0.5966860055923462 0.8060598969459534 1.0 1.0 
mask 0.94921875 0.10473862290382385 0.3871254324913025 0.4092157185077667 0.8733713030815125 
mask 0.984375 0.1721276491880417 0.36927852034568787 0.5776018500328064 0.8210989236831665 
