mask 0.5546875 132 50 328 323 
nomask 0.703125 78 9 369 381 
mask 0.8203125 199 73 426 426 
mask 0.8984375 172 3 316 244 
nomask 0.98046875 29 90 269 418 
mask 0.9453125 389 457 462 554 
nomask 0.921875 114 35 241 350 
mask 0.953125 20 38 322 255 
mask 0.65625 125 29 440 257 
mask 0.72265625 138 4 368 150 
nomask 0.9140625 123 172 459 367 
mask 0.65234375 220 35 353 343 
mask 0.88671875 62 294 397 554 
nomask 0.92578125 251 69 419 299 
mask 0.94921875 42 115 189 379 
mask 0.9765625 54 168 322 315 
mask 0.859375 76 129 432 496 
mask 0.6640625 318 97 462 536 
mask 0.91796875 385 4 462 477 
mask 0.97265625 159 106 400 267 
mask 0.94921875 19 457 373 554 
nomask 0.98046875 208 45 462 202 
nomask 0.61328125 148 188 462 554 
mask 0.5703125 239 5 462 554 
mask 0.86328125 332 0 462 215 
mask 0.8828125 141 150 288 391 
mask 0.86328125 83 223 357 360 
mask 0.76171875 299 54 462 360 
mask 0.9453125 408 13 462 387 
mask 0.94140625 237 67 332 206 
nomask 0.98046875 301 105 462 432 
mask 0.9453125 238 187 462 366 
mask 0.90234375 18 229 280 536 
nomask 0.625 93 209 366 509 
mask 0.84765625 186 233 447 533 
nomask 0.78125 253 111 414 356 
mask 0.98046875 49 138 187 439 
mask 0.87890625 106 353 440 554 
nomask 0.95703125 227 171 377 478 
mask 0.95703125 270 224 462 476 
