nomask 0.95703125 0.15420743823051453 0.0075546205043792725 0.8149802684783936 0.7280882596969604 
mask 0.734375 0.2671690583229065 0.0634014755487442 0.6815156936645508 0.5455352067947388 
mask 0.76953125 0.8517708778381348 0.8260655999183655 1.0 1.0 
nomask 0.9453125 0.08261498808860779 0.674403727054596 0.6471657752990723 1.0 
mask 0.59375 0.2771688401699066 0.06766656041145325 1.0 0.4694446623325348 
mask 0.67578125 0.41298747062683105 0.11115521192550659 0.9040496349334717 0.8057921528816223 
mask 0.98046875 0.12391674518585205 0.3023415207862854 0.8511374592781067 0.6788585782051086 
mask 0.8359375 0.17361119389533997 0.15634484589099884 0.6062891483306885 0.6490283608436584 
mask 0.984375 0.723645806312561 0.20683351159095764 1.0 0.9652204513549805 
mask 0.9765625 0.6894193291664124 0.08261498808860779 1.0 0.6471657752990723 
mask 0.96875 0.6361004710197449 0.9048106670379639 1.0 1.0 
nomask 0.8984375 0.7095381021499634 0.6806963682174683 1.0 1.0 
nomask 0.8671875 0.5815350413322449 0.024224579334259033 0.8731122612953186 0.48986947536468506 
mask 0.96484375 0.6054202914237976 0.3204621374607086 0.8969975113868713 0.8862578868865967 
mask 0.953125 0.2892618179321289 0.5106380581855774 0.6141666769981384 0.986471951007843 
mask 0.85546875 0.3722744882106781 0.003575921058654785 0.9049838781356812 0.26295432448387146 
nomask 0.97265625 0.33096641302108765 0.33096641302108765 1.0 1.0 
mask 0.95703125 0.5125018358230591 0.004181504249572754 1.0 1.0 
mask 0.96484375 0.11733093857765198 0.039965346455574036 0.4284704625606537 0.495639443397522 
mask 0.9453125 0.49302035570144653 0.03853592276573181 0.775857150554657 0.6321347951889038 
mask 0.92578125 0.8838831782341003 0.02363443374633789 1.0 0.6995559334754944 
mask 0.56640625 0.5141705274581909 0.12269116193056107 0.7192854881286621 0.37204450368881226 
nomask 0.6796875 0.6519028544425964 0.19071650505065918 1.0 0.7815440893173218 
mask 0.9609375 0.5160501599311829 0.3382387161254883 1.0 0.6618181467056274 
mask 0.97265625 0.040831297636032104 0.41471269726753235 0.6066269874572754 0.968393087387085 
mask 0.921875 0.20147186517715454 0.3776192367076874 0.7922994494438171 0.9194436073303223 
mask 0.90234375 0.40327730774879456 0.4206406772136688 0.9690730571746826 0.9624650478363037 
mask 0.9765625 0.5479228496551514 0.20047056674957275 0.8963881731033325 0.6426162123680115 
mask 0.984375 0.10799849033355713 0.25070956349372864 0.40595585107803345 0.7925339937210083 
mask 0.94921875 0.23094111680984497 0.6380742788314819 0.9536839127540588 1.0 
mask 0.53515625 0.4919605255126953 0.3103868067264557 0.8168654441833496 0.8640671968460083 
mask 0.98046875 0.5845338106155396 0.4051518440246582 1.0 0.8599288463592529 
