mask 0.58203125 0.23762884736061096 0.06702995300292969 0.745387077331543 0.6578575372695923 
mask 0.88671875 0.8503275513648987 0.09996023774147034 0.994911253452301 0.6101001501083374 
mask 0.64453125 0.9491536617279053 0.00377047061920166 0.9975754022598267 0.14062699675559998 
nomask 0.625 0.07410302758216858 0.11826059222221375 0.6179132461547852 0.7648842334747314 
mask 0.74609375 0.7779644727706909 0.09252920746803284 0.9971295595169067 0.7889394760131836 
mask 0.69140625 0.8969880938529968 0.173882856965065 0.9995959401130676 0.5500885248184204 
mask 0.9140625 0.6158422827720642 0.00659450888633728 1.0 0.4421038329601288 
nomask 0.79296875 0.2437560111284256 0.12216058373451233 0.49214524030685425 0.7287483215332031 
mask 0.953125 0.8073337078094482 0.130687415599823 1.0 0.9966688752174377 
mask 0.97265625 0.8344504833221436 0.016458213329315186 1.0 0.8703228235244751 
mask 0.96484375 0.05159136652946472 0.8261599540710449 0.8178693056106567 1.0 
nomask 0.75 0.8125253319740295 0.28608596324920654 0.9888015389442444 0.5890701413154602 
mask 0.64453125 0.8517708778381348 0.8174054026603699 1.0 1.0 
nomask 0.53125 0.9592888355255127 0.10590124875307083 1.0 0.2551352083683014 
nomask 0.5234375 0.6361004710197449 0.9048106670379639 1.0 1.0 
mask 0.76171875 0.4586470127105713 0.12772062420845032 1.0 1.0 
mask 0.96875 0.707190752029419 0.04248496890068054 1.0 0.5727072954177856 
nomask 0.60546875 0.19241710007190704 0.06453874707221985 0.5723978877067566 0.506684422492981 
mask 0.91015625 0.003668069839477539 0.10930228233337402 0.4207259714603424 0.9208368062973022 
mask 0.953125 0.38933324813842773 0.17096638679504395 0.8862189054489136 0.7367621064186096 
mask 0.94921875 0.6619113087654114 0.09871631860733032 1.0 0.6511784195899963 
mask 0.640625 0.1665995717048645 0.004750445485115051 0.9607567191123962 0.5006579160690308 
mask 0.921875 0.29366886615753174 0.06724599003791809 0.6256831288337708 0.5328909158706665 
mask 0.78515625 0.606367826461792 0.00659450888633728 1.0 0.4421038329601288 
nomask 0.76171875 0.8838831782341003 0.02363443374633789 1.0 0.6995559334754944 
mask 0.90234375 0.5141705274581909 0.12269116193056107 0.7192854881286621 0.37204450368881226 
nomask 0.984375 0.6519028544425964 0.19071650505065918 1.0 0.7815440893173218 
mask 0.625 0.5160501599311829 0.3382387161254883 1.0 0.6618181467056274 
mask 0.9765625 0.040831297636032104 0.41471269726753235 0.6066269874572754 0.968393087387085 
mask 0.953125 0.20147186517715454 0.3776192367076874 0.7922994494438171 0.9194436073303223 
mask 0.90625 0.40327730774879456 0.4206406772136688 0.9690730571746826 0.9624650478363037 
mask 0.9609375 0.5479228496551514 0.20047056674957275 0.8963881731033325 0.6426162123680115 
mask 0.984375 0.10799849033355713 0.25070956349372864 0.40595585107803345 0.7925339937210083 
mask 0.96875 0.23094111680984497 0.6380742788314819 0.9536839127540588 1.0 
mask 0.82421875 0.4919605255126953 0.3103868067264557 0.8168654441833496 0.8640671968460083 
mask 0.984375 0.5845338106155396 0.4051518440246582 1.0 0.8599288463592529 
