nomask 0.94921875 114 61 461 587 
mask 0.78515625 243 120 471 466 
mask 0.80859375 230 100 545 632 
mask 0.953125 144 245 590 534 
mask 0.953125 84 219 489 748 
mask 0.83984375 78 1 554 415 
mask 0.859375 172 192 385 573 
mask 0.84765625 505 6 600 675 
mask 0.8125 30 667 480 800 
nomask 0.90625 161 74 389 436 
mask 0.875 511 660 600 800 
nomask 0.90625 397 78 600 520 
mask 0.78125 197 263 600 800 
mask 0.9609375 311 8 600 800 
mask 0.984375 389 723 600 800 
nomask 0.79296875 505 13 600 696 
mask 0.796875 397 78 600 520 
mask 0.78125 30 660 490 800 
nomask 0.80859375 381 723 600 800 
nomask 0.7890625 2 410 600 800 
mask 0.71484375 311 8 600 800 
mask 0.984375 19 427 276 800 
mask 0.83203125 214 246 527 462 
mask 0.92578125 69 402 396 609 
mask 0.94140625 76 183 263 547 
mask 0.98046875 52 539 391 800 
nomask 0.7734375 170 280 298 507 
mask 0.984375 197 263 600 800 
mask 0.9609375 311 87 460 532 
