nomask 0.859375 883 1410 1175 1854 
mask 0.73046875 793 1240 1222 1951 
mask 0.90625 1151 718 2325 2620 
mask 0.58203125 2656 16 3024 3604 
mask 0.7890625 744 2637 2837 4032 
nomask 0.59765625 2439 2444 3024 4032 
nomask 0.5234375 516 1210 2715 2796 
nomask 0.51953125 2549 3295 3024 4032 
nomask 0.84375 735 1408 2243 3554 
nomask 0.77734375 2262 442 3024 3639 
mask 0.69921875 1833 3250 3024 4032 
mask 0.71484375 231 2719 1975 4032 
mask 0.5625 1925 819 3024 3100 
mask 0.77734375 1963 3648 3024 4032 
mask 0.7890625 2656 1182 3001 3967 
mask 0.81640625 609 2056 1530 3893 
mask 0.70703125 382 2181 2679 3666 
mask 0.52734375 700 2650 2304 4032 
nomask 0.5703125 2312 838 3024 3830 
mask 0.5546875 1899 1639 3024 3395 
mask 0.6953125 2003 145 3024 2378 
mask 0.82421875 2121 308 3024 2634 
mask 0.91015625 1708 969 2690 3107 
nomask 0.76171875 2665 150 3024 2817 
mask 0.74609375 226 725 1796 3107 
nomask 0.703125 661 2186 1542 4023 
nomask 0.703125 1963 3648 3024 4032 
mask 0.7890625 1031 1559 1693 2704 
mask 0.51953125 1000 1334 3024 4032 
mask 0.66796875 1549 43 3024 4032 
mask 0.80859375 1560 1363 3024 2668 
nomask 0.8984375 123 1672 1834 3904 
nomask 0.53125 609 1522 2395 3707 
nomask 0.828125 1219 1696 2930 3880 
mask 0.81640625 1656 808 2710 2591 
nomask 0.86328125 326 1010 1227 3195 
mask 0.7890625 698 2572 2883 4032 
nomask 0.69140625 1487 1251 2470 3483 
nomask 0.52734375 1767 1633 3024 3467 
