nomask 0.921875 1321 1507 1507 1811 
mask 0.93359375 1722 2158 1877 2455 
mask 0.921875 866 1787 990 2019 
mask 0.79296875 910 1345 1040 1611 
nomask 0.8984375 2730 1785 2889 2039 
mask 0.609375 899 1259 1044 1501 
nomask 0.875 1627 1575 1786 1859 
nomask 0.68359375 1499 2572 1681 2891 
nomask 0.6484375 1081 1589 1202 1827 
mask 0.58203125 1503 1965 1651 2231 
nomask 0.56640625 1268 1529 1426 1834 
mask 0.98046875 1681 2022 1844 2333 
mask 0.90625 1256 1412 1418 1703 
nomask 0.87890625 1796 2005 1929 2271 
