mask 0.625 0.22196172177791595 0.04180768132209778 0.7207122445106506 0.6097269058227539 
mask 0.625 0.07429924607276917 0.09982284903526306 0.6300088167190552 0.7464464902877808 
mask 0.96484375 0.7742928862571716 0.8538627624511719 1.0 1.0 
nomask 0.96484375 0.04293122887611389 0.8260655999183655 0.8092092275619507 1.0 
nomask 0.85546875 0.9048106670379639 0.6491455435752869 1.0 1.0 
mask 0.61328125 0.8376532793045044 0.002221733331680298 1.0 0.873384952545166 
mask 0.95703125 0.2797129452228546 0.11011776328086853 0.8610526323318481 0.8323023319244385 
mask 0.703125 0.2697732448577881 0.008369624614715576 0.6336552500724792 0.43178272247314453 
mask 0.82421875 0.13170269131660461 0.3016067445278168 0.8433514833450317 0.6544510126113892 
mask 0.984375 0.543183445930481 0.0737886130809784 0.9449615478515625 0.9199826717376709 
nomask 0.796875 0.15379920601844788 0.22945284843444824 0.6506848335266113 0.5837424397468567 
mask 0.984375 0.23172540962696075 0.121880441904068 0.5085058808326721 0.7027685642242432 
mask 0.984375 0.11392684280872345 0.029209986329078674 0.4318745732307434 0.4848840832710266 
mask 0.84375 0.6778792142868042 0.15735849738121033 1.0 0.9803340435028076 
mask 0.8828125 0.12511688470840454 0.003575921058654785 0.6243332624435425 0.26295432448387146 
mask 0.8828125 0.39843159914016724 0.10875052213668823 0.6812683939933777 0.6896386742591858 
mask 0.5703125 0.6619113087654114 0.09871631860733032 1.0 0.6511784195899963 
mask 0.91015625 0.32942816615104675 0.32942816615104675 1.0 1.0 
mask 0.77734375 0.25405043363571167 0.1778922975063324 0.7641903758049011 0.4930577576160431 
mask 0.87890625 0.8517708778381348 0.8174054026603699 1.0 1.0 
nomask 0.62109375 0.5966860055923462 0.8101106286048889 1.0 1.0 
nomask 0.85546875 0.14868050813674927 0.08139657974243164 0.8450908064842224 0.4745714068412781 
mask 0.83203125 0.32942816615104675 0.32942816615104675 1.0 1.0 
mask 0.77734375 0.4501121938228607 0.20511308312416077 0.9944781064987183 0.4701670706272125 
mask 0.578125 0.5125018358230591 0.010808169841766357 1.0 1.0 
nomask 0.71484375 0.5783449411392212 0.36561477184295654 0.8763023614883423 0.8518606424331665 
nomask 0.9453125 0.6619113087654114 0.09871631860733032 1.0 0.6511784195899963 
mask 0.91015625 0.28125298023223877 0.5388450026512146 0.6297182440757751 0.9356368184089661 
mask 0.71875 0.2580660581588745 0.6213436722755432 0.8389542102813721 0.854115903377533 
nomask 0.8515625 0.5750851035118103 0.14213891327381134 0.8795621991157532 0.5978130102157593 
nomask 0.69140625 0.6491455435752869 0.9048106670379639 1.0 1.0 
nomask 0.8828125 0.4428105652332306 0.30836206674575806 0.9755200147628784 0.5734160542488098 
mask 0.9375 0.33526480197906494 0.19405661523342133 0.9288636445999146 0.47689342498779297 
mask 0.640625 0.13019013404846191 0.4609558582305908 1.0 1.0 
mask 0.91796875 0.4458204507827759 0.15909671783447266 0.8426122665405273 0.6208036541938782 
mask 0.84375 0.6200302839279175 0.06369593739509583 0.8684195280075073 0.7251439094543457 
mask 0.859375 0.6628257036209106 0.7565798759460449 1.0 1.0 
nomask 0.875 0.8060598969459534 0.6185199022293091 1.0 1.0 
nomask 0.8359375 0.23296579718589783 0.005853248760104179 0.6802973747253418 0.05191715061664581 
