nomask 0.953125 4 399 36 499 
nomask 0.54296875 389 2 600 343 
mask 0.703125 96 239 533 560 
mask 0.86328125 515 20 600 660 
nomask 0.6796875 35 660 485 800 
nomask 0.73828125 389 723 600 800 
nomask 0.7734375 293 68 575 714 
nomask 0.83984375 442 152 600 785 
nomask 0.79296875 301 204 500 561 
mask 0.6015625 278 80 600 311 
mask 0.66015625 527 24 600 553 
nomask 0.6015625 138 27 512 428 
nomask 0.6796875 356 321 600 677 
mask 0.828125 389 723 600 800 
nomask 0.7734375 429 550 600 800 
mask 0.53125 31 12 356 505 
mask 0.609375 315 66 600 367 
nomask 0.56640625 214 273 576 756 
mask 0.8515625 364 385 600 753 
mask 0.7890625 86 477 509 800 
mask 0.94921875 387 505 600 800 
mask 0.69921875 293 486 552 800 
mask 0.95703125 446 376 600 800 
nomask 0.73046875 258 468 501 759 
mask 0.96484375 414 268 600 723 
nomask 0.66796875 168 561 551 800 
mask 0.9453125 442 567 600 800 
nomask 0.515625 525 34 600 647 
nomask 0.67578125 536 529 600 800 
mask 0.6484375 393 11 600 463 
mask 0.63671875 217 152 517 383 
