mask 0.984375 551 213 782 410 
nomask 0.6796875 587 247 744 387 
mask 0.7265625 480 151 877 482 
mask 0.67578125 600 221 735 339 
mask 0.7109375 682 243 903 445 
nomask 0.6953125 429 205 664 425 
nomask 0.9375 557 286 692 417 
mask 0.9140625 228 3 1245 450 
nomask 0.984375 827 6 1280 416 
nomask 0.84765625 705 142 1171 576 
nomask 0.828125 884 322 1280 868 
nomask 0.89453125 555 291 1170 943 
nomask 0.75390625 191 653 1100 960 
mask 0.89453125 363 382 860 789 
nomask 0.5234375 368 667 1167 960 
mask 0.7265625 1030 134 1280 947 
nomask 0.9375 934 681 1280 960 
nomask 0.65625 1121 32 1280 768 
nomask 0.62890625 1089 793 1280 960 
nomask 0.76953125 830 868 1280 960 
nomask 0.921875 401 438 782 895 
mask 0.7734375 837 295 1280 866 
mask 0.63671875 239 588 967 827 
mask 0.9609375 1034 116 1280 960 
nomask 0.94140625 12 570 582 960 
mask 0.8125 186 775 1280 960 
nomask 0.6015625 763 773 1280 960 
nomask 0.91015625 459 284 1141 561 
nomask 0.82421875 423 317 1280 960 
nomask 0.62109375 656 10 1280 960 
nomask 0.66796875 660 324 1280 635 
nomask 0.96484375 52 398 776 929 
nomask 0.5 257 362 1014 882 
mask 0.58984375 516 403 1240 923 
nomask 0.65234375 701 192 1147 616 
nomask 0.83203125 138 240 519 760 
nomask 0.6796875 295 612 1220 960 
mask 0.6015625 629 297 1045 829 
nomask 0.58984375 748 388 1280 825 
