mask 0.984375 263 163 710 857 
mask 0.984375 183 47 908 1147 
mask 0.921875 372 45 670 568 
nomask 0.52734375 762 62 960 1025 
mask 0.76171875 658 211 960 1264 
mask 0.890625 61 1016 753 1280 
mask 0.72265625 809 1046 960 1280 
nomask 0.53125 419 141 881 992 
mask 0.984375 394 13 804 420 
nomask 0.8984375 64 37 637 653 
mask 0.62109375 610 1158 960 1280 
nomask 0.8984375 51 209 560 965 
mask 0.97265625 191 294 777 859 
mask 0.984375 158 446 807 1274 
mask 0.984375 316 147 576 891 
mask 0.97265625 497 13 960 1280 
mask 0.984375 399 130 653 857 
mask 0.98046875 549 517 960 1112 
mask 0.984375 214 880 896 1280 
mask 0.9765625 674 871 960 1280 
mask 0.609375 529 246 864 812 
mask 0.98046875 727 92 941 996 
mask 0.671875 355 385 712 893 
mask 0.984375 228 531 836 822 
mask 0.97265625 317 423 960 1280 
mask 0.984375 28 0 485 365 
nomask 0.65625 518 73 853 570 
mask 0.52734375 414 133 959 465 
nomask 0.83984375 697 37 948 620 
nomask 0.859375 104 114 378 736 
mask 0.8515625 118 259 676 599 
mask 0.9609375 630 17 960 742 
nomask 0.5078125 348 244 827 614 
