nomask 0.87109375 208 346 806 1254 
mask 0.73046875 290 168 766 974 
mask 0.6171875 407 278 948 1196 
mask 0.640625 116 475 624 1354 
mask 0.875 215 362 606 1047 
mask 0.53515625 491 510 988 1408 
mask 0.85546875 7 182 477 1301 
mask 0.984375 6 851 486 1440 
mask 0.91015625 47 43 647 935 
nomask 0.72265625 303 980 992 1440 
nomask 0.58984375 766 959 1080 1440 
mask 0.69140625 498 62 974 903 
nomask 0.70703125 644 1160 1080 1440 
mask 0.890625 919 11 1080 1215 
mask 0.703125 55 1177 865 1440 
mask 0.73828125 297 434 872 860 
nomask 0.8125 919 1164 1080 1440 
mask 0.6171875 355 474 1080 1440 
mask 0.71484375 559 15 1080 1440 
mask 0.8984375 5 762 757 1316 
mask 0.78125 546 251 832 1125 
nomask 0.86328125 135 1046 937 1440 
mask 0.8359375 338 463 664 1300 
nomask 0.62109375 159 343 421 1236 
mask 0.9375 470 578 855 1201 
mask 0.70703125 701 142 1080 937 
mask 0.94921875 796 287 1080 1379 
mask 0.9609375 40 721 513 1440 
mask 0.8828125 670 1302 1080 1440 
nomask 0.546875 265 1021 1000 1440 
mask 0.703125 631 582 1080 1251 
mask 0.5078125 758 990 1080 1440 
mask 0.73828125 531 55 829 948 
nomask 0.62109375 349 30 1022 769 
nomask 0.703125 156 663 1080 1440 
mask 0.75 553 6 1080 1440 
mask 0.890625 181 740 850 1098 
mask 0.91015625 482 576 892 1213 
mask 0.69921875 653 469 968 1283 
mask 0.83984375 185 531 623 1182 
