nomask 0.75390625 109 110 1017 1440 
nomask 0.87890625 250 341 744 1107 
nomask 0.58203125 295 604 688 1163 
nomask 0.72265625 40 314 503 1186 
mask 0.58203125 38 81 649 989 
mask 0.5625 329 310 658 925 
mask 0.5390625 63 547 624 1398 
mask 0.55078125 192 257 576 854 
nomask 0.58203125 465 552 712 979 
nomask 0.921875 267 454 541 1309 
mask 0.7734375 799 240 1080 1374 
mask 0.90625 310 306 873 696 
nomask 0.671875 280 969 1000 1440 
mask 0.9140625 644 1159 1080 1440 
mask 0.93359375 870 876 1080 1440 
mask 0.62890625 442 213 723 997 
mask 0.52734375 857 63 1080 1123 
mask 0.671875 17 1207 978 1440 
mask 0.98046875 919 1177 1080 1440 
mask 0.7421875 532 251 818 1106 
nomask 0.59765625 217 780 546 1422 
mask 0.63671875 686 1302 1080 1440 
mask 0.5078125 336 732 651 1361 
nomask 0.703125 140 663 1080 1440 
mask 0.734375 90 416 441 1147 
mask 0.6171875 338 450 1080 1440 
nomask 0.859375 284 907 872 1235 
nomask 0.5703125 145 560 720 994 
nomask 0.5 94 971 704 1440 
mask 0.875 10 723 483 1440 
mask 0.8515625 496 175 1080 1440 
nomask 0.671875 103 287 411 839 
mask 0.89453125 671 589 798 782 
nomask 0.9609375 592 407 795 758 
nomask 0.921875 629 527 740 716 
nomask 0.68359375 621 204 949 860 
nomask 0.87109375 701 1302 1080 1440 
nomask 0.71484375 478 444 1053 825 
nomask 0.58984375 362 279 1003 686 
nomask 0.6875 140 663 1080 1440 
mask 0.734375 481 229 910 893 
nomask 0.66015625 669 91 937 1044 
nomask 0.6796875 715 1089 1080 1440 
mask 0.9140625 870 890 1080 1440 
mask 0.70703125 251 8 734 74 
