nomask 0.70703125 319 517 957 1237 
mask 0.96484375 36 360 759 1339 
mask 0.984375 184 311 1087 1508 
mask 0.98046875 1628 22 1920 1658 
mask 0.984375 1635 1586 1920 1920 
mask 0.796875 312 6 1804 979 
mask 0.90625 1429 397 1920 1853 
mask 0.9453125 98 1586 1537 1920 
nomask 0.67578125 827 148 1588 1035 
mask 0.8984375 582 138 1233 1013 
mask 0.9375 1221 1737 1920 1920 
nomask 0.54296875 428 1225 1816 1920 
nomask 0.62109375 819 512 1581 1361 
mask 0.796875 6 579 463 1822 
mask 0.9765625 1140 779 1920 1633 
mask 0.609375 1 1205 875 1920 
mask 0.96484375 1362 1306 1920 1920 
nomask 0.80859375 6 216 824 1808 
mask 0.984375 880 226 1920 1920 
mask 0.7734375 8 984 1920 1920 
mask 0.83984375 472 259 949 1424 
mask 0.921875 383 200 1451 732 
mask 0.51171875 1442 194 1920 1749 
mask 0.96875 431 657 1517 1791 
mask 0.97265625 938 1167 1766 1920 
nomask 0.859375 1430 903 1920 1920 
mask 0.5546875 825 1124 1604 1822 
nomask 0.859375 1326 644 1920 1736 
mask 0.91796875 539 1348 1764 1920 
nomask 0.87890625 1415 1362 1920 1920 
nomask 0.62890625 1683 82 1920 1553 
mask 0.98046875 1716 1270 1920 1920 
mask 0.8203125 1260 26 1920 1113 
mask 0.97265625 696 366 1654 921 
