mask 0.53515625 477 455 1477 1594 
mask 0.9609375 70 566 1234 1920 
mask 0.9296875 597 413 1208 1233 
mask 0.84765625 746 700 1764 1810 
mask 0.98046875 438 575 1133 1469 
mask 0.91015625 786 527 1484 1322 
mask 0.88671875 428 1394 1876 1920 
mask 0.90234375 1556 1164 1920 1920 
nomask 0.69921875 155 93 1756 1702 
mask 0.96875 1616 15 1920 1620 
mask 0.51171875 95 34 1162 1223 
mask 0.9296875 98 1586 1537 1920 
nomask 0.8046875 1635 1569 1920 1920 
nomask 0.63671875 876 82 1740 1204 
mask 0.578125 554 404 1577 924 
mask 0.75 632 632 1920 1920 
mask 0.98046875 77 607 1385 1300 
mask 0.5859375 995 20 1920 1920 
mask 0.8984375 525 600 1862 1307 
mask 0.76171875 255 998 1652 1786 
mask 0.95703125 1164 1547 1920 1920 
mask 0.78515625 1270 189 1920 1250 
mask 0.58984375 12 175 848 1802 
mask 0.88671875 1246 1737 1920 1920 
nomask 0.50390625 394 323 1004 1179 
mask 0.796875 1335 370 1920 1826 
mask 0.6484375 249 885 1920 1920 
mask 0.97265625 161 555 784 1530 
mask 0.83984375 600 600 1920 1920 
mask 0.96875 505 1210 1550 1647 
mask 0.94140625 258 746 1281 1326 
mask 0.859375 168 1294 1252 1920 
mask 0.80859375 19 964 860 1920 
mask 0.828125 882 234 1920 1920 
mask 0.96875 183 383 731 1119 
mask 0.890625 1194 786 1419 1043 
nomask 0.921875 1053 543 1414 1011 
mask 0.50390625 1118 703 1317 955 
nomask 0.72265625 1104 272 1688 1147 
nomask 0.703125 1246 1737 1920 1920 
nomask 0.50390625 850 592 1872 1100 
nomask 0.55078125 643 372 1783 915 
mask 0.81640625 249 885 1920 1920 
mask 0.97265625 855 305 1617 1191 
nomask 0.5625 1190 122 1667 1392 
nomask 0.73046875 1272 1452 1920 1920 
nomask 0.5703125 1547 1187 1920 1920 
nomask 0.75390625 447 11 1306 99 
