nomask 0.5546875 735 1041 1234 1833 
mask 0.8984375 797 1101 1153 1652 
mask 0.8515625 643 857 1372 2013 
nomask 0.8984375 799 966 1704 2371 
nomask 0.6328125 811 1389 1152 1918 
mask 0.984375 310 828 1376 2448 
mask 0.765625 613 816 1157 1718 
mask 0.82421875 717 1060 1036 1600 
mask 0.59375 897 142 2123 1887 
nomask 0.8046875 1000 1334 3024 4032 
nomask 0.94921875 32 2066 3024 4032 
mask 0.75390625 1549 16 3024 4032 
nomask 0.984375 831 620 1835 2458 
mask 0.50390625 1760 23 3024 1818 
nomask 0.9765625 635 544 2738 3669 
nomask 0.6796875 1557 1243 2358 3535 
nomask 0.859375 2548 33 3024 3402 
nomask 0.61328125 154 3331 2422 4032 
mask 0.6484375 2575 3295 3024 4032 
nomask 0.8828125 1804 3266 3024 4032 
nomask 0.57421875 449 328 2555 1913 
nomask 0.76953125 996 1328 3024 4032 
nomask 0.9609375 1361 827 3007 1895 
nomask 0.984375 1549 43 3024 4032 
nomask 0.984375 1748 1474 2649 3434 
nomask 0.96875 2001 398 3024 2625 
nomask 0.984375 850 2172 1904 3772 
mask 0.796875 780 2505 2536 3443 
nomask 0.54296875 1739 573 2659 2410 
nomask 0.94140625 1963 3648 3024 4032 
nomask 0.58203125 1339 1243 2949 2312 
nomask 0.984375 1013 782 2808 1922 
nomask 0.984375 393 1858 3024 4032 
mask 0.53515625 1348 641 2548 2503 
nomask 0.9765625 1874 256 2626 2923 
nomask 0.953125 2004 3050 3024 4032 
mask 0.52734375 2437 2493 3024 4032 
nomask 0.921875 704 23 2057 209 
