nomask 0.5390625 719 895 1560 1874 
mask 0.90625 938 789 1523 1626 
mask 0.92578125 768 496 1789 1765 
mask 0.96875 548 545 1462 1631 
mask 0.82421875 566 1198 1764 1920 
mask 0.984375 691 1270 1837 1920 
mask 0.98046875 964 1010 1687 1920 
mask 0.921875 1409 355 1920 1834 
mask 0.75 857 1149 1815 1692 
mask 0.81640625 1348 1293 1920 1920 
mask 0.9140625 559 1340 1361 1900 
mask 0.97265625 632 632 1920 1920 
mask 0.9765625 8 984 1920 1920 
mask 0.93359375 995 20 1920 1920 
mask 0.8984375 579 798 1602 1307 
mask 0.51171875 822 681 1299 1726 
mask 0.98046875 1187 583 1653 1699 
nomask 0.765625 672 1584 1474 1920 
mask 0.94140625 861 977 1862 1508 
mask 0.58984375 1034 1154 1455 1632 
mask 0.9765625 300 791 1141 1728 
mask 0.953125 408 1038 980 1876 
mask 0.94921875 492 1154 1493 1686 
mask 0.88671875 675 902 1184 1920 
mask 0.9765625 444 977 1466 1508 
mask 0.61328125 1241 850 1920 1846 
mask 0.9609375 1436 588 1920 1920 
mask 0.67578125 458 661 1361 1807 
mask 0.8515625 505 1210 1550 1647 
mask 0.8671875 258 746 1281 1326 
mask 0.8515625 168 1294 1252 1920 
mask 0.8046875 19 964 860 1920 
mask 0.703125 882 234 1920 1920 
mask 0.98046875 183 383 731 1119 
nomask 0.55078125 1194 786 1419 1043 
mask 0.5078125 1053 543 1414 1011 
mask 0.5625 1118 703 1317 955 
mask 0.78515625 1104 272 1688 1147 
nomask 0.671875 1246 1737 1920 1920 
mask 0.57421875 850 592 1872 1100 
nomask 0.640625 643 372 1783 915 
mask 0.59765625 249 885 1920 1920 
mask 0.96875 855 305 1617 1191 
nomask 0.93359375 1190 122 1667 1392 
nomask 0.9140625 1272 1452 1920 1920 
mask 0.72265625 1547 1187 1920 1920 
mask 0.625 447 11 1306 99 
