nomask 0.95703125 0.24596285820007324 0.04335179924964905 0.9119833707809448 0.8183333873748779 
nomask 0.796875 0.08659011125564575 0.12239444255828857 0.666885256767273 0.7976258993148804 
nomask 0.94140625 0.0004952400922775269 0.17163747549057007 0.4789326786994934 0.9096245169639587 
mask 0.78125 0.009451434016227722 0.6506227850914001 0.3139285445213318 1.0 
nomask 0.55078125 0.8585396409034729 0.025980472564697266 1.0 0.8261599540710449 
nomask 0.65625 0.06440657377243042 0.8014559745788574 0.784940242767334 1.0 
nomask 0.5625 0.7010958194732666 0.19745796918869019 1.0 1.0 
nomask 0.56640625 0.692861795425415 0.6544118523597717 1.0 1.0 
nomask 0.609375 0.8188556432723999 0.04846775531768799 1.0 0.8008790612220764 
nomask 0.515625 0.45186829566955566 0.030056267976760864 0.7985714673995972 0.5378144979476929 
nomask 0.875 0.06782394647598267 0.8261599540710449 0.8016367554664612 1.0 
mask 0.69921875 0.7844611406326294 0.8522942066192627 1.0 1.0 
nomask 0.6875 0.11122281849384308 0.08873176574707031 0.45050209760665894 0.6189541220664978 
nomask 0.76171875 0.13170269131660461 0.3054843544960022 0.8433514833450317 0.6820013523101807 
nomask 0.984375 0.8997822999954224 0.6491455435752869 1.0 1.0 
nomask 0.7265625 0.29539430141448975 0.4514836072921753 0.6133420467376709 0.9273175001144409 
nomask 0.6953125 0.6544971466064453 0.12350937724113464 1.0 0.9828948974609375 
mask 0.6171875 0.23828372359275818 0.6877502202987671 0.9337701797485352 1.0 
mask 0.56640625 0.8067739605903625 0.6209902763366699 1.0 1.0 
nomask 0.72265625 0.8365952968597412 0.011548817157745361 1.0 0.8640578389167786 
nomask 0.54296875 0.39410489797592163 0.4518301784992218 0.8821757435798645 0.9726463556289673 
mask 0.765625 0.07326966524124146 0.00858771800994873 0.6924975514411926 0.74488765001297 
nomask 0.94140625 0.8092923164367676 0.11853528022766113 1.0 0.9845167398452759 
nomask 0.640625 0.8513148427009583 0.8261599540710449 1.0 1.0 
nomask 0.51171875 0.6491455435752869 0.9048106670379639 1.0 1.0 
nomask 0.8515625 0.6519028544425964 0.03007596731185913 1.0 0.5958716869354248 
nomask 0.90625 0.665897786617279 0.19318123161792755 0.9924539923667908 0.664991021156311 
nomask 0.8515625 0.12654703855514526 0.2991393804550171 0.8859413266181946 0.7009174823760986 
nomask 0.984375 0.29588595032691956 0.0802377462387085 1.0 0.48201584815979004 
nomask 0.9140625 0.2979981303215027 0.25143876671791077 0.637277364730835 0.727272629737854 
nomask 0.83984375 0.2942745089530945 0.0005302652716636658 0.46056610345840454 0.05109421908855438 
nomask 0.88671875 0.43016523122787476 0.5854707956314087 0.8356394171714783 0.9493527412414551 
mask 0.53515625 0.6907345056533813 0.33552342653274536 1.0 0.9044148325920105 
mask 0.50390625 0.2812331020832062 0.7024832367897034 0.9190361499786377 1.0 
mask 0.78515625 0.737156867980957 0.7095370888710022 1.0 1.0 
nomask 0.59375 0.8766635656356812 0.04293122887611389 1.0 0.8092092275619507 
nomask 0.703125 0.8938673734664917 0.6619113087654114 1.0 1.0 
nomask 0.68359375 0.6565747857093811 0.013942927122116089 1.0 0.5797386169433594 
nomask 0.84375 0.36276116967201233 0.19096216559410095 0.8619775772094727 0.47998788952827454 
