mask 0.859375 30 17 286 406 
nomask 0.984375 33 12 63 58 
mask 0.546875 0 11 6 67 
nomask 0.54296875 2 42 138 397 
nomask 0.984375 91 129 247 258 
nomask 0.984375 58 190 249 396 
nomask 0.984375 97 92 194 275 
nomask 0.984375 18 162 184 415 
nomask 0.984375 56 76 170 253 
nomask 0.984375 137 164 211 291 
mask 0.64453125 79 135 160 389 
nomask 0.78515625 236 71 320 408 
mask 0.9453125 92 91 258 207 
nomask 0.9453125 83 288 296 428 
nomask 0.78125 190 344 320 428 
mask 0.546875 257 260 320 428 
mask 0.7890625 131 63 214 296 
mask 0.5703125 254 18 320 334 
mask 0.84375 5 358 289 428 
mask 0.5625 272 349 320 428 
nomask 0.65234375 157 74 242 328 
nomask 0.7734375 64 231 161 422 
nomask 0.57421875 203 387 320 428 
nomask 0.92578125 99 217 192 404 
nomask 0.89453125 41 197 320 428 
nomask 0.984375 26 123 130 341 
nomask 0.96875 100 133 320 428 
nomask 0.984375 84 269 258 367 
nomask 0.9609375 43 166 213 295 
nomask 0.984375 28 288 208 428 
nomask 0.58984375 3 215 143 428 
nomask 0.96484375 147 52 320 428 
nomask 0.984375 30 85 121 249 
nomask 0.8984375 199 175 236 232 
nomask 0.515625 175 121 235 225 
mask 0.59375 186 156 219 213 
nomask 0.82421875 184 60 281 255 
nomask 0.87890625 207 387 320 428 
nomask 0.9140625 141 131 312 245 
nomask 0.97265625 107 83 297 204 
nomask 0.96875 41 197 320 428 
nomask 0.984375 142 68 269 265 
nomask 0.96484375 198 27 277 310 
mask 0.83203125 212 323 320 428 
mask 0.74609375 257 264 320 428 
mask 0.73046875 74 2 217 22 
