mask 0.640625 51 15 304 406 
nomask 0.984375 19 348 254 433 
mask 0.51953125 283 18 327 357 
nomask 0.50390625 2 267 144 433 
mask 0.6328125 106 291 296 433 
nomask 0.97265625 238 301 327 433 
nomask 0.93359375 80 97 236 338 
nomask 0.984375 19 64 196 337 
nomask 0.984375 278 353 327 433 
mask 0.60546875 44 349 327 433 
nomask 0.76171875 32 76 134 300 
nomask 0.921875 241 89 327 417 
mask 0.83984375 195 173 327 370 
nomask 0.93359375 156 143 314 419 
nomask 0.9765625 212 391 327 433 
nomask 0.94140625 209 181 327 426 
nomask 0.6484375 128 195 288 421 
nomask 0.984375 23 3 226 322 
nomask 0.984375 264 51 327 426 
mask 0.8984375 278 357 327 433 
mask 0.84375 212 391 327 433 
nomask 0.94140625 213 13 327 258 
mask 0.828125 217 83 324 287 
nomask 0.6875 41 129 289 303 
nomask 0.984375 96 34 327 208 
nomask 0.984375 97 108 208 314 
nomask 0.94921875 96 0 150 22 
nomask 0.6484375 140 253 273 411 
nomask 0.9140625 225 145 327 391 
nomask 0.91796875 91 304 300 433 
nomask 0.984375 241 307 327 433 
nomask 0.65625 286 18 327 350 
mask 0.6875 292 286 327 433 
mask 0.8984375 214 6 327 251 
mask 0.796875 118 82 281 207 
