mask 0.984375 333 248 613 575 
nomask 0.984375 364 41 905 673 
nomask 0.96484375 225 215 672 785 
nomask 0.984375 579 773 956 960 
mask 0.89453125 82 98 572 841 
nomask 0.95703125 845 41 956 776 
mask 0.8671875 759 812 956 960 
mask 0.94921875 771 582 956 960 
mask 0.984375 55 783 744 960 
mask 0.92578125 854 635 956 960 
mask 0.9765625 170 5 930 432 
nomask 0.83984375 89 187 406 731 
nomask 0.51953125 205 597 911 960 
mask 0.72265625 724 227 956 924 
mask 0.98046875 363 300 674 710 
nomask 0.984375 24 25 491 536 
nomask 0.91796875 184 94 716 372 
nomask 0.68359375 306 326 956 960 
nomask 0.60546875 497 241 669 465 
nomask 0.7890625 690 114 956 795 
mask 0.83203125 264 314 685 875 
nomask 0.94921875 579 6 956 424 
mask 0.65625 844 22 956 671 
mask 0.7265625 491 117 687 357 
mask 0.58984375 623 183 956 750 
mask 0.859375 493 324 956 635 
nomask 0.97265625 39 398 579 929 
nomask 0.5234375 192 362 757 882 
nomask 0.765625 385 403 926 923 
mask 0.796875 523 192 856 616 
nomask 0.640625 103 240 388 760 
mask 0.67578125 220 612 911 960 
mask 0.79296875 470 297 780 829 
nomask 0.89453125 558 388 956 825 
