mask 0.8125 59 23 297 393 
nomask 0.984375 306 153 319 225 
mask 0.66796875 104 302 286 428 
nomask 0.77734375 242 287 320 428 
nomask 0.55859375 233 27 320 280 
mask 0.9375 18 344 249 428 
mask 0.85546875 272 353 320 428 
nomask 0.984375 93 134 199 321 
nomask 0.9375 123 72 273 310 
nomask 0.984375 57 3 311 206 
nomask 0.984375 34 79 136 306 
nomask 0.82421875 2 264 141 428 
nomask 0.9609375 46 345 320 428 
mask 0.77734375 194 344 320 428 
mask 0.796875 197 173 320 364 
nomask 0.984375 118 148 307 406 
nomask 0.984375 40 43 193 281 
nomask 0.98046875 287 4 320 369 
mask 0.82421875 207 387 320 428 
nomask 0.9453125 166 107 224 207 
nomask 0.6328125 231 50 320 354 
mask 0.76171875 88 140 229 390 
nomask 0.984375 194 2 320 189 
nomask 0.7109375 282 10 320 299 
mask 0.51171875 164 52 230 159 
mask 0.5859375 208 81 320 334 
nomask 0.984375 165 144 320 283 
nomask 0.95703125 13 177 194 414 
nomask 0.98046875 64 161 253 393 
nomask 0.984375 129 180 310 411 
nomask 0.984375 175 85 286 275 
nomask 0.984375 34 107 129 339 
nomask 0.796875 73 273 305 428 
nomask 0.9765625 157 132 261 369 
nomask 0.984375 187 173 320 368 
