mask 0.625 32 32 301 428 
nomask 0.984375 74 101 220 329 
nomask 0.984375 87 179 203 345 
nomask 0.9609375 11 93 149 352 
nomask 0.97265625 11 24 192 294 
nomask 0.984375 97 92 194 275 
mask 0.5625 18 162 184 415 
nomask 0.984375 56 76 170 253 
mask 0.5703125 137 164 211 291 
mask 0.6953125 79 135 160 389 
mask 0.640625 236 71 320 408 
mask 0.7734375 92 91 258 207 
nomask 0.83203125 83 288 296 428 
nomask 0.984375 190 344 320 428 
mask 0.86328125 257 260 320 428 
nomask 0.984375 131 63 214 296 
mask 0.70703125 254 18 320 334 
mask 0.50390625 5 358 289 428 
mask 0.59765625 272 349 320 428 
nomask 0.97265625 157 74 242 328 
mask 0.59375 64 231 161 422 
nomask 0.93359375 203 387 320 428 
nomask 0.5 99 217 192 404 
nomask 0.96484375 41 197 320 428 
nomask 0.984375 26 123 130 341 
nomask 0.796875 100 133 320 428 
nomask 0.984375 84 269 258 367 
nomask 0.984375 43 166 213 295 
nomask 0.984375 28 288 208 428 
nomask 0.984375 3 215 143 428 
nomask 0.984375 147 52 320 428 
nomask 0.984375 30 85 121 249 
mask 0.8984375 199 175 236 232 
nomask 0.94140625 175 121 235 225 
mask 0.88671875 186 156 219 213 
nomask 0.5 184 60 281 255 
nomask 0.88671875 207 387 320 428 
mask 0.5546875 141 131 312 245 
nomask 0.94921875 107 83 297 204 
nomask 0.8046875 41 197 320 428 
nomask 0.984375 142 68 269 265 
nomask 0.9609375 198 27 277 310 
mask 0.6796875 212 323 320 428 
mask 0.6796875 257 264 320 428 
nomask 0.984375 74 2 217 22 
