mask 0.796875 327 217 436 386 
mask 0.84765625 176 284 506 784 
nomask 0.72265625 46 771 565 960 
mask 0.94921875 90 52 625 463 
nomask 0.984375 613 784 720 960 
nomask 0.79296875 93 442 720 960 
mask 0.8046875 301 3 663 684 
nomask 0.703125 325 127 720 960 
mask 0.6484375 302 255 564 718 
mask 0.5859375 467 868 720 960 
nomask 0.80078125 212 146 468 666 
nomask 0.70703125 24 360 441 915 
mask 0.76171875 272 59 501 568 
nomask 0.609375 121 474 557 734 
nomask 0.62890625 192 297 716 650 
nomask 0.96484375 66 706 662 960 
mask 0.8828125 121 512 401 910 
mask 0.91015625 35 592 522 836 
mask 0.9140625 212 433 441 890 
mask 0.9375 471 118 720 943 
mask 0.56640625 171 660 672 960 
mask 0.76171875 580 596 720 960 
nomask 0.578125 602 11 720 829 
nomask 0.515625 283 433 635 933 
mask 0.9140625 52 8 498 715 
nomask 0.97265625 582 113 720 945 
mask 0.81640625 612 793 720 960 
nomask 0.88671875 467 868 720 960 
nomask 0.80078125 469 28 720 572 
nomask 0.85546875 479 185 714 638 
nomask 0.9140625 91 287 637 672 
nomask 0.89453125 213 77 720 462 
nomask 0.984375 214 241 458 698 
nomask 0.9453125 211 0 331 49 
nomask 0.5546875 309 562 601 911 
mask 0.9453125 497 322 720 868 
mask 0.9453125 202 674 661 960 
mask 0.78125 530 681 720 960 
nomask 0.96875 631 41 720 776 
mask 0.87109375 643 635 720 960 
mask 0.79296875 472 13 720 556 
nomask 0.90625 261 183 620 460 
