nomask 0.984375 29 21 153 210 
nomask 0.984375 172 5 192 223 
nomask 0.87890625 98 114 160 213 
mask 0.6796875 12 38 97 168 
nomask 0.875 55 66 135 188 
mask 0.63671875 38 88 80 155 
mask 0.640625 16 176 125 262 
nomask 0.59765625 43 37 100 196 
mask 0.87109375 65 63 134 187 
mask 0.69921875 51 50 153 131 
nomask 0.55078125 76 11 171 233 
mask 0.57421875 121 71 192 237 
nomask 0.515625 44 165 180 262 
mask 0.76953125 131 169 192 262 
nomask 0.78125 127 25 192 170 
mask 0.609375 61 86 192 262 
nomask 0.92578125 2 134 192 262 
nomask 0.68359375 37 28 143 99 
mask 0.796875 2 81 136 175 
mask 0.53515625 52 82 189 176 
nomask 0.50390625 43 85 147 240 
nomask 0.80078125 20 11 77 131 
nomask 0.9609375 14 47 114 201 
nomask 0.95703125 41 142 97 261 
mask 0.94921875 124 237 192 262 
nomask 0.703125 65 101 107 175 
nomask 0.55859375 63 86 192 262 
nomask 0.859375 98 2 192 262 
mask 0.75390625 99 88 192 173 
mask 0.7890625 7 108 116 253 
nomask 0.78125 38 98 152 240 
nomask 0.98046875 77 110 186 252 
nomask 0.6953125 105 52 172 168 
mask 0.921875 20 65 77 207 
nomask 0.87890625 44 167 183 262 
mask 0.6640625 94 81 156 226 
mask 0.7890625 112 106 192 225 
