nomask 0.6796875 45 4 301 398 
nomask 0.984375 45 3 299 222 
nomask 0.984375 29 19 198 270 
nomask 0.984375 254 20 320 346 
mask 0.921875 251 369 320 433 
nomask 0.7421875 1 365 286 433 
mask 0.75 289 281 320 433 
mask 0.65625 169 27 298 378 
nomask 0.96875 57 138 256 412 
nomask 0.984375 73 33 160 285 
nomask 0.74609375 229 85 320 421 
mask 0.9765625 71 272 302 433 
nomask 0.984375 216 279 320 433 
mask 0.9765625 65 120 174 326 
nomask 0.97265625 28 292 208 433 
nomask 0.640625 3 221 320 433 
nomask 0.984375 207 42 320 281 
nomask 0.9609375 190 173 320 370 
nomask 0.80078125 207 391 320 433 
nomask 0.8828125 220 35 320 280 
mask 0.640625 207 391 320 433 
nomask 0.8828125 282 16 320 302 
mask 0.91015625 24 77 190 333 
nomask 0.984375 69 234 163 432 
mask 0.6015625 207 391 320 433 
nomask 0.8828125 109 167 179 290 
nomask 0.51953125 105 143 320 433 
nomask 0.984375 164 4 320 433 
nomask 0.96875 165 146 320 286 
nomask 0.98046875 13 179 194 419 
nomask 0.98046875 64 163 253 398 
nomask 0.984375 129 182 310 416 
nomask 0.984375 175 86 286 278 
nomask 0.9375 34 108 129 343 
nomask 0.56640625 73 276 305 433 
nomask 0.984375 157 134 261 374 
mask 0.53515625 187 175 320 372 
