mask 0.75390625 0.25330784916877747 0.09583836793899536 0.7189527750015259 0.6376627683639526 
nomask 0.984375 0.03007596731185913 0.04832598567008972 0.5958716869354248 0.7066859006881714 
nomask 0.94921875 0.059163808822631836 0.8347256779670715 0.7929766178131104 1.0 
mask 0.796875 0.2736697196960449 0.4622753858566284 0.6146733164787292 0.8261573314666748 
mask 0.65234375 0.8845201134681702 0.04293122887611389 1.0 0.8092092275619507 
mask 0.73828125 0.8513148427009583 0.8348201513290405 1.0 1.0 
mask 0.51953125 0.007118254899978638 0.21212723851203918 0.2631833553314209 0.8848930597305298 
nomask 0.66015625 0.6826603412628174 0.31938204169273376 1.0 0.9007216691970825 
mask 0.94140625 0.7118021845817566 0.23133155703544617 0.9976422190666199 1.0 
mask 0.984375 0.805241584777832 0.14283955097198486 1.0 1.0 
mask 0.90234375 0.007206574082374573 0.6185199022293091 0.4333903193473816 1.0 
mask 0.609375 0.7492597699165344 0.06958910822868347 0.9976490139961243 0.7455105781555176 
mask 0.8828125 0.8642381429672241 0.19002440571784973 0.9939908981323242 0.8807361125946045 
mask 0.640625 0.32929930090904236 0.6907345056533813 0.9106389284133911 1.0 
mask 0.640625 0.1137896180152893 0.8032829761505127 1.0 1.0 
mask 0.8359375 0.7301030158996582 0.6951964497566223 1.0 1.0 
mask 0.89453125 0.6491455435752869 0.9048106670379639 1.0 1.0 
mask 0.64453125 0.43767374753952026 0.39613908529281616 0.9454320073127747 0.9869666695594788 
mask 0.875 0.6491455435752869 0.9048106670379639 1.0 1.0 
mask 0.64453125 0.8513148427009583 0.8174054026603699 1.0 1.0 
nomask 0.53515625 0.37788325548171997 0.573650062084198 0.7417652010917664 0.9536308646202087 
mask 0.765625 0.606367826461792 0.40191948413848877 1.0 0.8469583988189697 
mask 0.9453125 0.35813385248184204 0.720924973487854 0.7464291453361511 1.0 
mask 0.63671875 0.4591543972492218 0.33698520064353943 0.9193419218063354 0.9339574575424194 
mask 0.9140625 0.20038923621177673 0.6018404960632324 0.7933820486068726 1.0 
mask 0.71484375 0.400704026222229 0.6165323853492737 0.9685733318328857 1.0 
mask 0.83984375 0.6491455435752869 0.9048106670379639 1.0 1.0 
mask 0.64453125 0.49251681566238403 0.11552509665489197 0.7633705735206604 0.709123969078064 
mask 0.74609375 0.6491455435752869 0.09871631860733032 1.0 0.6511784195899963 
nomask 0.55078125 0.4254957437515259 0.10249480605125427 1.0 0.36187320947647095 
mask 0.921875 0.33096641302108765 0.33096641302108765 1.0 1.0 
mask 0.51171875 0.010808169841766357 0.5125018358230591 1.0 1.0 
nomask 0.54296875 0.5125018358230591 0.010808169841766357 1.0 1.0 
mask 0.97265625 0.33617979288101196 0.19262611865997314 0.5845690369606018 0.7862249612808228 
mask 0.5703125 0.006760209798812866 0.6107465624809265 0.574629545211792 1.0 
mask 0.84375 0.20619329810142517 0.6222318410873413 0.8121616840362549 1.0 
mask 0.78125 0.5966860055923462 0.8060598969459534 1.0 1.0 
nomask 0.52734375 0.10473862290382385 0.3871254324913025 0.4092157185077667 0.8733713030815125 
nomask 0.69921875 0.1721276491880417 0.36927852034568787 0.5776018500328064 0.8210989236831665 
