nomask 0.984375 50 7 206 221 
nomask 0.984375 210 14 236 228 
mask 0.54296875 44 1 227 131 
mask 0.62890625 0 237 205 285 
mask 0.61328125 12 10 137 186 
nomask 0.88671875 172 198 236 285 
mask 0.94921875 57 64 170 222 
nomask 0.95703125 13 42 141 222 
nomask 0.93359375 201 232 236 285 
mask 0.85546875 32 230 236 285 
mask 0.625 23 50 96 198 
nomask 0.72265625 174 58 236 275 
mask 0.84375 140 114 236 243 
mask 0.5703125 113 94 226 276 
mask 0.80859375 153 257 236 285 
mask 0.51171875 151 119 236 280 
mask 0.90625 93 128 208 277 
mask 0.84375 17 2 163 212 
nomask 0.984375 190 33 236 280 
mask 0.70703125 200 235 236 285 
mask 0.8515625 153 257 236 285 
mask 0.51171875 153 8 236 169 
mask 0.83203125 157 55 234 189 
nomask 0.81640625 29 85 209 199 
nomask 0.96875 69 22 236 137 
mask 0.6484375 70 71 150 207 
nomask 0.9375 69 0 108 14 
mask 0.5703125 101 166 197 270 
nomask 0.6796875 163 95 236 257 
mask 0.55859375 66 200 216 285 
mask 0.625 173 202 236 285 
mask 0.94921875 206 12 236 230 
mask 0.54296875 210 188 236 285 
mask 0.8046875 154 3 236 165 
mask 0.90625 85 54 203 136 
