mask 0.984375 0.1883281171321869 0.002221733331680298 0.970130205154419 0.873384952545166 
nomask 0.984375 0.040004730224609375 0.7394351363182068 0.6208928823471069 0.9988135695457458 
mask 0.984375 0.01918613910675049 0.5127984881401062 0.5749444961547852 1.0 
nomask 0.984375 0.9044332504272461 0.022823423147201538 1.0 0.8751319646835327 
nomask 0.66796875 0.06702035665512085 0.8260655999183655 0.7851200699806213 1.0 
mask 0.93359375 0.37557634711265564 0.3477399945259094 0.9537525177001953 0.938567578792572 
nomask 0.984375 0.7443227767944336 0.2442835569381714 0.9993432760238647 1.0 
mask 0.88671875 0.10156187415122986 0.5240064859390259 0.45440611243247986 1.0 
mask 0.69921875 0.18628686666488647 0.6525062918663025 0.7644630670547485 1.0 
nomask 0.578125 0.14185544848442078 0.8481194972991943 0.7484431266784668 1.0 
mask 0.94140625 0.04688897728919983 0.023108631372451782 0.6005693674087524 0.6673711538314819 
nomask 0.984375 0.18725430965423584 0.0071541666984558105 0.9644062519073486 0.4820513427257538 
nomask 0.984375 0.012238651514053345 0.08207881450653076 0.47696685791015625 0.9480602741241455 
nomask 0.984375 0.22957657277584076 0.18843331933021545 0.7283270955085754 0.7814782857894897 
nomask 0.984375 0.09103146195411682 0.5286283493041992 0.8840227127075195 0.9218031167984009 
nomask 0.984375 0.28100788593292236 0.716590940952301 0.9051536321640015 1.0 
mask 0.5859375 0.7301030158996582 0.7095370888710022 1.0 1.0 
mask 0.98046875 0.8758600354194641 0.034271061420440674 1.0 0.8005490303039551 
mask 0.65625 0.8513148427009583 0.8261599540710449 1.0 1.0 
mask 0.8125 0.6491455435752869 0.9048106670379639 1.0 1.0 
mask 0.73828125 0.31335124373435974 0.45686131715774536 0.6113085746765137 0.932695209980011 
nomask 0.94921875 0.6545749306678772 0.3080631494522095 1.0 0.9021233320236206 
nomask 0.984375 0.18718430399894714 0.6135351657867432 0.7556339502334595 0.861924409866333 
nomask 0.9609375 0.8083674311637878 0.1212129294872284 1.0 1.0 
mask 0.9296875 0.009931132197380066 0.5942156314849854 0.4549700617790222 1.0 
mask 0.91796875 0.1455172598361969 0.8073337078094482 1.0 1.0 
mask 0.9765625 0.5966860055923462 0.8060598969459534 1.0 1.0 
nomask 0.5390625 0.35914453864097595 0.29637619853019714 0.891853928565979 0.5854018926620483 
nomask 0.984375 0.33096641302108765 0.33096641302108765 1.0 1.0 
nomask 0.984375 0.5125018358230591 0.010808169841766357 1.0 1.0 
nomask 0.984375 0.5160501599311829 0.3382387161254883 1.0 0.6618181467056274 
nomask 0.984375 0.040831297636032104 0.41471269726753235 0.6066269874572754 0.968393087387085 
nomask 0.984375 0.20147186517715454 0.3776192367076874 0.7922994494438171 0.9194436073303223 
nomask 0.984375 0.40327730774879456 0.4206406772136688 0.9690730571746826 0.9624650478363037 
nomask 0.984375 0.5479228496551514 0.20047056674957275 0.8963881731033325 0.6426162123680115 
nomask 0.94921875 0.10799849033355713 0.25070956349372864 0.40595585107803345 0.7925339937210083 
nomask 0.8671875 0.23094111680984497 0.6380742788314819 0.9536839127540588 1.0 
nomask 0.796875 0.4919605255126953 0.3103868067264557 0.8168654441833496 0.8640671968460083 
nomask 0.984375 0.5845338106155396 0.4051518440246582 1.0 0.8599288463592529 
