nomask 0.5 0.606367826461792 0.8060598969459534 1.0 1.0 
nomask 0.62890625 0.16697010397911072 0.6053697466850281 0.9550783634185791 1.0 
mask 0.83203125 0.06794944405555725 0.018313288688659668 0.6609423160552979 0.8212049007415771 
nomask 0.953125 0.8285930752754211 0.03193977475166321 1.0 0.7682397365570068 
mask 0.796875 0.059163808822631836 0.8434802293777466 0.7929766178131104 1.0 
mask 0.76171875 0.7634143829345703 0.6808172464370728 1.0 1.0 
mask 0.58984375 0.36605748534202576 0.06685371696949005 0.7203470468521118 0.522527813911438 
nomask 0.6796875 0.7944116592407227 0.8461483716964722 1.0 1.0 
nomask 0.53515625 0.8938673734664917 0.6619113087654114 1.0 1.0 
mask 0.80078125 0.4886903762817383 0.08506348729133606 0.9589474201202393 0.8933430910110474 
nomask 0.93359375 0.737156867980957 0.19005730748176575 1.0 0.9819966554641724 
mask 0.51953125 0.5016754269599915 0.25564199686050415 0.8336897492408752 0.7015587091445923 
nomask 0.71875 0.46385130286216736 0.10066136717796326 1.0 0.38968709111213684 
mask 0.8984375 0.8791422843933105 0.030871182680130005 1.0 0.6923191547393799 
mask 0.7734375 0.23128831386566162 0.034413546323776245 0.8546717166900635 0.5362207889556885 
mask 0.890625 0.5942156314849854 0.40191948413848877 1.0 0.8469583988189697 
nomask 0.796875 0.6491455435752869 0.9048106670379639 1.0 1.0 
nomask 0.640625 0.7163667678833008 0.6881425976753235 1.0 1.0 
nomask 0.5703125 0.052816957235336304 0.015245765447616577 0.5946413278579712 0.6322125196456909 
nomask 0.78125 0.5254086852073669 0.083439901471138 1.0 0.45995694398880005 
mask 0.78125 0.35740894079208374 0.3412759304046631 0.961164653301239 0.9450316429138184 
nomask 0.734375 0.6078808307647705 0.48220154643058777 1.0 0.9423890113830566 
nomask 0.74609375 0.14433321356773376 0.5967273116111755 0.8494380712509155 1.0 
mask 0.703125 0.6458194255828857 0.632341742515564 1.0 1.0 
nomask 0.734375 0.4889858663082123 0.6078808307647705 0.9202399253845215 1.0 
mask 0.70703125 0.7449671030044556 0.47048550844192505 1.0 1.0 
nomask 0.50390625 0.43016523122787476 0.5854707956314087 0.8356394171714783 0.9493527412414551 
nomask 0.52734375 0.6907345056533813 0.33552342653274536 1.0 0.9044148325920105 
nomask 0.6640625 0.2812331020832062 0.7024832367897034 0.9190361499786377 1.0 
mask 0.8671875 0.737156867980957 0.7095370888710022 1.0 1.0 
nomask 0.640625 0.8766635656356812 0.04293122887611389 1.0 0.8092092275619507 
mask 0.7890625 0.8938673734664917 0.6619113087654114 1.0 1.0 
mask 0.80078125 0.6565747857093811 0.013942927122116089 1.0 0.5797386169433594 
nomask 0.83984375 0.36276116967201233 0.19096216559410095 0.8619775772094727 0.47998788952827454 
