mask 0.84765625 53 25 293 389 
nomask 0.984375 54 7 255 294 
nomask 0.984375 138 56 295 329 
nomask 0.984375 119 2 219 189 
mask 0.75390625 20 70 186 322 
nomask 0.984375 269 353 320 428 
nomask 0.9375 79 27 167 270 
nomask 0.97265625 14 29 223 197 
nomask 0.9765625 87 23 305 198 
nomask 0.96484375 95 3 255 116 
nomask 0.8984375 85 133 318 284 
nomask 0.984375 152 27 245 265 
nomask 0.76171875 42 227 275 428 
nomask 0.984375 174 54 290 231 
nomask 0.984375 29 89 131 292 
nomask 0.90234375 37 130 223 243 
nomask 0.984375 52 100 299 383 
nomask 0.984375 220 75 320 414 
mask 0.53515625 266 3 320 368 
nomask 0.71875 110 82 277 206 
nomask 0.96484375 13 353 258 428 
mask 0.6640625 144 35 320 156 
nomask 0.96484375 102 145 320 428 
nomask 0.984375 165 4 320 428 
nomask 0.984375 230 0 320 166 
nomask 0.953125 97 116 199 302 
nomask 0.91015625 57 172 247 278 
nomask 0.984375 207 42 320 278 
nomask 0.98046875 282 10 320 299 
nomask 0.921875 164 52 230 159 
mask 0.55078125 208 81 320 334 
nomask 0.984375 165 144 320 283 
nomask 0.97265625 13 177 194 414 
nomask 0.984375 64 161 253 393 
nomask 0.984375 129 180 310 411 
nomask 0.984375 175 85 286 275 
nomask 0.97265625 34 107 129 339 
mask 0.640625 73 273 305 428 
nomask 0.9765625 157 132 261 369 
nomask 0.95703125 187 173 320 368 
