nomask 0.984375 141 130 928 1668 
nomask 0.984375 462 271 1009 1490 
nomask 0.89453125 483 1146 847 1950 
mask 0.87890625 149 108 1038 971 
nomask 0.6875 1018 1643 1196 2011 
mask 0.7578125 155 926 1196 2011 
mask 0.625 501 6 1101 1434 
nomask 0.734375 541 266 1196 2011 
nomask 0.8671875 503 534 938 1504 
mask 0.55078125 776 1819 1196 2011 
mask 0.80078125 353 307 777 1396 
mask 0.8828125 41 755 732 1917 
nomask 0.82421875 453 124 833 1190 
mask 0.92578125 201 994 926 1539 
nomask 0.984375 320 622 1190 1363 
nomask 0.94140625 110 1479 1100 2011 
mask 0.8515625 202 1073 667 1906 
mask 0.62109375 59 1241 868 1751 
mask 0.89453125 353 907 733 1864 
mask 0.77734375 782 248 1196 1976 
mask 0.6796875 284 1383 1116 2011 
mask 0.875 964 1248 1196 2011 
mask 0.85546875 1000 23 1196 1737 
mask 0.86328125 471 908 1055 1955 
mask 0.83203125 87 17 828 1497 
nomask 0.98046875 967 238 1196 1979 
mask 0.74609375 1018 1661 1196 2011 
mask 0.859375 776 1819 1196 2011 
mask 0.80078125 779 60 1196 1198 
nomask 0.93359375 796 388 1186 1337 
nomask 0.52734375 151 601 1059 1409 
nomask 0.9140625 353 161 1196 969 
nomask 0.96875 356 505 762 1462 
nomask 0.52734375 351 1 550 102 
nomask 0.69140625 514 1177 999 1909 
mask 0.94921875 826 674 1196 1818 
mask 0.91015625 336 1412 1099 2011 
mask 0.8984375 881 1426 1196 2011 
mask 0.92578125 1048 86 1196 1627 
mask 0.9140625 1069 1331 1196 2011 
mask 0.87109375 785 28 1196 1165 
nomask 0.8984375 433 384 1030 965 
