nomask 0.625 108 127 777 1597 
nomask 0.96484375 371 187 943 1497 
nomask 0.81640625 1181 1633 1306 2516 
nomask 0.640625 507 14 1232 1572 
nomask 0.8984375 395 431 1171 2288 
nomask 0.7421875 830 2276 1306 2516 
nomask 0.5546875 56 2078 1079 2516 
nomask 0.81640625 1049 298 1306 2477 
mask 0.91015625 291 1906 1276 2516 
nomask 0.6484375 926 1712 1306 2516 
mask 0.65625 830 2276 1306 2516 
nomask 0.5546875 598 321 1306 2516 
mask 0.76171875 89 891 665 2460 
nomask 0.7734375 205 1106 1092 2342 
mask 0.85546875 281 127 705 1274 
nomask 0.65234375 360 271 1071 983 
mask 0.78125 1 1580 595 2516 
nomask 0.5703125 472 645 925 1817 
mask 0.62890625 1112 2056 1306 2516 
nomask 0.72265625 779 2038 1306 2516 
mask 0.546875 194 204 1103 1194 
nomask 0.9140625 430 828 1306 2516 
mask 0.62890625 587 516 1298 1182 
nomask 0.84375 669 27 1306 2516 
mask 0.72265625 755 919 1144 2143 
mask 0.8984375 864 248 1306 1638 
mask 0.640625 367 1355 822 2354 
mask 0.76171875 337 1563 1095 2148 
mask 0.83984375 751 357 1148 1504 
nomask 0.5390625 847 2276 1306 2516 
mask 0.5546875 578 775 1274 1442 
mask 0.68359375 437 488 1213 1199 
nomask 0.74609375 170 1159 1306 2516 
mask 0.5859375 582 400 1100 1561 
nomask 0.8359375 809 160 1134 1824 
mask 0.828125 865 1903 1306 2516 
mask 0.640625 1052 1556 1306 2516 
nomask 0.71875 304 14 888 130 
