nomask 0.8046875 49 13 146 165 
nomask 0.984375 157 37 194 260 
mask 0.859375 51 173 178 260 
mask 0.98046875 141 184 194 260 
mask 0.875 33 1 184 119 
nomask 0.96484375 74 78 140 193 
nomask 0.93359375 162 210 194 260 
mask 0.6171875 45 20 155 181 
nomask 0.984375 3 0 130 260 
nomask 0.984375 163 6 194 214 
mask 0.73046875 123 1 194 112 
mask 0.85546875 9 214 148 260 
nomask 0.5859375 134 86 194 238 
mask 0.84765625 125 235 194 260 
nomask 0.57421875 25 119 194 260 
mask 0.7109375 60 81 194 260 
nomask 0.671875 68 7 186 135 
nomask 0.96484375 53 29 154 98 
nomask 0.86328125 78 8 130 153 
mask 0.9140625 46 56 97 207 
mask 0.96875 34 99 140 176 
mask 0.5078125 25 119 194 260 
mask 0.7109375 60 81 194 260 
nomask 0.671875 156 158 194 260 
mask 0.96484375 35 57 156 174 
nomask 0.984375 62 17 129 206 
mask 0.88671875 70 67 191 184 
nomask 0.9765625 86 73 158 188 
nomask 0.94140625 170 11 194 214 
mask 0.765625 169 40 193 227 
mask 0.80078125 165 214 194 260 
mask 0.5703125 112 59 171 206 
nomask 0.6015625 55 117 129 213 
mask 0.65625 125 235 194 260 
nomask 0.57421875 126 78 194 236 
mask 0.8515625 66 196 154 260 
mask 0.859375 155 31 194 260 
mask 0.76171875 128 196 194 260 
mask 0.578125 156 160 194 260 
mask 0.94921875 45 1 131 13 
