nomask 0.984375 42 34 266 395 
nomask 0.984375 285 8 318 377 
mask 0.9296875 162 192 266 360 
nomask 0.984375 20 64 161 283 
nomask 0.984375 91 111 224 317 
nomask 0.984375 63 149 133 261 
mask 0.60546875 27 298 207 442 
nomask 0.85546875 72 62 166 330 
nomask 0.9765625 108 106 223 316 
nomask 0.984375 85 84 254 221 
nomask 0.9609375 126 18 283 393 
nomask 0.984375 201 120 318 400 
nomask 0.86328125 73 278 298 442 
nomask 0.984375 217 285 318 442 
mask 0.84765625 210 43 318 287 
nomask 0.84765625 101 145 318 442 
nomask 0.984375 3 226 318 442 
nomask 0.984375 61 48 238 168 
nomask 0.80859375 4 137 225 296 
nomask 0.984375 87 138 313 297 
nomask 0.984375 71 144 244 405 
nomask 0.984375 33 20 128 221 
nomask 0.9296875 23 79 188 340 
nomask 0.984375 69 239 162 441 
nomask 0.58984375 206 399 318 442 
mask 0.58203125 108 170 178 296 
nomask 0.7109375 105 146 318 442 
nomask 0.984375 162 4 318 442 
nomask 0.984375 164 149 318 292 
nomask 0.984375 12 183 192 428 
nomask 0.984375 64 166 251 406 
nomask 0.984375 128 185 308 425 
nomask 0.984375 174 88 285 284 
nomask 0.9375 34 110 129 350 
nomask 0.90234375 73 282 303 442 
nomask 0.984375 156 137 259 381 
nomask 0.984375 185 179 318 380 
