nomask 0.609375 13 4 178 258 
nomask 0.984375 156 37 193 261 
mask 0.640625 51 173 177 261 
nomask 0.9296875 140 185 193 261 
mask 0.56640625 33 1 183 120 
nomask 0.69140625 74 78 140 193 
nomask 0.62890625 161 211 193 261 
nomask 0.65625 45 20 154 181 
nomask 0.98046875 3 0 129 261 
nomask 0.984375 162 6 193 215 
mask 0.7109375 122 1 193 113 
nomask 0.7265625 9 215 148 261 
nomask 0.80078125 133 87 193 238 
mask 0.6171875 125 236 193 261 
nomask 0.6796875 25 120 193 261 
nomask 0.98046875 60 81 193 261 
nomask 0.984375 68 7 185 135 
nomask 0.984375 53 29 153 98 
mask 0.546875 78 8 129 153 
nomask 0.84765625 46 57 97 208 
mask 0.7734375 34 100 139 177 
nomask 0.9375 25 120 193 261 
nomask 0.98046875 60 81 193 261 
nomask 0.984375 155 158 193 261 
nomask 0.67578125 35 57 156 175 
nomask 0.96875 62 17 129 207 
mask 0.5234375 69 67 190 185 
nomask 0.984375 86 73 158 189 
nomask 0.921875 169 11 193 215 
mask 0.54296875 168 40 192 228 
mask 0.5625 164 215 193 261 
nomask 0.57421875 112 59 170 207 
nomask 0.76953125 55 117 128 214 
nomask 0.98046875 125 236 193 261 
nomask 0.6796875 126 78 193 237 
mask 0.73828125 66 197 153 261 
nomask 0.77734375 155 31 193 261 
mask 0.6875 127 197 193 261 
nomask 0.53125 155 161 193 261 
nomask 0.671875 44 1 131 13 
