mask 0.92578125 0.32875558733940125 0.2892783582210541 0.5476320385932922 0.5440878868103027 
nomask 0.7578125 0.316410094499588 0.2531852722167969 0.5353938937187195 0.4412881135940552 
nomask 0.93359375 0.6585536599159241 0.005360156297683716 0.9922553896903992 0.4197067618370056 
nomask 0.9453125 0.6955063343048096 0.16023138165473938 1.0 0.9694994688034058 
mask 0.73828125 0.26712435483932495 0.6220967173576355 0.9331448674201965 1.0 
mask 0.69140625 0.7476643323898315 0.6628257036209106 1.0 1.0 
nomask 0.609375 0.606367826461792 0.8060598969459534 1.0 1.0 
mask 0.74609375 0.1647045612335205 0.19688227772712708 0.632097065448761 0.7065461874008179 
nomask 0.671875 0.7146722078323364 0.14956596493721008 1.0 0.8749349117279053 
mask 0.75390625 0.5883547067642212 0.25070956349372864 0.8928318023681641 0.7925339937210083 
mask 0.6875 0.21843069791793823 0.4090206027030945 0.6067259907722473 0.8416985869407654 
nomask 0.5703125 0.3410041928291321 0.11710578203201294 0.5840746760368347 0.6979939341545105 
nomask 0.671875 0.00659450888633728 0.0882713794708252 0.4421038329601288 0.9175634384155273 
mask 0.546875 0.2812938690185547 0.48676374554634094 0.8025964498519897 0.782113790512085 
mask 0.83203125 0.5062418580055237 0.11738592386245728 0.7712958455085754 0.7239736318588257 
mask 0.75390625 0.1455172598361969 0.8073337078094482 1.0 1.0 
mask 0.78125 0.5966860055923462 0.8060598969459534 1.0 1.0 
mask 0.6953125 0.21934667229652405 0.5750851035118103 0.7055925130844116 0.8795621991157532 
mask 0.875 0.7944116592407227 0.0442315936088562 1.0 0.7805315256118774 
mask 0.8984375 0.5723816156387329 0.4051518440246582 1.0 0.8599288463592529 
nomask 0.78515625 0.00396960973739624 0.8382651805877686 0.8939858078956604 1.0 
mask 0.671875 0.25507551431655884 0.23201480507850647 0.4981459975242615 0.8518755435943604 
mask 0.50390625 0.7844611406326294 0.8522942066192627 1.0 1.0 
nomask 0.5859375 0.8988957405090332 0.6491455435752869 1.0 1.0 
nomask 0.5 0.010808169841766357 0.5125018358230591 1.0 1.0 
mask 0.703125 0.31297340989112854 0.31297340989112854 1.0 1.0 
mask 0.578125 0.08261498808860779 0.674403727054596 0.6471657752990723 1.0 
mask 0.72265625 0.23045268654823303 0.38780659437179565 0.7517552375793457 0.6962234377861023 
mask 0.6875 0.46027469635009766 0.31146013736724854 0.679151177406311 0.583365261554718 
nomask 0.703125 0.4181481599807739 0.14336559176445007 0.6832021474838257 0.72425377368927 
nomask 0.74609375 0.5125018358230591 0.010808169841766357 1.0 1.0 
mask 0.82421875 0.5160501599311829 0.3382387161254883 1.0 0.6618181467056274 
nomask 0.53125 0.040831297636032104 0.41471269726753235 0.6066269874572754 0.968393087387085 
mask 0.71875 0.20147186517715454 0.3776192367076874 0.7922994494438171 0.9194436073303223 
mask 0.51953125 0.40327730774879456 0.4206406772136688 0.9690730571746826 0.9624650478363037 
mask 0.6328125 0.5479228496551514 0.20047056674957275 0.8963881731033325 0.6426162123680115 
nomask 0.515625 0.10799849033355713 0.25070956349372864 0.40595585107803345 0.7925339937210083 
mask 0.7734375 0.23094111680984497 0.6380742788314819 0.9536839127540588 1.0 
mask 0.75 0.4919605255126953 0.3103868067264557 0.8168654441833496 0.8640671968460083 
nomask 0.51953125 0.5845338106155396 0.4051518440246582 1.0 0.8599288463592529 
