nomask 0.96875 50 17 303 409 
nomask 0.984375 33 44 193 348 
nomask 0.9765625 30 69 181 336 
nomask 0.9609375 271 4 320 369 
mask 0.87109375 272 353 320 428 
nomask 0.7890625 52 1 300 218 
nomask 0.984375 238 88 320 413 
mask 0.97265625 16 353 256 428 
mask 0.8203125 137 33 264 230 
nomask 0.96875 97 30 205 225 
nomask 0.765625 203 387 320 428 
mask 0.7109375 71 273 302 428 
nomask 0.97265625 136 114 263 303 
nomask 0.984375 1 129 77 406 
nomask 0.71484375 190 173 320 364 
nomask 0.9609375 0 268 145 428 
mask 0.82421875 227 291 320 428 
mask 0.96875 1 48 137 403 
nomask 0.515625 146 50 320 428 
nomask 0.984375 1 219 320 428 
nomask 0.984375 78 57 158 317 
nomask 0.9375 63 44 241 163 
nomask 0.89453125 240 43 320 390 
mask 0.96484375 71 146 252 399 
nomask 0.984375 156 260 294 428 
nomask 0.984375 238 201 320 428 
mask 0.984375 137 250 267 406 
nomask 0.984375 221 143 320 387 
nomask 0.8046875 89 300 294 428 
nomask 0.80078125 235 303 320 428 
mask 0.98046875 280 18 320 346 
mask 0.875 286 283 320 428 
mask 0.8984375 210 5 320 248 
nomask 0.6875 116 81 275 205 
