mask 0.90625 21 17 320 377 
nomask 0.984375 131 50 292 255 
nomask 0.96484375 342 4 408 373 
mask 0.89453125 259 390 408 432 
mask 0.8125 24 353 330 432 
mask 0.83203125 355 338 408 432 
mask 0.7421875 295 86 408 413 
mask 0.9609375 57 128 347 295 
nomask 0.984375 178 15 320 234 
mask 0.875 84 40 238 264 
nomask 0.96875 47 172 392 377 
nomask 0.984375 238 175 408 371 
mask 0.953125 106 297 377 432 
mask 0.89453125 289 297 408 432 
mask 0.8828125 11 7 186 218 
nomask 0.94921875 119 28 403 206 
nomask 0.921875 78 42 305 167 
nomask 0.6953125 130 146 408 432 
nomask 0.60546875 212 108 285 209 
mask 0.6796875 294 51 408 358 
mask 0.953125 112 141 292 394 
nomask 0.96484375 247 2 408 190 
mask 0.89453125 360 10 408 302 
mask 0.96875 209 53 293 160 
mask 0.62890625 265 82 408 337 
mask 0.98046875 210 146 408 285 
mask 0.92578125 16 179 247 418 
nomask 0.984375 82 163 323 397 
nomask 0.984375 164 181 395 415 
nomask 0.71484375 223 86 365 277 
mask 0.98046875 44 108 165 342 
nomask 0.8828125 94 275 389 432 
mask 0.91015625 200 134 333 373 
mask 0.8671875 238 175 408 371 
