nomask 0.5390625 71 48 169 187 
nomask 0.98046875 177 160 205 251 
mask 0.82421875 38 29 126 154 
nomask 0.95703125 44 18 185 220 
nomask 0.984375 8 207 165 251 
nomask 0.79296875 172 207 205 251 
mask 0.63671875 13 44 119 189 
nomask 0.8984375 62 0 127 103 
nomask 0.72265625 43 1 144 69 
nomask 0.67578125 25 26 130 95 
mask 0.57421875 23 50 83 170 
mask 0.609375 44 46 111 161 
nomask 0.8515625 171 4 205 218 
mask 0.8828125 135 24 205 163 
mask 0.9765625 130 227 205 251 
nomask 0.83203125 0 128 205 251 
nomask 0.5078125 105 1 205 251 
mask 0.98046875 98 15 157 152 
nomask 0.80859375 86 0 172 79 
nomask 0.63671875 77 26 179 95 
mask 0.58984375 22 14 92 113 
mask 0.78515625 72 95 150 211 
nomask 0.6171875 50 164 157 251 
nomask 0.72265625 82 145 198 251 
mask 0.84765625 0 106 55 242 
nomask 0.53515625 57 138 132 233 
nomask 0.875 99 52 161 201 
mask 0.515625 13 148 103 251 
nomask 0.84765625 26 7 79 173 
mask 0.83984375 1 153 24 188 
nomask 0.8515625 134 75 205 228 
mask 0.77734375 70 189 163 251 
nomask 0.91015625 164 30 205 251 
mask 0.98046875 135 189 205 251 
nomask 0.95703125 165 155 205 251 
mask 0.51953125 47 1 139 13 
