nomask 0.50390625 45 20 247 284 
nomask 0.984375 176 52 318 236 
nomask 0.81640625 227 57 341 316 
mask 0.796875 134 44 266 238 
nomask 0.9765625 110 96 335 360 
nomask 0.875 201 3 341 177 
mask 0.578125 252 67 341 368 
mask 0.94140625 78 243 319 382 
mask 0.94140625 281 13 341 325 
nomask 0.6015625 1 317 304 382 
mask 0.875 290 315 341 382 
nomask 0.8046875 59 118 318 258 
nomask 0.95703125 119 31 234 334 
nomask 0.96484375 188 99 341 271 
mask 0.84375 171 97 284 267 
nomask 0.76953125 158 38 341 148 
nomask 0.62109375 299 11 341 264 
mask 0.640625 78 13 291 204 
nomask 0.984375 202 153 341 323 
mask 0.9765625 221 345 341 382 
mask 0.76171875 244 262 341 382 
mask 0.953125 18 5 202 241 
nomask 0.984375 179 31 341 175 
nomask 0.70703125 121 130 327 361 
mask 0.54296875 207 184 341 359 
mask 0.984375 49 227 289 382 
mask 0.91015625 220 241 341 382 
mask 0.98046875 166 232 313 382 
mask 0.984375 254 179 341 382 
mask 0.96875 146 223 284 362 
mask 0.984375 235 128 341 345 
mask 0.953125 95 268 313 382 
mask 0.93359375 251 271 341 382 
mask 0.984375 298 16 341 309 
mask 0.5546875 304 252 341 382 
mask 0.92578125 223 5 341 221 
mask 0.70703125 123 72 293 183 
