mask 0.9765625 0.6619113087654114 0.08764347434043884 1.0 0.6521942615509033 
mask 0.609375 0.016191601753234863 0.840415358543396 0.906207799911499 1.0 
mask 0.83984375 0.7742928862571716 0.8522942066192627 1.0 1.0 
mask 0.66015625 0.9048106670379639 0.6341299414634705 1.0 1.0 
mask 0.625 0.2660018801689148 0.0022536367177963257 0.629883885383606 0.40772783756256104 
nomask 0.984375 0.6619113087654114 0.09871631860733032 1.0 0.6511784195899963 
mask 0.60546875 0.7742928862571716 0.8461483716964722 1.0 1.0 
mask 0.640625 0.8344504833221436 0.016458213329315186 1.0 0.8703228235244751 
mask 0.61328125 0.06440657377243042 0.7944116592407227 0.784940242767334 1.0 
mask 0.703125 0.9048106670379639 0.6491455435752869 1.0 1.0 
mask 0.625 0.3392770290374756 0.006594851613044739 0.7275723218917847 0.403386652469635 
nomask 0.87109375 0.2832155227661133 0.0719681978225708 0.9796258211135864 0.46514302492141724 
mask 0.87890625 0.15379920601844788 0.21896173059940338 0.6506848335266113 0.5889257192611694 
nomask 0.984375 0.3029729425907135 0.12105587124824524 0.604785680770874 0.6773333549499512 
nomask 0.984375 0.4127410650253296 0.20229411125183105 0.7927218675613403 0.62570720911026 
nomask 0.57421875 0.1452893614768982 0.04517140984535217 0.38835984468460083 0.651759147644043 
nomask 0.9765625 0.7466626167297363 0.1865502893924713 1.0 0.9740499258041382 
mask 0.53515625 0.30156368017196655 0.6628257036209106 0.9086228013038635 1.0 
mask 0.78125 0.10315132141113281 0.10375581681728363 0.6594287753105164 0.3865926265716553 
nomask 0.8984375 0.6089431047439575 0.2675650417804718 0.8881669044494629 0.7864338159561157 
nomask 0.91796875 0.13019013404846191 0.4609558582305908 1.0 1.0 
nomask 0.63671875 0.5125018358230591 0.004181504249572754 1.0 1.0 
mask 0.640625 0.31297340989112854 0.31297340989112854 1.0 1.0 
