mask 0.60546875 1079 491 1812 1130 
nomask 0.984375 176 1506 1976 1874 
mask 0.78125 557 1410 2442 1874 
nomask 0.8125 289 164 2146 901 
nomask 0.83984375 1656 1417 2499 1874 
nomask 0.55859375 629 356 1930 1444 
nomask 0.91015625 942 48 2325 1204 
mask 0.51171875 2016 1159 2499 1874 
nomask 0.62890625 2070 94 2499 1474 
mask 0.55078125 15 250 1477 1734 
nomask 0.953125 1960 1585 2499 1874 
nomask 0.68359375 1020 1136 2181 1874 
mask 0.57421875 2246 1216 2499 1874 
mask 0.7890625 1146 239 2499 1874 
nomask 0.765625 824 829 1860 1556 
nomask 0.890625 1860 402 2499 1793 
nomask 0.58203125 1491 751 2499 1603 
nomask 0.53125 1622 184 2499 1220 
nomask 0.57421875 827 423 1671 1874 
nomask 0.546875 886 711 1836 1576 
nomask 0.91015625 620 1231 1916 1874 
mask 0.73828125 1001 1086 2420 1874 
nomask 0.82421875 10 794 678 1809 
nomask 0.50390625 702 1032 1611 1744 
mask 0.6171875 1208 393 1969 1500 
nomask 0.89453125 162 1110 1263 1874 
mask 0.71484375 326 57 974 1297 
nomask 0.91796875 24 1146 299 1408 
mask 0.80859375 1635 565 2499 1702 
nomask 0.734375 855 1416 1993 1874 
nomask 0.609375 2007 227 2499 1874 
nomask 0.55859375 1656 1417 2499 1874 
nomask 0.55859375 2014 1159 2499 1874 
nomask 0.546875 582 10 1700 97 
