nomask 0.53515625 267 165 361 395 
nomask 0.6640625 3 200 53 395 
nomask 0.8671875 0 243 104 395 
nomask 0.90625 306 118 358 395 
mask 0.78515625 267 272 363 395 
nomask 0.8046875 258 35 363 369 
mask 0.703125 243 245 363 395 
nomask 0.71875 91 121 297 221 
nomask 0.984375 156 1 308 124 
nomask 0.6875 179 52 289 253 
nomask 0.6875 211 160 363 339 
nomask 0.94921875 216 13 326 201 
nomask 0.89453125 240 290 363 395 
nomask 0.75 9 7 357 256 
nomask 0.984375 88 20 183 254 
nomask 0.78125 284 18 363 322 
mask 0.6796875 220 2 363 178 
nomask 0.98046875 324 256 363 395 
mask 0.61328125 48 182 363 395 
nomask 0.984375 113 123 363 395 
nomask 0.984375 292 240 363 395 
mask 0.55078125 67 87 293 265 
nomask 0.984375 117 26 243 314 
nomask 0.9609375 131 102 357 280 
nomask 0.984375 162 111 297 286 
nomask 0.92578125 318 17 363 326 
mask 0.7890625 316 61 362 346 
mask 0.875 309 326 363 395 
mask 0.625 210 90 321 313 
nomask 0.8515625 104 178 242 324 
nomask 0.984375 235 357 363 395 
nomask 0.6796875 237 119 363 358 
nomask 0.86328125 124 298 289 395 
nomask 0.8125 291 47 363 395 
mask 0.80859375 240 298 363 395 
nomask 0.828125 292 244 363 395 
nomask 0.52734375 84 2 246 20 
