mask 0.515625 43 35 285 411 
nomask 0.984375 235 179 318 428 
mask 0.61328125 2 217 46 428 
mask 0.6796875 0 263 92 428 
mask 0.9375 270 127 316 428 
mask 0.55078125 235 295 320 428 
mask 0.50390625 228 38 320 399 
nomask 0.828125 214 266 320 428 
nomask 0.62890625 80 131 262 240 
nomask 0.953125 138 1 271 134 
nomask 0.953125 158 57 255 274 
nomask 0.65625 186 173 320 368 
nomask 0.984375 190 15 288 218 
mask 0.91015625 212 314 320 428 
mask 0.58203125 8 8 315 277 
nomask 0.984375 78 22 161 276 
mask 0.85546875 251 19 320 348 
mask 0.8125 194 2 320 192 
mask 0.72265625 286 277 320 428 
mask 0.88671875 42 197 320 428 
nomask 0.984375 100 133 320 428 
nomask 0.984375 257 260 320 428 
mask 0.76171875 59 94 258 287 
nomask 0.984375 103 29 214 340 
nomask 0.71484375 115 111 315 304 
nomask 0.984375 143 120 262 310 
nomask 0.984375 280 18 320 353 
mask 0.5859375 279 66 319 375 
mask 0.65234375 272 353 320 428 
mask 0.71484375 185 97 283 339 
nomask 0.984375 92 192 213 352 
nomask 0.984375 207 387 320 428 
nomask 0.921875 209 129 320 388 
nomask 0.95703125 109 323 255 428 
nomask 0.9453125 257 51 320 428 
mask 0.75 212 323 320 428 
nomask 0.51953125 257 264 320 428 
mask 0.83203125 74 2 217 22 
