mask 0.81640625 33 8 301 420 
nomask 0.984375 19 361 253 433 
nomask 0.58203125 65 18 259 303 
nomask 0.984375 58 2 318 199 
nomask 0.78125 293 8 327 369 
mask 0.9140625 15 6 192 278 
nomask 0.96875 19 348 254 433 
nomask 0.5546875 278 357 327 433 
nomask 0.6015625 95 136 203 324 
nomask 0.98046875 126 73 279 313 
nomask 0.984375 58 3 318 208 
nomask 0.875 35 80 139 310 
nomask 0.9765625 2 267 144 433 
nomask 0.94921875 47 349 327 433 
nomask 0.765625 198 349 327 433 
nomask 0.90625 202 175 327 368 
nomask 0.53125 120 150 313 411 
nomask 0.984375 41 44 197 284 
nomask 0.984375 293 4 327 373 
mask 0.90625 212 391 327 433 
nomask 0.7890625 170 108 229 209 
nomask 0.9140625 236 51 327 358 
mask 0.81640625 90 142 234 394 
nomask 0.984375 198 2 327 191 
nomask 0.66796875 289 10 327 302 
mask 0.6875 168 53 235 161 
nomask 0.73828125 213 82 327 338 
nomask 0.74609375 168 146 327 286 
nomask 0.60546875 13 179 198 419 
nomask 0.984375 65 163 259 398 
nomask 0.984375 131 182 316 416 
nomask 0.984375 179 86 293 278 
nomask 0.984375 35 108 132 343 
nomask 0.9375 75 276 311 433 
nomask 0.984375 160 134 267 374 
nomask 0.92578125 191 175 327 372 
