nomask 0.984375 59 64 247 299 
nomask 0.984375 82 113 230 297 
nomask 0.984375 123 12 306 235 
nomask 0.9609375 288 14 323 274 
mask 0.5859375 284 37 323 277 
mask 0.66015625 16 280 247 339 
mask 0.75 57 1 314 155 
nomask 0.92578125 17 10 188 219 
nomask 0.78515625 266 11 323 288 
mask 0.51953125 1 282 288 339 
mask 0.8359375 275 280 323 339 
nomask 0.9453125 55 104 301 229 
nomask 0.984375 113 27 222 296 
nomask 0.984375 178 88 323 240 
nomask 0.57421875 162 86 269 237 
nomask 0.8046875 149 34 323 132 
mask 0.640625 283 10 323 234 
mask 0.6484375 74 11 276 181 
mask 0.85546875 191 136 323 287 
mask 0.609375 209 306 323 339 
nomask 0.9296875 231 233 323 339 
nomask 0.9453125 17 5 192 214 
nomask 0.8671875 169 28 323 155 
nomask 0.77734375 115 115 310 320 
nomask 0.984375 196 163 323 319 
nomask 0.5 46 202 274 339 
nomask 0.93359375 208 214 323 339 
mask 0.671875 157 206 297 339 
mask 0.54296875 240 159 323 339 
nomask 0.63671875 138 198 269 321 
nomask 0.94921875 223 113 323 306 
mask 0.890625 90 238 296 339 
mask 0.828125 238 240 323 339 
nomask 0.96484375 283 14 323 274 
mask 0.58203125 288 224 323 339 
nomask 0.7734375 212 4 323 196 
mask 0.67578125 117 64 278 162 
