mask 0.8125 78 30 328 486 
nomask 0.93359375 37 74 210 467 
mask 0.59765625 2 67 149 516 
mask 0.96875 302 14 353 448 
mask 0.95703125 25 388 228 554 
mask 0.890625 56 291 307 487 
nomask 0.9140625 66 4 340 261 
nomask 0.59765625 300 452 353 554 
nomask 0.8828125 219 501 353 554 
nomask 0.5390625 36 134 265 394 
nomask 0.89453125 2 21 99 372 
nomask 0.51171875 231 73 353 539 
mask 0.83984375 116 183 353 554 
nomask 0.9375 3 283 353 554 
nomask 0.95703125 169 34 271 336 
mask 0.640625 148 0 296 176 
mask 0.640625 132 57 308 211 
nomask 0.7890625 39 31 159 251 
nomask 0.69140625 125 210 259 465 
mask 0.7734375 87 364 270 554 
mask 0.71875 141 321 341 554 
nomask 0.56640625 1 234 95 534 
mask 0.96484375 99 305 227 515 
nomask 0.55859375 170 116 278 443 
nomask 0.61328125 22 328 178 554 
mask 0.71875 46 17 137 383 
nomask 0.5703125 3 338 42 416 
mask 0.828125 231 167 353 503 
mask 0.9296875 120 418 281 554 
mask 0.78125 283 67 353 554 
mask 0.93359375 233 419 353 554 
mask 0.84765625 284 342 353 554 
mask 0.8828125 82 3 240 28 
