mask 0.5625 48 40 137 184 
nomask 0.984375 91 87 156 196 
nomask 0.71875 24 20 116 166 
nomask 0.875 59 32 122 142 
nomask 0.98046875 70 11 176 175 
nomask 0.98046875 155 235 198 276 
nomask 0.703125 0 233 177 276 
nomask 0.55078125 179 179 198 276 
mask 0.65625 105 17 184 241 
nomask 0.83203125 35 88 158 262 
nomask 0.9609375 45 21 99 181 
nomask 0.69921875 141 54 198 268 
mask 0.765625 44 173 187 276 
nomask 0.83984375 134 178 198 276 
nomask 0.9453125 40 76 107 208 
nomask 0.68359375 17 186 129 276 
nomask 0.97265625 2 141 198 276 
nomask 0.91796875 128 27 198 179 
mask 0.53515625 118 110 198 236 
nomask 0.640625 128 249 198 276 
nomask 0.69140625 136 22 198 178 
mask 0.57421875 128 249 198 276 
nomask 0.69140625 174 10 198 192 
mask 0.6953125 14 49 117 212 
nomask 0.89453125 43 149 101 275 
mask 0.6015625 128 249 198 276 
nomask 0.69140625 67 106 110 185 
mask 0.64453125 65 91 198 276 
nomask 0.95703125 101 2 198 276 
nomask 0.65625 102 93 198 182 
nomask 0.8828125 8 114 120 267 
nomask 0.9140625 39 104 156 253 
nomask 0.90625 79 116 191 265 
nomask 0.91015625 108 55 177 177 
nomask 0.8359375 21 69 80 218 
nomask 0.51171875 45 176 188 276 
nomask 0.81640625 97 85 161 238 
mask 0.51953125 115 111 198 237 
