mask 0.96484375 44 1 164 91 
nomask 0.8828125 87 10 186 82 
mask 0.6875 100 35 238 140 
mask 0.859375 13 64 161 176 
mask 0.68359375 114 74 261 174 
mask 0.85546875 47 31 164 117 
nomask 0.77734375 59 67 150 146 
mask 0.8671875 84 36 208 99 
nomask 0.609375 51 82 220 167 
nomask 0.65234375 2 24 120 162 
mask 0.625 32 74 115 157 
nomask 0.65625 113 25 186 121 
nomask 0.8984375 195 32 278 172 
mask 0.94140625 82 118 251 181 
nomask 0.50390625 40 145 278 181 
nomask 0.5390625 188 115 278 181 
nomask 0.89453125 234 1 278 152 
nomask 0.9296875 180 17 278 117 
mask 0.890625 1 151 248 181 
nomask 0.5390625 215 154 278 181 
nomask 0.74609375 114 56 188 155 
nomask 0.91015625 251 117 278 181 
nomask 0.7734375 1 92 278 181 
nomask 0.6796875 144 1 278 181 
mask 0.9765625 9 96 128 181 
nomask 0.74609375 99 55 244 104 
mask 0.65625 32 90 183 137 
nomask 0.6796875 35 41 122 123 
nomask 0.52734375 24 122 181 181 
nomask 0.7734375 78 63 138 114 
mask 0.796875 91 59 278 181 
mask 0.87890625 144 19 213 120 
