nomask 0.703125 36 12 292 411 
nomask 0.984375 33 12 63 58 
nomask 0.53125 0 11 6 67 
nomask 0.62890625 2 42 138 397 
nomask 0.93359375 91 129 247 258 
nomask 0.984375 58 190 249 396 
nomask 0.984375 97 92 194 275 
nomask 0.98046875 18 162 184 415 
nomask 0.96484375 56 76 170 253 
nomask 0.984375 137 164 211 291 
nomask 0.8984375 79 135 160 389 
nomask 0.88671875 236 71 320 408 
mask 0.87109375 92 91 258 207 
nomask 0.96875 83 288 296 428 
nomask 0.76171875 190 344 320 428 
mask 0.9375 257 260 320 428 
mask 0.87109375 131 63 214 296 
nomask 0.625 254 18 320 334 
mask 0.94140625 5 358 289 428 
mask 0.8359375 272 349 320 428 
mask 0.86328125 157 74 242 328 
nomask 0.875 64 231 161 422 
nomask 0.8984375 203 387 320 428 
mask 0.65234375 99 217 192 404 
nomask 0.984375 41 197 320 428 
nomask 0.984375 26 123 130 341 
nomask 0.52734375 100 133 320 428 
nomask 0.984375 84 269 258 367 
nomask 0.94921875 43 166 213 295 
nomask 0.984375 28 288 208 428 
mask 0.68359375 3 215 143 428 
nomask 0.5 147 52 320 428 
nomask 0.984375 30 85 121 249 
nomask 0.91015625 199 175 236 232 
mask 0.8125 175 121 235 225 
nomask 0.953125 186 156 219 213 
nomask 0.50390625 184 60 281 255 
nomask 0.96484375 207 387 320 428 
mask 0.79296875 141 131 312 245 
nomask 0.96875 107 83 297 204 
nomask 0.95703125 41 197 320 428 
nomask 0.984375 142 68 269 265 
nomask 0.9765625 198 27 277 310 
mask 0.88671875 212 323 320 428 
mask 0.94140625 257 264 320 428 
mask 0.88671875 74 2 217 22 
