mask 0.984375 45 31 298 415 
nomask 0.984375 114 98 246 306 
nomask 0.984375 64 25 263 245 
nomask 0.984375 135 35 285 297 
nomask 0.984375 18 349 253 428 
mask 0.8125 272 349 320 428 
nomask 0.56640625 48 226 275 383 
nomask 0.984375 146 50 320 428 
nomask 0.984375 100 61 209 264 
nomask 0.98046875 70 279 240 428 
nomask 0.984375 141 158 263 347 
nomask 0.984375 0 39 140 401 
nomask 0.98046875 240 92 320 403 
mask 0.640625 190 173 320 364 
nomask 0.984375 89 294 294 428 
nomask 0.94921875 25 84 195 331 
nomask 0.984375 215 37 320 279 
nomask 0.55859375 229 294 320 428 
mask 0.9375 207 387 320 428 
nomask 0.92578125 94 162 221 356 
nomask 0.984375 80 288 298 428 
nomask 0.87109375 227 288 320 428 
mask 0.95703125 99 27 317 202 
nomask 0.97265625 207 387 320 428 
nomask 0.92578125 220 35 320 276 
mask 0.5234375 207 387 320 428 
nomask 0.92578125 282 16 320 299 
nomask 0.7265625 24 77 190 329 
nomask 0.984375 69 232 163 427 
mask 0.703125 207 387 320 428 
nomask 0.92578125 109 165 179 287 
nomask 0.89453125 105 141 320 428 
nomask 0.984375 164 4 320 428 
nomask 0.984375 165 144 320 283 
nomask 0.98046875 13 177 194 414 
nomask 0.984375 64 161 253 393 
nomask 0.984375 129 180 310 411 
nomask 0.984375 175 85 286 275 
nomask 0.984375 34 107 129 339 
nomask 0.93359375 73 273 305 428 
nomask 0.984375 157 132 261 369 
nomask 0.984375 187 173 320 368 
