nomask 0.97265625 57 42 175 134 
nomask 0.7265625 28 24 163 154 
mask 0.63671875 2 22 116 170 
mask 0.703125 235 4 275 148 
nomask 0.53515625 19 128 178 183 
mask 0.796875 43 96 239 160 
mask 0.9140625 51 1 265 86 
nomask 0.515625 234 149 275 183 
nomask 0.63671875 170 165 275 183 
nomask 0.609375 28 44 207 130 
mask 0.96875 1 7 77 122 
mask 0.609375 179 24 275 178 
nomask 0.57421875 91 60 275 183 
mask 0.875 2 93 275 183 
mask 0.95703125 132 11 211 111 
mask 0.78125 115 0 230 58 
nomask 0.84375 103 19 240 69 
nomask 0.69140625 30 10 124 83 
mask 0.51171875 97 69 202 153 
nomask 0.96484375 68 120 210 183 
mask 0.78125 110 106 266 183 
mask 0.86328125 1 77 74 176 
nomask 0.72265625 77 100 177 170 
mask 0.53125 132 38 216 146 
nomask 0.8359375 17 108 139 183 
mask 0.69921875 35 5 107 126 
mask 0.81640625 2 111 32 137 
mask 0.578125 180 55 275 166 
nomask 0.5859375 94 138 219 183 
mask 0.88671875 220 22 275 183 
nomask 0.59375 182 138 275 183 
nomask 0.67578125 221 113 275 183 
nomask 0.6015625 64 1 187 9 
