nomask 0.8828125 1 108 14 135 
mask 0.640625 150 0 232 93 
mask 0.83984375 37 64 206 152 
nomask 0.703125 199 5 232 179 
mask 0.55859375 13 179 187 217 
mask 0.9296875 150 196 232 217 
mask 0.63671875 113 18 222 193 
nomask 0.984375 171 41 232 213 
mask 0.7890625 116 55 193 152 
nomask 0.953125 107 21 232 84 
mask 0.8359375 203 6 232 150 
mask 0.5859375 53 7 198 116 
nomask 0.984375 137 87 232 183 
nomask 0.625 150 196 232 217 
mask 0.63671875 166 149 232 217 
mask 0.58984375 12 3 137 137 
nomask 0.984375 121 18 232 99 
nomask 0.96484375 82 74 222 205 
nomask 0.984375 141 104 232 204 
nomask 0.66796875 33 129 197 217 
nomask 0.71875 149 137 232 217 
mask 0.8828125 113 131 213 217 
nomask 0.640625 172 102 232 217 
mask 0.61328125 99 127 193 206 
nomask 0.6015625 160 72 232 196 
mask 0.54296875 65 152 213 217 
nomask 0.63671875 171 153 232 217 
mask 0.6015625 203 9 232 175 
mask 0.6328125 207 143 232 217 
mask 0.640625 152 3 232 125 
nomask 0.5078125 84 41 199 104 
