nomask 0.83203125 45 10 298 388 
nomask 0.9453125 33 12 63 58 
mask 0.515625 0 11 6 67 
mask 0.62890625 2 42 138 397 
mask 0.58984375 91 129 247 258 
nomask 0.984375 58 190 249 396 
nomask 0.984375 97 92 194 275 
nomask 0.96875 18 162 184 415 
nomask 0.9609375 56 76 170 253 
nomask 0.984375 137 164 211 291 
mask 0.796875 79 135 160 389 
nomask 0.7109375 236 71 320 408 
mask 0.984375 92 91 258 207 
nomask 0.97265625 83 288 296 428 
nomask 0.9140625 190 344 320 428 
mask 0.8515625 257 260 320 428 
mask 0.96875 131 63 214 296 
mask 0.82421875 254 18 320 334 
mask 0.984375 5 358 289 428 
mask 0.84765625 272 349 320 428 
mask 0.51171875 157 74 242 328 
mask 0.78125 64 231 161 422 
nomask 0.953125 203 387 320 428 
mask 0.61328125 99 217 192 404 
nomask 0.984375 41 197 320 428 
nomask 0.91796875 26 123 130 341 
nomask 0.55078125 100 133 320 428 
nomask 0.984375 84 269 258 367 
nomask 0.984375 43 166 213 295 
nomask 0.98046875 28 288 208 428 
mask 0.5859375 3 215 143 428 
mask 0.96484375 147 52 320 428 
nomask 0.83984375 30 85 121 249 
mask 0.89453125 199 175 236 232 
nomask 0.9375 175 121 235 225 
nomask 0.83203125 186 156 219 213 
mask 0.59375 184 60 281 255 
nomask 0.8828125 207 387 320 428 
mask 0.5078125 141 131 312 245 
nomask 0.984375 107 83 297 204 
nomask 0.953125 41 197 320 428 
nomask 0.91796875 142 68 269 265 
nomask 0.79296875 198 27 277 310 
mask 0.98046875 212 323 320 428 
mask 0.78515625 257 264 320 428 
mask 0.9765625 74 2 217 22 
