mask 0.51953125 76 41 196 213 
nomask 0.92578125 24 56 135 241 
mask 0.7265625 47 36 154 190 
nomask 0.5078125 53 22 226 272 
nomask 0.94140625 10 256 202 310 
nomask 0.72265625 210 256 250 310 
nomask 0.5390625 16 54 145 233 
mask 0.5078125 75 0 155 127 
mask 0.828125 53 2 175 85 
mask 0.6328125 31 32 159 118 
mask 0.765625 28 62 101 210 
mask 0.78515625 54 57 135 198 
mask 0.81640625 208 5 250 269 
mask 0.79296875 165 30 250 201 
mask 0.984375 159 280 250 310 
nomask 0.6328125 1 158 250 310 
nomask 0.94921875 128 1 250 310 
mask 0.93359375 120 19 192 188 
mask 0.98046875 105 0 209 98 
mask 0.671875 93 32 218 118 
mask 0.92578125 27 17 113 140 
mask 0.625 88 117 183 260 
mask 0.98046875 62 203 191 310 
nomask 0.91796875 100 179 242 310 
nomask 0.625 1 131 67 299 
nomask 0.58203125 70 170 161 288 
mask 0.5859375 120 65 197 248 
mask 0.90625 16 183 126 310 
nomask 0.78125 32 9 97 214 
mask 0.828125 2 189 29 233 
mask 0.55078125 163 93 250 281 
mask 0.8984375 85 234 199 310 
mask 0.515625 200 37 250 310 
mask 0.59765625 165 234 250 310 
nomask 0.953125 201 191 250 310 
nomask 0.52734375 58 1 170 16 
