nomask 0.70703125 136 157 325 475 
nomask 0.9375 305 579 480 640 
nomask 0.609375 408 523 480 640 
mask 0.83984375 28 523 380 640 
mask 0.76171875 204 203 435 619 
nomask 0.609375 94 106 272 377 
nomask 0.92578125 148 429 427 640 
mask 0.7109375 23 14 296 428 
nomask 0.9609375 325 413 480 640 
mask 0.92578125 387 28 480 499 
mask 0.94921875 231 135 367 541 
mask 0.78125 170 54 348 325 
nomask 0.88671875 99 229 285 537 
mask 0.97265625 129 340 480 591 
mask 0.828125 56 469 420 640 
mask 0.92578125 102 353 374 640 
mask 0.90625 89 133 356 310 
nomask 0.9609375 161 330 312 640 
mask 0.9765625 150 292 293 596 
mask 0.9765625 314 197 480 577 
mask 0.9375 89 392 362 551 
mask 0.89453125 388 77 480 640 
mask 0.98046875 4 380 218 640 
mask 0.9296875 69 516 480 640 
mask 0.8203125 286 515 480 640 
mask 0.88671875 172 189 428 374 
nomask 0.984375 158 211 480 640 
mask 0.65625 246 6 480 640 
mask 0.703125 247 216 480 423 
nomask 0.56640625 19 265 291 619 
mask 0.85546875 96 241 380 588 
nomask 0.7578125 193 269 465 615 
mask 0.7578125 263 128 430 411 
mask 0.79296875 51 160 194 507 
mask 0.984375 110 408 457 640 
mask 0.8828125 236 198 392 553 
mask 0.984375 280 259 480 550 
