nomask 0.609375 54 11 297 381 
nomask 0.984375 132 181 167 238 
nomask 0.83984375 63 226 167 413 
mask 0.65234375 55 274 267 428 
nomask 0.984375 14 207 146 421 
mask 0.91796875 275 10 320 368 
mask 0.8046875 268 347 320 428 
nomask 0.97265625 126 18 281 380 
nomask 0.984375 206 131 320 391 
nomask 0.984375 87 80 254 215 
nomask 0.93359375 25 19 195 261 
nomask 0.6484375 85 303 294 428 
nomask 0.71875 227 291 320 428 
mask 0.93359375 156 27 245 293 
nomask 0.91796875 211 37 320 279 
nomask 0.96484375 78 55 162 320 
nomask 0.96875 3 219 320 428 
nomask 0.984375 159 139 211 225 
nomask 0.87890625 91 127 229 377 
nomask 0.984375 132 158 306 410 
nomask 0.984375 258 46 320 425 
mask 0.953125 88 46 262 165 
nomask 0.5625 29 283 206 428 
nomask 0.66796875 41 197 320 428 
nomask 0.984375 100 133 320 428 
nomask 0.984375 94 0 147 21 
mask 0.6171875 137 250 267 406 
nomask 0.984375 221 143 320 387 
nomask 0.57421875 89 300 294 428 
nomask 0.73046875 235 303 320 428 
mask 0.92578125 280 18 320 346 
mask 0.796875 286 283 320 428 
mask 0.6953125 210 5 320 248 
nomask 0.92578125 116 81 275 205 
