nomask 0.7421875 39 12 295 402 
nomask 0.984375 105 42 228 250 
nomask 0.953125 52 22 185 224 
nomask 0.984375 127 6 289 393 
nomask 0.984375 224 84 320 428 
mask 0.61328125 221 280 320 428 
mask 0.9453125 262 20 320 342 
mask 0.92578125 144 12 255 230 
nomask 0.55859375 21 353 256 428 
nomask 0.984375 251 364 320 428 
mask 0.57421875 35 37 144 264 
nomask 0.52734375 42 130 269 291 
nomask 0.984375 287 277 320 428 
mask 0.76953125 94 193 196 396 
nomask 0.8203125 209 52 320 420 
nomask 0.95703125 76 294 298 428 
nomask 0.92578125 258 265 320 428 
mask 0.9453125 267 4 320 369 
mask 0.96484375 126 193 282 416 
nomask 0.984375 23 3 221 318 
nomask 0.984375 258 50 320 421 
mask 0.984375 272 353 320 428 
mask 0.859375 207 387 320 428 
nomask 0.65234375 208 12 320 255 
nomask 0.76953125 213 82 317 284 
nomask 0.73828125 40 128 283 299 
nomask 0.984375 94 34 320 206 
nomask 0.9765625 95 107 203 311 
nomask 0.96484375 94 0 147 21 
nomask 0.67578125 137 250 267 406 
nomask 0.94140625 221 143 320 387 
nomask 0.5546875 89 300 294 428 
nomask 0.9765625 235 303 320 428 
mask 0.6171875 280 18 320 346 
mask 0.91796875 286 283 320 428 
mask 0.7421875 210 5 320 248 
nomask 0.63671875 116 81 275 205 
