nomask 0.5546875 0.11526113748550415 0.002120405435562134 0.9677701592445374 0.854629397392273 
nomask 0.98046875 0.1892775297164917 0.39040976762771606 0.530281126499176 0.7622540593147278 
nomask 0.91796875 0.3359290361404419 0.045745134353637695 0.5588393211364746 0.6020225882530212 
nomask 0.84375 0.089702308177948 0.0743652880191803 0.5777302384376526 0.6422345638275146 
mask 0.546875 0.12768064439296722 0.2144051045179367 0.5955097079277039 0.4911855459213257 
nomask 0.8359375 0.24793016910552979 0.10193851590156555 0.7135750651359558 0.6208072900772095 
nomask 0.95703125 0.32211023569107056 0.2840333580970764 0.5143290162086487 0.5444185137748718 
nomask 0.96875 0.0644732117652893 0.41568633913993835 0.5507190823554993 0.9459086656570435 
nomask 0.96484375 0.23762968182563782 0.41598543524742126 0.7238755226135254 0.9348541498184204 
nomask 0.9609375 0.23519596457481384 0.27837151288986206 0.4316208064556122 0.5562263131141663 
nomask 0.89453125 0.543183445930481 0.0737886130809784 0.9449615478515625 0.9199826717376709 
mask 0.9609375 0.15379920601844788 0.22945284843444824 0.6506848335266113 0.5837424397468567 
nomask 0.890625 0.23172540962696075 0.121880441904068 0.5085058808326721 0.7027685642242432 
nomask 0.9296875 0.11392684280872345 0.029209986329078674 0.4318745732307434 0.4848840832710266 
nomask 0.625 0.6778792142868042 0.15735849738121033 1.0 0.9803340435028076 
mask 0.72265625 0.12511688470840454 0.003575921058654785 0.6243332624435425 0.26295432448387146 
mask 0.6015625 0.39843159914016724 0.10875052213668823 0.6812683939933777 0.6896386742591858 
nomask 0.76953125 0.6619113087654114 0.09871631860733032 1.0 0.6511784195899963 
mask 0.890625 0.32942816615104675 0.32942816615104675 1.0 1.0 
mask 0.515625 0.25405043363571167 0.1778922975063324 0.7641903758049011 0.4930577576160431 
nomask 0.90625 0.8517708778381348 0.8174054026603699 1.0 1.0 
nomask 0.859375 0.5966860055923462 0.8101106286048889 1.0 1.0 
nomask 0.9296875 0.14868050813674927 0.08139657974243164 0.8450908064842224 0.4745714068412781 
nomask 0.98046875 0.32942816615104675 0.32942816615104675 1.0 1.0 
mask 0.515625 0.4501121938228607 0.20511308312416077 0.9944781064987183 0.4701670706272125 
nomask 0.62890625 0.5125018358230591 0.010808169841766357 1.0 1.0 
mask 0.80859375 0.5783449411392212 0.36561477184295654 0.8763023614883423 0.8518606424331665 
mask 0.890625 0.6619113087654114 0.09871631860733032 1.0 0.6511784195899963 
mask 0.890625 0.28125298023223877 0.5388450026512146 0.6297182440757751 0.9356368184089661 
nomask 0.78125 0.2580660581588745 0.6213436722755432 0.8389542102813721 0.854115903377533 
nomask 0.8125 0.5750851035118103 0.14213891327381134 0.8795621991157532 0.5978130102157593 
nomask 0.95703125 0.6491455435752869 0.9048106670379639 1.0 1.0 
nomask 0.73828125 0.4428105652332306 0.30836206674575806 0.9755200147628784 0.5734160542488098 
nomask 0.71875 0.33526480197906494 0.19405661523342133 0.9288636445999146 0.47689342498779297 
nomask 0.890625 0.13019013404846191 0.4609558582305908 1.0 1.0 
nomask 0.96484375 0.4458204507827759 0.15909671783447266 0.8426122665405273 0.6208036541938782 
nomask 0.9375 0.6200302839279175 0.06369593739509583 0.8684195280075073 0.7251439094543457 
nomask 0.859375 0.6628257036209106 0.7565798759460449 1.0 1.0 
nomask 0.97265625 0.8060598969459534 0.6185199022293091 1.0 1.0 
nomask 0.87890625 0.23296579718589783 0.005853248760104179 0.6802973747253418 0.05191715061664581 
