nomask 0.953125 15 90 465 613 
nomask 0.984375 770 44 864 692 
mask 0.73828125 161 4 833 397 
nomask 0.984375 1 718 753 864 
nomask 0.80859375 45 31 504 564 
nomask 0.984375 630 600 864 864 
mask 0.953125 211 194 624 674 
nomask 0.97265625 50 129 518 673 
nomask 0.984375 735 706 864 864 
mask 0.9140625 117 697 864 864 
nomask 0.796875 85 152 354 600 
nomask 0.984375 637 178 864 833 
nomask 0.82421875 515 346 864 739 
nomask 0.75390625 414 287 829 837 
nomask 0.74609375 560 781 864 864 
mask 0.7109375 554 362 864 851 
mask 0.703125 340 390 762 840 
nomask 0.91796875 63 7 598 643 
nomask 0.984375 699 102 864 850 
nomask 0.94140625 735 713 864 864 
mask 0.87890625 560 781 864 864 
mask 0.7109375 563 25 864 514 
nomask 0.984375 575 166 857 574 
nomask 0.984375 109 258 765 605 
nomask 0.984375 255 69 864 416 
nomask 0.984375 257 217 550 628 
nomask 0.9609375 254 0 397 44 
mask 0.515625 371 505 721 820 
mask 0.6484375 596 289 864 781 
nomask 0.86328125 242 606 794 864 
nomask 0.51953125 636 613 864 864 
mask 0.953125 757 37 864 699 
nomask 0.8515625 772 571 864 864 
mask 0.96875 567 12 864 500 
nomask 0.984375 313 164 744 414 
