nomask 0.9765625 9 28 173 260 
nomask 0.984375 58 60 179 236 
nomask 0.90234375 24 7 131 209 
nomask 0.75 47 72 128 240 
mask 0.66796875 45 2 235 143 
nomask 0.78125 0 254 212 303 
mask 0.5703125 113 66 198 200 
nomask 0.89453125 52 18 201 170 
nomask 0.89453125 72 47 169 186 
nomask 0.9140625 16 239 188 303 
mask 0.59765625 105 93 223 286 
nomask 0.8359375 180 82 244 303 
mask 0.60546875 38 209 204 303 
mask 0.73828125 102 26 215 131 
nomask 0.95703125 68 173 159 298 
nomask 0.625 15 7 136 175 
nomask 0.78125 144 123 244 257 
nomask 0.88671875 144 25 211 205 
mask 0.51171875 44 190 198 265 
mask 0.62109375 80 99 244 303 
nomask 0.96484375 125 3 244 303 
mask 0.75390625 82 58 146 250 
mask 0.9609375 154 66 244 234 
nomask 0.73828125 127 99 244 199 
nomask 0.95703125 155 274 244 303 
nomask 0.8125 1 155 244 303 
nomask 0.984375 114 61 241 144 
nomask 0.63671875 67 94 244 204 
nomask 0.94921875 105 19 194 150 
nomask 0.96484375 109 60 239 144 
nomask 0.7578125 76 94 244 303 
nomask 0.97265625 160 11 244 175 
nomask 0.87890625 94 76 146 168 
nomask 0.77734375 213 13 244 245 
mask 0.6015625 218 200 244 303 
nomask 0.73828125 160 4 244 175 
nomask 0.87109375 88 57 210 145 
