nomask 0.75 260 5 303 135 
mask 0.58203125 223 28 303 164 
nomask 0.63671875 67 6 206 78 
nomask 0.578125 200 16 303 108 
mask 0.55078125 234 140 303 166 
nomask 0.5859375 252 2 303 144 
mask 0.6171875 19 131 237 166 
nomask 0.73828125 274 107 303 166 
mask 0.63671875 102 1 220 66 
mask 0.83203125 85 11 296 77 
mask 0.89453125 46 36 197 97 
nomask 0.5 91 20 183 112 
nomask 0.6015625 125 33 240 103 
mask 0.578125 44 7 117 108 
nomask 0.81640625 226 30 303 161 
nomask 0.8984375 91 110 275 166 
nomask 0.55859375 31 17 199 64 
mask 0.9140625 184 44 269 130 
nomask 0.625 39 76 303 166 
nomask 0.94921875 155 0 303 166 
mask 0.59765625 94 51 303 166 
