nomask 0.9140625 558 45 2036 2339 
nomask 0.9609375 814 74 2366 3130 
nomask 0.87109375 1612 17 2429 1369 
mask 0.8828125 1702 522 2448 3164 
mask 0.91796875 653 2030 2284 3264 
mask 0.77734375 1830 2163 2448 3264 
mask 0.8671875 1484 2630 2448 3264 
mask 0.81640625 403 642 1547 2306 
nomask 0.94921875 1749 488 2448 2855 
mask 0.921875 1440 818 2185 2586 
mask 0.9453125 534 1335 1485 2747 
nomask 0.75 834 382 1429 2278 
mask 0.65625 16 288 1082 2994 
mask 0.52734375 688 1588 1964 2552 
nomask 0.609375 1239 383 1888 2363 
nomask 0.83984375 356 2635 2448 3264 
mask 0.61328125 1460 2630 2448 3264 
mask 0.73828125 536 1877 1727 2870 
mask 0.72265625 1944 144 2448 2547 
mask 0.94140625 1401 1322 2448 2806 
mask 0.89453125 9 2736 2188 3264 
nomask 0.52734375 624 757 1219 2780 
mask 0.8046875 1920 2781 2448 3264 
mask 0.9609375 2200 2118 2448 3264 
mask 0.94140625 26 1672 2448 3264 
nomask 0.91015625 766 1021 2448 3264 
nomask 0.9609375 202 2201 1584 3264 
mask 0.7890625 564 1265 1840 2272 
nomask 0.9375 1126 1016 1662 1904 
nomask 0.5234375 1023 467 1672 2363 
nomask 0.8984375 1254 35 2448 3264 
nomask 0.77734375 1263 1104 2448 2160 
mask 0.75 99 1353 1485 3160 
mask 0.5859375 493 1232 1939 3001 
nomask 0.96484375 987 1372 2372 3141 
mask 0.62890625 1341 654 2194 2097 
mask 0.6875 264 818 993 2586 
mask 0.984375 565 2082 2334 3264 
mask 0.7578125 1204 1013 1999 2820 
mask 0.72265625 1430 1322 2448 2806 
