nomask 0.73828125 56 4 285 358 
nomask 0.890625 2 122 83 402 
mask 0.92578125 64 103 172 343 
nomask 0.984375 61 3 315 204 
nomask 0.7734375 0 363 285 433 
mask 0.67578125 152 94 266 286 
nomask 0.9765625 70 26 269 243 
nomask 0.9765625 97 67 227 267 
nomask 0.98046875 21 342 252 433 
mask 0.87890625 141 133 298 409 
nomask 0.9609375 242 117 327 433 
mask 0.98046875 51 299 273 433 
nomask 0.74609375 136 38 289 188 
mask 0.90625 91 247 213 426 
mask 0.67578125 21 10 183 250 
nomask 0.72265625 194 175 327 368 
mask 0.59375 193 36 283 293 
mask 0.8984375 59 272 266 379 
nomask 0.9140625 107 142 327 433 
nomask 0.984375 167 4 327 433 
nomask 0.63671875 110 83 196 357 
mask 0.953125 206 95 327 335 
nomask 0.67578125 171 142 327 285 
nomask 0.984375 208 391 327 433 
mask 0.60546875 1 221 327 433 
nomask 0.79296875 153 87 323 207 
mask 0.6484375 90 135 327 291 
nomask 0.984375 141 28 260 215 
nomask 0.58203125 146 86 321 206 
mask 0.81640625 102 135 327 433 
nomask 0.96875 215 15 327 250 
mask 0.79296875 126 109 196 240 
mask 0.8046875 286 18 327 350 
mask 0.9296875 292 286 327 433 
mask 0.59375 214 6 327 251 
mask 0.67578125 118 82 281 207 
