nomask 0.66015625 0.15146863460540771 0.07179135084152222 0.8936161994934082 0.9168628454208374 
nomask 0.984375 0.05836018919944763 0.8260655999183655 0.7764599323272705 1.0 
nomask 0.984375 0.8381220102310181 0.0380856990814209 1.0 0.7743856310844421 
nomask 0.55078125 0.35059112310409546 0.5701755881309509 0.7388864159584045 0.9420198798179626 
nomask 0.984375 0.6491455435752869 0.9048106670379639 1.0 1.0 
nomask 0.98046875 0.3045061528682709 0.003010183572769165 0.8858457803726196 0.6945977210998535 
nomask 0.984375 0.298048198223114 0.3040410280227661 0.6159959435462952 0.749957799911499 
nomask 0.984375 0.21118569374084473 0.15700429677963257 0.782585620880127 0.8367670178413391 
nomask 0.984375 0.8513148427009583 0.8261599540710449 1.0 1.0 
nomask 0.69140625 0.0011823028326034546 0.023778557777404785 0.2744271159172058 0.5656029582023621 
nomask 0.828125 0.35097700357437134 0.4312119483947754 0.7309578061103821 0.8195072412490845 
nomask 0.984375 0.2231190800666809 0.6385093927383423 0.9458618760108948 1.0 
nomask 0.984375 0.8188556432723999 0.0380856990814209 1.0 0.7743856310844421 
nomask 0.6328125 0.059163808822631836 0.8260668516159058 0.7929766178131104 1.0 
nomask 0.984375 0.9605690240859985 0.004426553845405579 0.998731255531311 0.18187488615512848 
nomask 0.68359375 0.5942156314849854 0.40597015619277954 1.0 0.8510090708732605 
nomask 0.984375 0.6107465624809265 0.010404437780380249 1.0 0.657028079032898 
nomask 0.984375 0.07551521062850952 0.17069131135940552 0.5258487462997437 0.8077152371406555 
nomask 0.984375 0.2812331020832062 0.7022503018379211 0.9190361499786377 1.0 
nomask 0.984375 0.3104931712150574 0.3073037564754486 0.6353980302810669 0.7251843214035034 
nomask 0.984375 0.7234206199645996 0.6951964497566223 1.0 1.0 
nomask 0.9765625 0.7228273153305054 0.11826205253601074 1.0 0.37208640575408936 
nomask 0.984375 0.44698017835617065 0.282181054353714 0.8188244700431824 0.7243267297744751 
nomask 0.984375 0.8766635656356812 0.04320770502090454 1.0 0.8262529969215393 
nomask 0.6796875 0.8721224069595337 0.1550503671169281 0.9990968704223633 0.8763203620910645 
mask 0.61328125 0.8513148427009583 0.8261599540710449 1.0 1.0 
nomask 0.69140625 0.5803929567337036 0.22796854376792908 0.8848700523376465 0.7937642335891724 
nomask 0.984375 0.28812336921691895 0.45075148344039917 0.6681041121482849 0.8225957751274109 
nomask 0.984375 0.6491455435752869 0.9048106670379639 1.0 1.0 
nomask 0.98046875 0.6545749306678772 0.30156368017196655 1.0 0.9086228013038635 
nomask 0.94921875 0.34218382835388184 0.7557350993156433 0.7978578805923462 1.0 
nomask 0.984375 0.8032829761505127 0.1212129294872284 1.0 1.0 
mask 0.6953125 0.6628257036209106 0.7565798759460449 1.0 1.0 
nomask 0.984375 0.8060598969459534 0.6185199022293091 1.0 1.0 
nomask 0.8984375 0.23296579718589783 0.005853248760104179 0.6802973747253418 0.05191715061664581 
