nomask 0.83203125 35 29 270 387 
nomask 0.984375 76 85 235 333 
nomask 0.984375 31 10 172 295 
nomask 0.9765625 62 102 168 339 
nomask 0.9140625 59 3 308 202 
nomask 0.9453125 0 359 279 428 
nomask 0.7578125 149 93 260 283 
nomask 0.9765625 68 26 263 241 
nomask 0.984375 95 66 222 264 
nomask 0.9765625 21 338 246 428 
nomask 0.83203125 138 132 292 405 
nomask 0.9140625 237 116 320 428 
mask 0.92578125 50 296 267 428 
nomask 0.953125 134 38 283 186 
nomask 0.91796875 89 244 208 421 
nomask 0.984375 20 10 179 247 
nomask 0.984375 190 173 320 364 
mask 0.85546875 189 36 277 290 
mask 0.61328125 57 269 260 375 
nomask 0.9765625 105 140 320 428 
nomask 0.984375 164 4 320 428 
nomask 0.88671875 107 82 192 353 
nomask 0.83984375 202 94 320 331 
mask 0.67578125 167 140 320 282 
nomask 0.828125 203 387 320 428 
nomask 0.5078125 1 219 320 428 
nomask 0.984375 149 86 316 204 
nomask 0.93359375 88 134 320 288 
nomask 0.984375 138 28 254 213 
nomask 0.984375 143 85 314 203 
nomask 0.66015625 100 133 320 428 
nomask 0.984375 210 15 320 247 
nomask 0.95703125 123 108 191 237 
nomask 0.84765625 280 18 320 346 
nomask 0.57421875 286 283 320 428 
mask 0.51171875 210 5 320 248 
nomask 0.9296875 116 81 275 205 
