mask 0.984375 47 13 295 395 
nomask 0.984375 79 90 232 341 
nomask 0.984375 233 307 320 433 
nomask 0.609375 104 302 286 433 
nomask 0.94140625 60 101 169 336 
nomask 0.9765625 282 18 320 350 
mask 0.98046875 33 35 150 394 
nomask 0.984375 18 357 248 433 
nomask 0.72265625 254 366 320 433 
nomask 0.8828125 40 13 196 243 
nomask 0.859375 145 124 261 307 
nomask 0.98046875 59 1 308 203 
nomask 0.9765625 131 14 295 308 
nomask 0.984375 209 57 320 421 
nomask 0.81640625 105 143 320 433 
nomask 0.984375 3 221 320 433 
nomask 0.984375 53 2 307 216 
nomask 0.94921875 93 29 200 230 
nomask 0.57421875 194 2 320 191 
mask 0.58203125 282 10 320 302 
mask 0.984375 164 53 230 161 
mask 0.52734375 208 82 320 338 
nomask 0.703125 165 146 320 286 
nomask 0.92578125 13 179 194 419 
nomask 0.984375 64 163 253 398 
nomask 0.984375 129 182 310 416 
nomask 0.984375 175 86 286 278 
nomask 0.984375 34 108 129 343 
nomask 0.98046875 73 276 305 433 
nomask 0.984375 157 134 261 374 
nomask 0.98046875 187 175 320 372 
