mask 0.5078125 0.18139293789863586 0.0446564257144928 0.9906610250473022 0.9863208532333374 
nomask 0.984375 0.2080620676279068 0.13002653419971466 0.6048538684844971 0.6121602654457092 
nomask 0.96875 0.3016067445278168 0.07144597172737122 0.6544510126113892 0.8474569320678711 
nomask 0.88671875 0.07466690242290497 0.15095451474189758 0.4890134930610657 0.6544187068939209 
nomask 0.91015625 0.18890687823295593 0.14210548996925354 0.8843933343887329 0.9170870780944824 
nomask 0.984375 0.08764347434043884 0.674403727054596 0.6521942615509033 1.0 
nomask 0.82421875 0.6491455435752869 0.09871631860733032 1.0 0.6511784195899963 
mask 0.6953125 0.8517708778381348 0.8174054026603699 1.0 1.0 
mask 0.65625 0.6210848689079285 0.9048106670379639 1.0 1.0 
nomask 0.85546875 0.10226261615753174 0.24255113303661346 0.7532256245613098 0.7128081917762756 
nomask 0.984375 0.0057000815868377686 0.038318097591400146 0.28248053789138794 0.67174232006073 
mask 0.828125 0.6544971466064453 0.13271036744117737 1.0 0.9736939668655396 
nomask 0.51953125 0.33096641302108765 0.33096641302108765 1.0 1.0 
nomask 0.984375 0.010808169841766357 0.5125018358230591 1.0 1.0 
nomask 0.9765625 0.48126575350761414 0.06315237283706665 0.7702914476394653 0.6075183153152466 
nomask 0.578125 0.42130807042121887 6.221234798431396e-05 0.8391886949539185 0.3180099129676819 
nomask 0.9609375 0.3758910596370697 0.10461896657943726 0.8751074075698853 0.3813994228839874 
mask 0.6796875 0.11133840680122375 0.05704481899738312 0.4523420035839081 0.4538366198539734 
nomask 0.80078125 0.35474836826324463 0.379420667886734 0.7347291707992554 0.8411276340484619 
nomask 0.984375 0.24820664525032043 0.6572805047035217 0.7670754194259644 1.0 
nomask 0.984375 0.400704026222229 0.5800169706344604 0.9685733318328857 1.0 
nomask 0.984375 0.0041077882051467896 0.42386606335639954 0.27150166034698486 0.9656904935836792 
mask 0.94921875 0.28108733892440796 0.5510218739509583 0.6449692845344543 0.931002676486969 
nomask 0.984375 0.4835970401763916 0.21007496118545532 0.7880741357803345 0.8009025454521179 
mask 0.71484375 0.0649719089269638 0.5925160646438599 0.5056624412536621 1.0 
mask 0.6875 0.13064031302928925 0.030871182680130005 0.3900187015533447 0.6923191547393799 
mask 0.90234375 0.009755562990903854 0.6118361949920654 0.1199755072593689 0.7516872882843018 
nomask 0.6171875 0.6545749306678772 0.30156368017196655 1.0 0.9086228013038635 
nomask 0.9609375 0.34218382835388184 0.7557350993156433 0.7978578805923462 1.0 
nomask 0.95703125 0.8032829761505127 0.1212129294872284 1.0 1.0 
mask 0.984375 0.6628257036209106 0.7565798759460449 1.0 1.0 
mask 0.81640625 0.8060598969459534 0.6185199022293091 1.0 1.0 
mask 0.75 0.23296579718589783 0.005853248760104179 0.6802973747253418 0.05191715061664581 
