nomask 0.50390625 38 29 268 390 
nomask 0.984375 33 58 190 365 
nomask 0.984375 2 52 135 403 
nomask 0.984375 274 11 320 350 
mask 0.72265625 22 303 207 433 
nomask 0.97265625 51 228 278 380 
nomask 0.984375 59 3 308 204 
nomask 0.98046875 272 353 320 433 
nomask 0.82421875 198 391 320 433 
nomask 0.6953125 32 105 241 308 
nomask 0.984375 1 16 90 290 
nomask 0.98046875 209 57 320 421 
nomask 0.96875 105 143 320 433 
nomask 0.984375 3 221 320 433 
nomask 0.98046875 154 27 246 263 
nomask 0.9765625 134 0 268 137 
nomask 0.96875 120 45 280 165 
nomask 0.97265625 35 24 144 196 
nomask 0.984375 113 164 235 364 
nomask 0.984375 79 284 245 433 
nomask 0.984375 128 251 309 433 
nomask 0.984375 1 183 86 418 
nomask 0.9453125 89 238 206 403 
nomask 0.984375 154 90 252 346 
nomask 0.984375 20 256 161 433 
nomask 0.984375 41 13 124 299 
nomask 0.984375 3 264 38 325 
nomask 0.5703125 209 130 320 393 
nomask 0.94921875 109 327 255 433 
mask 0.83203125 257 52 320 433 
nomask 0.75390625 212 327 320 433 
mask 0.66015625 257 267 320 433 
mask 0.66015625 74 2 217 22 
