nomask 0.92578125 0.15633493661880493 0.058389753103256226 0.8889827132225037 0.8926440477371216 
nomask 0.984375 0.2150406539440155 0.10368815064430237 0.7247046232223511 0.6840343475341797 
nomask 0.92578125 0.06782394647598267 0.8260655999183655 0.8016367554664612 1.0 
nomask 0.80859375 0.10473862290382385 0.15806102752685547 0.4092157185077667 0.7238567471504211 
mask 0.7890625 0.2880617380142212 0.7022503018379211 0.9122074842453003 1.0 
mask 0.70703125 0.7742928862571716 0.8461483716964722 1.0 1.0 
nomask 0.55078125 0.07291276752948761 0.0522296279668808 0.530297040939331 0.5509801506996155 
nomask 0.93359375 0.6491455435752869 0.09871631860733032 1.0 0.6511784195899963 
mask 0.9375 0.9048106670379639 0.6491455435752869 1.0 1.0 
nomask 0.70703125 0.14079272747039795 0.09658634662628174 0.4058467149734497 0.6528638005256653 
mask 0.8046875 0.10254210233688354 0.10894903540611267 0.6469080448150635 0.38572949171066284 
mask 0.546875 0.25405043363571167 0.29816877841949463 0.7641903758049011 0.5749492049217224 
nomask 0.80078125 0.27044063806533813 0.314177930355072 1.0 0.667022168636322 
mask 0.609375 0.5337550640106201 0.08284837007522583 0.9355331659317017 0.9109229445457458 
mask 0.97265625 0.4820852279663086 0.18690893054008484 0.7736624479293823 0.6627428531646729 
mask 0.875 0.21521809697151184 0.38176658749580383 0.7570425271987915 0.9475623369216919 
nomask 0.97265625 0.38846951723098755 0.1407507359981537 0.6652500033378601 0.6970281600952148 
mask 0.88671875 0.31850969791412354 0.22556644678115845 0.6564048528671265 1.0 
mask 0.94140625 0.5942156314849854 0.00659450888633728 1.0 0.4421038329601288 
mask 0.6171875 0.22459843754768372 0.19241651892662048 0.4896524250507355 0.7733047008514404 
mask 0.984375 0.25405043363571167 0.19529223442077637 0.7641903758049011 0.48431795835494995 
nomask 0.94921875 0.09368783235549927 0.6619113087654114 0.6461499333381653 1.0 
mask 0.703125 0.13019013404846191 0.4609558582305908 1.0 1.0 
nomask 0.94140625 0.31297340989112854 0.31297340989112854 1.0 1.0 
nomask 0.984375 0.2942745089530945 0.0005302652716636658 0.46056610345840454 0.05109421908855438 
mask 0.69921875 0.43016523122787476 0.5854707956314087 0.8356394171714783 0.9493527412414551 
mask 0.83203125 0.6907345056533813 0.33552342653274536 1.0 0.9044148325920105 
mask 0.83203125 0.2812331020832062 0.7024832367897034 0.9190361499786377 1.0 
mask 0.6953125 0.737156867980957 0.7095370888710022 1.0 1.0 
nomask 0.67578125 0.8766635656356812 0.04293122887611389 1.0 0.8092092275619507 
mask 0.828125 0.8938673734664917 0.6619113087654114 1.0 1.0 
nomask 0.7578125 0.6565747857093811 0.013942927122116089 1.0 0.5797386169433594 
mask 0.95703125 0.36276116967201233 0.19096216559410095 0.8619775772094727 0.47998788952827454 
