nomask 0.8515625 51 52 220 257 
nomask 0.9453125 1 25 48 216 
mask 0.96484375 29 51 135 182 
nomask 0.59765625 20 268 242 322 
mask 0.62109375 137 24 283 285 
nomask 0.75390625 200 291 309 322 
nomask 0.53515625 127 10 207 193 
mask 0.62890625 35 65 196 154 
mask 0.76171875 1 165 309 322 
mask 0.59375 228 53 309 307 
mask 0.90625 57 1 233 83 
nomask 0.8671875 139 18 254 155 
nomask 0.8046875 30 96 259 223 
nomask 0.9453125 225 69 309 308 
mask 0.94921875 184 130 309 276 
nomask 0.5390625 88 191 221 322 
mask 0.56640625 39 96 273 225 
nomask 0.96875 91 25 309 155 
nomask 0.609375 92 80 196 234 
nomask 0.91796875 90 0 142 16 
nomask 0.6328125 132 188 258 305 
mask 0.51953125 213 108 309 291 
mask 0.8671875 86 226 283 322 
mask 0.73828125 227 228 309 322 
nomask 0.56640625 270 13 309 260 
mask 0.73828125 276 213 309 322 
mask 0.8046875 202 4 309 186 
nomask 0.56640625 112 61 266 154 
