nomask 0.62890625 0.16697010397911072 0.6053697466850281 0.9550783634185791 1.0 
nomask 0.87890625 0.26295071840286255 0.1611385941505432 0.7231382131576538 0.7711735367774963 
nomask 0.9453125 0.7944116592407227 0.0423218309879303 1.0 0.7947331666946411 
nomask 0.87109375 0.8517708778381348 0.8174054026603699 1.0 1.0 
nomask 0.984375 0.6210848689079285 0.9098391532897949 1.0 1.0 
nomask 0.81640625 0.5698786973953247 0.04393419623374939 0.9498594999313354 0.5473983287811279 
nomask 0.9296875 0.4586470127105713 0.11319389939308167 1.0 1.0 
nomask 0.9609375 0.09368783235549927 0.6619113087654114 0.6461499333381653 1.0 
nomask 0.93359375 0.014733642339706421 0.36210402846336365 0.7510335445404053 0.9948815107345581 
nomask 0.91796875 0.17263013124465942 0.18567195534706116 0.9147776961326599 0.944058895111084 
nomask 0.96484375 0.8988957405090332 0.6491455435752869 1.0 1.0 
nomask 0.984375 0.14080384373664856 0.4671309292316437 1.0 1.0 
nomask 0.8984375 0.31297340989112854 0.31297340989112854 1.0 1.0 
nomask 0.94921875 0.6491455435752869 0.09871631860733032 1.0 0.6511784195899963 
nomask 0.93359375 0.5966860055923462 0.40110111236572266 1.0 0.8558781147003174 
nomask 0.70703125 0.6491455435752869 0.9048106670379639 1.0 1.0 
nomask 0.76953125 0.6894193291664124 0.08261498808860779 1.0 0.6471657752990723 
nomask 0.91015625 0.6491455435752869 0.9048106670379639 1.0 1.0 
nomask 0.76953125 0.8813073635101318 0.03743612766265869 1.0 0.698884129524231 
nomask 0.94140625 0.07505014538764954 0.1799611747264862 0.5939189195632935 0.7707887887954712 
nomask 0.7734375 0.21860015392303467 0.5422286987304688 0.5101773738861084 0.9979027509689331 
nomask 0.7734375 0.6491455435752869 0.9048106670379639 1.0 1.0 
nomask 0.76953125 0.3410474359989166 0.38687649369239807 0.5599238872528076 0.6708111763000488 
nomask 0.9453125 0.33096641302108765 0.33096641302108765 1.0 1.0 
nomask 0.94140625 0.5125018358230591 0.010808169841766357 1.0 1.0 
nomask 0.94921875 0.5160501599311829 0.3382387161254883 1.0 0.6618181467056274 
nomask 0.72265625 0.040831297636032104 0.41471269726753235 0.6066269874572754 0.968393087387085 
nomask 0.82421875 0.20147186517715454 0.3776192367076874 0.7922994494438171 0.9194436073303223 
nomask 0.90234375 0.40327730774879456 0.4206406772136688 0.9690730571746826 0.9624650478363037 
nomask 0.97265625 0.5479228496551514 0.20047056674957275 0.8963881731033325 0.6426162123680115 
nomask 0.765625 0.10799849033355713 0.25070956349372864 0.40595585107803345 0.7925339937210083 
nomask 0.8984375 0.23094111680984497 0.6380742788314819 0.9536839127540588 1.0 
nomask 0.8984375 0.4919605255126953 0.3103868067264557 0.8168654441833496 0.8640671968460083 
nomask 0.96875 0.5845338106155396 0.4051518440246582 1.0 0.8599288463592529 
