nomask 0.84375 40 3 270 360 
nomask 0.984375 137 17 308 392 
nomask 0.69921875 13 357 258 428 
nomask 0.6875 247 364 320 428 
mask 0.53125 227 78 320 417 
nomask 0.6171875 66 273 302 428 
mask 0.59375 226 15 317 410 
mask 0.76171875 121 70 225 261 
mask 0.62890625 80 131 262 240 
nomask 0.90625 138 1 271 134 
nomask 0.94921875 158 57 255 274 
mask 0.84765625 186 173 320 368 
nomask 0.94921875 190 15 288 218 
mask 0.57421875 212 314 320 428 
nomask 0.72265625 8 8 315 277 
nomask 0.984375 78 22 161 276 
mask 0.90234375 251 19 320 348 
mask 0.91796875 194 2 320 192 
nomask 0.84765625 286 277 320 428 
mask 0.6796875 42 197 320 428 
nomask 0.984375 100 133 320 428 
nomask 0.984375 257 260 320 428 
mask 0.72265625 59 94 258 287 
nomask 0.984375 103 29 214 340 
mask 0.71875 115 111 315 304 
nomask 0.984375 143 120 262 310 
nomask 0.85546875 280 18 320 353 
mask 0.828125 279 66 319 375 
mask 0.82421875 272 353 320 428 
mask 0.625 185 97 283 339 
mask 0.72265625 92 192 213 352 
nomask 0.9296875 207 387 320 428 
mask 0.609375 209 129 320 388 
nomask 0.8203125 109 323 255 428 
mask 0.77734375 257 51 320 428 
mask 0.79296875 212 323 320 428 
nomask 0.62109375 257 264 320 428 
mask 0.7109375 74 2 217 22 
