nomask 0.98046875 3 21 86 320 
mask 0.9609375 26 162 163 378 
nomask 0.953125 141 68 304 361 
nomask 0.984375 2 60 135 396 
nomask 0.8828125 118 151 261 377 
nomask 0.984375 73 323 310 433 
nomask 0.703125 38 171 201 301 
nomask 0.87109375 72 183 155 424 
mask 0.96484375 20 342 251 433 
nomask 0.9609375 272 353 320 433 
nomask 0.9140625 105 142 320 433 
nomask 0.984375 1 221 320 433 
nomask 0.984375 20 18 172 243 
nomask 0.984375 95 80 190 258 
nomask 0.8046875 97 127 236 284 
nomask 0.93359375 36 135 199 252 
nomask 0.92578125 123 94 215 330 
nomask 0.72265625 44 214 207 339 
nomask 0.984375 54 301 263 433 
nomask 0.9296875 30 112 139 288 
nomask 0.96484375 74 97 159 327 
nomask 0.53515625 203 391 320 433 
nomask 0.875 86 134 320 290 
nomask 0.9765625 240 39 320 398 
mask 0.97265625 13 172 183 417 
nomask 0.984375 152 101 256 326 
nomask 0.96875 127 184 308 419 
nomask 0.96875 31 80 129 310 
nomask 0.6640625 30 5 171 264 
nomask 0.91796875 143 86 314 206 
nomask 0.7890625 100 135 320 433 
nomask 0.984375 210 15 320 250 
mask 0.875 123 109 191 240 
nomask 0.5 280 18 320 350 
mask 0.75 286 286 320 433 
nomask 0.70703125 210 6 320 251 
mask 0.68359375 116 82 275 207 
