mask 0.984375 41 53 272 413 
nomask 0.984375 14 351 259 428 
nomask 0.640625 22 11 188 275 
nomask 0.984375 122 12 299 287 
nomask 0.984375 76 82 229 336 
nomask 0.984375 18 349 253 428 
nomask 0.71875 65 58 178 271 
nomask 0.98046875 203 387 320 428 
nomask 0.75 33 172 304 379 
nomask 0.984375 187 171 320 366 
mask 0.609375 89 300 294 428 
nomask 0.97265625 61 79 239 211 
nomask 0.84375 215 37 320 279 
mask 0.859375 155 55 247 320 
nomask 0.94140625 85 132 318 290 
nomask 0.984375 230 57 320 361 
mask 0.98046875 146 50 320 428 
nomask 0.984375 16 158 190 405 
nomask 0.984375 86 127 231 383 
nomask 0.984375 53 2 307 214 
nomask 0.89453125 93 28 200 228 
mask 0.609375 194 2 320 189 
mask 0.80859375 282 10 320 299 
mask 0.8828125 164 52 230 159 
nomask 0.9453125 208 81 320 334 
nomask 0.5 165 144 320 283 
nomask 0.8046875 13 177 194 414 
nomask 0.97265625 64 161 253 393 
nomask 0.984375 129 180 310 411 
nomask 0.984375 175 85 286 275 
nomask 0.98046875 34 107 129 339 
nomask 0.70703125 73 273 305 428 
nomask 0.984375 157 132 261 369 
nomask 0.984375 187 173 320 368 
