nomask 0.984375 16 5 177 253 
nomask 0.984375 27 2 169 186 
nomask 0.984375 76 52 116 122 
nomask 0.93359375 74 59 134 181 
nomask 0.9296875 49 16 98 168 
mask 0.58984375 60 0 119 113 
nomask 0.86328125 22 10 118 152 
nomask 0.984375 42 28 139 102 
nomask 0.984375 31 77 163 171 
nomask 0.984375 161 4 193 222 
nomask 0.5 8 217 156 261 
nomask 0.953125 149 220 193 261 
nomask 0.76953125 174 169 193 261 
nomask 0.5078125 26 52 131 124 
nomask 0.984375 16 44 107 203 
nomask 0.984375 68 50 165 125 
nomask 0.984375 110 26 169 150 
nomask 0.77734375 140 33 193 222 
nomask 0.5078125 146 11 190 170 
nomask 0.83203125 55 93 138 246 
nomask 0.828125 1 23 83 245 
nomask 0.984375 35 59 180 232 
nomask 0.984375 139 53 193 251 
mask 0.6875 110 105 193 224 
nomask 0.96484375 38 166 184 261 
nomask 0.96875 130 168 193 261 
nomask 0.7421875 95 30 147 185 
nomask 0.7109375 125 25 193 169 
nomask 0.81640625 82 26 193 94 
nomask 0.984375 63 86 193 261 
nomask 0.984375 2 133 193 261 
nomask 0.96875 98 2 193 261 
nomask 0.984375 64 50 112 205 
mask 0.62890625 1 159 110 261 
nomask 0.83203125 39 162 156 261 
nomask 0.984375 115 210 193 261 
nomask 0.98046875 20 101 78 227 
nomask 0.91796875 33 96 111 214 
