nomask 0.61328125 0.09150972962379456 0.023001372814178467 0.9299226999282837 0.9727299809455872 
nomask 0.984375 0.2910149097442627 0.6368266344070435 0.6230292320251465 0.980738639831543 
nomask 0.8671875 0.1992824226617813 0.530370831489563 0.5241873264312744 0.9667391777038574 
nomask 0.51171875 0.17196452617645264 0.6416144371032715 0.8371715545654297 1.0 
nomask 0.984375 0.04643569886684418 0.48556095361709595 0.45690298080444336 0.9843115210533142 
nomask 0.76953125 0.8599750399589539 0.02560010552406311 1.0 0.8611809015274048 
nomask 0.55859375 0.8385281562805176 0.8117282390594482 1.0 1.0 
nomask 0.8125 0.3939467668533325 0.0427418053150177 0.8792353868484497 0.8901801109313965 
nomask 0.984375 0.6461435556411743 0.30652230978012085 1.0 0.9135814309120178 
nomask 0.72265625 0.2747289538383484 0.18871748447418213 0.7960315346717834 0.5038829445838928 
nomask 0.984375 0.08012869954109192 0.046208977699279785 0.6103510856628418 0.6120046973228455 
nomask 0.984375 0.2672012150287628 0.70930415391922 0.9189603328704834 1.0 
nomask 0.984375 0.7095381021499634 0.6806963682174683 1.0 1.0 
nomask 0.94921875 0.48955345153808594 0.06479471921920776 0.7663339376449585 0.6846554279327393 
nomask 0.59375 0.6619113087654114 0.08764347434043884 1.0 0.6521942615509033 
nomask 0.94140625 0.24408376216888428 0.12865397334098816 0.509137749671936 0.7485146522521973 
nomask 0.703125 0.010808169841766357 0.5125018358230591 1.0 1.0 
nomask 0.890625 0.4996403455734253 0.325491338968277 0.6612962484359741 0.5263127088546753 
nomask 0.74609375 0.2850998342037201 0.29728230834007263 0.7163538932800293 0.8814716339111328 
nomask 0.9296875 0.41526296734809875 0.36925065517425537 0.9570873975753784 0.960078239440918 
nomask 0.984375 0.8083674311637878 0.10906079411506653 1.0 0.9939912557601929 
mask 0.6328125 0.2763271629810333 0.10894903540611267 0.8206931352615356 0.38572949171066284 
nomask 0.984375 0.09368783235549927 0.6619113087654114 0.6461499333381653 1.0 
nomask 0.76953125 0.13019013404846191 0.4609558582305908 1.0 1.0 
nomask 0.98046875 0.31297340989112854 0.31297340989112854 1.0 1.0 
nomask 0.984375 0.2942745089530945 0.0005302652716636658 0.46056610345840454 0.05109421908855438 
nomask 0.5703125 0.43016523122787476 0.5854707956314087 0.8356394171714783 0.9493527412414551 
nomask 0.9453125 0.6907345056533813 0.33552342653274536 1.0 0.9044148325920105 
nomask 0.578125 0.2812331020832062 0.7024832367897034 0.9190361499786377 1.0 
nomask 0.984375 0.737156867980957 0.7095370888710022 1.0 1.0 
nomask 0.9375 0.8766635656356812 0.04293122887611389 1.0 0.8092092275619507 
nomask 0.76171875 0.8938673734664917 0.6619113087654114 1.0 1.0 
mask 0.671875 0.6565747857093811 0.013942927122116089 1.0 0.5797386169433594 
nomask 0.85546875 0.36276116967201233 0.19096216559410095 0.8619775772094727 0.47998788952827454 
