mask 0.8984375 48 20 290 390 
nomask 0.984375 40 56 238 369 
nomask 0.984375 115 84 274 331 
nomask 0.984375 15 152 186 417 
nomask 0.94921875 131 175 300 412 
nomask 0.97265625 54 74 188 278 
nomask 0.984375 68 160 172 347 
nomask 0.6875 97 86 239 234 
nomask 0.9765625 58 194 254 395 
nomask 0.93359375 2 57 138 383 
nomask 0.93359375 37 176 132 371 
nomask 0.546875 130 60 215 288 
mask 0.83203125 224 75 320 407 
nomask 0.61328125 94 279 289 428 
mask 0.51953125 46 343 320 428 
mask 0.72265625 216 273 320 428 
nomask 0.71875 269 3 320 361 
mask 0.88671875 207 42 320 278 
nomask 0.984375 1 358 286 428 
mask 0.6953125 247 364 320 428 
mask 0.8046875 131 134 216 367 
mask 0.8515625 289 277 320 428 
nomask 0.61328125 1 219 320 428 
nomask 0.984375 165 4 320 428 
mask 0.5234375 10 228 147 428 
mask 0.90234375 114 131 281 247 
nomask 0.96875 37 215 211 326 
nomask 0.55859375 40 98 140 293 
nomask 0.92578125 28 288 208 428 
mask 0.74609375 90 150 159 271 
mask 0.6171875 105 140 320 428 
nomask 0.984375 166 46 245 285 
