mask 0.984375 41 8 286 389 
nomask 0.984375 144 36 297 284 
nomask 0.984375 121 76 246 278 
nomask 0.94921875 281 1 320 382 
mask 0.66015625 78 279 300 428 
nomask 0.93359375 258 259 320 428 
nomask 0.8359375 54 128 287 296 
nomask 0.984375 269 349 320 428 
nomask 0.62890625 77 149 237 377 
nomask 0.984375 239 46 320 386 
mask 0.66015625 194 344 320 428 
nomask 0.83984375 24 288 209 428 
mask 0.52734375 203 86 320 329 
nomask 0.93359375 207 387 320 428 
mask 0.8203125 281 125 317 421 
mask 0.51953125 64 218 161 413 
nomask 0.640625 40 231 283 389 
nomask 0.9765625 74 281 243 428 
nomask 0.8984375 244 88 320 406 
mask 0.6875 200 174 320 360 
mask 0.78125 212 15 320 252 
nomask 0.73828125 224 32 320 279 
mask 0.57421875 180 102 284 329 
nomask 0.66015625 282 16 320 299 
mask 0.6328125 24 77 190 329 
nomask 0.984375 69 232 163 427 
mask 0.64453125 207 387 320 428 
mask 0.8203125 109 165 179 287 
mask 0.6875 105 141 320 428 
nomask 0.984375 164 4 320 428 
nomask 0.984375 165 144 320 283 
nomask 0.984375 13 177 194 414 
nomask 0.97265625 64 161 253 393 
nomask 0.984375 129 180 310 411 
nomask 0.984375 175 85 286 275 
nomask 0.95703125 34 107 129 339 
nomask 0.86328125 73 273 305 428 
nomask 0.90625 157 132 261 369 
nomask 0.73828125 187 173 320 368 
