nomask 0.5390625 35 12 190 240 
nomask 0.95703125 40 92 186 281 
mask 0.515625 89 118 214 282 
nomask 0.56640625 29 130 112 248 
mask 0.7734375 46 88 132 213 
mask 0.875 58 181 175 297 
mask 0.68359375 2 72 131 275 
nomask 0.578125 13 12 126 170 
mask 0.73828125 2 119 61 267 
mask 0.703125 63 21 165 187 
nomask 0.66796875 7 151 136 228 
mask 0.76953125 2 98 159 203 
nomask 0.83984375 67 96 235 200 
nomask 0.95703125 69 250 184 297 
mask 0.7265625 96 69 158 234 
mask 0.65625 11 192 128 297 
mask 0.6796875 23 158 104 297 
mask 0.73828125 66 148 115 225 
mask 0.93359375 49 51 118 184 
mask 0.80859375 79 38 133 207 
mask 0.72265625 190 36 236 297 
mask 0.9375 59 193 220 297 
mask 0.57421875 37 157 144 260 
mask 0.6015625 47 93 168 174 
mask 0.80078125 140 239 236 297 
nomask 0.69921875 190 180 236 297 
mask 0.6640625 44 64 175 141 
mask 0.703125 14 18 215 267 
nomask 0.984375 198 2 236 250 
mask 0.92578125 14 240 191 297 
mask 0.76171875 23 79 104 197 
mask 0.80859375 199 242 236 297 
mask 0.6015625 33 130 87 297 
mask 0.84375 60 176 186 258 
mask 0.61328125 77 97 236 297 
mask 0.6796875 122 5 236 297 
nomask 0.640625 114 142 185 283 
mask 0.51171875 156 29 236 193 
mask 0.78515625 110 99 182 232 
nomask 0.55859375 51 176 117 297 
mask 0.78515625 153 268 236 297 
