nomask 0.9375 47 13 295 391 
nomask 0.984375 45 3 299 220 
nomask 0.953125 29 19 198 266 
mask 0.5234375 254 20 320 342 
mask 0.9140625 251 364 320 428 
nomask 0.703125 1 361 286 428 
mask 0.765625 289 277 320 428 
mask 0.640625 169 27 298 374 
mask 0.9609375 57 136 256 407 
nomask 0.984375 73 33 160 281 
mask 0.96875 229 84 320 416 
mask 0.98046875 71 269 302 428 
nomask 0.671875 216 276 320 428 
mask 0.76171875 65 119 174 322 
nomask 0.9453125 28 288 208 428 
mask 0.7578125 3 219 320 428 
nomask 0.97265625 207 42 320 278 
mask 0.828125 190 171 320 366 
mask 0.73046875 207 387 320 428 
nomask 0.6640625 220 35 320 276 
mask 0.82421875 207 387 320 428 
nomask 0.6640625 282 16 320 299 
mask 0.83203125 24 77 190 329 
nomask 0.93359375 69 232 163 427 
mask 0.61328125 207 387 320 428 
nomask 0.6640625 109 165 179 287 
mask 0.82421875 105 141 320 428 
nomask 0.98046875 164 4 320 428 
mask 0.91796875 165 144 320 283 
nomask 0.91796875 13 177 194 414 
nomask 0.9765625 64 161 253 393 
nomask 0.984375 129 180 310 411 
nomask 0.984375 175 85 286 275 
nomask 0.953125 34 107 129 339 
mask 0.65625 73 273 305 428 
nomask 0.6171875 157 132 261 369 
mask 0.91796875 187 173 320 368 
