mask 0.5625 27 6 272 387 
nomask 0.96484375 128 43 282 375 
nomask 0.984375 138 52 251 264 
nomask 0.94140625 1 361 286 428 
mask 0.76171875 272 349 320 428 
nomask 0.9453125 207 387 320 428 
mask 0.6171875 48 23 191 242 
nomask 0.84375 28 288 208 428 
nomask 0.75 72 60 167 320 
mask 0.5234375 109 103 224 306 
nomask 0.984375 86 82 256 214 
nomask 0.984375 126 18 285 380 
nomask 0.984375 203 116 320 388 
mask 0.90625 73 269 300 428 
nomask 0.97265625 219 276 320 428 
mask 0.76171875 211 42 320 278 
mask 0.93359375 102 140 320 428 
nomask 0.8046875 3 219 320 428 
nomask 0.95703125 61 46 239 162 
mask 0.53515625 4 132 227 287 
nomask 0.984375 88 134 315 288 
nomask 0.984375 72 139 245 392 
nomask 0.984375 33 19 129 214 
mask 0.7109375 24 77 190 329 
nomask 0.984375 69 232 163 427 
mask 0.68359375 207 387 320 428 
mask 0.6171875 109 165 179 287 
mask 0.69921875 105 141 320 428 
nomask 0.87109375 164 4 320 428 
nomask 0.953125 165 144 320 283 
mask 0.859375 13 177 194 414 
nomask 0.9765625 64 161 253 393 
nomask 0.984375 129 180 310 411 
nomask 0.96875 175 85 286 275 
nomask 0.71875 34 107 129 339 
mask 0.73046875 73 273 305 428 
nomask 0.9765625 157 132 261 369 
nomask 0.98046875 187 173 320 368 
