nomask 0.90625 0.2765344977378845 0.22517678141593933 0.7541123032569885 0.7808862924575806 
nomask 0.984375 0.1560899168252945 0.3435133695602417 0.6134741902351379 0.887371301651001 
nomask 0.984375 0.3961254954338074 0.13080435991287231 0.8608537316322327 0.8750304579734802 
nomask 0.984375 0.7565798759460449 0.16671571135520935 1.0 0.9542152881622314 
nomask 0.58203125 0.20418846607208252 0.5426208972930908 0.5086655616760254 1.0 
nomask 0.984375 0.2672012150287628 0.6806963682174683 0.9189603328704834 1.0 
nomask 0.93359375 0.741703987121582 0.6727430820465088 1.0 1.0 
nomask 0.875 0.5966860055923462 0.805241584777832 1.0 1.0 
nomask 0.75 0.8426546454429626 0.008279800415039062 1.0 0.8438606262207031 
mask 0.53125 0.3104931712150574 0.1933017373085022 0.6353980302810669 0.6111823320388794 
nomask 0.984375 0.2050544023513794 0.3008078932762146 0.7377638220787048 0.6026206016540527 
nomask 0.984375 0.04293122887611389 0.8261599540710449 0.8092092275619507 1.0 
nomask 0.984375 0.4834308326244354 0.19266119599342346 0.7724565267562866 0.7370271682739258 
nomask 0.984375 0.6491455435752869 0.09871631860733032 1.0 0.6511784195899963 
mask 0.71484375 0.8517708778381348 0.8174054026603699 1.0 1.0 
nomask 0.96484375 0.6361004710197449 0.9048106670379639 1.0 1.0 
nomask 0.91796875 0.5125018358230591 0.010808169841766357 1.0 1.0 
nomask 0.8984375 0.0035071149468421936 0.30185699462890625 0.24137276411056519 0.9491415023803711 
nomask 0.85546875 0.5942156314849854 0.40597015619277954 1.0 0.8510090708732605 
mask 0.94140625 0.0010113716125488281 0.6279943585395813 0.45578840374946594 1.0 
nomask 0.984375 0.7095381021499634 0.6806963682174683 1.0 1.0 
nomask 0.9453125 0.0031558573246002197 0.11257565021514893 0.42933961749076843 0.9418677091598511 
nomask 0.875 0.4586470127105713 0.11777421832084656 1.0 1.0 
nomask 0.96875 0.004181504249572754 0.5125018358230591 1.0 1.0 
nomask 0.86328125 0.2459210306406021 0.1352904736995697 0.49431025981903076 0.7418781518936157 
nomask 0.984375 0.19983533024787903 0.10461896657943726 0.756112813949585 0.3813994228839874 
nomask 0.984375 0.7512526512145996 0.10107263922691345 1.0 0.911415696144104 
mask 0.6796875 0.22474315762519836 0.34236228466033936 0.7905389070510864 0.933189868927002 
nomask 0.984375 0.4889858663082123 0.6078808307647705 0.9202399253845215 1.0 
nomask 0.953125 0.7449671030044556 0.47048550844192505 1.0 1.0 
nomask 0.90625 0.43016523122787476 0.5854707956314087 0.8356394171714783 0.9493527412414551 
nomask 0.80078125 0.6907345056533813 0.33552342653274536 1.0 0.9044148325920105 
mask 0.84375 0.2812331020832062 0.7024832367897034 0.9190361499786377 1.0 
nomask 0.94921875 0.737156867980957 0.7095370888710022 1.0 1.0 
nomask 0.90625 0.8766635656356812 0.04293122887611389 1.0 0.8092092275619507 
nomask 0.6796875 0.8938673734664917 0.6619113087654114 1.0 1.0 
mask 0.59375 0.6565747857093811 0.013942927122116089 1.0 0.5797386169433594 
mask 0.80078125 0.36276116967201233 0.19096216559410095 0.8619775772094727 0.47998788952827454 
