nomask 0.91796875 36 16 286 406 
nomask 0.984375 29 58 215 335 
nomask 0.984375 268 351 320 428 
mask 0.89453125 207 1 320 183 
mask 0.66015625 51 128 284 299 
nomask 0.9453125 274 11 320 353 
mask 0.765625 19 353 259 428 
nomask 0.77734375 207 387 320 428 
mask 0.82421875 156 36 306 382 
nomask 0.73828125 235 81 320 420 
mask 0.88671875 160 109 266 300 
mask 0.73828125 148 43 320 166 
mask 0.6484375 281 13 320 296 
mask 0.80859375 74 14 273 229 
nomask 0.98046875 190 172 320 362 
nomask 0.765625 207 387 320 428 
mask 0.82421875 229 294 320 428 
mask 0.7421875 16 6 190 270 
nomask 0.88671875 168 35 320 196 
mask 0.640625 114 146 307 404 
nomask 0.98046875 194 206 320 403 
mask 0.55078125 46 255 271 428 
nomask 0.96484375 206 270 320 428 
mask 0.70703125 156 260 294 428 
mask 0.9609375 238 201 320 428 
mask 0.8203125 137 250 267 406 
mask 0.703125 221 143 320 387 
nomask 0.78515625 89 300 294 428 
mask 0.52734375 235 303 320 428 
mask 0.63671875 280 18 320 346 
mask 0.80859375 286 283 320 428 
nomask 0.5859375 210 5 320 248 
mask 0.5390625 116 81 275 205 
