mask 0.78125 0.16417333483695984 0.014890283346176147 0.9304512739181519 0.9065313339233398 
nomask 0.984375 0.7150286436080933 0.13420119881629944 1.0 0.8595701456069946 
mask 0.875 0.8424321413040161 0.2725566029548645 0.9939242601394653 0.6407065987586975 
nomask 0.609375 0.7260148525238037 0.35330986976623535 1.0 0.6853241920471191 
nomask 0.59765625 0.49323520064353943 0.09469467401504517 0.9312412738800049 0.6385526061058044 
mask 0.765625 0.6796610951423645 0.06937333941459656 1.0 0.5995956659317017 
mask 0.9375 0.7131291627883911 0.3133648633956909 1.0 0.57274329662323 
mask 0.59375 0.9137517213821411 0.22612310945987701 0.998197078704834 0.6023287773132324 
nomask 0.9453125 0.2437560111284256 0.12216058373451233 0.49214524030685425 0.7287483215332031 
mask 0.984375 0.8073337078094482 0.130687415599823 1.0 0.9966688752174377 
mask 0.96484375 0.8344504833221436 0.016458213329315186 1.0 0.8703228235244751 
mask 0.9375 0.05159136652946472 0.8261599540710449 0.8178693056106567 1.0 
mask 0.87890625 0.8125253319740295 0.28608596324920654 0.9888015389442444 0.5890701413154602 
nomask 0.5703125 0.8517708778381348 0.8174054026603699 1.0 1.0 
mask 0.77734375 0.9592888355255127 0.10590124875307083 1.0 0.2551352083683014 
mask 0.64453125 0.6361004710197449 0.9048106670379639 1.0 1.0 
mask 0.59765625 0.4586470127105713 0.12772062420845032 1.0 1.0 
mask 0.78125 0.707190752029419 0.04248496890068054 1.0 0.5727072954177856 
mask 0.875 0.19241710007190704 0.06453874707221985 0.5723978877067566 0.506684422492981 
mask 0.71484375 0.003668069839477539 0.10930228233337402 0.4207259714603424 0.9208368062973022 
mask 0.86328125 0.38933324813842773 0.17096638679504395 0.8862189054489136 0.7367621064186096 
nomask 0.890625 0.6619113087654114 0.09871631860733032 1.0 0.6511784195899963 
mask 0.94921875 0.1665995717048645 0.004750445485115051 0.9607567191123962 0.5006579160690308 
nomask 0.984375 0.29366886615753174 0.06724599003791809 0.6256831288337708 0.5328909158706665 
mask 0.640625 0.606367826461792 0.00659450888633728 1.0 0.4421038329601288 
nomask 0.640625 0.8838831782341003 0.02363443374633789 1.0 0.6995559334754944 
mask 0.78515625 0.5141705274581909 0.12269116193056107 0.7192854881286621 0.37204450368881226 
mask 0.765625 0.6519028544425964 0.19071650505065918 1.0 0.7815440893173218 
mask 0.984375 0.5160501599311829 0.3382387161254883 1.0 0.6618181467056274 
nomask 0.92578125 0.040831297636032104 0.41471269726753235 0.6066269874572754 0.968393087387085 
nomask 0.9453125 0.20147186517715454 0.3776192367076874 0.7922994494438171 0.9194436073303223 
nomask 0.9765625 0.40327730774879456 0.4206406772136688 0.9690730571746826 0.9624650478363037 
nomask 0.9296875 0.5479228496551514 0.20047056674957275 0.8963881731033325 0.6426162123680115 
mask 0.7890625 0.10799849033355713 0.25070956349372864 0.40595585107803345 0.7925339937210083 
mask 0.9453125 0.23094111680984497 0.6380742788314819 0.9536839127540588 1.0 
mask 0.796875 0.4919605255126953 0.3103868067264557 0.8168654441833496 0.8640671968460083 
mask 0.9609375 0.5845338106155396 0.4051518440246582 1.0 0.8599288463592529 
