nomask 0.85546875 41 37 281 409 
nomask 0.984375 281 335 320 428 
mask 0.70703125 78 30 208 228 
mask 0.640625 0 129 237 287 
nomask 0.98046875 257 18 320 334 
mask 0.6484375 28 283 208 428 
mask 0.85546875 207 387 320 428 
nomask 0.671875 102 141 320 428 
nomask 0.9296875 3 219 320 428 
nomask 0.98046875 100 15 215 369 
mask 0.703125 209 56 320 416 
mask 0.953125 105 141 320 428 
nomask 0.921875 3 219 320 428 
nomask 0.98046875 154 27 246 260 
mask 0.76171875 134 0 268 136 
nomask 0.671875 120 44 280 163 
nomask 0.62109375 35 24 144 194 
mask 0.7421875 113 162 235 360 
nomask 0.58984375 79 281 245 428 
nomask 0.72265625 128 248 309 428 
mask 0.578125 1 181 86 413 
mask 0.921875 89 235 206 398 
mask 0.87890625 154 89 252 342 
mask 0.9375 20 253 161 428 
mask 0.7265625 41 13 124 296 
mask 0.8515625 3 261 38 321 
mask 0.69140625 209 129 320 388 
mask 0.6875 109 323 255 428 
mask 0.55859375 257 51 320 428 
mask 0.68359375 212 323 320 428 
mask 0.53515625 257 264 320 428 
mask 0.75390625 74 2 217 22 
