nomask 0.875 92 138 201 311 
nomask 0.90625 91 1 273 297 
nomask 0.9765625 61 121 165 329 
nomask 0.95703125 109 186 231 345 
nomask 0.890625 15 9 188 285 
nomask 0.984375 283 18 320 346 
mask 0.7578125 18 353 253 428 
nomask 0.8203125 137 33 264 230 
nomask 0.9765625 97 30 205 225 
nomask 0.796875 203 387 320 428 
mask 0.796875 71 273 302 428 
nomask 0.984375 136 114 263 303 
nomask 0.984375 1 129 77 406 
mask 0.9765625 190 173 320 364 
mask 0.5546875 0 268 145 428 
nomask 0.62109375 227 291 320 428 
mask 0.95703125 1 48 137 403 
nomask 0.984375 146 50 320 428 
nomask 0.96484375 1 219 320 428 
nomask 0.984375 78 57 158 317 
nomask 0.7578125 63 44 241 163 
nomask 0.8046875 240 43 320 390 
mask 0.984375 71 146 252 399 
nomask 0.984375 156 260 294 428 
nomask 0.9375 238 201 320 428 
mask 0.984375 137 250 267 406 
nomask 0.6875 221 143 320 387 
mask 0.984375 89 300 294 428 
nomask 0.98046875 235 303 320 428 
mask 0.94140625 280 18 320 346 
mask 0.859375 286 283 320 428 
mask 0.5390625 210 5 320 248 
mask 0.5859375 116 81 275 205 
