nomask 0.8203125 21 10 358 477 
nomask 0.984375 2 141 105 465 
mask 0.83984375 80 119 217 397 
mask 0.66015625 77 4 397 236 
nomask 0.953125 0 421 359 501 
mask 0.625 192 109 335 331 
mask 0.72265625 88 30 339 282 
nomask 0.953125 123 77 286 309 
nomask 0.8203125 27 396 317 501 
mask 0.8515625 178 154 376 474 
nomask 0.6640625 305 136 412 501 
mask 0.98046875 64 346 344 501 
mask 0.9453125 172 44 364 218 
nomask 0.59375 115 286 268 493 
mask 0.6328125 26 12 231 290 
nomask 0.984375 244 203 412 426 
mask 0.9453125 243 42 357 339 
mask 0.7734375 74 314 335 439 
mask 0.8515625 135 165 412 501 
nomask 0.9609375 211 5 412 501 
mask 0.64453125 138 96 247 413 
mask 0.76171875 260 110 412 387 
mask 0.9609375 215 164 412 330 
mask 0.69921875 262 453 412 501 
mask 0.75390625 1 256 412 501 
nomask 0.96875 192 100 407 239 
mask 0.78125 114 157 412 337 
nomask 0.9453125 178 32 327 249 
mask 0.50390625 185 99 404 238 
mask 0.91015625 128 156 412 501 
nomask 0.96875 271 18 412 289 
mask 0.640625 158 126 247 278 
mask 0.5546875 361 21 412 405 
mask 0.9765625 368 331 412 501 
mask 0.984375 270 6 412 290 
mask 0.640625 149 95 355 240 
