nomask 0.98046875 32 38 278 419 
nomask 0.984375 193 16 320 238 
mask 0.84765625 83 61 257 326 
nomask 0.984375 158 2 311 118 
mask 0.6640625 112 84 272 202 
nomask 0.578125 171 47 320 195 
mask 0.92578125 124 102 311 286 
nomask 0.984375 208 82 320 319 
nomask 0.91015625 167 142 320 280 
nomask 0.66796875 269 40 320 253 
mask 0.90625 203 63 276 187 
nomask 0.984375 167 51 252 279 
mask 0.7265625 197 51 278 284 
mask 0.62109375 238 49 316 303 
mask 0.87109375 281 51 318 334 
mask 0.7109375 209 131 320 386 
nomask 0.9140625 59 262 241 368 
nomask 0.88671875 258 51 320 428 
mask 0.859375 3 254 145 428 
nomask 0.6015625 46 345 320 428 
mask 0.78125 190 344 320 428 
nomask 0.82421875 114 126 285 250 
nomask 0.984375 105 141 320 428 
nomask 0.984375 164 4 320 428 
nomask 0.95703125 165 144 320 283 
nomask 0.67578125 13 177 194 414 
nomask 0.984375 64 161 253 393 
nomask 0.984375 129 180 310 411 
nomask 0.984375 175 85 286 275 
nomask 0.88671875 34 107 129 339 
mask 0.625 73 273 305 428 
nomask 0.98046875 157 132 261 369 
nomask 0.984375 187 173 320 368 
