mask 0.984375 44 5 166 157 
nomask 0.984375 42 8 211 215 
nomask 0.984375 86 8 156 106 
nomask 0.98046875 177 11 224 192 
mask 0.75390625 153 39 224 237 
mask 0.765625 14 190 175 240 
nomask 0.64453125 188 196 224 240 
nomask 0.84765625 97 26 205 186 
nomask 0.87109375 92 2 187 78 
nomask 0.75390625 15 7 148 122 
nomask 0.94921875 142 217 224 240 
nomask 0.81640625 11 39 130 181 
nomask 0.984375 44 55 181 161 
nomask 0.984375 37 83 188 238 
nomask 0.625 73 27 134 167 
nomask 0.9296875 116 2 224 240 
mask 0.84375 93 24 152 160 
nomask 0.9453125 128 97 224 208 
nomask 0.75390625 50 165 209 240 
mask 0.7421875 157 163 224 240 
nomask 0.94921875 123 46 201 152 
nomask 0.88671875 169 17 219 186 
mask 0.6484375 82 72 166 167 
nomask 0.96484375 53 99 195 154 
nomask 0.734375 74 79 224 240 
mask 0.72265625 6 0 113 68 
mask 0.55078125 121 13 199 106 
nomask 0.7421875 96 25 223 87 
nomask 0.5703125 162 7 221 116 
nomask 0.5546875 24 21 88 138 
nomask 0.95703125 27 48 157 112 
mask 0.625 147 3 224 139 
mask 0.7265625 81 45 193 115 
