nomask 0.5 0.08959496021270752 0.025610923767089844 0.7625454664230347 0.7918888926506042 
nomask 0.97265625 0.00880846381187439 0.5484534502029419 0.28803232312202454 1.0 
nomask 0.98046875 0.3637625277042389 0.009475797414779663 0.9194720983505249 0.6702486276626587 
nomask 0.984375 0.22306695580482483 0.7314051985740662 0.977202296257019 1.0 
nomask 0.95703125 0.09570150077342987 0.04747036099433899 0.5363920331001282 0.6844942569732666 
nomask 0.95703125 0.606367826461792 0.8060598969459534 1.0 1.0 
nomask 0.984375 0.06357231736183167 0.3412759304046631 0.6053967475891113 0.9450316429138184 
nomask 0.984375 0.11823871731758118 0.7265011072158813 0.894249677658081 1.0 
nomask 0.95703125 0.8285930752754211 0.0380856990814209 1.0 0.7743856310844421 
mask 0.51171875 0.625113844871521 0.007206574082374573 1.0 0.4333903193473816 
nomask 0.9765625 0.7944116592407227 0.8461483716964722 1.0 1.0 
nomask 0.984375 0.7010958194732666 0.18261423707008362 1.0 0.9707225561141968 
nomask 0.96875 0.4586470127105713 0.12772062420845032 1.0 1.0 
nomask 0.96875 0.40422695875167847 0.6185199022293091 0.8689551949501038 1.0 
nomask 0.59765625 0.758455753326416 0.6808172464370728 1.0 1.0 
nomask 0.921875 0.6088380813598633 0.40110111236572266 1.0 0.8558781147003174 
nomask 0.84765625 0.8938673734664917 0.6619113087654114 1.0 1.0 
nomask 0.66015625 0.19308942556381226 0.1683562844991684 0.5415546894073486 0.5738304853439331 
nomask 0.984375 0.3334622383117676 0.1459149420261383 0.5872865915298462 0.6560548543930054 
nomask 0.94921875 0.5084068775177002 0.12880194187164307 0.773460865020752 0.673167884349823 
nomask 0.84375 0.5149019956588745 0.3084496855735779 0.7799559831619263 0.8768993020057678 
nomask 0.953125 0.8426546454429626 0.008279800415039062 1.0 0.8438606262207031 
nomask 0.8984375 0.051135361194610596 0.8261599540710449 0.8010050654411316 1.0 
nomask 0.6640625 0.8517708778381348 0.8174054026603699 1.0 1.0 
nomask 0.94140625 0.5966860055923462 0.8101106286048889 1.0 1.0 
nomask 0.984375 0.14868050813674927 0.08139657974243164 0.8450908064842224 0.4745714068412781 
nomask 0.984375 0.32942816615104675 0.32942816615104675 1.0 1.0 
nomask 0.984375 0.4501121938228607 0.20511308312416077 0.9944781064987183 0.4701670706272125 
nomask 0.6953125 0.5125018358230591 0.010808169841766357 1.0 1.0 
nomask 0.96484375 0.5783449411392212 0.36561477184295654 0.8763023614883423 0.8518606424331665 
nomask 0.90625 0.6619113087654114 0.09871631860733032 1.0 0.6511784195899963 
nomask 0.95703125 0.28125298023223877 0.5388450026512146 0.6297182440757751 0.9356368184089661 
nomask 0.984375 0.2580660581588745 0.6213436722755432 0.8389542102813721 0.854115903377533 
nomask 0.96875 0.5750851035118103 0.14213891327381134 0.8795621991157532 0.5978130102157593 
mask 0.56640625 0.6491455435752869 0.9048106670379639 1.0 1.0 
nomask 0.984375 0.4428105652332306 0.30836206674575806 0.9755200147628784 0.5734160542488098 
nomask 0.671875 0.33526480197906494 0.19405661523342133 0.9288636445999146 0.47689342498779297 
nomask 0.984375 0.13019013404846191 0.4609558582305908 1.0 1.0 
nomask 0.984375 0.4458204507827759 0.15909671783447266 0.8426122665405273 0.6208036541938782 
nomask 0.91015625 0.6200302839279175 0.06369593739509583 0.8684195280075073 0.7251439094543457 
mask 0.93359375 0.6628257036209106 0.7565798759460449 1.0 1.0 
nomask 0.984375 0.8060598969459534 0.6185199022293091 1.0 1.0 
nomask 0.72265625 0.23296579718589783 0.005853248760104179 0.6802973747253418 0.05191715061664581 
