nomask 0.94140625 264 45 647 602 
nomask 0.984375 206 20 267 111 
nomask 0.984375 478 295 560 408 
nomask 0.56640625 181 65 558 526 
nomask 0.984375 303 40 676 549 
nomask 0.984375 232 109 599 369 
nomask 0.92578125 331 174 692 735 
nomask 0.97265625 153 79 410 468 
nomask 0.92578125 193 164 384 664 
nomask 0.8828125 24 91 326 560 
nomask 0.94140625 294 199 466 460 
nomask 0.984375 320 225 582 590 
nomask 0.984375 183 308 518 627 
nomask 0.98046875 127 581 746 960 
mask 0.80859375 618 130 768 960 
mask 0.546875 582 645 768 960 
mask 0.72265625 49 228 378 798 
nomask 0.87890625 548 62 768 628 
mask 0.5546875 498 868 768 960 
nomask 0.7734375 0 18 210 527 
nomask 0.96484375 441 95 675 552 
nomask 0.9765625 557 121 768 817 
mask 0.69921875 581 43 756 625 
mask 0.84765625 218 344 550 905 
nomask 0.5 5 87 332 901 
nomask 0.81640625 140 220 720 855 
nomask 0.9296875 555 198 768 926 
mask 0.62109375 439 388 768 825 
nomask 0.671875 153 612 732 960 
mask 0.50390625 520 620 768 960 
mask 0.69140625 378 110 586 680 
nomask 0.984375 498 94 768 625 
nomask 0.8671875 326 98 768 347 
nomask 0.85546875 254 317 768 960 
nomask 0.78515625 8 492 768 960 
mask 0.69140625 393 10 768 960 
nomask 0.8671875 258 184 448 754 
nomask 0.984375 5 586 441 960 
mask 0.765625 158 597 623 960 
mask 0.734375 458 773 768 960 
nomask 0.80078125 80 371 314 838 
mask 0.5234375 132 354 443 788 
