mask 0.75 31 20 267 385 
nomask 0.984375 22 344 253 428 
nomask 0.55859375 71 322 312 428 
mask 0.65234375 37 37 274 205 
nomask 0.984375 212 323 320 428 
mask 0.9765625 80 81 247 329 
nomask 0.984375 120 11 297 275 
nomask 0.984375 258 264 320 428 
mask 0.5234375 265 21 320 336 
nomask 0.68359375 2 57 189 396 
nomask 0.984375 251 362 320 428 
mask 0.921875 130 259 279 428 
nomask 0.7578125 287 277 320 428 
mask 0.59765625 146 54 320 428 
nomask 0.984375 105 189 238 355 
nomask 0.984375 238 91 320 409 
mask 0.87109375 190 171 320 366 
nomask 0.9140625 207 42 320 278 
nomask 0.98046875 105 96 214 428 
nomask 0.9375 113 162 235 360 
nomask 0.984375 79 281 245 428 
nomask 0.921875 128 248 309 428 
nomask 0.9375 1 181 86 413 
mask 0.9609375 89 235 206 398 
nomask 0.96484375 154 89 252 342 
nomask 0.984375 20 253 161 428 
nomask 0.9375 41 13 124 296 
nomask 0.984375 3 261 38 321 
nomask 0.53125 209 129 320 388 
nomask 0.83984375 109 323 255 428 
nomask 0.796875 257 51 320 428 
mask 0.7890625 212 323 320 428 
mask 0.9765625 257 264 320 428 
nomask 0.546875 74 2 217 22 
