nomask 0.94140625 57 1 430 243 
nomask 0.984375 3 40 302 343 
nomask 0.953125 549 6 658 339 
mask 0.7421875 39 318 543 382 
mask 0.56640625 435 35 658 246 
mask 0.9375 259 19 433 246 
nomask 0.984375 509 325 658 382 
nomask 0.71484375 175 2 414 160 
nomask 0.984375 595 242 658 382 
nomask 0.56640625 69 11 307 193 
nomask 0.984375 549 6 658 325 
mask 0.76171875 28 318 532 382 
mask 0.50390625 509 323 658 382 
nomask 0.8046875 595 247 658 382 
nomask 0.5703125 89 76 447 181 
nomask 0.984375 55 64 365 297 
nomask 0.94140625 234 73 562 184 
nomask 0.8984375 378 38 578 219 
mask 0.9140625 477 48 658 325 
mask 0.85546875 498 17 648 248 
mask 0.88671875 187 137 471 360 
nomask 0.9609375 4 34 285 358 
nomask 0.984375 120 87 616 340 
nomask 0.984375 476 79 658 368 
mask 0.82421875 376 154 658 328 
mask 0.8046875 131 243 627 382 
nomask 0.5234375 445 246 658 382 
mask 0.90625 324 44 502 270 
nomask 0.53125 427 37 658 248 
mask 0.9375 279 39 658 138 
nomask 0.87109375 217 126 658 382 
nomask 0.87890625 7 195 658 382 
nomask 0.53125 337 4 658 382 
nomask 0.5234375 221 73 384 300 
nomask 0.984375 4 233 378 382 
mask 0.91796875 135 237 534 382 
mask 0.83984375 392 307 658 382 
mask 0.5078125 68 147 269 333 
nomask 0.94921875 113 141 380 313 
