nomask 0.69140625 39 0 295 390 
nomask 0.984375 187 99 244 189 
mask 0.671875 169 77 251 206 
nomask 0.59375 197 111 234 168 
mask 0.59375 184 49 277 198 
mask 0.81640625 240 15 315 194 
nomask 0.5078125 160 104 215 204 
nomask 0.53125 138 77 227 221 
nomask 0.5 187 130 220 185 
mask 0.75 187 110 221 169 
mask 0.6171875 167 137 244 212 
mask 0.75 200 100 233 149 
mask 0.61328125 200 151 234 203 
mask 0.81640625 38 86 201 207 
nomask 0.734375 42 124 205 253 
nomask 0.95703125 41 197 320 428 
nomask 0.984375 100 133 320 428 
nomask 0.984375 113 12 308 222 
nomask 0.68359375 87 48 254 161 
mask 0.84375 129 13 214 252 
mask 0.86328125 76 93 161 342 
mask 0.83984375 57 164 231 290 
nomask 0.90625 42 197 320 428 
nomask 0.984375 100 133 320 428 
nomask 0.984375 257 260 320 428 
nomask 0.54296875 59 94 258 287 
nomask 0.8984375 103 29 214 340 
mask 0.88671875 115 111 315 304 
nomask 0.96875 143 120 262 310 
nomask 0.6015625 280 18 320 353 
mask 0.73828125 279 66 319 375 
mask 0.7734375 272 353 320 428 
mask 0.66796875 185 97 283 339 
mask 0.859375 92 192 213 352 
nomask 0.89453125 207 387 320 428 
nomask 0.71484375 209 129 320 388 
mask 0.69921875 109 323 255 428 
nomask 0.85546875 257 51 320 428 
mask 0.75 212 323 320 428 
nomask 0.53515625 257 264 320 428 
nomask 0.55078125 74 2 217 22 
