mask 0.96484375 58 11 214 132 
mask 0.56640625 247 3 275 156 
mask 0.625 140 79 230 149 
mask 0.796875 17 26 139 117 
nomask 0.57421875 79 46 194 131 
mask 0.578125 54 61 115 108 
mask 0.61328125 24 123 179 183 
mask 0.86328125 62 25 143 136 
nomask 0.5234375 93 44 193 131 
mask 0.65234375 73 35 220 91 
mask 0.921875 109 7 245 162 
mask 0.75 174 50 275 166 
mask 0.80078125 63 115 257 183 
mask 0.78125 188 118 275 183 
nomask 0.703125 182 18 275 119 
nomask 0.5625 88 60 275 183 
mask 0.59765625 2 93 275 183 
nomask 0.52734375 53 20 206 69 
mask 0.7890625 3 56 195 122 
mask 0.75390625 75 57 271 123 
mask 0.7890625 62 59 211 167 
mask 0.5703125 28 8 110 91 
nomask 0.83203125 20 32 163 141 
nomask 0.66796875 60 99 140 182 
mask 0.85546875 178 165 275 183 
nomask 0.6484375 93 70 153 122 
mask 0.94921875 91 60 275 183 
mask 0.6953125 140 1 275 183 
mask 0.875 141 61 275 121 
mask 0.671875 11 75 166 177 
mask 0.78125 55 69 217 168 
nomask 0.5703125 110 76 266 176 
mask 0.953125 150 36 246 117 
mask 0.64453125 29 45 111 145 
nomask 0.640625 63 116 262 183 
mask 0.76171875 135 56 224 158 
mask 0.9453125 160 74 275 157 
