mask 0.6796875 61 14 217 131 
nomask 0.984375 39 1 257 94 
nomask 0.91015625 24 8 170 114 
nomask 0.9609375 219 8 275 146 
nomask 0.87109375 215 155 275 183 
nomask 0.55078125 1 154 245 183 
nomask 0.51171875 248 118 275 183 
nomask 0.8671875 145 11 256 159 
mask 0.76171875 49 58 220 174 
nomask 0.984375 63 14 137 120 
nomask 0.984375 197 36 275 178 
nomask 0.93359375 61 115 260 183 
nomask 0.7890625 186 118 275 183 
nomask 0.640625 56 50 149 138 
nomask 0.984375 24 123 179 183 
nomask 0.96484375 2 93 275 183 
mask 0.61328125 178 18 275 119 
nomask 0.875 164 73 275 156 
mask 0.61328125 178 165 275 183 
nomask 0.515625 189 15 275 118 
nomask 0.6328125 178 165 275 183 
nomask 0.515625 242 6 275 127 
mask 0.5078125 20 32 163 141 
nomask 0.984375 60 99 140 182 
nomask 0.921875 178 165 275 183 
nomask 0.515625 93 70 153 122 
nomask 0.9375 91 60 275 183 
nomask 0.98046875 140 1 275 183 
nomask 0.5234375 141 61 275 121 
nomask 0.73828125 11 75 166 177 
nomask 0.90625 55 69 217 168 
nomask 0.984375 110 76 266 176 
nomask 0.984375 150 36 246 117 
nomask 0.984375 29 45 111 145 
nomask 0.703125 63 116 262 183 
nomask 0.7890625 135 56 224 158 
nomask 0.953125 160 74 275 157 
