mask 0.98046875 0.21680273115634918 0.2436135709285736 0.7155094146728516 0.8239086866378784 
nomask 0.96875 0.22930827736854553 0.06445899605751038 0.80748450756073 0.7228188514709473 
nomask 0.9609375 0.051135361194610596 0.8261599540710449 0.8010050654411316 1.0 
mask 0.9296875 0.8517708778381348 0.8261599540710449 1.0 1.0 
mask 0.765625 0.6158422827720642 0.00659450888633728 1.0 0.4421038329601288 
mask 0.70703125 0.5125018358230591 0.004181504249572754 1.0 1.0 
mask 0.52734375 0.1703185737133026 0.23885375261306763 0.6083246469497681 0.7946121096611023 
nomask 0.984375 0.1457587480545044 0.0031034499406814575 0.9572932720184326 0.4780006408691406 
nomask 0.95703125 0.7165919542312622 0.21495318412780762 1.0 0.9571007490158081 
mask 0.96484375 0.3080631494522095 0.652908444404602 0.9021233320236206 1.0 
nomask 0.89453125 0.692861795425415 0.6622338891029358 1.0 1.0 
mask 0.91015625 0.8506830930709839 0.025886058807373047 1.0 0.8435746431350708 
mask 0.8125 0.674403727054596 0.08261498808860779 1.0 0.6471657752990723 
mask 0.64453125 0.6491455435752869 0.9048106670379639 1.0 1.0 
mask 0.52734375 0.022859185934066772 0.0007381290197372437 0.5329991579055786 0.2657921314239502 
nomask 0.82421875 0.4927852153778076 0.07828226685523987 0.8107329607009888 0.5541161298751831 
nomask 0.8359375 0.1758430302143097 0.08577790856361389 0.9305613040924072 0.9267615079879761 
nomask 0.984375 0.12454251945018768 0.16562768816947937 0.44249022006988525 0.6625133752822876 
nomask 0.953125 0.09368783235549927 0.6619113087654114 0.6461499333381653 1.0 
nomask 0.5546875 0.6361004710197449 0.9048106670379639 1.0 1.0 
mask 0.66796875 0.32942816615104675 0.32942816615104675 1.0 1.0 
nomask 0.828125 0.5125018358230591 0.004181504249572754 1.0 1.0 
mask 0.52734375 0.16044560074806213 0.29816877841949463 0.7167230844497681 0.5749492049217224 
mask 0.890625 0.31649094820022583 0.09618163108825684 0.5260941982269287 0.3801162838935852 
nomask 0.96484375 0.46027469635009766 0.31146013736724854 0.679151177406311 0.583365261554718 
mask 0.7578125 0.4181481599807739 0.14336559176445007 0.6832021474838257 0.72425377368927 
nomask 0.796875 0.5125018358230591 0.010808169841766357 1.0 1.0 
mask 0.625 0.5160501599311829 0.3382387161254883 1.0 0.6618181467056274 
mask 0.5546875 0.040831297636032104 0.41471269726753235 0.6066269874572754 0.968393087387085 
nomask 0.984375 0.20147186517715454 0.3776192367076874 0.7922994494438171 0.9194436073303223 
nomask 0.94921875 0.40327730774879456 0.4206406772136688 0.9690730571746826 0.9624650478363037 
nomask 0.796875 0.5479228496551514 0.20047056674957275 0.8963881731033325 0.6426162123680115 
mask 0.82421875 0.10799849033355713 0.25070956349372864 0.40595585107803345 0.7925339937210083 
nomask 0.88671875 0.23094111680984497 0.6380742788314819 0.9536839127540588 1.0 
nomask 0.9765625 0.4919605255126953 0.3103868067264557 0.8168654441833496 0.8640671968460083 
mask 0.54296875 0.5845338106155396 0.4051518440246582 1.0 0.8599288463592529 
