mask 0.69140625 106 29 645 847 
nomask 0.984375 149 124 435 587 
nomask 0.96875 217 68 471 813 
nomask 0.97265625 53 144 352 628 
nomask 0.79296875 136 136 636 880 
nomask 0.984375 63 647 469 960 
nomask 0.70703125 467 94 720 625 
nomask 0.5234375 613 784 720 960 
nomask 0.7265625 447 868 720 960 
nomask 0.765625 73 232 542 684 
nomask 0.984375 4 36 203 644 
mask 0.82421875 471 127 720 934 
nomask 0.54296875 238 317 720 960 
nomask 0.984375 7 492 720 960 
nomask 0.984375 346 60 554 583 
nomask 0.91796875 303 0 604 305 
nomask 0.9375 270 100 630 366 
nomask 0.7421875 80 54 325 435 
nomask 0.91015625 255 364 529 807 
nomask 0.9609375 178 630 552 960 
nomask 0.7890625 288 556 697 960 
nomask 0.96875 2 406 195 927 
nomask 0.5703125 202 528 464 893 
nomask 0.6796875 348 201 567 768 
nomask 0.97265625 46 568 364 960 
nomask 0.92578125 94 29 280 664 
nomask 0.64453125 7 587 86 721 
mask 0.71484375 471 289 720 872 
nomask 0.7578125 246 725 574 960 
nomask 0.703125 578 116 720 960 
nomask 0.81640625 477 726 720 960 
nomask 0.6796875 580 593 720 960 
nomask 0.57421875 167 5 489 49 
