nomask 0.87109375 502 211 1099 731 
nomask 0.98046875 1284 55 1440 865 
mask 0.73828125 269 5 1388 496 
nomask 0.8046875 1 898 1256 1080 
mask 0.53125 76 39 840 706 
nomask 0.8984375 1051 750 1440 1080 
mask 0.6640625 352 243 1040 843 
nomask 0.8828125 83 161 864 842 
nomask 0.9140625 1226 882 1440 1080 
mask 0.75 195 871 1440 1080 
nomask 0.53125 142 190 590 750 
nomask 0.79296875 1062 223 1440 1042 
mask 0.921875 859 433 1440 924 
mask 0.66796875 690 358 1382 1046 
nomask 0.72265625 934 977 1440 1080 
nomask 0.828125 924 452 1440 1064 
mask 0.73828125 567 487 1270 1050 
nomask 0.7109375 105 9 997 804 
nomask 0.89453125 1165 128 1440 1063 
mask 0.94140625 1225 892 1440 1080 
mask 0.73828125 934 977 1440 1080 
nomask 0.828125 938 32 1440 643 
nomask 0.80078125 958 208 1429 718 
mask 0.546875 182 323 1275 756 
nomask 0.94921875 426 86 1440 520 
nomask 0.6640625 429 271 917 785 
nomask 0.96484375 423 0 663 55 
mask 0.6953125 619 632 1203 1025 
mask 0.953125 994 362 1440 976 
mask 0.94140625 404 758 1323 1080 
mask 0.625 1061 766 1440 1080 
mask 0.66796875 1262 46 1440 873 
mask 0.875 1287 714 1440 1080 
mask 0.9609375 945 15 1440 626 
nomask 0.81640625 522 206 1241 518 
