mask 0.984375 451 299 1046 807 
nomask 0.94140625 337 221 1055 835 
nomask 0.90625 85 892 1141 1080 
nomask 0.87890625 136 78 690 934 
nomask 0.9609375 318 69 753 697 
nomask 0.984375 1214 27 1440 930 
mask 0.67578125 1226 882 1440 1080 
nomask 0.8671875 953 101 1440 697 
nomask 0.84765625 915 977 1440 1080 
mask 0.640625 22 331 1047 721 
nomask 0.98046875 374 335 1440 716 
nomask 0.9609375 333 418 1097 1016 
nomask 0.984375 606 465 1369 1063 
nomask 0.9765625 517 113 1284 406 
mask 0.546875 294 4 1044 297 
nomask 0.60546875 157 105 959 410 
nomask 0.9296875 465 275 1049 763 
nomask 0.9375 1042 215 1440 1034 
nomask 0.84765625 824 432 1440 934 
nomask 0.55078125 364 734 1323 1080 
nomask 0.7890625 677 265 972 529 
nomask 0.96875 873 869 1440 1080 
mask 0.75 563 383 1031 919 
nomask 0.88671875 1160 668 1440 1080 
nomask 0.72265625 476 357 1440 1080 
nomask 0.83203125 738 4 1440 1080 
mask 0.6640625 15 553 1440 1080 
nomask 0.96484375 415 204 1270 984 
nomask 0.96484375 324 500 480 639 
nomask 0.9296875 482 219 1318 500 
mask 0.55078125 9 659 827 1080 
nomask 0.7734375 296 672 1169 1080 
nomask 0.9453125 859 870 1440 1080 
mask 0.671875 150 418 589 943 
nomask 0.9375 247 398 831 886 
