mask 0.76171875 1562 916 1959 1353 
mask 0.875 1688 173 2406 1485 
nomask 0.5078125 142 1898 1907 2274 
mask 0.5625 2040 1866 2406 2274 
mask 0.828125 1703 433 2406 2225 
mask 0.87890625 1561 2057 2406 2274 
nomask 0.921875 468 262 1284 1468 
nomask 0.984375 2086 58 2406 1839 
mask 0.6640625 121 1878 1887 2274 
mask 0.58203125 1561 2057 2406 2274 
nomask 0.921875 2048 1878 2406 2274 
mask 0.81640625 1504 5 2406 996 
nomask 0.8046875 1561 2057 2406 2274 
nomask 0.921875 1 373 887 1722 
nomask 0.7265625 1716 148 2406 1488 
mask 0.51953125 1561 2057 2406 2274 
nomask 0.921875 2 42 660 1248 
mask 0.87890625 1383 226 2116 1308 
nomask 0.60546875 1747 287 2406 1937 
mask 0.7421875 1822 102 2370 1482 
nomask 0.57421875 685 815 1723 2144 
nomask 0.78125 17 207 1042 2134 
nomask 0.5859375 441 521 2255 2027 
nomask 0.875 1741 470 2406 2194 
mask 0.9375 1377 921 2406 1955 
mask 0.98046875 479 1450 2295 2274 
mask 0.55078125 1630 1469 2406 2274 
mask 0.90625 1184 262 1836 1612 
mask 0.9609375 1561 224 2406 1480 
nomask 0.60546875 1023 233 2406 822 
mask 0.70703125 796 752 2406 2274 
mask 0.6796875 26 1165 2406 2274 
nomask 0.86328125 1233 24 2406 2274 
mask 0.84765625 808 438 1406 1787 
nomask 0.67578125 16 1388 1382 2274 
nomask 0.5078125 496 1414 1954 2274 
nomask 0.546875 1435 1832 2406 2274 
nomask 0.83984375 252 880 984 1986 
nomask 0.984375 414 839 1389 1867 
