nomask 0.68359375 295 463 428 665 
nomask 0.875 433 286 876 974 
mask 0.89453125 568 275 1029 1108 
mask 0.85546875 365 430 607 822 
nomask 0.82421875 291 219 920 1260 
mask 0.5625 320 171 649 786 
nomask 0.8828125 98 62 648 898 
nomask 0.796875 73 180 507 1250 
mask 0.71484375 176 712 879 1404 
mask 0.85546875 296 542 752 1265 
mask 0.51171875 299 141 899 539 
nomask 0.77734375 448 82 717 849 
nomask 0.51953125 919 1189 1080 1440 
nomask 0.875 122 446 444 1117 
mask 0.671875 495 190 1080 1440 
mask 0.9296875 145 567 720 949 
mask 0.67578125 270 360 538 1143 
mask 0.50390625 394 293 970 691 
nomask 0.62109375 118 174 447 844 
nomask 0.9609375 666 205 995 890 
mask 0.87109375 588 342 824 1161 
mask 0.796875 142 296 681 694 
nomask 0.984375 219 96 555 752 
nomask 0.9609375 714 142 1080 937 
mask 0.81640625 173 585 886 1421 
mask 0.84765625 355 474 1080 1440 
mask 0.8046875 559 15 1080 1440 
mask 0.921875 427 748 756 1376 
mask 0.953125 527 750 863 1436 
mask 0.84375 270 1092 762 1437 
nomask 0.76953125 150 446 701 836 
nomask 0.859375 236 780 550 1436 
mask 0.90234375 701 1302 1080 1440 
nomask 0.640625 368 557 604 965 
mask 0.7265625 357 476 1080 1440 
mask 0.86328125 553 15 1080 1440 
mask 0.9140625 557 487 1080 953 
mask 0.94921875 44 597 655 1394 
mask 0.83203125 217 543 855 1323 
mask 0.7890625 435 605 1046 1385 
mask 0.8984375 591 288 968 925 
mask 0.83984375 116 361 438 1141 
mask 0.6796875 249 918 1029 1440 
nomask 0.5078125 531 446 882 1244 
mask 0.66796875 631 583 1080 1238 
