mask 0.953125 337 18 1343 1871 
nomask 0.984375 1179 499 1546 1781 
mask 0.78515625 1315 688 1551 1617 
mask 0.7578125 1133 892 1561 1730 
mask 0.59375 769 239 1453 1612 
nomask 0.984375 1060 175 1561 1513 
mask 0.72265625 1113 791 1561 1446 
mask 0.65234375 1426 570 1558 1520 
mask 0.78515625 380 308 768 1840 
nomask 0.65625 1260 329 1561 2516 
mask 0.9140625 1302 41 1561 2197 
mask 0.8828125 80 2086 1276 2525 
nomask 0.78125 1268 722 1543 1487 
mask 0.76171875 1329 2063 1561 2525 
nomask 0.63671875 1497 267 1561 644 
mask 0.75 992 2284 1561 2525 
mask 0.54296875 715 322 1561 2525 
nomask 0.984375 1103 107 1561 1446 
mask 0.7890625 300 162 893 1279 
nomask 0.984375 5 275 656 2325 
nomask 0.88671875 607 431 1383 1860 
nomask 0.984375 1033 249 1561 1644 
nomask 0.69140625 260 11 1499 1264 
nomask 0.984375 458 169 976 1345 
nomask 0.96484375 946 16 1561 1116 
nomask 0.87109375 1379 59 1561 1766 
mask 0.94140625 802 309 1122 939 
nomask 0.921875 1017 481 1561 1973 
nomask 0.890625 805 854 1561 1671 
nomask 0.984375 63 1047 946 2445 
nomask 0.97265625 314 953 1236 2321 
nomask 0.97265625 629 1062 1512 2430 
nomask 0.96875 855 506 1399 1622 
nomask 0.97265625 168 633 633 2001 
nomask 0.90625 360 1611 1488 2525 
nomask 0.984375 767 783 1275 2181 
nomask 0.8671875 912 1023 1561 2171 
