nomask 0.953125 376 417 1010 1402 
nomask 0.953125 448 847 939 1626 
nomask 0.9375 257 9 1400 882 
mask 0.75390625 75 1543 1112 1920 
mask 0.91796875 305 99 1156 1391 
nomask 0.95703125 1143 1624 1440 1920 
nomask 0.875 278 421 756 1375 
mask 0.76171875 1284 82 1440 1553 
mask 0.796875 137 5 772 1311 
mask 0.703125 315 359 764 1334 
mask 0.70703125 1110 414 1440 1808 
mask 0.95703125 252 3 1371 935 
mask 0.74609375 332 1404 1395 1920 
mask 0.90625 397 121 968 989 
mask 0.8125 1041 1348 1440 1920 
mask 0.8828125 1236 49 1440 1553 
mask 0.69140625 72 1586 1129 1920 
mask 0.921875 934 1737 1440 1920 
mask 0.81640625 504 297 1063 1127 
nomask 0.54296875 76 29 856 1213 
mask 0.78125 756 160 1440 883 
nomask 0.54296875 514 655 1384 1814 
nomask 0.9140625 875 925 1440 1809 
mask 0.71875 207 1145 1223 1920 
mask 0.640625 929 1214 1440 1920 
mask 0.74609375 704 1167 1325 1920 
mask 0.51953125 1072 903 1440 1920 
mask 0.890625 619 1124 1203 1822 
mask 0.65234375 994 644 1440 1736 
mask 0.89453125 404 1348 1323 1920 
mask 0.89453125 1061 1362 1440 1920 
mask 0.88671875 1262 82 1440 1553 
mask 0.6796875 1287 1270 1440 1920 
mask 0.7890625 945 26 1440 1113 
mask 0.625 522 366 1241 921 
