nomask 0.8984375 143 11 686 1094 
nomask 0.984375 11 141 93 300 
nomask 0.6640625 783 81 817 297 
mask 0.8125 792 139 821 359 
mask 0.78125 7 136 52 326 
nomask 0.6484375 337 388 637 973 
nomask 0.953125 183 1026 805 1413 
mask 0.9375 668 856 824 1413 
mask 0.96875 66 68 753 1253 
nomask 0.9453125 693 11 824 1192 
mask 0.9375 40 25 498 900 
nomask 0.9140625 42 1167 660 1413 
mask 0.58203125 701 1154 824 1413 
mask 0.5390625 376 60 747 886 
nomask 0.9296875 237 297 676 680 
nomask 0.73828125 271 465 824 1413 
nomask 0.79296875 33 447 594 956 
nomask 0.9140625 427 15 824 1413 
mask 0.8515625 225 441 799 962 
nomask 0.890625 109 734 709 1314 
nomask 0.8046875 499 1138 824 1413 
mask 0.7734375 545 139 824 920 
mask 0.84375 5 129 364 1326 
mask 0.73828125 534 1278 824 1413 
mask 0.703125 169 238 431 868 
nomask 0.78515625 573 272 824 1343 
mask 0.9765625 107 651 824 1413 
nomask 0.6015625 69 408 336 1126 
mask 0.8828125 257 442 824 1413 
nomask 0.72265625 216 890 665 1212 
nomask 0.9375 110 549 549 976 
nomask 0.96875 72 952 537 1413 
mask 0.9140625 8 709 369 1413 
mask 0.9453125 378 172 824 1413 
nomask 0.8671875 78 282 313 823 
nomask 0.7890625 512 578 609 767 
mask 0.9296875 452 399 607 744 
nomask 0.6640625 480 518 565 703 
mask 0.984375 473 200 724 844 
mask 0.57421875 534 1278 824 1413 
mask 0.703125 364 435 803 810 
nomask 0.828125 276 274 765 673 
nomask 0.58984375 107 651 824 1413 
nomask 0.6015625 367 224 694 877 
nomask 0.8671875 510 90 715 1024 
mask 0.9609375 546 1069 824 1413 
mask 0.75390625 664 873 824 1413 
mask 0.97265625 191 8 560 73 
