mask 0.9453125 0.1129010021686554 0.0021189451217651367 0.8947031497955322 0.8923444747924805 
nomask 0.984375 0.060023799538612366 0.03526309132575989 0.38492870330810547 0.5110969543457031 
nomask 0.7109375 0.38176658749580383 0.039140135049819946 0.9475623369216919 0.7266271114349365 
nomask 0.984375 0.06234201788902283 0.11748135089874268 0.6281377077102661 0.7902471423149109 
nomask 0.984375 0.2947441339492798 0.7236447930335999 0.9055250883102417 1.0 
mask 0.77734375 0.8845201134681702 0.04293122887611389 1.0 0.8092092275619507 
mask 0.69140625 0.013498544692993164 0.8381490707397461 0.8844568729400635 1.0 
mask 0.58984375 0.7039874792098999 0.13420119881629944 1.0 0.8595701456069946 
mask 0.5859375 0.17006301879882812 0.010059863328933716 0.9815975427627563 0.4953484833240509 
nomask 0.984375 0.0109095498919487 0.03804183006286621 0.16240164637565613 0.43948763608932495 
mask 0.765625 0.2921158969402313 0.12689828872680664 0.7595083713531494 0.6948174834251404 
nomask 0.984375 0.8506830930709839 0.008279800415039062 1.0 0.8438606262207031 
mask 0.69140625 0.6491455435752869 0.1046312153339386 1.0 0.6452635526657104 
nomask 0.91015625 0.6361004710197449 0.9048106670379639 1.0 1.0 
mask 0.7734375 0.35881662368774414 0.27212634682655334 0.7306609153747559 0.7142720222473145 
nomask 0.984375 0.606367826461792 0.805241584777832 1.0 1.0 
mask 0.890625 0.39136552810668945 0.35491716861724854 0.7162704467773438 0.8518028259277344 
nomask 0.96875 0.8060598969459534 0.6185199022293091 1.0 1.0 
mask 0.83984375 0.33096641302108765 0.33096641302108765 1.0 1.0 
nomask 0.9765625 0.5125018358230591 0.004181504249572754 1.0 1.0 
nomask 0.984375 0.010808169841766357 0.5125018358230591 1.0 1.0 
nomask 0.8984375 0.2882286310195923 0.18945595622062683 0.8822888135910034 0.9116405248641968 
nomask 0.984375 0.22564689815044403 0.4638099670410156 0.33350670337677 0.5920618772506714 
nomask 0.65234375 0.3350551724433899 0.2036208063364029 0.9159433245658875 0.46299922466278076 
nomask 0.984375 0.006760209798812866 0.6107465624809265 0.574629545211792 1.0 
mask 0.92578125 0.20619329810142517 0.6222318410873413 0.8121616840362549 1.0 
mask 0.9609375 0.5966860055923462 0.8060598969459534 1.0 1.0 
mask 0.8046875 0.10473862290382385 0.3871254324913025 0.4092157185077667 0.8733713030815125 
nomask 0.94140625 0.1721276491880417 0.36927852034568787 0.5776018500328064 0.8210989236831665 
