nomask 0.94921875 180 40 996 1209 
nomask 0.9453125 0 164 70 311 
mask 0.94140625 242 261 758 985 
nomask 0.9765625 61 1052 820 1274 
mask 0.9453125 98 92 496 1102 
mask 0.515625 229 82 541 822 
mask 0.546875 872 32 1035 1097 
mask 0.9765625 881 1041 1035 1274 
mask 0.89453125 685 119 1035 823 
mask 0.9296875 658 1152 1035 1274 
mask 0.86328125 16 391 752 850 
nomask 0.875 268 396 1035 845 
nomask 0.95703125 239 494 788 1199 
nomask 0.984375 435 548 984 1254 
nomask 0.9765625 371 134 923 479 
nomask 0.5703125 211 5 750 350 
mask 0.734375 113 123 689 484 
mask 0.6875 334 324 754 900 
nomask 0.94140625 748 254 1035 1220 
mask 0.984375 592 509 1035 1101 
nomask 0.92578125 261 866 951 1274 
nomask 0.94921875 486 313 698 624 
nomask 0.58984375 627 1025 1035 1274 
mask 0.66796875 405 452 741 1085 
nomask 0.9296875 834 787 1035 1274 
mask 0.8359375 342 421 1035 1274 
nomask 0.9765625 530 5 1035 1274 
nomask 0.82421875 11 652 1035 1274 
nomask 0.9765625 298 241 913 1161 
nomask 0.890625 233 590 345 754 
mask 0.76171875 346 259 948 589 
nomask 0.5703125 6 778 594 1274 
mask 0.53125 213 792 840 1274 
nomask 0.91015625 617 1026 1035 1274 
mask 0.72265625 108 493 423 1112 
nomask 0.62890625 178 470 597 1046 
