mask 0.9765625 139 32 807 986 
nomask 0.984375 828 14 989 1071 
mask 0.9375 427 150 777 766 
nomask 0.984375 3 1047 884 1240 
mask 0.51953125 842 1013 989 1240 
mask 0.57421875 642 1121 989 1240 
mask 0.765625 150 69 592 701 
nomask 0.984375 86 836 645 1240 
nomask 0.7265625 224 175 516 928 
nomask 0.98046875 337 298 695 888 
nomask 0.984375 266 238 792 620 
nomask 0.984375 392 52 882 1103 
nomask 0.98046875 627 338 989 1124 
mask 0.85546875 228 781 927 1240 
mask 0.77734375 677 801 989 1240 
mask 0.87109375 654 122 989 807 
mask 0.9453125 317 408 989 1240 
nomask 0.875 10 635 989 1240 
nomask 0.9296875 191 136 741 471 
nomask 0.71875 13 384 702 831 
nomask 0.984375 272 388 976 835 
nomask 0.984375 223 404 759 1137 
nomask 0.984375 104 56 398 621 
nomask 0.8515625 74 223 587 955 
nomask 0.984375 216 672 504 1237 
mask 0.8515625 642 1121 989 1240 
mask 0.765625 337 479 553 831 
nomask 0.9765625 327 410 989 1240 
nomask 0.859375 506 13 989 1240 
nomask 0.82421875 510 419 989 820 
nomask 0.97265625 40 514 599 1200 
nomask 0.9453125 199 468 783 1140 
nomask 0.98046875 398 521 958 1193 
nomask 0.875 541 248 886 796 
nomask 0.9609375 106 310 401 982 
nomask 0.71484375 228 791 943 1240 
mask 0.71875 486 384 807 1071 
nomask 0.98046875 578 502 989 1066 
