nomask 0.59765625 265 1 1071 1182 
nomask 0.984375 276 222 803 1047 
nomask 0.984375 400 122 869 1449 
nomask 0.984375 99 258 649 1119 
nomask 0.6796875 251 243 1175 1569 
nomask 0.98046875 116 1153 866 1711 
mask 0.83984375 862 168 1329 1114 
nomask 0.55859375 1132 1398 1329 1711 
mask 0.8984375 825 1548 1329 1711 
nomask 0.625 135 415 1001 1219 
nomask 0.9609375 7 65 375 1149 
mask 0.96875 869 227 1329 1665 
mask 0.8515625 439 566 1329 1711 
nomask 0.796875 14 876 1329 1711 
mask 0.796875 639 108 1023 1039 
nomask 0.984375 559 0 1115 544 
nomask 0.9765625 499 179 1163 652 
nomask 0.96484375 147 97 601 776 
mask 0.50390625 471 649 976 1439 
nomask 0.89453125 329 1124 1019 1711 
mask 0.734375 532 992 1287 1711 
mask 0.61328125 5 725 360 1652 
mask 0.97265625 373 942 857 1592 
mask 0.82421875 642 359 1047 1370 
nomask 0.8515625 86 1013 672 1711 
mask 0.93359375 173 52 518 1184 
mask 0.81640625 12 1046 159 1286 
mask 0.8359375 869 515 1329 1554 
mask 0.9453125 454 1293 1060 1711 
nomask 0.62109375 1067 207 1329 1711 
mask 0.9296875 880 1294 1329 1711 
mask 0.9453125 1071 1058 1329 1711 
mask 0.83203125 309 10 904 88 
