mask 0.796875 198 10 938 997 
nomask 0.984375 121 37 227 179 
nomask 0.8046875 2 36 22 208 
nomask 0.609375 8 132 497 1223 
nomask 0.9609375 326 398 887 795 
nomask 0.984375 210 585 895 1218 
nomask 0.984375 349 283 699 845 
nomask 0.984375 67 500 663 1277 
nomask 0.984375 204 235 613 780 
nomask 0.984375 494 504 757 895 
nomask 0.984375 284 415 575 1196 
nomask 0.8125 850 219 1148 1255 
mask 0.9765625 330 280 928 636 
nomask 0.984375 298 885 1063 1316 
mask 0.8515625 684 1059 1148 1316 
mask 0.97265625 925 801 1148 1316 
mask 0.92578125 470 195 768 911 
nomask 0.984375 911 58 1148 1027 
nomask 0.6015625 18 1103 1040 1316 
nomask 0.80859375 977 1075 1148 1316 
mask 0.609375 566 229 870 1010 
nomask 0.984375 231 712 580 1299 
mask 0.81640625 730 1190 1148 1316 
mask 0.7890625 357 669 692 1243 
nomask 0.6171875 149 606 1148 1316 
nomask 0.953125 96 380 469 1048 
nomask 0.984375 359 411 1148 1316 
nomask 0.97265625 302 829 927 1129 
mask 0.5234375 154 511 766 909 
nomask 0.984375 100 887 748 1316 
mask 0.77734375 11 661 514 1316 
nomask 0.828125 527 160 1148 1316 
nomask 0.96875 109 263 437 767 
nomask 0.9296875 713 538 848 715 
mask 0.65625 630 372 845 693 
mask 0.703125 668 482 787 654 
nomask 0.55859375 660 187 1009 786 
nomask 0.75390625 745 1190 1148 1316 
mask 0.81640625 508 405 1119 754 
nomask 0.984375 384 255 1066 627 
nomask 0.984375 149 606 1148 1316 
nomask 0.953125 511 209 967 816 
nomask 0.98046875 711 83 996 954 
mask 0.76171875 760 995 1148 1316 
mask 0.984375 925 813 1148 1316 
mask 0.9140625 267 7 780 68 
