mask 0.93359375 147 115 421 541 
nomask 0.984375 204 207 344 434 
nomask 0.984375 67 34 347 499 
nomask 0.9296875 141 54 436 438 
nomask 0.984375 236 33 528 458 
nomask 0.9140625 181 91 468 307 
nomask 0.51953125 258 145 540 612 
nomask 0.984375 120 66 320 390 
nomask 0.828125 151 137 300 554 
nomask 0.98046875 19 76 255 466 
mask 0.7109375 229 166 364 384 
nomask 0.89453125 250 188 454 492 
nomask 0.984375 143 257 405 522 
nomask 0.984375 99 484 582 800 
nomask 0.6328125 483 108 600 800 
mask 0.83203125 455 538 600 800 
nomask 0.87109375 38 190 295 665 
nomask 0.94140625 428 52 600 523 
mask 0.9609375 389 723 600 800 
nomask 0.88671875 0 15 164 439 
mask 0.94921875 345 79 527 460 
mask 0.82421875 435 101 600 681 
mask 0.92578125 454 36 591 521 
mask 0.9609375 171 286 429 754 
nomask 0.98046875 4 73 260 751 
mask 0.62890625 110 183 562 713 
nomask 0.984375 434 165 600 772 
mask 0.796875 343 324 600 687 
mask 0.9375 119 510 572 800 
mask 0.51171875 406 517 600 800 
mask 0.62890625 295 92 458 567 
nomask 0.66015625 389 78 600 520 
mask 0.984375 255 81 600 289 
mask 0.74609375 198 264 600 800 
nomask 0.984375 6 410 600 800 
nomask 0.96875 307 8 600 800 
nomask 0.61328125 201 154 350 628 
nomask 0.9609375 4 488 344 800 
nomask 0.515625 123 497 487 800 
nomask 0.6953125 358 644 600 800 
nomask 0.8984375 62 309 245 698 
mask 0.73828125 103 295 346 656 
