mask 0.953125 0.5091515779495239 0.3697444200515747 0.6038748025894165 0.47996437549591064 
nomask 0.984375 0.3219243288040161 0.11592599749565125 0.7167097330093384 0.5917599201202393 
nomask 0.93359375 0.8385281562805176 0.011548817157745361 1.0 0.8640578389167786 
nomask 0.68359375 0.6361004710197449 0.9048106670379639 1.0 1.0 
nomask 0.60546875 0.059795498847961426 0.8174054026603699 0.8096652030944824 1.0 
nomask 0.5703125 0.8723005056381226 0.7844611406326294 1.0 1.0 
nomask 0.73828125 0.723645806312561 0.1997796595096588 1.0 0.9581665992736816 
nomask 0.60546875 0.14106124639511108 0.298222154378891 0.8527100682258606 0.6829779148101807 
nomask 0.98046875 0.43859875202178955 0.035433948040008545 0.785301923751831 0.5431922078132629 
nomask 0.91796875 0.2072061151266098 0.09440857172012329 0.5852654576301575 0.6132773160934448 
nomask 0.96875 0.11565473675727844 0.3991425037384033 0.9630930423736572 0.8740396499633789 
nomask 0.69921875 0.5845338106155396 0.4051518440246582 1.0 0.8599288463592529 
nomask 0.94921875 0.2600705027580261 0.6877502202987671 0.9260910153388977 1.0 
mask 0.640625 0.7095381021499634 0.6881425976753235 1.0 1.0 
nomask 0.6796875 0.028276607394218445 0.016713127493858337 0.45690369606018066 0.5047839283943176 
nomask 0.640625 0.29257404804229736 0.06641362607479095 0.9889843463897705 0.4769831895828247 
nomask 0.84765625 0.19327038526535034 0.09849633276462555 0.7495478391647339 0.38752204179763794 
nomask 0.5078125 0.32069993019104004 0.33969464898109436 1.0 1.0 
nomask 0.9375 0.5205153822898865 0.25129371881484985 0.700648844242096 0.48496943712234497 
nomask 0.9765625 0.7227110266685486 0.11892014741897583 1.0 0.8287568092346191 
mask 0.53125 0.2765403985977173 0.3280119001865387 0.7172309160232544 0.9122012853622437 
nomask 0.76171875 0.606367826461792 0.00659450888633728 1.0 0.4421038329601288 
nomask 0.6796875 0.8838831782341003 0.02363443374633789 1.0 0.6995559334754944 
nomask 0.76953125 0.5141705274581909 0.12269116193056107 0.7192854881286621 0.37204450368881226 
nomask 0.79296875 0.6519028544425964 0.19071650505065918 1.0 0.7815440893173218 
nomask 0.8671875 0.5160501599311829 0.3382387161254883 1.0 0.6618181467056274 
nomask 0.984375 0.040831297636032104 0.41471269726753235 0.6066269874572754 0.968393087387085 
nomask 0.953125 0.20147186517715454 0.3776192367076874 0.7922994494438171 0.9194436073303223 
nomask 0.83203125 0.40327730774879456 0.4206406772136688 0.9690730571746826 0.9624650478363037 
nomask 0.90234375 0.5479228496551514 0.20047056674957275 0.8963881731033325 0.6426162123680115 
nomask 0.9609375 0.10799849033355713 0.25070956349372864 0.40595585107803345 0.7925339937210083 
nomask 0.703125 0.23094111680984497 0.6380742788314819 0.9536839127540588 1.0 
mask 0.63671875 0.4919605255126953 0.3103868067264557 0.8168654441833496 0.8640671968460083 
nomask 0.703125 0.5845338106155396 0.4051518440246582 1.0 0.8599288463592529 
