mask 0.8203125 110 367 184 431 
nomask 0.984375 514 191 593 262 
nomask 0.93359375 83 346 202 452 
nomask 0.7734375 488 170 610 278 
nomask 0.6484375 635 25 800 476 
mask 0.7890625 681 490 800 600 
mask 0.75390625 496 545 800 600 
mask 0.53125 455 26 759 328 
mask 0.7265625 366 67 800 600 
mask 0.5078125 74 397 516 600 
mask 0.578125 11 217 600 596 
nomask 0.8515625 138 111 731 566 
mask 0.8984375 719 389 800 600 
mask 0.9375 112 280 800 600 
nomask 0.81640625 250 187 800 600 
mask 0.7890625 519 59 800 390 
mask 0.5546875 477 240 800 513 
mask 0.6484375 519 542 800 600 
mask 0.58203125 551 49 800 388 
mask 0.734375 519 542 800 600 
mask 0.58203125 705 22 800 419 
mask 0.8984375 60 107 475 462 
nomask 0.875 174 325 408 598 
mask 0.84765625 519 542 800 600 
mask 0.58203125 272 232 447 402 
nomask 0.703125 264 198 800 600 
mask 0.8359375 410 6 800 600 
nomask 0.703125 412 202 800 397 
mask 0.9609375 32 248 485 581 
nomask 0.7890625 161 226 633 551 
mask 0.7578125 322 252 775 577 
mask 0.62890625 438 120 717 385 
mask 0.7265625 86 150 324 475 
nomask 0.84765625 184 382 762 600 
mask 0.671875 393 186 653 518 
mask 0.6796875 467 243 800 515 
