nomask 0.734375 2851 1005 3135 1278 
nomask 0.6796875 1153 982 1457 1268 
nomask 0.984375 1958 1135 2185 1334 
mask 0.6640625 2420 1024 2600 1198 
mask 0.7265625 1909 1166 2126 1389 
mask 0.96875 2004 926 2193 1104 
nomask 0.6796875 2411 925 2609 1099 
nomask 0.6484375 2168 1018 2427 1251 
mask 0.6640625 2445 1310 2610 1518 
mask 0.5078125 1905 1061 2086 1274 
mask 0.90625 2953 1114 3202 1348 
mask 0.9609375 1911 909 2062 1075 
nomask 0.828125 2177 894 2409 1103 
nomask 0.76953125 2433 1190 2614 1385 
