nomask 0.5078125 0.6886976957321167 0.3291296660900116 0.8538908958435059 0.5214427709579468 
mask 0.87890625 0.20505885779857635 0.3680756688117981 0.2864641547203064 0.4648715853691101 
mask 0.86328125 0.7103219032287598 0.32530391216278076 0.8279366493225098 0.46515506505966187 
mask 0.703125 0.6877769231796265 0.3526533842086792 0.7933270931243896 0.48657941818237305 
mask 0.94140625 0.1372584104537964 0.4866844117641449 0.22796845436096191 0.5922346115112305 
mask 0.94140625 0.7742928862571716 0.8461483716964722 1.0 1.0 
mask 0.5703125 0.18825984001159668 0.08716687560081482 0.5765551328659058 0.5293124914169312 
mask 0.94921875 0.3263412415981293 0.010404437780380249 0.932309627532959 0.657028079032898 
mask 0.80078125 0.9048106670379639 0.6491455435752869 1.0 1.0 
mask 0.94140625 0.23670834302902222 0.19262507557868958 0.49053269624710083 0.8124858140945435 
mask 0.859375 0.08764347434043884 0.6619113087654114 0.6521942615509033 1.0 
mask 0.78515625 0.2937847375869751 0.08627949655056 0.7494587898254395 0.4329826831817627 
mask 0.625 0.13019013404846191 0.4609558582305908 1.0 1.0 
mask 0.58984375 0.5125018358230591 0.010808169841766357 1.0 1.0 
mask 0.953125 0.31297340989112854 0.31297340989112854 1.0 1.0 
mask 0.91796875 0.3992946743965149 0.01996418833732605 0.6760751605033875 0.5884138345718384 
mask 0.73828125 0.3871075510978699 0.20848721265792847 0.8346979022026062 0.7523451447486877 
mask 0.83203125 0.2692124843597412 0.30717477202415466 1.0 0.667739748954773 
mask 0.8828125 0.0678328275680542 0.35450923442840576 0.5181663632392883 0.9778926372528076 
mask 0.96484375 0.2259734570980072 0.359443336725235 0.7677978277206421 0.9376195669174194 
mask 0.51171875 0.26061540842056274 0.2768112123012543 0.7707553505897522 0.5919766426086426 
mask 0.87109375 0.1097162663936615 0.11048220098018646 0.6659936904907227 0.3755362033843994 
mask 0.6171875 0.09368783235549927 0.6619113087654114 0.6461499333381653 1.0 
mask 0.83984375 0.13019013404846191 0.4609558582305908 1.0 1.0 
mask 0.58984375 0.31297340989112854 0.31297340989112854 1.0 1.0 
mask 0.91796875 0.2942745089530945 0.0005302652716636658 0.46056610345840454 0.05109421908855438 
mask 0.796875 0.43016523122787476 0.5854707956314087 0.8356394171714783 0.9493527412414551 
mask 0.66796875 0.6907345056533813 0.33552342653274536 1.0 0.9044148325920105 
mask 0.953125 0.2812331020832062 0.7024832367897034 0.9190361499786377 1.0 
mask 0.85546875 0.737156867980957 0.7095370888710022 1.0 1.0 
nomask 0.59765625 0.8766635656356812 0.04293122887611389 1.0 0.8092092275619507 
mask 0.74609375 0.8938673734664917 0.6619113087654114 1.0 1.0 
mask 0.9609375 0.6565747857093811 0.013942927122116089 1.0 0.5797386169433594 
mask 0.8515625 0.36276116967201233 0.19096216559410095 0.8619775772094727 0.47998788952827454 
