nomask 0.546875 0.7402092814445496 0.5544877052307129 0.8504292368888855 0.6827396154403687 
mask 0.73828125 0.35707083344459534 0.07672813534736633 0.9630392789840698 0.7818330526351929 
nomask 0.96484375 0.009715795516967773 0.0698988139629364 0.4573061168193817 0.5907149314880371 
nomask 0.984375 0.1515503078699112 0.13229140639305115 0.6089345812797546 0.6531075239181519 
nomask 0.9609375 0.4636632204055786 0.011373266577720642 0.9517340660095215 0.5101237893104553 
nomask 0.9765625 0.25186362862586975 0.03853592276573181 0.505687952041626 0.6321347951889038 
nomask 0.83203125 0.1346774697303772 0.31167006492614746 0.8778108954429626 0.6569588780403137 
nomask 0.97265625 0.35171806812286377 0.1918915957212448 0.8730206489562988 0.47472840547561646 
nomask 0.95703125 0.48955345153808594 0.03832632303237915 0.7663339376449585 0.6192144751548767 
nomask 0.95703125 0.8339945673942566 0.016458213329315186 1.0 0.8703228235244751 
mask 0.546875 0.0661563128232956 0.1817607283592224 0.38410401344299316 0.6786463856697083 
nomask 0.9609375 0.04293122887611389 0.8348201513290405 0.8092092275619507 1.0 
mask 0.625 0.11710578203201294 0.19275473058223724 0.6979939341545105 0.4695351719856262 
nomask 0.8203125 0.7865148186683655 0.8461483716964722 1.0 1.0 
mask 0.890625 0.8988957405090332 0.6491455435752869 1.0 1.0 
mask 0.95703125 0.14080384373664856 0.4671309292316437 1.0 1.0 
nomask 0.8828125 0.31297340989112854 0.31297340989112854 1.0 1.0 
nomask 0.59765625 0.6491455435752869 0.09871631860733032 1.0 0.6511784195899963 
nomask 0.98046875 0.5966860055923462 0.40110111236572266 1.0 0.8558781147003174 
nomask 0.53515625 0.6491455435752869 0.9048106670379639 1.0 1.0 
mask 0.85546875 0.6894193291664124 0.08261498808860779 1.0 0.6471657752990723 
nomask 0.984375 0.6491455435752869 0.9048106670379639 1.0 1.0 
mask 0.85546875 0.8813073635101318 0.03743612766265869 1.0 0.698884129524231 
nomask 0.71875 0.07505014538764954 0.1799611747264862 0.5939189195632935 0.7707887887954712 
nomask 0.92578125 0.21860015392303467 0.5422286987304688 0.5101773738861084 0.9979027509689331 
mask 0.5859375 0.6491455435752869 0.9048106670379639 1.0 1.0 
mask 0.85546875 0.3410474359989166 0.38687649369239807 0.5599238872528076 0.6708111763000488 
mask 0.6328125 0.33096641302108765 0.33096641302108765 1.0 1.0 
nomask 0.69921875 0.5125018358230591 0.010808169841766357 1.0 1.0 
nomask 0.875 0.5160501599311829 0.3382387161254883 1.0 0.6618181467056274 
nomask 0.875 0.040831297636032104 0.41471269726753235 0.6066269874572754 0.968393087387085 
nomask 0.8984375 0.20147186517715454 0.3776192367076874 0.7922994494438171 0.9194436073303223 
nomask 0.64453125 0.40327730774879456 0.4206406772136688 0.9690730571746826 0.9624650478363037 
nomask 0.703125 0.5479228496551514 0.20047056674957275 0.8963881731033325 0.6426162123680115 
nomask 0.94921875 0.10799849033355713 0.25070956349372864 0.40595585107803345 0.7925339937210083 
nomask 0.9375 0.23094111680984497 0.6380742788314819 0.9536839127540588 1.0 
mask 0.640625 0.4919605255126953 0.3103868067264557 0.8168654441833496 0.8640671968460083 
nomask 0.85546875 0.5845338106155396 0.4051518440246582 1.0 0.8599288463592529 
