mask 0.6855621337890625 2563 984 2944 1351 
nomask 0.0710296630859375 1650 1015 2041 1374 
nomask 0.007568359375 2557 878 2906 1198 
nomask 0.006439208984375 2166 1173 2403 1402 
mask 0.0067138671875 1539 963 2050 1534 
nomask 0.0037689208984375 1368 1280 1658 1547 
nomask 0.0034637451171875 1953 1011 2225 1272 
nomask 0.0037994384765625 1765 878 2049 1152 
nomask 0.00311279296875 1591 1227 1931 1554 
nomask 0.00384521484375 1727 934 2822 1988 
nomask 0.0022735595703125 1605 875 1890 1142 
nomask 0.003753662109375 1998 880 2225 1103 
mask 0.0027618408203125 1403 1158 1640 1444 
