nomask 0.7020263671875 2918 1205 3184 1449 
mask 0.29608154296875 338 940 711 1283 
nomask 0.2831573486328125 1176 958 1425 1192 
nomask 0.005340576171875 32 1137 87 1465 
nomask 0.004302978515625 165 1146 476 1402 
nomask 0.0072021484375 333 1058 681 1378 
nomask 0.003814697265625 2849 1493 3316 2193 
mask 0.0032958984375 2931 1762 3313 2089 
nomask 0.002532958984375 28 965 73 1358 
mask 0.002197265625 115 44 1987 769 
mask 0.002410888671875 3188 1759 3410 2039 
nomask 0.0036773681640625 167 998 500 1291 
nomask 0.00274658203125 2477 1181 2693 1394 
mask 0.0031890869140625 31 823 70 1234 
nomask 0.0021514892578125 2581 1176 2803 1399 
mask 0.002349853515625 17 1260 66 1588 
