mask 0.8515625 475 179 798 465 
nomask 0.984375 384 185 585 365 
nomask 0.96875 106 175 362 403 
nomask 0.91796875 9 165 258 421 
mask 0.72265625 408 261 670 489 
nomask 0.953125 50 87 407 385 
nomask 0.80078125 230 151 564 431 
nomask 0.69140625 159 202 334 355 
nomask 0.6328125 70 404 521 600 
mask 0.9140625 181 85 417 449 
mask 0.625 272 144 562 429 
nomask 0.609375 215 115 641 300 
nomask 0.96484375 317 25 714 534 
nomask 0.83984375 507 163 800 544 
nomask 0.984375 184 378 750 600 
nomask 0.546875 548 387 800 600 
nomask 0.546875 529 59 800 390 
nomask 0.984375 256 197 800 600 
nomask 0.640625 8 307 800 600 
nomask 0.5859375 154 65 599 228 
nomask 0.92578125 11 186 568 402 
mask 0.51953125 220 188 789 404 
nomask 0.9453125 180 195 614 550 
mask 0.6484375 84 27 322 300 
nomask 0.92578125 60 107 475 462 
mask 0.62109375 174 325 408 598 
mask 0.91015625 519 542 800 600 
nomask 0.9609375 272 232 447 402 
mask 0.875 264 198 800 600 
nomask 0.73828125 410 6 800 600 
nomask 0.9765625 412 202 800 397 
nomask 0.984375 32 248 485 581 
mask 0.91796875 161 226 633 551 
mask 0.6328125 322 252 775 577 
nomask 0.9609375 438 120 717 385 
nomask 0.9765625 86 150 324 475 
mask 0.7265625 184 382 762 600 
nomask 0.7890625 393 186 653 518 
nomask 0.95703125 467 243 800 515 
