mask 0.78515625 1007 1224 1442 1587 
mask 0.91796875 1439 232 3882 2364 
nomask 0.95703125 39 211 1843 1786 
nomask 0.55078125 611 400 2455 1974 
mask 0.828125 1869 34 3837 1542 
nomask 0.98046875 1015 116 2038 1911 
mask 0.83984375 543 942 3539 1986 
nomask 0.96484375 1418 580 3520 1435 
nomask 0.984375 1973 115 3089 1872 
nomask 0.5234375 3362 49 4032 2631 
nomask 0.5 266 549 1548 2052 
mask 0.83203125 173 2524 3262 3024 
nomask 0.6796875 472 582 2814 1419 
nomask 0.953125 3171 2558 4032 3024 
mask 0.76171875 3624 1963 4032 3024 
mask 0.91015625 567 1412 4032 3024 
nomask 0.8046875 1261 946 4032 3024 
nomask 0.81640625 2617 298 4032 1969 
nomask 0.921875 2405 1212 4032 2588 
nomask 0.5390625 2617 2736 4032 3024 
nomask 0.75 2779 249 4032 1957 
nomask 0.9140625 2617 2736 4032 3024 
nomask 0.75 3553 113 4032 2113 
nomask 0.53515625 302 544 2394 2330 
nomask 0.82421875 881 1639 2057 3017 
nomask 0.8359375 2617 2736 4032 3024 
nomask 0.75 1375 1169 2257 2028 
nomask 0.55078125 1334 1000 4032 3024 
nomask 0.92578125 2066 32 4032 3024 
nomask 0.875 2080 1022 4032 2001 
nomask 0.6875 164 1254 2445 2928 
nomask 0.8984375 812 1141 3194 2780 
mask 0.74609375 1626 1272 3907 2910 
nomask 0.55859375 2209 606 3614 1943 
nomask 0.8828125 435 758 1636 2396 
mask 0.77734375 931 1929 3845 3024 
nomask 0.890625 1983 938 3293 2612 
mask 0.703125 2356 1225 4032 2600 
