mask 0.89453125 95 209 138 245 
mask 0.73828125 243 239 270 265 
nomask 0.875 454 210 488 245 
nomask 0.890625 327 219 364 254 
nomask 0.6796875 357 230 385 259 
nomask 0.85546875 467 210 502 241 
nomask 0.87890625 211 236 246 267 
mask 0.609375 358 218 395 252 
nomask 0.71484375 281 232 316 266 
mask 0.52734375 400 205 446 246 
nomask 0.64453125 0 197 8 254 
mask 0.8125 202 218 239 249 
nomask 0.73828125 0 164 11 230 
mask 0.609375 111 225 154 263 
mask 0.6484375 289 213 328 249 
mask 0.62109375 166 236 205 273 
