mask 0.91131591796875 172 284 385 501 
mask 0.8860015869140625 689 375 875 578 
mask 0.006683349609375 172 340 301 473 
mask 0.007049560546875 208 303 360 436 
mask 0.006805419921875 685 420 821 560 
mask 0.005767822265625 225 263 344 379 
mask 0.0045166015625 708 430 881 691 
nomask 0.0074462890625 730 363 857 485 
mask 0.005645751953125 3 375 17 550 
mask 0.0019683837890625 8 331 29 515 
mask 0.002655029296875 204 373 356 513 
mask 0.003570556640625 0 413 12 600 
mask 0.003082275390625 6 238 28 410 
mask 0.0020294189453125 279 341 403 472 
mask 0.00372314453125 603 513 874 669 
mask 0.0020751953125 684 361 813 481 
mask 0.00323486328125 10 285 32 460 
nomask 0.0021514892578125 284 298 400 432 
mask 0.003509521484375 2 198 21 373 
nomask 0.001953125 173 387 294 512 
