mask 0.984375 831 386 1042 571 
mask 0.6796875 898 73 1280 627 
mask 0.85546875 75 801 1015 960 
nomask 0.51953125 1085 788 1280 960 
nomask 0.51171875 906 182 1280 939 
mask 0.6484375 830 868 1280 960 
nomask 0.515625 249 110 683 620 
mask 0.640625 1110 24 1280 776 
mask 0.75 64 793 1003 960 
nomask 0.51953125 830 868 1280 960 
nomask 0.515625 1089 793 1280 960 
nomask 0.51953125 800 2 1280 420 
nomask 0.58203125 830 868 1280 960 
nomask 0.515625 0 157 472 727 
nomask 0.9375 913 62 1280 628 
mask 0.8984375 830 868 1280 960 
nomask 0.515625 1 18 351 527 
nomask 0.62890625 736 95 1125 552 
nomask 0.65234375 929 121 1280 817 
mask 0.83203125 969 43 1261 625 
mask 0.8203125 364 344 916 905 
nomask 0.71875 9 87 554 901 
nomask 0.8671875 234 220 1200 855 
mask 0.73046875 926 198 1280 926 
mask 0.87109375 732 388 1280 825 
mask 0.75390625 255 612 1221 960 
nomask 0.953125 867 620 1280 960 
nomask 0.65234375 630 110 977 680 
mask 0.578125 830 94 1280 625 
mask 0.7265625 544 98 1280 347 
nomask 0.5859375 423 317 1280 960 
nomask 0.5390625 13 492 1280 960 
nomask 0.93359375 656 10 1280 960 
nomask 0.88671875 430 184 748 754 
mask 0.8046875 8 586 735 960 
nomask 0.94140625 263 597 1039 960 
nomask 0.9140625 763 773 1280 960 
nomask 0.87109375 134 371 523 838 
nomask 0.51953125 220 354 739 788 
