nomask 0.72265625 0.4639233350753784 0.1674496829509735 0.9213075637817383 0.6996620893478394 
mask 0.671875 0.7207072377204895 0.07737037539482117 0.9915609955787659 0.6458200216293335 
mask 0.9765625 0.31013086438179016 0.04173031449317932 0.7604644298553467 0.613410472869873 
mask 0.50390625 0.5938509106636047 0.21564143896102905 1.0 0.7458637952804565 
mask 0.9296875 0.8699573874473572 0.05144801735877991 0.9969318509101868 0.6848722696304321 
nomask 0.91015625 0.3207070529460907 0.23353007435798645 0.625184178352356 0.6698983907699585 
mask 0.859375 0.3612595796585083 0.09396776556968689 1.0 0.4871425926685333 
nomask 0.88671875 0.5048283934593201 0.10806690156459808 0.8093054890632629 0.5350913405418396 
mask 0.6640625 0.5281506776809692 0.3284129500389099 1.0 0.659072756767273 
mask 0.72265625 0.4689028859138489 0.3445557653903961 0.909593403339386 0.8802926540374756 
mask 0.94921875 0.7565798759460449 0.19147199392318726 1.0 0.9294590353965759 
mask 0.98046875 0.4213331937789917 0.27765172719955444 0.7606124877929688 0.7333257794380188 
mask 0.90625 0.3197000026702881 0.20141486823558807 0.8298399448394775 0.47819530963897705 
nomask 0.52734375 0.5523948669433594 0.2601952850818634 1.0 0.7105288505554199 
mask 0.76953125 0.5016754269599915 0.25564199686050415 0.8336897492408752 0.7015587091445923 
mask 0.88671875 0.46385130286216736 0.10066136717796326 1.0 0.38968709111213684 
nomask 0.8828125 0.8791422843933105 0.030871182680130005 1.0 0.6923191547393799 
mask 0.65625 0.23128831386566162 0.034413546323776245 0.8546717166900635 0.5362207889556885 
nomask 0.8828125 0.5942156314849854 0.40191948413848877 1.0 0.8469583988189697 
mask 0.96484375 0.6491455435752869 0.9048106670379639 1.0 1.0 
nomask 0.93359375 0.7163667678833008 0.6881425976753235 1.0 1.0 
mask 0.82421875 0.052816957235336304 0.015245765447616577 0.5946413278579712 0.6322125196456909 
mask 0.9140625 0.5254086852073669 0.083439901471138 1.0 0.45995694398880005 
nomask 0.70703125 0.35740894079208374 0.3412759304046631 0.961164653301239 0.9450316429138184 
mask 0.74609375 0.6078808307647705 0.48220154643058777 1.0 0.9423890113830566 
mask 0.98046875 0.14433321356773376 0.5967273116111755 0.8494380712509155 1.0 
mask 0.73046875 0.6458194255828857 0.632341742515564 1.0 1.0 
mask 0.81640625 0.4889858663082123 0.6078808307647705 0.9202399253845215 1.0 
mask 0.7734375 0.7449671030044556 0.47048550844192505 1.0 1.0 
mask 0.9765625 0.43016523122787476 0.5854707956314087 0.8356394171714783 0.9493527412414551 
mask 0.78515625 0.6907345056533813 0.33552342653274536 1.0 0.9044148325920105 
mask 0.984375 0.2812331020832062 0.7024832367897034 0.9190361499786377 1.0 
mask 0.6875 0.737156867980957 0.7095370888710022 1.0 1.0 
mask 0.78125 0.8766635656356812 0.04293122887611389 1.0 0.8092092275619507 
mask 0.828125 0.8938673734664917 0.6619113087654114 1.0 1.0 
mask 0.93359375 0.6565747857093811 0.013942927122116089 1.0 0.5797386169433594 
mask 0.53515625 0.36276116967201233 0.19096216559410095 0.8619775772094727 0.47998788952827454 
