nomask 0.5703125 0.5229214429855347 0.38867247104644775 0.8833966255187988 0.7991397380828857 
nomask 0.984375 0.1916816234588623 0.41714364290237427 0.49770617485046387 0.7732338309288025 
nomask 0.984375 0.19182536005973816 0.5344569683074951 0.3969403803348541 0.7838102579116821 
nomask 0.984375 0.14640754461288452 0.33273428678512573 0.40023189783096313 0.7905457615852356 
nomask 0.84375 0.07656708359718323 0.2506170868873596 0.44492998719215393 0.6982073783874512 
nomask 0.82421875 0.09943024814128876 0.532796323299408 0.41899389028549194 0.8888865113258362 
nomask 0.984375 0.21281178295612335 0.4057897925376892 0.6512269973754883 0.6825702786445618 
nomask 0.94921875 0.059795498847961426 0.8174054026603699 0.8096652030944824 1.0 
mask 0.93359375 0.5125018358230591 0.010808169841766357 1.0 1.0 
nomask 0.97265625 0.3128775358200073 0.22957539558410645 0.7011728286743164 0.6813958287239075 
nomask 0.58203125 0.25002387166023254 0.08058664202690125 0.6383191347122192 0.5132646560668945 
mask 0.72265625 0.24374473094940186 0.31393805146217346 0.7039322257041931 0.9109103679656982 
nomask 0.984375 0.6361004710197449 0.9048106670379639 1.0 1.0 
nomask 0.93359375 0.6491455435752869 0.09871631860733032 1.0 0.6511784195899963 
nomask 0.8046875 0.16515479981899261 0.3428790271282196 0.5619465708732605 0.7946994304656982 
nomask 0.984375 0.13097190856933594 0.16155031323432922 0.4199976325035095 0.76813805103302 
mask 0.59765625 0.6544971466064453 0.13271036744117737 1.0 0.9736939668655396 
nomask 0.97265625 0.2672012150287628 0.6877502202987671 0.9189603328704834 1.0 
nomask 0.60546875 0.09050026535987854 0.10758231580257416 0.6589498519897461 0.3784360885620117 
mask 0.55078125 0.33096641302108765 0.33096641302108765 1.0 1.0 
nomask 0.984375 0.06452375650405884 0.2411368489265442 0.4663018584251404 0.9842702746391296 
nomask 0.91015625 0.3242412209510803 0.06776544451713562 0.6695300936698914 0.7949861288070679 
nomask 0.75 0.3621916174888611 0.2601952850818634 0.9855750203132629 0.7105288505554199 
nomask 0.984375 0.44698017835617065 0.282181054353714 0.8188244700431824 0.7243267297744751 
nomask 0.97265625 0.8766635656356812 0.04320770502090454 1.0 0.8262529969215393 
mask 0.515625 0.8721224069595337 0.1550503671169281 0.9990968704223633 0.8763203620910645 
mask 0.9140625 0.8513148427009583 0.8261599540710449 1.0 1.0 
nomask 0.703125 0.5803929567337036 0.22796854376792908 0.8848700523376465 0.7937642335891724 
nomask 0.96875 0.28812336921691895 0.45075148344039917 0.6681041121482849 0.8225957751274109 
nomask 0.93359375 0.6491455435752869 0.9048106670379639 1.0 1.0 
nomask 0.9375 0.6545749306678772 0.30156368017196655 1.0 0.9086228013038635 
nomask 0.984375 0.34218382835388184 0.7557350993156433 0.7978578805923462 1.0 
mask 0.6875 0.8032829761505127 0.1212129294872284 1.0 1.0 
mask 0.9453125 0.6628257036209106 0.7565798759460449 1.0 1.0 
mask 0.71484375 0.8060598969459534 0.6185199022293091 1.0 1.0 
mask 0.70703125 0.23296579718589783 0.005853248760104179 0.6802973747253418 0.05191715061664581 
