mask 0.53125 117 261 191 325 
nomask 0.859375 260 266 317 317 
mask 0.78125 150 70 493 369 
nomask 0.85546875 171 43 725 526 
nomask 0.72265625 34 495 647 600 
mask 0.9296875 674 495 800 600 
mask 0.9296875 51 105 466 452 
nomask 0.83984375 242 1 497 247 
nomask 0.546875 171 3 562 166 
mask 0.55078125 100 62 509 228 
nomask 0.5546875 91 121 324 407 
nomask 0.54296875 174 111 434 385 
mask 0.61328125 667 9 800 522 
nomask 0.55078125 529 59 800 390 
mask 0.50390625 508 542 800 600 
mask 0.578125 3 307 800 600 
mask 0.82421875 410 2 800 600 
nomask 0.6328125 385 37 616 364 
mask 0.546875 337 0 671 190 
mask 0.5859375 300 62 700 228 
mask 0.6328125 89 34 361 272 
mask 0.61328125 283 227 587 504 
nomask 0.6796875 198 394 613 600 
mask 0.7265625 320 348 774 600 
mask 0.78125 3 254 217 579 
mask 0.90625 224 330 515 558 
mask 0.60546875 386 126 630 480 
nomask 0.73828125 51 355 404 600 
mask 0.88671875 104 18 312 415 
nomask 0.7734375 7 367 95 451 
mask 0.57421875 523 180 800 545 
nomask 0.6875 273 453 638 600 
mask 0.9140625 642 72 800 600 
mask 0.7265625 530 453 800 600 
nomask 0.6015625 644 371 800 600 
mask 0.93359375 186 3 544 31 
