nomask 0.734375 138 92 282 218 
mask 0.73046875 346 97 533 264 
nomask 0.9296875 711 242 790 313 
mask 0.73828125 34 500 647 600 
mask 0.54296875 619 511 800 600 
nomask 0.8125 567 109 800 584 
mask 0.55859375 165 382 756 600 
nomask 0.8359375 566 21 793 574 
mask 0.62109375 304 98 564 366 
nomask 0.95703125 200 184 655 336 
nomask 0.671875 345 2 679 188 
mask 0.515625 395 79 638 384 
nomask 0.76171875 465 243 800 515 
nomask 0.51953125 477 21 720 306 
mask 0.625 530 441 800 600 
mask 0.671875 20 12 788 389 
nomask 0.984375 195 30 403 387 
nomask 0.7734375 627 27 800 489 
mask 0.73828125 485 3 800 270 
nomask 0.6328125 715 389 800 600 
mask 0.8671875 107 276 800 600 
nomask 0.984375 250 187 800 600 
nomask 0.85546875 644 365 800 600 
mask 0.85546875 148 133 646 403 
nomask 0.98046875 259 40 535 476 
nomask 0.984375 289 156 788 426 
nomask 0.60546875 357 169 655 434 
nomask 0.9453125 701 25 800 495 
mask 0.71875 697 93 799 525 
nomask 0.52734375 681 495 800 600 
mask 0.68359375 464 136 707 476 
nomask 0.53515625 230 270 534 493 
nomask 0.90234375 519 542 800 600 
mask 0.5546875 523 180 800 545 
mask 0.74609375 273 453 638 600 
mask 0.7890625 642 72 800 600 
mask 0.52734375 530 453 800 600 
mask 0.75390625 644 371 800 600 
mask 0.859375 186 3 544 31 
