mask 0.9999794 105.621414 90.5297 337.29633 264.243 
nomask 0.0006248355 102.901085 91.59344 337.34656 264.28287 
mask 0.0004554391 213.2533 69.52327 329.83325 238.01021 
nomask 0.00040897727 290.33203 0.0 433.0 209.43497 
nomask 0.00040841103 0.0 171.57379 190.71516 327.0 
nomask 0.00036886334 0.0 0.0 202.90552 209.09312 
mask 0.0002860725 56.61488 234.95189 376.53735 327.0 
mask 0.00028178096 0.0 171.57379 190.71516 327.0 
nomask 0.0002785325 286.677 197.02255 433.0 327.0 
mask 0.00027307868 105.150055 119.848236 210.29419 286.06418 
nomask 0.00022739172 126.21162 0.0 307.18945 129.1692 
nomask 0.00019285083 361.31854 262.5729 433.0 327.0 
mask 0.00019276142 89.35983 196.99098 341.5097 276.76212 
mask 0.00018328428 200.9283 43.993652 433.0 327.0 
mask 0.00017258525 255.97179 99.85688 433.0 303.20456 
nomask 0.00017029047 380.82773 0.0 433.0 327.0 
nomask 0.00017026067 153.86787 72.07462 307.63223 133.70465 
nomask 0.00016757846 200.9283 43.993652 433.0 327.0 
mask 0.00016540289 95.93881 71.93095 313.18027 159.09221 
nomask 0.00016215444 272.6403 297.9981 433.0 327.0 
mask 0.00016146898 74.80325 255.0736 433.0 327.0 
mask 0.00015941262 361.31854 262.5729 433.0 327.0 
mask 0.00015851855 272.6403 297.9981 433.0 327.0 
mask 0.00015816092 58.72787 151.30371 433.0 327.0 
nomask 0.00015079975 97.59106 298.6908 282.11258 325.79233 
nomask 0.00014913082 58.72787 151.30371 433.0 327.0 
nomask 0.00014701486 8.465057 97.29283 100.81158 241.3773 
nomask 0.00014644861 0.0 2.1586313 314.6244 138.51947 
mask 0.00014474988 0.0 0.0 202.90552 209.09312 
mask 0.00013422966 290.33203 0.0 433.0 209.43497 
mask 0.000133425 235.4488 177.10454 433.0 300.81976 
nomask 0.00013270974 61.09556 0.0 377.30154 86.6764 
mask 0.00012469292 370.0844 0.0 433.0 174.12749 
mask 0.0001244247 0.0 41.772186 179.35475 304.08762 
nomask 0.00012421608 234.85068 0.0 388.9414 148.74098 
nomask 0.00011968613 56.61488 234.95189 376.53735 327.0 
mask 0.00011885166 249.23781 256.7088 433.0 327.0 
mask 0.00011074543 0.0 257.28766 311.04758 327.0 
mask 0.00010663271 287.04813 31.323446 433.0 211.31978 
nomask 0.0001052618 287.04813 31.323446 433.0 211.31978 
mask 0.000102669 380.82773 0.0 433.0 327.0 
nomask 9.959936e-05 321.20288 4.9608264 433.0 210.40176 
nomask 9.739399e-05 227.94939 2.9740887 309.63773 88.38408 
mask 9.572506e-05 280.66562 274.45694 424.2404 327.0 
nomask 9.521842e-05 52.290665 0.0 198.2725 148.05205 
mask 9.486079e-05 56.73351 130.20511 235.71637 311.71307 
nomask 9.405613e-05 0.0 211.50246 154.48042 327.0 
mask 9.149313e-05 241.34134 107.72831 433.0 214.68088 
nomask 8.991361e-05 225.16872 48.78756 327.7159 212.17067 
mask 8.991361e-05 0.0 211.50246 154.48042 327.0 
mask 8.9108944e-05 8.465057 97.29283 100.81158 241.3773 
mask 8.8602304e-05 54.843697 102.30067 289.0718 191.73264 
nomask 8.824468e-05 101.127716 43.64226 314.0771 116.47862 
nomask 8.7708235e-05 18.63898 266.8112 369.89117 327.0 
nomask 8.261204e-05 133.36447 37.189194 265.07117 142.93289 
mask 8.189678e-05 321.20288 4.9608264 433.0 210.40176 
nomask 7.712841e-05 77.58205 0.0 320.91544 40.342354 
mask 7.671118e-05 61.09556 0.0 377.30154 86.6764 
nomask 7.57575e-05 167.75519 54.509712 292.9365 102.4904 
mask 7.426739e-05 9.205616 9.201315 427.63013 215.10269 
nomask 7.3730946e-05 0.0 0.0 143.03647 110.644 
nomask 7.343292e-05 128.27687 72.55928 343.4843 161.39676 
nomask 7.2836876e-05 55.920765 70.01314 275.35257 153.77953 
mask 7.224083e-05 77.58205 0.0 320.91544 40.342354 
nomask 7.18236e-05 0.0 257.28766 311.04758 327.0 
mask 7.0512295e-05 0.0 290.7058 433.0 327.0 
mask 6.943941e-05 43.949474 222.18597 280.81845 327.0 
mask 6.809831e-05 0.0 2.1586313 314.6244 138.51947 
nomask 6.726384e-05 74.80325 255.0736 433.0 327.0 
nomask 6.714463e-05 0.0 46.477833 110.101006 277.04333 
mask 6.687641e-05 154.59592 102.87416 376.899 193.63664 
mask 6.6548586e-05 284.64023 130.55345 433.0 327.0 
mask 6.613135e-05 64.95568 284.5313 399.64145 327.0 
mask 6.598234e-05 209.25648 0.0 433.0 43.915073 
nomask 6.583333e-05 0.0 0.0 190.98318 84.27882 
mask 6.54757e-05 97.59106 298.6908 282.11258 325.79233 
nomask 6.362796e-05 11.9968 0.0 254.92148 118.76559 
mask 6.318092e-05 88.90863 40.35244 339.03622 199.05324 
mask 6.2942505e-05 133.36447 37.189194 265.07117 142.93289 
mask 6.124377e-05 113.867195 44.53816 204.2284 207.17184 
mask 6.0617924e-05 101.127716 43.64226 314.0771 116.47862 
mask 5.954504e-05 70.68747 164.38457 318.69406 251.11261 
nomask 5.811453e-05 1.2407311 314.51428 19.606161 327.0 
nomask 5.7429075e-05 370.0844 0.0 433.0 174.12749 
mask 5.698204e-05 261.78552 0.0 402.47888 68.97571 
nomask 5.6892633e-05 122.168785 0.0 268.29477 67.333824 
mask 5.64456e-05 165.45937 75.15905 382.2213 156.54373 
mask 5.2899122e-05 220.8969 4.001447 433.0 82.72572 
nomask 5.2839518e-05 113.867195 44.53816 204.2284 207.17184 
nomask 5.1289797e-05 186.78146 0.0 295.6323 80.50357 
mask 4.9829483e-05 143.24025 0.0 286.57333 152.29036 
mask 4.9054623e-05 232.88737 0.88677895 378.8739 226.41733 
mask 4.902482e-05 231.52078 237.80544 433.0 327.0 
nomask 4.723668e-05 0.0 91.77932 154.65732 237.01219 
nomask 4.6133995e-05 35.61408 319.76016 90.07494 327.0 
mask 4.5984983e-05 235.59808 24.83009 322.9865 184.53006 
nomask 4.556775e-05 108.08433 150.86739 204.53065 249.919 
mask 4.5359135e-05 115.67945 170.2805 419.2207 304.74155 
nomask 4.506111e-05 0.0 124.999664 157.62027 327.0 
mask 4.4614077e-05 422.439 0.0 433.0 14.66859 
