mask 0.9994478 0.38940197 0.20204662 0.6445108 0.5943122 
nomask 0.0012714863 0.386559 0.2053943 0.6454046 0.59438884 
mask 0.00053840876 0.9378452 0.021029368 1.0 0.31630343 
nomask 0.00048533082 0.2252981 0.6775838 0.947576 1.0 
nomask 0.00041756034 0.047516987 0.008531317 0.22731937 0.32303333 
mask 0.00040462613 0.0 0.0 0.51489335 0.5586758 
mask 0.00033545494 0.97568566 0.14126475 0.9977432 0.3204304 
nomask 0.00032541156 0.654522 0.20114657 1.0 0.8173605 
mask 0.00029420853 0.13728511 0.11436391 0.7151358 0.8973254 
mask 0.00027099252 0.0 0.12102845 0.45902306 0.93252397 
nomask 0.00025820732 0.0 0.06053193 0.37594923 0.5009853 
nomask 0.0002439022 0.0 0.0 0.25317365 0.45918423 
mask 0.0002400279 0.92412734 0.731436 0.9972956 1.0 
nomask 0.0002336204 0.004123591 0.0 0.16535398 0.01067877 
nomask 0.00022250414 0.0 0.0 0.4364686 0.26732484 
nomask 0.00020647049 0.0 0.0 0.1383422 0.31676877 
mask 0.00020384789 0.0 0.06053193 0.37594923 0.5009853 
mask 0.00019177794 0.24127313 0.68866503 0.9217808 1.0 
mask 0.00018763542 0.0 0.0 0.4364686 0.26732484 
nomask 0.00017800927 0.9378452 0.021029368 1.0 0.31630343 
mask 0.00017741323 0.9469658 0.8635238 0.99924934 0.9967076 
mask 0.00017651916 0.654522 0.20114657 1.0 0.8173605 
nomask 0.00017473102 0.11162326 0.12976824 0.39504012 0.50379366 
mask 0.00016644597 0.6356184 0.34158087 0.9379979 0.7207786 
mask 0.00016537309 0.22691108 0.0052752644 0.6557169 0.36892194 
mask 0.00016155839 0.9466136 0.30732822 0.9943858 0.7270317 
nomask 0.00016149879 0.96736854 0.6033948 0.9943723 0.7772003 
nomask 0.00016060472 0.0 0.0 0.21508628 0.22152205 
nomask 0.00015240908 0.079288214 0.8114867 0.77142966 1.0 
nomask 0.0001513958 0.0 0.0 0.30575347 0.14892752 
nomask 0.0001462996 0.6795453 0.6514909 1.0 1.0 
nomask 0.00014624 0.68461275 0.17569387 1.0 0.95831263 
nomask 0.00014343858 0.6409918 0.9043381 1.0 1.0 
mask 0.00014209747 0.28286183 0.0 0.8276199 0.1277092 
nomask 0.00014179945 0.8364879 0.012499779 1.0 0.9106238 
nomask 0.00014072657 0.0 0.27138227 0.38937244 0.7186298 
mask 0.00014042854 0.13501328 0.45973337 1.0 1.0 
nomask 0.00013959408 0.0 0.6434509 0.60590315 1.0 
mask 0.0001372397 0.14440462 0.31260157 0.5995239 0.55651665 
mask 0.0001347661 0.6409918 0.9043381 1.0 1.0 
mask 0.00013446808 0.55162925 0.07128666 0.9929982 0.35784245 
nomask 0.00013324618 0.0 0.0012767762 0.2952025 0.29006898 
nomask 0.00013312697 0.90850735 0.6693767 1.0 1.0 
mask 0.00013238192 0.9749916 0.054474533 0.9979082 0.25884995 
mask 0.00012940168 0.96736854 0.6033948 0.9943723 0.7772003 
mask 0.0001270175 0.0 0.0 0.25317365 0.45918423 
mask 0.00012624264 0.90850735 0.6693767 1.0 1.0 
mask 0.00012508035 0.9806446 0.011558533 1.0 0.20099136 
nomask 0.00012505054 0.18695992 0.0 0.76256496 0.12500915 
nomask 0.00012379885 0.3288047 0.3295456 1.0 1.0 
mask 0.00012273015 0.31266075 0.3126677 1.0 1.0 
mask 0.000121206045 0.0 0.27138227 0.38937244 0.7186298 
mask 0.000118911266 0.11495018 0.0 0.4681642 0.4547822 
mask 0.00011739135 0.46121848 0.13290375 1.0 1.0 
nomask 0.00011563301 0.009321034 0.51545084 1.0 1.0 
nomask 0.000115036964 0.0 0.0 0.35545385 0.36430943 
mask 0.00011438131 0.02639705 0.007840842 0.9850121 0.6553 
mask 0.0001141727 0.9445614 0.52906346 0.9985406 0.85378957 
nomask 0.000113368034 0.97568566 0.14126475 0.9977432 0.3204304 
mask 0.00011277199 0.9472539 0.9484612 1.0 1.0 
nomask 0.000110566616 0.013759874 0.0 0.16662085 0.4015633 
mask 0.0001039505 0.8399632 0.0030091107 1.0 0.91103554 
mask 0.000103890896 0.66397464 0.09610394 1.0 0.6473756 
mask 0.00010344386 0.09932917 0.6868741 0.65777385 1.0 
nomask 0.000102728605 0.6433673 0.31303278 0.7158531 0.4408206 
nomask 0.0001014173 0.082204685 0.0042189583 0.37957305 0.16311353 
nomask 0.0001013875 0.01648748 0.008711755 0.48948872 0.378613 
mask 0.000100791454 0.48220378 0.00554274 1.0 0.2570383 
mask 0.00010046363 0.090873 0.21005651 0.56899 0.46876177 
mask 9.9897385e-05 0.5765946 0.7886435 1.0 1.0 
nomask 9.8228455e-05 0.09532803 0.0143773705 0.64225805 0.26978177 
nomask 9.649992e-05 0.6554597 0.0 1.0 0.6424748 
nomask 9.608269e-05 0.9466136 0.30732822 0.9943858 0.7270317 
nomask 9.4115734e-05 0.6939049 0.7414171 1.0 0.9862501 
mask 9.36687e-05 0.0 0.0 0.1383422 0.31676877 
nomask 9.3370676e-05 0.66397464 0.09610394 1.0 0.6473756 
nomask 9.280443e-05 0.0 0.8805045 1.0 1.0 
mask 9.223819e-05 0.91818416 0.84567446 1.0 1.0 
nomask 9.188056e-05 0.91818416 0.84567446 1.0 1.0 
mask 9.188056e-05 0.60713077 0.8444058 0.9823353 1.0 
nomask 9.0658665e-05 0.0026776074 7.003732e-05 0.02667265 0.04419919 
mask 8.824468e-05 0.24693707 0.0 0.872527 0.4924065 
nomask 8.814636e-05 0.5131101 0.010297716 1.0 1.0 
mask 8.8095665e-05 0.0 0.77266985 0.7461356 1.0 
mask 8.800626e-05 0.0 0.0 0.30575347 0.14892752 
nomask 8.7589025e-05 0.6380316 0.2724264 0.7083907 0.389982 
nomask 8.7082386e-05 0.9469658 0.8635238 0.99924934 0.9967076 
nomask 8.696318e-05 0.0 0.0 0.44813344 0.13763776 
nomask 8.499622e-05 0.9472539 0.9484612 1.0 1.0 
nomask 8.323789e-05 0.8633546 0.2735023 1.0 0.709469 
mask 8.234382e-05 0.0080085695 0.8199308 0.90740275 1.0 
nomask 8.195639e-05 0.053193092 0.0054081194 0.42221832 0.054426428 
nomask 7.978082e-05 0.85999084 0.39811432 1.0 0.9945642 
nomask 7.915497e-05 0.06334214 0.0 0.25921005 0.009003758 
mask 7.900596e-05 0.08465485 0.0026998078 0.3659823 0.014494132 
nomask 7.879734e-05 0.11495018 0.0 0.4681642 0.4547822 
mask 7.8201294e-05 0.34979165 0.0 0.65211844 0.50304073 
mask 7.817149e-05 0.8675309 0.8407561 1.0 1.0 
mask 7.7068806e-05 0.8918295 0.8732278 0.97807324 0.99419945 
mask 7.644296e-05 0.6939049 0.7414171 1.0 0.9862501 
