mask 0.9998218 0.22738943 0.27638608 0.8218055 0.8295614 
nomask 0.005138874 0.22903088 0.2775213 0.82560945 0.82787436 
nomask 0.0009820461 0.021189496 0.31631166 0.231324 0.8341014 
mask 0.00083369017 0.15721366 0.48350734 0.85644805 0.8970694 
mask 0.0005848706 0.035854176 0.27391064 0.2219309 0.86009336 
nomask 0.00050735474 0.0 0.09241547 0.1432047 0.55955946 
mask 0.00039458275 0.0 0.2373218 0.13308366 0.8759386 
nomask 0.00035601854 0.054051742 0.15529417 0.1795769 0.52683353 
nomask 0.00034067035 0.0 0.5693234 0.5866408 1.0 
nomask 0.00034034252 0.79212683 0.0 1.0 0.7152076 
mask 0.00033783913 0.8381012 0.41396317 0.99872607 0.87717414 
mask 0.00033664703 0.0 0.122817636 0.40899983 0.95216155 
mask 0.00033533573 0.55237377 0.33254692 1.0 0.6639447 
nomask 0.0003015995 0.8352695 0.80425364 1.0 1.0 
mask 0.00027751923 0.0037122369 0.5196185 1.0 1.0 
nomask 0.00027489662 0.6254219 0.9132259 1.0 1.0 
mask 0.00027030706 0.6254219 0.9132259 1.0 1.0 
nomask 0.00026777387 0.0 0.2373218 0.13308366 0.8759386 
mask 0.00026738644 0.54298615 0.5509856 1.0 0.9093603 
mask 0.00026631355 0.23742482 0.22181813 0.47754392 0.71611834 
mask 0.00025967765 0.31265715 0.31266323 1.0 1.0 
nomask 0.00025967567 0.31265715 0.31266323 1.0 1.0 
mask 0.00025355816 0.007834643 0.5242624 0.44083408 1.0 
nomask 0.00025326014 0.0037122369 0.5196185 1.0 1.0 
mask 0.00024804473 0.18056068 0.3023069 0.7383126 0.619343 
mask 0.00024724007 0.8353799 0.79453593 1.0 1.0 
nomask 0.00020965934 0.66580534 0.5990592 1.0 1.0 
nomask 0.00020876527 0.8346718 0.007218778 1.0 0.84596545 
nomask 0.00020161271 0.0 0.0 0.4752496 0.6462144 
mask 0.00020095706 0.018013895 0.63738453 0.5525256 1.0 
nomask 0.00019913912 0.023375005 0.114815 0.21524942 0.6356888 
mask 0.00019061565 0.10799058 0.33068433 0.49156302 1.0 
mask 0.00018918021 0.5176489 0.00832361 1.0 1.0 
mask 0.00018134713 0.1071178 0.72011137 0.8689102 1.0 
nomask 0.00017416477 0.11048566 0.20623842 0.23607118 0.58916545 
nomask 0.00017387624 0.5176489 0.00832361 1.0 1.0 
mask 0.00017374754 0.0 0.7851301 0.7093939 1.0 
nomask 0.00017279387 0.66583747 0.09350401 1.0 0.6450377 
nomask 0.00016728044 0.0 0.006625116 0.7329968 0.42218652 
mask 0.00016528368 0.010447085 0.030417949 0.98225343 0.66146994 
mask 0.00015899539 0.66583747 0.09350401 1.0 0.6450377 
nomask 0.00015857816 0.0 0.89169633 1.0 1.0 
nomask 0.00015601516 0.5842469 0.004612744 1.0 0.44675827 
mask 0.00015592575 0.79212683 0.0 1.0 0.7152076 
nomask 0.0001526475 0.09985277 0.6797473 0.64201653 1.0 
nomask 0.00015076995 0.0 0.2492965 0.17079401 0.6623052 
mask 0.00014925003 0.70385534 0.3789511 1.0 1.0 
mask 0.00014385581 0.0 0.89169633 1.0 1.0 
nomask 0.000143677 0.6557957 0.0 1.0 0.35841355 
mask 0.00014349818 0.11867158 0.34359288 0.38776577 0.77962863 
mask 0.00014072657 0.23992705 0.6070652 0.8473692 0.8442539 
mask 0.00013646483 0.0 0.33634377 0.43221995 0.66648376 
mask 0.00013074279 0.54913133 0.38537902 1.0 0.8475819 
mask 0.00013014674 0.008336231 0.39750227 0.32456648 0.9175155 
nomask 0.00012919307 0.049260795 0.29195964 0.18551333 0.63877666 
mask 0.00012814999 0.09985277 0.6797473 0.64201653 1.0 
nomask 0.00011494756 0.0 0.33634377 0.43221995 0.66648376 
mask 0.00011271238 0.26871222 0.2395964 0.80728656 0.48218063 
mask 0.000111311674 0.5842469 0.004612744 1.0 0.44675827 
nomask 0.00010997057 0.0 0.22621354 0.31502968 0.7502936 
nomask 0.000108003616 0.0 0.7851301 0.7093939 1.0 
nomask 0.000107854605 0.64032805 0.07278858 1.0 0.50913566 
nomask 0.00010624528 0.23189619 0.18730326 0.502089 0.5910928 
nomask 0.00010535121 0.20811948 0.23585966 0.7307699 0.47217593 
mask 0.00010484457 0.8793292 0.0 1.0 0.9988978 
nomask 0.00010421872 0.0 0.36789462 0.3593204 1.0 
nomask 0.00010353327 0.0 0.0 0.2362364 0.48541647 
mask 0.000102728605 0.025970519 0.30853572 0.5652967 0.56847906 
nomask 9.804964e-05 0.025970519 0.30853572 0.5652967 0.56847906 
mask 9.74834e-05 0.16219857 0.7786175 1.0 1.0 
mask 9.7334385e-05 0.0 0.006625116 0.7329968 0.42218652 
nomask 9.5278025e-05 0.093147695 0.0 0.9098739 0.26586482 
nomask 9.5009804e-05 0.0 0.0 0.44166046 0.25423017 
mask 9.49204e-05 0.0 0.0 0.4752496 0.6462144 
nomask 9.313226e-05 0.16028208 0.20667046 0.35158026 0.74482155 
nomask 9.2446804e-05 0.010861203 0.08817136 0.0467012 0.6818747 
nomask 9.179115e-05 0.1071178 0.72011137 0.8689102 1.0 
nomask 9.11355e-05 0.32846856 0.0 0.6596103 0.47297114 
mask 8.970499e-05 0.54471695 0.7332732 1.0 1.0 
nomask 8.907914e-05 0.118021056 0.0 0.45157897 0.45855805 
mask 8.869171e-05 0.0008508116 0.0 0.041452304 0.045406066 
nomask 8.678436e-05 0.7528022 0.0 1.0 0.67981094 
mask 8.6188316e-05 0.5719973 0.7894963 1.0 1.0 
mask 8.571148e-05 0.8917507 0.17808813 1.0 0.79660946 
mask 8.496642e-05 0.00086766295 0.0061080307 0.01877092 0.17235628 
mask 8.428097e-05 0.49803782 0.31451815 0.87920177 0.9532984 
mask 8.404255e-05 0.6244403 0.201917 1.0 0.8836878 
mask 8.186698e-05 0.3155172 0.5380437 0.6634949 1.0 
nomask 7.8231096e-05 0.0 0.32375824 0.28079563 0.5537596 
mask 7.686019e-05 0.003643956 0.44173798 0.04749914 0.9581189 
mask 7.587671e-05 0.5279677 0.0142945945 0.85258937 0.7100624 
nomask 7.560849e-05 0.018013895 0.63738453 0.5525256 1.0 
nomask 7.5280666e-05 0.0 0.0 0.33072934 0.33978796 
mask 7.387996e-05 0.2209973 0.41550726 0.5479833 0.85246617 
nomask 7.349253e-05 0.7382232 0.52811676 1.0 1.0 
nomask 7.277727e-05 0.54471695 0.7332732 1.0 1.0 
mask 7.2449446e-05 0.0 0.23206753 0.29267177 0.8171113 
nomask 7.200241e-05 0.00086766295 0.0061080307 0.01877092 0.17235628 
mask 7.104874e-05 0.9870872 0.20014554 0.99519736 0.4410991 
nomask 7.05719e-05 0.04352489 0.0 0.5860853 0.33495408 
