mask 0.99996513 93.90258 94.02348 343.9326 275.69125 
nomask 0.007147044 93.58926 88.78371 337.90634 273.2957 
mask 0.0006734133 93.213486 190.80559 356.58344 273.98322 
mask 0.00047051907 93.361336 93.869316 213.138 261.53705 
nomask 0.0004401505 1.1848613 162.22516 187.6098 320.0 
mask 0.0003221333 1.1848613 162.22516 187.6098 320.0 
mask 0.00028684735 75.11062 100.01372 310.28802 195.42056 
mask 0.0002476573 97.68194 147.68777 207.29373 307.37604 
nomask 0.00024452806 289.85474 0.0 428.0 200.29839 
nomask 0.00022619963 117.161865 290.96378 285.91248 315.4359 
nomask 0.00021409988 359.4497 258.08884 428.0 320.0 
nomask 0.00021320581 284.72076 194.53415 428.0 320.0 
mask 0.00020462275 354.1377 9.179602 428.0 141.87604 
nomask 0.00019776821 268.74313 291.79376 428.0 320.0 
mask 0.00019344687 0.0 47.99967 180.9799 298.6236 
mask 0.00019228458 268.74313 291.79376 428.0 320.0 
mask 0.00017538667 388.8354 207.4388 428.0 320.0 
mask 0.00016880035 217.4981 74.208115 330.61215 233.05035 
nomask 0.0001552701 105.30327 165.79843 197.39153 260.80386 
mask 0.00015118718 296.73022 183.04172 428.0 320.0 
nomask 0.00014525652 103.84628 273.72525 263.02185 320.0 
mask 0.00014218688 0.0 0.0 314.1871 79.97868 
mask 0.00014096498 233.84274 173.68044 428.0 290.669 
nomask 0.00014016032 374.4943 0.0 428.0 318.95013 
mask 0.0001245439 242.7584 105.35776 428.0 211.20583 
mask 0.00012117624 58.771576 147.57056 428.0 320.0 
mask 0.0001181066 85.60488 76.0722 305.35092 150.4501 
mask 0.00011795759 94.3621 1.9859278 274.79895 27.440048 
nomask 0.000116974115 284.34464 30.07782 428.0 206.47021 
mask 0.00011602044 97.79927 62.51114 212.94704 187.61229 
nomask 0.00011587028 133.81813 100.05281 428.0 320.0 
mask 0.00011521578 0.0 0.0 200.27951 197.5394 
nomask 0.00011470914 43.8527 216.26312 274.37903 320.0 
nomask 0.00011396408 0.0 0.0 200.27951 197.5394 
mask 0.00011354685 4.0718436 198.32806 56.650276 305.46082 
nomask 0.00011137128 0.0 285.246 428.0 320.0 
nomask 0.00010898709 97.79927 62.51114 212.94704 187.61229 
mask 0.00010821223 258.77225 0.0 381.6603 51.159218 
mask 0.00010699034 284.34464 30.07782 428.0 206.47021 
mask 0.00010436773 154.18217 0.0 353.2627 241.4035 
mask 0.00010150671 0.0 0.0 192.71863 81.08659 
nomask 0.00010147691 0.0 91.232544 151.57893 230.7115 
mask 0.00010100007 0.0 285.246 428.0 320.0 
nomask 9.971857e-05 3.9405494 165.48184 428.0 320.0 
mask 9.88543e-05 58.94505 231.59573 365.46628 319.79156 
nomask 9.8228455e-05 0.0 1.8947792 315.3733 133.04523 
mask 9.6827745e-05 0.0 108.46054 185.6284 212.34418 
mask 9.536743e-05 248.7168 1.7196035 428.0 144.0988 
mask 9.530783e-05 43.8527 216.26312 274.37903 320.0 
nomask 9.521842e-05 115.77383 77.25503 344.6707 153.36238 
nomask 9.402633e-05 0.0 61.911068 108.050385 267.7133 
mask 9.381771e-05 197.9203 43.19294 428.0 320.0 
mask 9.000301e-05 0.0 251.71028 298.3912 320.0 
mask 8.8870525e-05 0.0 0.0 104.02393 137.57599 
mask 8.6814165e-05 0.0 87.309555 111.09652 320.0 
nomask 8.5800886e-05 63.762863 0.0 374.00043 84.75113 
mask 8.428097e-05 24.929817 0.0 333.61697 36.648 
mask 8.34167e-05 241.45193 124.34024 428.0 273.6054 
mask 8.198619e-05 17.84391 7.541766 44.725483 31.738226 
mask 8.162856e-05 247.38179 252.67615 428.0 320.0 
nomask 8.133054e-05 296.73022 183.04172 428.0 320.0 
mask 8.010864e-05 134.24887 170.82565 285.03098 320.0 
mask 7.811189e-05 52.53754 0.0 194.12779 140.05003 
nomask 7.498264e-05 52.53754 0.0 194.12779 140.05003 
nomask 7.203221e-05 57.8146 72.46199 265.418 148.64209 
mask 7.176399e-05 4.175542 10.377665 422.41803 210.38368 
mask 7.158518e-05 311.84024 70.793365 428.0 256.12372 
mask 7.0244074e-05 374.4943 0.0 428.0 318.95013 
nomask 7.015467e-05 0.0 0.0 98.60738 212.72398 
nomask 6.944173e-05 220.41933 3.3772469 428.0 320.0 
mask 6.920099e-05 54.31887 177.03397 195.612 320.0 
mask 6.905198e-05 0.87006694 0.0 11.991328 23.992643 
nomask 6.875396e-05 140.39307 0.0 284.05624 142.37184 
mask 6.645918e-05 340.13742 0.0 428.0 225.89502 
mask 6.4343214e-05 376.66626 26.877937 428.0 199.42822 
mask 6.318092e-05 75.12311 71.441734 155.95753 235.09906 
mask 6.2555075e-05 27.56692 164.77203 311.12906 298.40408 
mask 6.219745e-05 1.1844974 6.8336487 8.061654 56.18782 
mask 6.172061e-05 45.909405 280.9581 351.1539 319.57605 
nomask 5.915761e-05 0.0 251.71028 298.3912 320.0 
nomask 5.8948994e-05 52.025642 98.24652 274.0957 184.53577 
mask 5.8740377e-05 7.9650135 0.0 63.06897 10.740414 
mask 5.6177378e-05 72.789444 251.18533 428.0 320.0 
mask 5.4478645e-05 0.0 174.98419 181.83748 297.58548 
mask 5.1110983e-05 6.1675296 311.0149 68.082664 319.32977 
mask 5.081296e-05 0.0 0.0 98.60738 212.72398 
nomask 5.030632e-05 58.94505 231.59573 365.46628 319.79156 
nomask 4.9591064e-05 54.31887 177.03397 195.612 320.0 
nomask 4.9114227e-05 376.66626 26.877937 428.0 199.42822 
nomask 4.8965216e-05 0.0 47.99967 180.9799 298.6236 
nomask 4.786253e-05 0.0 72.41628 65.0294 216.85504 
nomask 4.634261e-05 0.0 28.513256 176.53194 143.94461 
mask 4.6253204e-05 103.84628 273.72525 263.02185 320.0 
nomask 4.592538e-05 99.461075 0.0 382.63245 213.60165 
mask 4.5776367e-05 315.18274 12.500954 428.0 181.15286 
mask 4.386902e-05 268.3723 128.72575 428.0 320.0 
nomask 4.2319298e-05 12.365041 71.951225 99.7817 214.59215 
mask 4.1544437e-05 0.0 206.55673 149.34415 320.0 
mask 4.130602e-05 234.11353 234.07233 428.0 320.0 
mask 4.1216612e-05 0.0 237.56111 187.27522 320.0 
