mask 0.9995818 53.71233880519867 61.738834381103516 195.4171303510666 262.88262367248535 
nomask 0.0016337931 57.09842795133591 58.47708034515381 190.80140161514282 267.38467025756836 
mask 0.00063967705 38.79634130001068 31.07086992263794 205.00511240959167 181.1139736175537 
mask 0.0005251765 125.84064245223999 46.807644844055176 187.14829659461975 224.07288360595703 
mask 0.0004746616 54.590472131967545 64.88546657562256 123.95205187797546 254.33647918701172 
nomask 0.00047451258 159.87321996688843 214.39857864379883 246.0 352.0 
nomask 0.00036296248 0.0 0.0 118.3566026687622 224.57008743286133 
mask 0.00036117435 0.0 47.46503734588623 101.37679481506348 326.2696075439453 
nomask 0.00034824014 0.0 210.24263191223145 141.14757800102234 352.0 
nomask 0.00033515692 192.64506554603577 130.055926322937 208.90792393684387 167.5677080154419 
mask 0.00027820468 0.0 196.72931671142578 109.84959465265274 352.0 
nomask 0.0002527833 218.04586243629456 0.0 246.0 352.0 
mask 0.0002462268 114.14860814809799 47.691179275512695 246.0 352.0 
mask 0.00024122 30.450667440891266 71.42123794555664 160.0666801929474 171.08404350280762 
mask 0.0002387166 164.52447652816772 0.0 246.0 219.12363052368164 
nomask 0.00023549795 114.14860814809799 47.691179275512695 246.0 352.0 
nomask 0.00023114681 222.0067970752716 226.30484580993652 246.0 352.0 
mask 0.00022768974 222.0067970752716 226.30484580993652 246.0 352.0 
mask 0.00022637844 31.485237568616867 114.44869232177734 118.89243793487549 352.0 
nomask 0.00022566319 35.808976113796234 0.0 214.65058708190918 94.90427875518799 
mask 0.00021705031 0.0 126.03695297241211 184.54944276809692 290.33841705322266 
nomask 0.0002142191 69.87754333019257 0.0 177.1016639471054 148.58708095550537 
mask 0.00020262599 0.0 277.1426258087158 166.3074073791504 352.0 
nomask 0.0002015531 0.0 62.6143856048584 65.5506779551506 297.49915504455566 
nomask 0.00020048022 164.52447652816772 0.0 246.0 219.12363052368164 
mask 0.00020003319 135.70714330673218 115.35242080688477 246.0 229.99411582946777 
nomask 0.00018897653 155.97411811351776 320.1030464172363 246.0 352.0 
mask 0.00018844008 159.87321996688843 214.39857864379883 246.0 352.0 
nomask 0.00018411875 6.901802435517311 39.39432382583618 58.91671800613403 193.55856704711914 
mask 0.00018185377 32.645350098609924 163.1153860092163 246.0 352.0 
mask 0.00018054247 155.97411811351776 320.1030464172363 246.0 352.0 
nomask 0.00018033385 32.645350098609924 163.1153860092163 246.0 352.0 
mask 0.00017505884 33.2920027077198 0.0 116.6755485534668 242.1030158996582 
nomask 0.00017383695 195.03664684295654 119.01166725158691 209.09308505058289 154.80568504333496 
nomask 0.00017210841 12.609636068344116 289.88806343078613 211.32746708393097 352.0 
mask 0.00017136335 0.0 2.981759548187256 175.8073250055313 154.4498291015625 
nomask 0.0001668036 0.0 2.981759548187256 175.8073250055313 154.4498291015625 
nomask 0.00016084313 10.401595652103424 0.0 146.5239658355713 129.58910274505615 
mask 0.00015938282 0.0 109.58591175079346 0.8951716627925634 177.1175022125244 
mask 0.00015702844 147.75809955596924 105.01711463928223 246.0 324.2818202972412 
nomask 0.00015467405 0.0 0.0 64.6721743941307 216.57626342773438 
mask 0.00015419722 119.51841974258423 58.87947177886963 208.90044593811035 287.85277557373047 
mask 0.00015321374 35.808976113796234 0.0 214.65058708190918 94.90427875518799 
nomask 0.00015226007 0.0 277.1426258087158 166.3074073791504 352.0 
nomask 0.00015214086 29.87024277448654 0.0 111.97101491689682 162.42120361328125 
nomask 0.00014895201 0.0 109.58591175079346 0.8951716627925634 177.1175022125244 
mask 0.00014254451 218.04586243629456 0.0 246.0 352.0 
nomask 0.00014063716 212.27050137519836 5.208576202392578 246.0 183.12603569030762 
nomask 0.00013676286 31.51154986023903 117.050368309021 49.72228762507439 157.22526836395264 
mask 0.00013384223 61.697551131248474 45.36807107925415 164.86453485488892 150.36916160583496 
nomask 0.00013172626 164.23959410190582 32.19949722290039 246.0 228.2410831451416 
nomask 0.00013142824 181.29685056209564 9.78432846069336 246.0 214.9833984375 
mask 0.00013014674 0.0 95.79833507537842 63.926331996917725 352.0 
mask 0.00012868643 94.61122941970825 108.89991188049316 192.58491897583008 250.33553886413574 
nomask 0.00012862682 133.05610477924347 0.0 217.69397127628326 166.5542812347412 
mask 0.00012749434 0.0 116.8670482635498 109.61175763607025 233.763427734375 
mask 0.00012636185 46.51253628730774 171.48862743377686 202.22816491127014 260.2297019958496 
nomask 0.00012594461 231.1722868680954 3.8349661827087402 244.9210420846939 174.71725273132324 
mask 0.0001244545 164.23959410190582 32.19949722290039 246.0 228.2410831451416 
nomask 0.0001155138 0.0 0.0 67.17411482334137 141.2585277557373 
nomask 0.00011500716 52.33193689584732 46.6157751083374 177.8904755115509 131.3566541671753 
mask 0.00011470914 91.7326471209526 77.04704427719116 215.725102186203 173.1275978088379 
nomask 0.00011357665 157.83191692829132 0.0 246.0 135.70618057250977 
mask 0.000111311674 0.0 311.8292751312256 246.0 352.0 
mask 0.00011098385 0.0 64.84501028060913 1.4509376054629683 157.8754539489746 
nomask 0.000110566616 0.0 116.8670482635498 109.61175763607025 233.763427734375 
nomask 0.00010329485 131.50189805030823 23.06323003768921 185.65002822875977 193.30935668945312 
mask 0.000102460384 70.66349565982819 99.36056613922119 173.83206295967102 330.54852294921875 
mask 0.00010076165 231.1722868680954 3.8349661827087402 244.9210420846939 174.71725273132324 
nomask 9.858608e-05 0.0 0.0 102.9313827753067 90.95051383972168 
mask 9.739399e-05 181.29685056209564 9.78432846069336 246.0 214.9833984375 
mask 9.6440315e-05 171.67705035209656 133.99599075317383 246.0 352.0 
nomask 9.095669e-05 0.0 130.13196086883545 2.079259380698204 183.8581199645996 
mask 8.991361e-05 80.67005503177643 0.0 164.62798082828522 170.63506412506104 
nomask 8.812547e-05 98.1393272280693 43.51168942451477 222.40568232536316 130.44841480255127 
nomask 8.46982e-05 0.0 64.84501028060913 1.4509376054629683 157.8754539489746 
nomask 8.33869e-05 30.450667440891266 71.42123794555664 160.0666801929474 171.08404350280762 
mask 8.302927e-05 112.52367568016052 42.10957956314087 207.7207989692688 140.28619194030762 
mask 8.070469e-05 138.0499563217163 33.53538370132446 246.0 160.13005447387695 
mask 8.061528e-05 31.51154986023903 117.050368309021 49.72228762507439 157.22526836395264 
nomask 7.915497e-05 0.0 34.91833543777466 104.66972422599792 158.3813648223877 
nomask 7.8588724e-05 23.07061766088009 117.3592586517334 44.10739195346832 155.9794578552246 
mask 7.70092e-05 0.0 80.24275588989258 79.04470467567444 278.22278213500977 
mask 7.69794e-05 0.0 130.13196086883545 2.079259380698204 183.8581199645996 
nomask 7.593632e-05 191.43043327331543 142.02067756652832 210.7993004322052 188.1481761932373 
mask 7.4863434e-05 23.07061766088009 117.3592586517334 44.10739195346832 155.9794578552246 
mask 7.337332e-05 42.588060557842255 65.96529769897461 88.79833906888962 257.1518135070801 
nomask 7.301569e-05 60.50380593538284 23.69729709625244 116.35568815469742 190.87692260742188 
mask 7.280707e-05 25.211229622364044 243.8921775817871 161.45066714286804 352.0 
nomask 7.095933e-05 199.02286005020142 3.227382183074951 239.39695644378662 149.3676414489746 
mask 7.0631504e-05 10.401595652103424 0.0 146.5239658355713 129.58910274505615 
nomask 7.05421e-05 135.96547150611877 0.0 246.0 93.23828506469727 
mask 7.0124865e-05 133.05158865451813 191.44134902954102 246.0 321.073787689209 
mask 7.009506e-05 60.50380593538284 23.69729709625244 116.35568815469742 190.87692260742188 
mask 6.887317e-05 29.87024277448654 0.0 111.97101491689682 162.42120361328125 
nomask 6.633997e-05 6.55804543197155 6.825569152832031 47.79496908187866 140.39693927764893 
nomask 6.607175e-05 0.0 337.6040630340576 15.297827236354351 352.0 
nomask 6.586313e-05 0.0 47.46503734588623 101.37679481506348 326.2696075439453 
mask 6.5267086e-05 0.0 194.75233459472656 109.62895703315735 327.1210517883301 
nomask 6.505847e-05 201.8274908065796 45.79008483886719 234.5743510723114 187.12538146972656 
