nomask 0.26329544 925.3630792200565 649.3121990561485 1004.1172824203968 742.6829324364662 
nomask 0.18188441 915.7089782953262 560.8133338093758 1011.5141646265984 687.6452093720436 
nomask 0.037309647 1002.4948971569538 481.9219877719879 1102.6010726988316 585.3785917758942 
nomask 0.024021327 973.7509580254555 649.91699385643 1062.7622943520546 756.3747293949127 
nomask 0.01075241 913.8187773227692 490.30925011634827 1017.0554772019386 624.6332314014435 
nomask 0.007930696 973.7949733436108 547.9861437678337 1071.8052451908588 665.9428552985191 
nomask 0.005286753 921.930107831955 732.7748309373856 1005.2489452958107 821.2189636230469 
nomask 0.0039869845 1006.2831190824509 394.2492491006851 1119.1686320900917 502.89349460601807 
mask 0.0025469959 2289.2638065218925 154.6186194717884 2477.626429617405 778.7482833862305 
nomask 0.001829952 890.2325248718262 394.0884582400322 1008.6650106310844 505.1025677919388 
mask 0.0012843907 923.820308804512 1034.5815662145615 1025.0069822072983 1134.4425760507584 
nomask 0.0009096861 2433.779427230358 133.89414916932583 2490.6448350548744 379.5837152004242 
mask 0.0008393228 2385.896421253681 397.765899926424 2487.931823194027 651.090057849884 
mask 0.0006391704 2390.9509586691856 503.35252207517624 2481.2843930125237 731.8366143107414 
nomask 0.00061139464 2449.656817495823 56.192398592829704 2499.0 270.5677909255028 
nomask 0.00060638785 920.3420560061932 837.6900018453598 1011.6033124029636 932.3589022159576 
nomask 0.0005417466 2419.0838221907616 0.0 2499.0 88.64176330715418 
mask 0.00049614906 0.0 31.979872435331345 2007.4717816114426 743.934353351593 
mask 0.00044107437 2400.864608466625 296.9229153394699 2484.7761259675026 598.6359909176826 
mask 0.00043821335 997.4715651869774 934.0947621464729 2499.0 1838.752230644226 
mask 0.00043803453 1068.8659007549286 1533.9453691244125 2499.0 1874.0 
mask 0.00043168664 2426.174682497978 234.2311368137598 2479.257900953293 504.2860473394394 
mask 0.00040212274 0.0 157.42464059591293 1049.0920004546642 1831.0840871334076 
mask 0.00035604835 21.22297990322113 971.3778567314148 2499.0 1874.0 
mask 0.00035092235 2148.8893495202065 105.77986159920692 2449.7950449585915 832.4609199762344 
nomask 0.00031995773 21.22297990322113 971.3778567314148 2499.0 1874.0 
nomask 0.0003002584 2385.896421253681 397.765899926424 2487.931823194027 651.090057849884 
mask 0.00029850006 925.3630792200565 649.3121990561485 1004.1172824203968 742.6829324364662 
mask 0.00029456615 1292.5326817631721 17.4780056476593 2499.0 1874.0 
nomask 0.00029310584 2390.9509586691856 503.35252207517624 2481.2843930125237 731.8366143107414 
mask 0.00029212236 2419.0838221907616 0.0 2499.0 88.64176330715418 
mask 0.00029060245 1847.158311009407 869.7358605265617 2499.0 1874.0 
nomask 0.00028529763 781.3337123394012 585.9342389702797 2499.0 1874.0 
mask 0.00028529763 781.3337123394012 585.9342389702797 2499.0 1874.0 
mask 0.00028166175 915.7089782953262 560.8133338093758 1011.5141646265984 687.6452093720436 
mask 0.00028148293 2433.779427230358 133.89414916932583 2490.6448350548744 379.5837152004242 
nomask 0.0002721548 927.9070305526257 953.9764766693115 1029.5636475384235 1062.0080525875092 
nomask 0.000264287 768.8913043141365 1129.090960264206 839.6665953397751 1228.40598487854 
nomask 0.00026413798 1292.5326817631721 17.4780056476593 2499.0 1874.0 
nomask 0.00026136637 777.6211580336094 478.0114579796791 916.393785148859 624.5205828547478 
mask 0.00024849176 0.0 0.0 1309.1007624864578 1041.8570873737335 
mask 0.00023850799 1310.9278078079224 1362.617485165596 2499.0 1874.0 
nomask 0.00023445487 2289.2638065218925 154.6186194717884 2477.626429617405 778.7482833862305 
mask 0.00023165345 2449.656817495823 56.192398592829704 2499.0 270.5677909255028 
nomask 0.00022611022 759.4145307540894 829.7980133295059 862.105619430542 932.0647984743118 
nomask 0.0002219677 992.8389343321323 719.3159824609756 1079.8729327619076 822.6081653833389 
nomask 0.0002053082 1133.3705357015133 487.995179772377 1233.7631459534168 583.0974726676941 
nomask 0.00020030141 789.1574909985065 533.6120886802673 921.1055839955807 700.2447007894516 
nomask 0.00019925833 1847.158311009407 869.7358605265617 2499.0 1874.0 
nomask 0.00018271804 2426.174682497978 234.2311368137598 2479.257900953293 504.2860473394394 
mask 0.00018200278 2300.0652102828026 334.7110294997692 2499.0 919.2591663599014 
mask 0.0001783669 1002.4948971569538 481.9219877719879 1102.6010726988316 585.3785917758942 
mask 0.00017389655 30.79225265979767 0.0 2472.841942191124 1211.121442079544 
mask 0.00015926361 0.0 0.0 1258.928513109684 487.6680130958557 
mask 0.00015047193 380.4839756190777 11.244441658258438 2185.140544295311 525.8071137666702 
mask 0.0001501441 727.2111812531948 315.87345027923584 2260.3747136592865 1774.1669149398804 
nomask 0.00014966726 1163.0565218031406 755.0772325992584 1257.9561544060707 847.0706043243408 
nomask 0.00014790893 769.2788774371147 749.8980802297592 874.1193435788155 850.981636762619 
mask 0.00014284253 1006.2831190824509 394.2492491006851 1119.1686320900917 502.89349460601807 
nomask 0.00014004111 779.9028048813343 665.4930430054665 903.7011377513409 790.6058693528175 
mask 0.00013449788 927.9070305526257 953.9764766693115 1029.5636475384235 1062.0080525875092 
mask 0.00012618303 813.5585854053497 1576.508201122284 1793.5460150241852 1872.2391753196716 
nomask 0.0001257658 923.820308804512 1034.5815662145615 1025.0069822072983 1134.4425760507584 
mask 0.00011843443 713.1746888458729 1331.5224651098251 2499.0 1868.0945800542831 
mask 0.00011605024 1538.0714265704155 1278.5266016721725 2212.2639600634575 1874.0 
nomask 0.00011566281 2207.8219133019447 0.0 2499.0 131.85890771448612 
mask 0.00011378527 1711.0024727582932 1589.2908232212067 2499.0 1874.0 
nomask 0.00011277199 2400.864608466625 296.9229153394699 2484.7761259675026 598.6359909176826 
nomask 0.00010898709 2419.511463403702 597.522294998169 2480.522205591202 879.4874715805054 
nomask 0.000108748674 213.9180210828781 1524.2705512046814 1929.3732651472092 1874.0 
nomask 0.000102967024 0.0 0.0 1258.928513109684 487.6680130958557 
nomask 0.000101447105 1310.9278078079224 1362.617485165596 2499.0 1874.0 
mask 0.00010073185 2185.1560353040695 0.0 2499.0 1263.3633365631104 
nomask 0.00010064244 2016.8374369740486 1591.522124528885 2499.0 1874.0 
nomask 9.9271536e-05 2264.3284957408905 187.89406189322472 2410.4039418697357 333.4893763959408 
mask 9.8377466e-05 0.0 0.0 930.8072006106377 680.4512844085693 
mask 9.825826e-05 1741.301396369934 1481.3888182640076 2499.0 1874.0 
mask 9.679794e-05 1593.3588368296623 1698.432129740715 2499.0 1874.0 
nomask 9.49502e-05 2272.1291123628616 1251.7350130081177 2499.0 1874.0 
nomask 9.453297e-05 1145.6951226890087 550.3690207600594 1251.446504831314 654.1829501986504 
nomask 9.23872e-05 757.342608332634 387.29857686161995 919.8455244898796 495.0727701187134 
mask 9.1552734e-05 2079.5982162952423 9.325367271900177 2499.0 1707.9720151424408 
mask 9.018183e-05 2272.1291123628616 1251.7350130081177 2499.0 1874.0 
nomask 8.970499e-05 1135.3419155180454 391.19168159365654 1238.8011496961117 500.6779987215996 
nomask 8.72314e-05 2079.5982162952423 9.325367271900177 2499.0 1707.9720151424408 
nomask 8.4757805e-05 1638.6190958619118 491.66918671131134 1752.6674771904945 601.8150032758713 
mask 8.356571e-05 624.4955154955387 1030.9265481233597 755.7304262816906 1174.885917544365 
mask 8.293986e-05 1638.5949656367302 184.39394253492355 2499.0 1206.5654590129852 
nomask 8.255243e-05 1134.3148169517517 662.3466467857361 1230.6848292946815 779.4097654819489 
mask 7.456541e-05 2137.3982979655266 1250.6331013441086 2499.0 1874.0 
nomask 7.203221e-05 575.0448641180992 1276.7149538993835 2291.69172424078 1874.0 
mask 7.18236e-05 763.4287873506546 1072.522289276123 849.2851712107658 1183.5692942142487 
mask 7.1167946e-05 16.889069971628487 599.8860155940056 70.64927762746811 936.0815541148186 
nomask 7.092953e-05 763.4287873506546 1072.522289276123 849.2851712107658 1183.5692942142487 
mask 7.092953e-05 2207.8219133019447 0.0 2499.0 131.85890771448612 
mask 6.914139e-05 213.9180210828781 1524.2705512046814 1929.3732651472092 1874.0 
mask 6.902218e-05 1264.6406736373901 0.0 2499.0 488.4562736749649 
nomask 6.890297e-05 1638.5949656367302 184.39394253492355 2499.0 1206.5654590129852 
mask 6.8455935e-05 11.46915444592014 509.8130307197571 41.70029209367931 887.0232516527176 
mask 6.702542e-05 1280.3235325813293 1284.4172773361206 1974.9612185955048 1874.0 
