mask 0.9997868 165.86794704198837 70.23785412311554 398.6071574687958 297.14992332458496 
nomask 0.017102242 167.2106435894966 69.9456337094307 401.8541705608368 297.50758481025696 
nomask 0.00165084 446.8667805194855 224.8951985836029 548.9615595340729 382.44937348365784 
nomask 0.001606375 434.5514988899231 265.9389839172363 489.31979179382324 325.1389260292053 
nomask 0.0009637773 481.8852186203003 234.602037191391 580.0161504745483 380.9299657344818 
mask 0.0009474158 169.2740336060524 62.814840495586395 478.0041170120239 194.95860314369202 
nomask 0.0009211004 184.28152292966843 65.16635173559189 376.7124903202057 186.45450854301453 
nomask 0.0007634461 438.92969131469727 296.07155656814575 484.75802421569824 351.8328552246094 
nomask 0.00056675076 377.10901618003845 27.1233828663826 489.60291743278503 184.5812222957611 
nomask 0.00048694015 432.15461254119873 230.6853071451187 507.968327999115 368.30324506759644 
nomask 0.00047045946 434.02313590049744 239.53440713882446 497.4698317050934 302.1113576889038 
mask 0.00044617057 206.54196202754974 75.9184559583664 371.49824142456055 222.4201866388321 
nomask 0.00041738153 468.63900542259216 243.62941431999207 528.2517945766449 290.2506458759308 
nomask 0.00038942695 509.4872999191284 270.70068883895874 563.3751201629639 324.8341956138611 
mask 0.0003746748 7.066860496997833 0.0 369.7369432449341 288.89150762557983 
nomask 0.0003694892 23.577580899000168 9.591057658195496 141.15028262138367 149.2488409280777 
mask 0.00034087896 16.858524084091187 19.049841463565826 175.24886012077332 223.20091223716736 
mask 0.000305593 606.1601722240448 105.78324383497238 740.0 292.96172547340393 
mask 0.00027304888 379.9704420566559 15.84455144405365 735.9854733943939 335.97604751586914 
nomask 0.0002604425 0.0 348.20321702957153 433.7072825431824 516.0 
nomask 0.0002567172 499.55862760543823 247.02847480773926 568.1674814224243 292.67092752456665 
nomask 0.0002514124 583.4606325626373 274.17122626304626 636.7091596126556 321.79614901542664 
mask 0.00023818016 5.167891979217529 265.27939081192017 740.0 516.0 
nomask 0.00023636222 472.9318058490753 267.1857089996338 522.1445906162262 318.8452649116516 
nomask 0.00023129582 0.0 276.2508544921875 113.13828885555267 516.0 
mask 0.00022631884 0.0 0.0 143.01704168319702 158.9058701992035 
mask 0.00022533536 31.231075823307037 56.602928817272186 363.006192445755 185.82579445838928 
mask 0.00022342801 340.53960621356964 66.88774180412292 740.0 516.0 
nomask 0.00021708012 591.5546119213104 440.30881547927856 740.0 516.0 
nomask 0.0002129376 340.53960621356964 66.88774180412292 740.0 516.0 
mask 0.00020438433 91.74940168857574 39.571526527404785 629.4624400138855 410.91952300071716 
nomask 0.00020340085 670.2317380905151 343.57886838912964 740.0 516.0 
nomask 0.00020322204 54.1956901550293 414.502073764801 570.0529861450195 516.0 
nomask 0.00020056963 123.48970890045166 1.942913018167019 224.02361392974854 10.04491813480854 
nomask 0.00019949675 5.167891979217529 265.27939081192017 740.0 516.0 
mask 0.00019490719 670.2317380905151 343.57886838912964 740.0 516.0 
mask 0.00019389391 231.36948704719543 161.33762383460999 740.0 516.0 
nomask 0.0001938343 231.36948704719543 161.33762383460999 740.0 516.0 
mask 0.00019261241 473.9150929450989 466.58295607566833 740.0 516.0 
nomask 0.00019079447 36.73003822565079 6.501648545265198 169.33393150568008 244.72621929645538 
nomask 0.0001886487 170.38116335868835 67.63727313280106 278.2789373397827 226.91866636276245 
mask 0.00018194318 0.0 470.501362323761 112.74615168571472 516.0 
mask 0.0001809001 0.0 168.77946782112122 323.09359312057495 337.015261888504 
mask 0.00017678738 211.67688369750977 106.25250345468521 551.3328194618225 241.5563063621521 
mask 0.00017520785 0.0 276.2508544921875 113.13828885555267 516.0 
nomask 0.00017312169 0.0 455.2044982910156 740.0 516.0 
nomask 0.00017178059 0.0 486.49042081832886 50.24494290351868 516.0 
nomask 0.00016903877 124.44234132766724 45.025195240974426 207.76188552379608 200.6897678375244 
nomask 0.0001680255 620.3240847587585 5.254708170890808 740.0 464.7320909500122 
nomask 0.00016584992 226.72257006168365 291.74873971939087 326.7944496870041 426.78860235214233 
nomask 0.00016233325 438.5454273223877 317.3612265586853 484.2210602760315 376.032350063324 
nomask 0.00016194582 137.4942171573639 360.8233251571655 682.8780901432037 516.0 
mask 0.00016072392 0.0 486.49042081832886 50.24494290351868 516.0 
nomask 0.00015929341 0.0 371.2133467197418 499.38387393951416 516.0 
nomask 0.00015753508 0.0 470.501362323761 112.74615168571472 516.0 
nomask 0.00015458465 0.0 9.36159485578537 120.62265932559967 227.41193103790283 
nomask 0.0001527965 0.0 140.4502730369568 192.36391305923462 516.0 
mask 0.0001475811 0.0 350.6474575996399 407.2742247581482 516.0 
mask 0.00014263391 0.0 3.796289563179016 95.543512403965 258.67589378356934 
mask 0.0001398921 0.0 455.2044982910156 740.0 516.0 
nomask 0.00013849139 571.2747180461884 308.526997089386 740.0 516.0 
nomask 0.00013810396 484.0004789829254 400.1592915058136 740.0 516.0 
nomask 0.00013786554 450.84840297698975 123.06375432014465 740.0 458.75161814689636 
mask 0.00013664365 493.37313294410706 48.51530885696411 740.0 334.02285718917847 
nomask 0.0001347959 568.4083962440491 0.0 740.0 385.19782161712646 
nomask 0.00013306737 361.23968958854675 83.61692798137665 419.23770546913147 153.82700943946838 
nomask 0.00013259053 635.3546643257141 492.6230742931366 735.2918839454651 516.0 
nomask 0.0001322031 589.1542851924896 217.3743270635605 658.9228117465973 270.9711263179779 
mask 0.0001321435 54.1956901550293 414.502073764801 570.0529861450195 516.0 
mask 0.00013175607 8.702157512307167 14.185872852802277 43.96638981997967 221.77909326553345 
mask 0.000130862 0.0 0.0 283.30987572669983 133.8688588142395 
mask 0.00013032556 0.0 18.82742178440094 225.56086838245392 286.3821873664856 
nomask 0.00013011694 277.3182773590088 0.0 359.77911591529846 19.98846834897995 
nomask 0.00012990832 0.0 418.0935745239258 373.01796317100525 516.0 
nomask 0.00012922287 128.24365258216858 142.33380103111267 223.34292590618134 314.9774215221405 
nomask 0.00012871623 318.6018681526184 410.2929618358612 634.5536732673645 516.0 
nomask 0.00012764335 343.69262635707855 53.29731273651123 448.6682605743408 195.75907409191132 
mask 0.00012657046 620.3240847587585 5.254708170890808 740.0 464.7320909500122 
nomask 0.0001258254 493.37313294410706 48.51530885696411 740.0 334.02285718917847 
mask 0.00011819601 0.0 0.0 467.16863989830017 139.31154763698578 
mask 0.000116705894 65.39170145988464 157.67867517471313 394.2899215221405 292.74880170822144 
nomask 0.000116080046 440.1325011253357 412.33826637268066 740.0 516.0 
nomask 0.00011527538 0.0 443.0356421470642 259.5193165540695 516.0 
nomask 0.000114917755 0.0 419.42727756500244 63.07375639677048 516.0 
nomask 0.000112980604 704.613264799118 490.7702407836914 740.0 516.0 
mask 0.000109523535 0.0 83.44152653217316 210.09302973747253 424.6752963066101 
nomask 0.0001078248 65.53919672966003 0.0 231.54887199401855 73.06805938482285 
nomask 0.000107586384 0.0 168.77946782112122 323.09359312057495 337.015261888504 
nomask 0.000107079744 614.9404633045197 136.44421219825745 740.0 295.1052031517029 
nomask 0.00010409951 290.1058614253998 88.96367347240448 465.8685290813446 174.52270424365997 
nomask 0.00010344386 192.19599604606628 0.0 372.48055815696716 35.18500632047653 
mask 0.0001026988 182.54339218139648 51.54842296242714 367.11612343788147 154.82058191299438 
nomask 0.000101298094 231.29293859004974 61.225101470947266 582.5396251678467 183.964395403862 
mask 0.00010102987 3.072127103805542 47.16781175136566 318.33369493484497 468.1776237487793 
mask 0.00010076165 101.23534560203552 10.30353569984436 690.0597512722015 228.10238778591156 
nomask 0.00010046363 587.1148014068604 291.74249625205994 634.6931409835815 341.76620221138 
nomask 9.730458e-05 581.9455862045288 250.8088173866272 644.9816417694092 298.97953605651855 
mask 9.62615e-05 0.0 0.0 175.9577989578247 229.28813910484314 
nomask 9.5158815e-05 244.71410393714905 0.0 323.84483098983765 21.08840274810791 
nomask 9.319186e-05 0.0 66.89329326152802 137.60722041130066 271.1187858581543 
