mask 0.99332505 216.8901 84.75468 986.86786 345.4671 
mask 0.14768687 1349.6602 125.86058 1387.6748 272.778 
nomask 0.04702729 1349.6602 125.86058 1387.6748 272.778 
mask 0.004559189 781.47064 35.893333 1354.5596 282.33206 
mask 0.0035684407 124.57821 100.205894 808.603 463.26468 
mask 0.0027903318 471.10547 66.43501 1228.2485 333.4266 
mask 0.0026755035 0.0 557.8824 846.4495 653.0 
mask 0.002082646 1353.9974 167.43861 1394.075 296.33838 
mask 0.0020259619 590.5967 124.77979 1053.8174 331.6858 
mask 0.0020227134 0.0 7.1809616 986.2647 294.19742 
nomask 0.0013848841 1353.9974 167.43861 1394.075 296.33838 
mask 0.0013694465 872.37646 7.100257 1395.0 202.74959 
mask 0.0012516677 0.0 49.143757 622.18384 597.2815 
nomask 0.0012505949 1339.7728 139.94803 1395.0 336.44275 
mask 0.0011942685 158.8984 53.98943 644.32324 311.31012 
mask 0.0011050999 1339.7728 139.94803 1395.0 336.44275 
mask 0.0010775626 858.92 115.20683 1309.0287 337.20242 
nomask 0.0008531213 216.8901 84.75468 986.86786 345.4671 
nomask 0.0008419454 1325.915 576.1649 1395.0 634.6952 
mask 0.0007402301 49.337563 7.199274 1348.1797 417.1807 
mask 0.00069767237 14.701982 243.29822 1003.5568 653.0 
nomask 0.00061926246 213.41718 535.5435 746.5635 651.4249 
nomask 0.00054857135 1362.0662 93.150925 1389.179 166.19063 
mask 0.0004748106 0.0 484.12268 1149.2638 639.6103 
mask 0.00044566393 444.15256 0.0 943.00745 327.31763 
nomask 0.00044557452 44.267086 539.99695 1172.6041 653.0 
mask 0.00044056773 358.97897 75.170006 1199.4762 571.3691 
mask 0.00043797493 255.94907 560.8832 1254.194 653.0 
mask 0.00043568015 181.81999 114.33456 523.3181 452.457 
mask 0.0004196465 614.445 0.0 1353.8564 236.50333 
mask 0.0004146099 1027.8253 100.27511 1355.1355 371.35303 
nomask 0.00036609173 1359.9385 223.0611 1393.9954 324.63806 
nomask 0.00036418438 0.0 487.97897 902.75635 653.0 
nomask 0.0003593564 1153.3003 531.6996 1395.0 653.0 
mask 0.0003568232 125.12212 0.0 724.1882 276.45898 
nomask 0.00035005808 164.08226 560.39355 1119.0994 653.0 
mask 0.0003360808 1337.5582 69.62416 1395.0 268.9181 
nomask 0.0003350079 0.0 109.243385 28.99364 204.25755 
mask 0.00032132864 1151.9049 8.2157955 1395.0 603.0453 
mask 0.0003144145 0.0 340.0174 1395.0 653.0 
mask 0.0003142357 698.7446 113.563324 1295.2202 503.82263 
mask 0.00030001998 1119.046 549.1606 1395.0 653.0 
mask 0.00029566884 119.46179 24.845543 895.62256 185.71239 
nomask 0.00029483438 0.0 340.0174 1395.0 653.0 
mask 0.00029328465 647.8753 87.86666 1395.0 653.0 
nomask 0.00028958917 1151.9049 8.2157955 1395.0 603.0453 
mask 0.0002771914 1359.9385 223.0611 1393.9954 324.63806 
mask 0.00027552247 0.0 251.90654 577.9406 650.94476 
nomask 0.00027411812 721.20636 5.574074 1395.0 653.0 
mask 0.00027388334 143.46426 169.70103 1179.3695 412.67606 
mask 0.0002734363 0.0 150.19223 347.62085 653.0 
nomask 0.00027201453 436.15424 204.16817 1395.0 653.0 
mask 0.00026512146 0.0 562.80804 486.1981 653.0 
mask 0.00026395917 732.869 28.501495 1047.2666 324.9948 
mask 0.00025561452 1263.6901 429.5744 1395.0 653.0 
mask 0.00025206804 0.0 532.2768 451.9977 652.7828 
mask 0.0002437532 0.0 550.1917 1299.9998 653.0 
mask 0.00024089217 1325.915 576.1649 1395.0 634.6952 
mask 0.0002349019 0.0 109.243385 28.99364 204.25755 
mask 0.00023403764 0.0 511.9443 1062.6721 653.0 
nomask 0.00022608042 1337.5582 69.62416 1395.0 268.9181 
mask 0.0002232492 304.3004 461.07675 661.85626 653.0 
mask 0.00021967292 0.0 489.93066 708.8194 653.0 
nomask 0.0002129972 0.0 536.3677 506.44217 653.0 
nomask 0.00018811226 1264.3296 183.54803 1395.0 290.04202 
mask 0.00018772483 0.0 74.969055 681.8572 295.4875 
mask 0.00018632412 916.63605 64.43924 1395.0 421.7193 
mask 0.00018084049 610.85095 0.0 930.03534 281.09265 
mask 0.00017911196 0.0 532.34735 333.58267 653.0 
nomask 0.00017467141 976.02637 118.668365 1395.0 630.41785 
nomask 0.00017350912 205.32204 478.2633 1362.4226 653.0 
mask 0.00016990304 0.0 0.80210114 16.667053 109.0354 
nomask 0.00016868114 683.50806 8.690779 1389.9202 175.1615 
mask 0.00016582012 215.0275 0.0 1134.2485 220.18793 
nomask 0.00015491247 916.63605 64.43924 1395.0 421.7193 
mask 0.000154078 1264.3296 183.54803 1395.0 290.04202 
mask 0.00015336275 134.30725 446.31747 916.3487 653.0 
nomask 0.00015196204 978.4271 433.01352 1395.0 653.0 
nomask 0.00014841557 62.359238 477.8396 1317.3782 645.0466 
mask 0.00013914704 12.523481 466.393 307.28784 653.0 
mask 0.00013640523 0.0 0.0 527.699 193.59564 
nomask 0.00013592839 0.0 0.80210114 16.667053 109.0354 
nomask 0.00013044477 1322.0087 615.5407 1395.0 648.0046 
mask 0.00012728572 32.890045 190.97983 942.005 352.07437 
mask 0.00012618303 0.0 0.0 44.486504 31.203867 
mask 0.00012502074 801.6526 5.376263 1395.0 294.01596 
mask 0.0001244843 668.70154 0.0 1395.0 105.454346 
mask 0.00012388825 833.90906 520.8028 1395.0 653.0 
mask 0.00012287498 0.0 357.60828 676.912 608.7542 
mask 0.00012168288 424.498 111.05344 844.0051 412.09225 
nomask 0.000121086836 0.0 0.0 44.486504 31.203867 
mask 0.00011494756 1362.0662 93.150925 1389.179 166.19063 
mask 0.0001116693 0.0 0.0 328.47314 459.15268 
mask 0.00010961294 0.0 210.66023 627.82904 431.88165 
mask 0.00010937452 0.0 138.81851 447.4243 501.39697 
mask 0.00010564923 0.0 0.0 345.4389 297.7547 
mask 0.0001052618 815.613 544.84 1322.973 653.0 
mask 0.00010356307 879.5084 31.044308 1395.0 409.4257 
nomask 0.00010326505 0.0 0.0 345.4389 297.7547 
mask 0.00010275841 1018.7558 102.864334 1395.0 541.6966 
