mask 0.99984753 112.97321945428848 720.9781005382538 860.219396352768 1678.2074633836746 
nomask 0.0012062192 118.66222232580185 713.2892888188362 865.6980264186859 1670.0765597224236 
mask 0.0011636019 0.0 1540.297955930233 104.79299426078796 2197.0 
mask 0.0011278391 576.5409994125366 866.8432986736298 879.8843908309937 1480.1253926753998 
mask 0.00072571635 432.4111819267273 569.3238681852818 863.6493229866028 1613.8254672288895 
mask 0.0005428791 460.5511951446533 55.03101825714111 959.3568581342697 1557.8003968596458 
nomask 0.00033199787 1191.5499937534332 1710.6281502246857 1470.0 2197.0 
mask 0.00029328465 1049.2391431331635 1811.2959948778152 1470.0 2197.0 
mask 0.00028157234 41.74139052629471 0.0 1191.2186193466187 257.74899785220623 
nomask 0.0002451539 62.43704527616501 0.0 1436.3189721107483 560.7940210700035 
mask 0.0002181828 19.637033119797707 1531.309713423252 244.19840455055237 2197.0 
mask 0.00021156669 76.18330031633377 218.08843344449997 919.7805726528168 1511.5260990262032 
mask 0.0002079606 0.0 773.6381126642227 379.33642745018005 2197.0 
nomask 0.00020077825 1400.7117319107056 2104.7169737815857 1470.0 2188.5523248910904 
nomask 0.00019556284 918.2863211631775 873.1610491871834 1043.3748149871826 1202.4312846064568 
mask 0.00019037724 0.0 7.3720893785357475 1241.802983880043 541.348457723856 
mask 0.0001885593 0.0 1838.098997414112 210.2749353647232 2188.049078643322 
mask 0.00018638372 556.9913989305496 28.268422413617373 1188.3190494775772 193.93028916418552 
mask 0.00018578768 1.6263971105217934 872.0660335421562 49.03195604681969 1309.455379486084 
mask 0.00017803907 0.0 694.1255328953266 66.76354251801968 1423.9391211271286 
mask 0.00017473102 69.58815447986126 539.4006537944078 392.3507586121559 1521.2185981869698 
nomask 0.00017133355 1.6263971105217934 872.0660335421562 49.03195604681969 1309.455379486084 
nomask 0.00016996264 266.87008291482925 1346.9499094486237 1360.6792151927948 2197.0 
nomask 0.00016725063 576.5409994125366 866.8432986736298 879.8843908309937 1480.1253926753998 
nomask 0.00016343594 1259.4092863798141 2122.2707476615906 1470.0 2187.055812239647 
nomask 0.00015082955 0.0 694.1255328953266 66.76354251801968 1423.9391211271286 
nomask 0.000148803 1404.507029056549 1928.0424458384514 1464.3107342720032 2183.54173129797 
nomask 0.00014588237 1250.3187453746796 2006.5171702504158 1470.0 2197.0 
mask 0.00013309717 1201.097028851509 2138.8715881705284 1470.0 2178.6920769810677 
nomask 0.00012436509 971.4507973194122 1402.6778510808945 1470.0 2197.0 
mask 0.00012001395 681.2868985533714 295.5685819387436 1470.0 2197.0 
nomask 0.00011959672 1127.282196879387 0.0 1470.0 1626.2176605463028 
nomask 0.00011643767 487.68788516521454 0.0 964.6061897277832 1021.5283358097076 
nomask 0.00011447072 0.0 699.1017517447472 21.598369628190994 1070.902122437954 
nomask 0.000112742186 0.0 603.972365796566 9.31094890460372 929.7562819719315 
mask 0.00011241436 1065.156855583191 2006.5026346445084 1470.0 2180.738716483116 
nomask 0.00010970235 681.2868985533714 295.5685819387436 1470.0 2197.0 
nomask 0.000105679035 1201.097028851509 2138.8715881705284 1470.0 2178.6920769810677 
nomask 0.00010564923 42.82720685005188 0.0 1024.7523093223572 747.2356904745102 
mask 0.00010550022 200.5102550983429 1015.7846107780933 1470.0 2197.0 
nomask 0.00010421872 870.3001177310944 898.9719638824463 986.9090366363525 1237.2290013432503 
nomask 0.00010341406 1283.5422277450562 0.0 1470.0 2197.0 
mask 0.00010085106 1006.9578015804291 1405.8438631892204 1470.0 2197.0 
nomask 9.971857e-05 0.0 0.0 709.3243539333344 1281.436624109745 
mask 9.9629164e-05 200.21826535463333 1038.1053431630135 1007.959109544754 1642.2818621993065 
nomask 9.7960234e-05 0.0 0.0 347.7919627726078 960.7513008713722 
nomask 9.727478e-05 200.5102550983429 1015.7846107780933 1470.0 2197.0 
mask 9.649992e-05 0.0 754.847109913826 214.54672560095787 1682.0998629331589 
nomask 9.506941e-05 0.0 1605.070580124855 891.0761189460754 2197.0 
nomask 9.3996525e-05 937.2287231683731 1993.2246860265732 1470.0 2197.0 
nomask 9.277463e-05 1009.0728324651718 357.1827892065048 1470.0 2126.4391927719116 
nomask 9.268522e-05 0.0 0.0 699.8548176884651 545.9589947760105 
nomask 9.146333e-05 41.74139052629471 0.0 1191.2186193466187 257.74899785220623 
mask 9.128451e-05 937.2287231683731 1993.2246860265732 1470.0 2197.0 
nomask 8.973479e-05 6.666237562894821 1438.6007022857666 96.44808948040009 2197.0 
nomask 8.648634e-05 1335.8228051662445 1451.3312740325928 1470.0 2197.0 
nomask 8.645654e-05 173.12409237027168 0.0 675.213292837143 1003.0084679424763 
mask 8.5026026e-05 2.689197063446045 1191.005643606186 678.6855393648148 2197.0 
mask 8.457899e-05 61.273116767406464 1828.5975563526154 666.2122544646263 2197.0 
mask 8.362532e-05 1335.8228051662445 1451.3312740325928 1470.0 2197.0 
nomask 8.2463026e-05 1065.156855583191 2006.5026346445084 1470.0 2180.738716483116 
mask 8.1688166e-05 0.0 0.0 709.3243539333344 1281.436624109745 
mask 8.162856e-05 0.0 699.1017517447472 21.598369628190994 1070.902122437954 
mask 8.150935e-05 137.041235268116 565.9878156781197 917.889758348465 1082.9607825279236 
nomask 7.8737736e-05 2.689197063446045 1191.005643606186 678.6855393648148 2197.0 
mask 7.736683e-05 12.89125682786107 1660.1411457061768 35.83960806950927 2169.2571592330933 
mask 7.537007e-05 36.46704375743866 457.32866156101227 646.7553985118866 1835.5426950454712 
mask 7.045269e-05 0.0 603.972365796566 9.31094890460372 929.7562819719315 
mask 7.0393085e-05 0.0 1699.105605185032 1030.3474724292755 2197.0 
mask 7.018447e-05 314.45889115333557 1387.06163418293 1343.4815669059753 2197.0 
mask 6.9499016e-05 1283.5422277450562 0.0 1470.0 2197.0 
nomask 6.93202e-05 0.0 0.0 487.37009167671204 713.624917268753 
mask 6.7174435e-05 979.597858786583 208.5917066335678 1470.0 1423.439934372902 
mask 6.66976e-05 1127.282196879387 0.0 1470.0 1626.2176605463028 
mask 6.657839e-05 1418.8413816690445 0.0 1470.0 150.80442321300507 
mask 6.574392e-05 0.0 2023.1091060638428 227.1508254110813 2197.0 
mask 6.446242e-05 0.0 1623.7299767136574 683.4319388866425 2197.0 
mask 6.16312e-05 487.68788516521454 0.0 964.6061897277832 1021.5283358097076 
nomask 6.133318e-05 979.597858786583 208.5917066335678 1470.0 1423.439934372902 
mask 6.058812e-05 0.0 0.0 699.8548176884651 545.9589947760105 
nomask 5.9872866e-05 904.7188085317612 690.2367345094681 1066.634722352028 1315.1754677891731 
mask 5.9753656e-05 1263.0742067098618 0.0 1470.0 207.19363670051098 
mask 5.9574842e-05 51.59792818129063 1472.5659609436989 411.9511342048645 2197.0 
mask 5.8323145e-05 0.0 728.936737626791 665.5098581314087 1258.516068816185 
mask 5.6266785e-05 222.37251073122025 87.90538623929024 825.534782409668 1014.4186566770077 
mask 5.415082e-05 0.0 1904.4150148630142 53.016761764883995 2176.7664365768433 
nomask 5.349517e-05 73.48420232534409 1736.7238842248917 1230.356547832489 2197.0 
mask 5.340576e-05 0.0 917.2445300221443 406.5182849764824 1467.6194025874138 
mask 5.3048134e-05 418.7190315127373 713.5461499989033 1105.0703859329224 1251.987224638462 
mask 5.2571297e-05 0.0 1151.2989515662193 689.9064007401466 1968.4634777903557 
mask 5.1677227e-05 173.12409237027168 0.0 675.213292837143 1003.0084679424763 
mask 5.0872564e-05 284.2607554793358 638.7330232858658 1172.722635269165 1958.2383992671967 
mask 4.938245e-05 0.0 628.6218070089817 161.3509914278984 1908.643435716629 
mask 4.8846006e-05 432.31427550315857 714.7063794434071 1470.0 1469.5864236354828 
nomask 4.8607588e-05 556.9913989305496 28.268422413617373 1188.3190494775772 193.93028916418552 
mask 4.8428774e-05 1009.0728324651718 357.1827892065048 1470.0 2126.4391927719116 
nomask 4.7564507e-05 0.0 1202.7492346167564 366.07404738664627 2197.0 
mask 4.643202e-05 0.0 0.0 364.59723204374313 1585.109133720398 
mask 4.6372414e-05 0.0 13.803358390927315 1077.2954803705215 906.8776311278343 
nomask 4.568696e-05 222.37251073122025 87.90538623929024 825.534782409668 1014.4186566770077 
