mask 0.99769795 726.39984 148.31606 1705.7604 558.68054 
nomask 0.011808753 721.7804 150.2199 1681.8322 575.48364 
mask 0.001760304 147.73384 1038.5956 1439.5344 1255.0 
mask 0.0010200143 91.39114 296.81668 210.19966 410.48056 
mask 0.0006379187 449.04044 137.11119 2123.5552 1164.7273 
mask 0.0006210506 639.8757 4.618744 2068.169 610.52576 
mask 0.0004799664 860.88434 49.029488 2244.027 344.40277 
mask 0.00044813752 698.8619 408.12802 1806.544 1250.2225 
mask 0.00043538213 0.0 135.95865 1111.4789 1189.5593 
mask 0.0003722608 751.1612 189.00462 1638.849 912.2713 
mask 0.00034317374 1258.7389 0.0 1791.5001 536.12366 
mask 0.00031220913 31.27928 279.98053 100.403786 453.00455 
mask 0.0002991557 656.3298 0.0 2081.2134 185.55418 
mask 0.0002809167 25.917475 330.51132 88.17584 506.9859 
mask 0.00026890635 461.7286 66.36431 1774.8682 404.99243 
mask 0.00025764108 0.0 17.95868 1697.3516 518.9606 
mask 0.0002478361 0.0 1095.4069 1185.4147 1255.0 
mask 0.00023332238 1284.2943 0.0 2101.6128 582.49615 
mask 0.00023135543 1104.7551 168.83276 2384.0 1255.0 
mask 0.00021997094 1327.3829 0.0 1798.5017 363.43234 
mask 0.00021827221 16.973118 651.01733 2384.0 1255.0 
nomask 0.00021088123 1104.7551 168.83276 2384.0 1255.0 
nomask 0.00020083785 16.973118 651.01733 2384.0 1255.0 
nomask 0.00019493699 175.58452 1018.3433 1845.4073 1255.0 
mask 0.00018340349 1086.58 99.259056 2368.7192 445.55945 
mask 0.00018179417 0.0 1060.2948 727.4777 1255.0 
mask 0.00018015504 91.56003 343.55026 206.11113 446.35916 
nomask 0.00017854571 1996.7069 1023.9851 2384.0 1255.0 
mask 0.00016367435 0.0 978.95605 1687.3231 1255.0 
mask 0.0001604557 1069.2604 0.0 1566.4186 406.8379 
mask 0.00015899539 2278.946 0.0 2384.0 78.62655 
mask 0.000156641 67.90824 11.094268 2362.0134 811.1036 
nomask 0.00015607476 0.0 978.95605 1687.3231 1255.0 
mask 0.00015556812 191.87862 1154.7335 1383.9814 1236.5568 
nomask 0.00015491247 1523.1743 1136.8193 2384.0 1255.0 
nomask 0.00015473366 656.3298 0.0 2081.2134 185.55418 
mask 0.00015088916 1996.1879 13.650203 2384.0 1135.938 
mask 0.00014987588 0.0 1171.5529 512.2062 1255.0 
mask 0.00014808774 1523.1743 1136.8193 2384.0 1255.0 
mask 0.00014677644 2162.954 836.17596 2384.0 1255.0 
mask 0.00014314055 1275.3206 0.0 2384.0 322.03442 
mask 0.00013786554 1320.863 10.973853 2384.0 568.73883 
mask 0.00013771653 99.295395 251.06844 225.64798 339.3794 
mask 0.00013682246 851.9304 0.0 1346.0402 412.90906 
nomask 0.0001347363 15.192848 1218.2327 183.62126 1255.0 
mask 0.00012627244 15.192848 1218.2327 183.62126 1255.0 
mask 0.0001244247 175.58452 1018.3433 1845.4073 1255.0 
nomask 0.00012433529 1586.0889 816.1286 2384.0 1255.0 
nomask 0.00012415648 2260.5195 1212.6992 2384.0 1255.0 
mask 0.00011706352 1216.1154 0.0 2384.0 222.7464 
mask 0.00011637807 713.6652 202.04176 1275.7196 521.7893 
nomask 0.00011566281 0.0 1109.2023 2384.0 1255.0 
mask 0.00011497736 12.610813 400.79037 52.148815 580.7725 
nomask 0.00011244416 1986.8304 25.681389 2384.0 1132.3588 
mask 0.00010505319 1547.8237 0.0 2081.876 500.99408 
mask 0.00010344386 1576.12 122.23821 2384.0 809.44183 
nomask 0.00010159612 0.0 17.95868 1697.3516 518.9606 
mask 0.000101178885 0.0 256.68475 133.89679 790.96857 
mask 0.00010108948 0.0 946.24097 1791.088 1243.1787 
mask 0.000100404024 109.66024 0.0 1580.006 168.04839 
nomask 9.918213e-05 58.89194 1074.6646 1572.737 1255.0 
mask 9.8884106e-05 1181.5374 137.73805 1747.769 738.09326 
nomask 9.763241e-05 1327.3829 0.0 1798.5017 363.43234 
mask 9.480119e-05 2345.6301 239.7008 2384.0 371.3437 
mask 9.217858e-05 662.4587 351.62997 1944.5281 650.27203 
mask 9.176135e-05 0.0 1109.2023 2384.0 1255.0 
nomask 8.8989735e-05 2278.946 0.0 2384.0 78.62655 
nomask 8.3863735e-05 1576.12 122.23821 2384.0 809.44183 
mask 7.903576e-05 1730.6727 0.0 2384.0 295.5616 
nomask 7.712841e-05 1542.0201 0.0 2384.0 786.66473 
nomask 7.69496e-05 25.917475 330.51132 88.17584 506.9859 
mask 7.5131655e-05 1394.3832 997.2047 2384.0 1255.0 
mask 7.31647e-05 1543.7971 0.0 2084.3071 321.63788 
nomask 7.1287155e-05 109.66024 0.0 1580.006 168.04839 
mask 6.774068e-05 10.010838 1224.3624 487.28552 1241.7676 
mask 6.625056e-05 757.0667 1077.378 2367.2913 1255.0 
nomask 6.5624714e-05 31.27928 279.98053 100.403786 453.00455 
mask 6.54459e-05 1965.1656 622.4812 2347.545 1170.9456 
nomask 6.350875e-05 14.163462 174.8478 38.01984 361.7776 
nomask 6.183982e-05 1607.5458 1233.6339 1933.5188 1252.117 
mask 6.118417e-05 217.6253 0.0 1222.0206 499.21487 
mask 5.90384e-05 805.33795 0.0 1816.8054 347.94922 
nomask 5.811453e-05 1069.2604 0.0 1566.4186 406.8379 
mask 5.6236982e-05 1607.5458 1233.6339 1933.5188 1252.117 
mask 5.5640936e-05 1318.1042 188.74269 1760.4673 496.89505 
mask 5.5134296e-05 306.3057 0.0 1122.8641 820.17865 
mask 5.4895878e-05 17.325872 233.12714 66.977745 381.2605 
nomask 5.349517e-05 2059.0938 1224.0255 2384.0 1253.9435 
nomask 5.2839518e-05 563.2257 833.0729 2254.6958 1255.0 
nomask 5.2034855e-05 851.9304 0.0 1346.0402 412.90906 
mask 5.13494e-05 266.27145 871.5829 899.9898 1255.0 
mask 4.9889088e-05 1562.6007 243.20169 2384.0 1189.2119 
mask 4.9442053e-05 14.163462 174.8478 38.01984 361.7776 
nomask 4.839897e-05 1562.6007 243.20169 2384.0 1189.2119 
mask 4.6998262e-05 0.0 895.10126 1038.7941 1255.0 
mask 4.670024e-05 0.0 467.19177 1697.9232 1088.8683 
mask 4.6670437e-05 1567.7174 0.0 2384.0 176.91982 
nomask 4.6610832e-05 17.325872 233.12714 66.977745 381.2605 
nomask 4.6521425e-05 10.010838 1224.3624 487.28552 1241.7676 
mask 4.634261e-05 206.65686 442.67477 1272.4961 1241.1348 
