mask 0.995469 629.61523 472.53214 1016.5536 987.05774 
nomask 0.0013605058 624.871 482.23666 1017.26263 992.71783 
mask 0.0002811551 190.02393 181.91832 1297.442 1611.7725 
nomask 0.00026634336 353.9135 1126.6919 1615.5542 1752.0 
mask 0.00022628903 17.118975 646.3053 55.435585 881.2969 
mask 0.00021669269 0.0 0.0 850.06476 984.6191 
nomask 0.00018814206 1124.9738 1122.2117 1704.0 1752.0 
mask 0.000174433 787.8207 235.39613 1704.0 1752.0 
mask 0.00016948581 0.0 265.21442 784.76465 1643.2896 
mask 0.00016492605 1690.6527 246.24504 1704.0 629.43915 
nomask 0.00016090274 787.8207 235.39613 1704.0 1752.0 
mask 0.00015640259 1688.4421 103.19351 1702.188 518.3231 
nomask 0.00015237927 0.0 1159.3307 1020.0027 1752.0 
mask 0.00014990568 233.51224 808.47266 1704.0 1752.0 
nomask 0.00014051795 1690.6527 246.24504 1704.0 629.43915 
nomask 0.00013842557 532.772 547.79315 1704.0 1752.0 
nomask 0.00013375282 15.702965 906.5726 1704.0 1752.0 
mask 0.00013303757 1162.0126 1125.9496 1704.0 1752.0 
mask 0.00013050437 254.84181 29.439293 1670.6272 769.36664 
nomask 0.0001295805 17.118975 646.3053 55.435585 881.2969 
mask 0.00012716651 7.335889 559.7788 34.067703 868.35297 
nomask 0.00012460351 132.65561 1415.4171 1317.36 1752.0 
nomask 0.000119656324 1429.7745 1434.1079 1704.0 1752.0 
nomask 0.00011357665 1496.6003 0.0 1704.0 1738.425 
mask 0.000111848116 1094.721 1584.0106 1704.0 1752.0 
mask 0.00010755658 1542.9576 1175.8351 1704.0 1752.0 
mask 0.000107079744 0.0 1364.6617 1222.6499 1752.0 
mask 0.000100404024 704.00256 460.17902 930.81476 697.8337 
nomask 9.75132e-05 1160.8164 0.0 1704.0 1123.1141 
mask 9.602308e-05 11.37817 1689.8062 249.79646 1744.9485 
nomask 9.480119e-05 1000.54816 574.45276 1128.3921 769.81604 
nomask 9.319186e-05 1645.7356 932.36646 1698.1759 1124.0485 
mask 9.188056e-05 1673.1288 431.39404 1702.2615 738.90186 
nomask 8.9883804e-05 0.0 1538.9742 1704.0 1752.0 
mask 8.9138746e-05 1142.5803 163.03639 1704.0 1133.1624 
nomask 8.589029e-05 4.348181 1204.0957 257.84985 1741.789 
nomask 8.08239e-05 1142.5803 163.03639 1704.0 1133.1624 
nomask 8.034706e-05 0.0 20.990496 1209.4424 732.4876 
nomask 7.7188015e-05 0.0 31.477846 592.60645 1049.4124 
mask 7.635355e-05 414.3248 0.0 1600.8046 233.3032 
mask 7.399917e-05 1496.6003 0.0 1704.0 1738.425 
mask 7.367134e-05 132.65561 1415.4171 1317.36 1752.0 
nomask 7.149577e-05 7.335889 559.7788 34.067703 868.35297 
mask 7.036328e-05 0.0 1538.9742 1704.0 1752.0 
mask 6.994605e-05 0.0 1138.2301 868.45514 1752.0 
mask 6.920099e-05 1638.0715 89.52151 1683.303 833.5314 
mask 6.765127e-05 767.3985 59.388454 1662.3143 1130.0385 
mask 6.636977e-05 959.1015 10.348148 1704.0 779.5913 
mask 6.482005e-05 573.51953 251.76747 1077.1138 1129.2854 
nomask 6.41644e-05 254.7759 0.0 1599.1088 451.17242 
mask 6.392598e-05 0.0 296.01895 267.38135 940.86554 
mask 6.303191e-05 0.0 1670.6212 90.00754 1752.0 
nomask 6.249547e-05 0.0 1670.6212 90.00754 1752.0 
mask 6.2435865e-05 20.906069 702.08417 60.549564 943.8624 
nomask 5.942583e-05 11.37817 1689.8062 249.79646 1744.9485 
mask 5.9336424e-05 353.9135 1126.6919 1615.5542 1752.0 
nomask 5.927682e-05 1638.0715 89.52151 1683.303 833.5314 
nomask 5.802512e-05 55.13949 581.4465 1087.3944 1752.0 
mask 5.7667494e-05 572.9763 683.5087 1010.90265 1032.117 
mask 5.6654215e-05 20.887234 331.26736 99.83351 994.0127 
mask 5.6415796e-05 5.675161 472.28992 24.802433 751.6664 
nomask 5.4061413e-05 1522.4999 950.43414 1635.1774 1088.9297 
nomask 5.221367e-05 4.020585 1443.9736 31.838047 1718.407 
mask 5.2124262e-05 1617.0358 251.94304 1690.6782 934.8664 
nomask 5.1021576e-05 1660.224 1009.3233 1704.0 1185.934 
nomask 5.054474e-05 1118.7184 311.1617 1704.0 1681.6166 
mask 4.8846006e-05 145.73253 423.2125 932.9328 1297.7811 
nomask 4.851818e-05 1673.1288 431.39404 1702.2615 738.90186 
nomask 4.851818e-05 1449.7231 179.77701 1704.0 814.86584 
nomask 4.6521425e-05 414.3248 0.0 1600.8046 233.3032 
mask 4.6253204e-05 924.4893 678.3663 1704.0 1547.3533 
mask 4.464388e-05 1652.5741 9.90755 1699.2052 139.15788 
nomask 4.4465065e-05 0.0 479.52698 617.47314 1254.8555 
mask 4.4435263e-05 1291.0078 0.0 1704.0 1324.9224 
mask 4.348159e-05 0.0 9.5822 6.138192 330.13242 
nomask 4.23491e-05 27.118721 1550.8488 207.47581 1732.2972 
mask 4.172325e-05 0.0 209.0594 188.6041 1295.6421 
nomask 4.041195e-05 1688.4421 103.19351 1702.188 518.3231 
nomask 4.017353e-05 159.84146 437.2285 691.1927 1034.8351 
mask 4.0113926e-05 159.84146 437.2285 691.1927 1034.8351 
nomask 3.9815903e-05 28.140394 287.10974 421.94043 1104.6716 
nomask 3.901124e-05 738.54926 334.39883 1011.27954 819.03735 
nomask 3.874302e-05 1108.4375 143.27065 1704.0 1142.6082 
nomask 3.8653612e-05 0.0 209.0594 188.6041 1295.6421 
nomask 3.85046e-05 1100.9827 495.00735 1211.511 665.38617 
nomask 3.835559e-05 1007.15454 490.6685 1123.4608 677.37665 
mask 3.8027763e-05 0.0 658.6484 1187.0366 1499.2527 
nomask 3.7789345e-05 0.0 145.64403 391.91418 1531.1163 
nomask 3.7759542e-05 0.0 962.9714 806.9438 1635.7833 
mask 3.7759542e-05 593.30896 11.16866 1704.0 434.5569 
mask 3.734231e-05 12.031148 291.8467 30.047039 629.52515 
nomask 3.6895275e-05 419.81146 562.63184 531.9734 768.18536 
mask 3.6746264e-05 25.527983 540.1703 889.69055 969.4398 
nomask 3.6656857e-05 0.0 1351.7753 15.216087 1661.5305 
nomask 3.5494566e-05 572.7454 0.0 1111.7499 812.10175 
mask 3.5136938e-05 1307.2039 1457.5464 1704.0 1752.0 
mask 3.477931e-05 0.0 0.0 1252.9329 453.7188 
nomask 3.4570694e-05 428.11172 506.92993 529.1242 667.4433 
nomask 3.4332275e-05 0.0 0.0 746.58826 445.42746 
mask 3.4213066e-05 7.807106 202.68004 24.898422 586.1722 
