mask 0.99893403 67.61234030127525 91.34969562292099 141.59217774868011 180.99925965070724 
nomask 0.0013346374 67.87950173020363 91.95323288440704 141.67073965072632 182.43489861488342 
nomask 0.00034222007 0.0 126.20976269245148 98.2199527323246 225.0 
nomask 0.00032266974 148.94770681858063 143.30691397190094 225.0 225.0 
nomask 0.00027298927 197.40442782640457 0.0 225.0 225.0 
mask 0.000259161 0.0 131.9548398256302 93.64234730601311 225.0 
mask 0.00025475025 138.0589172244072 153.08737456798553 225.0 225.0 
nomask 0.00025054812 22.212613373994827 154.5531615614891 147.69245982170105 225.0 
mask 0.0002502501 28.209784626960754 102.70203799009323 225.0 225.0 
nomask 0.00024583936 149.55815076828003 0.0 225.0 147.3905771970749 
nomask 0.00023940206 0.0 1.6908779740333557 165.87976813316345 91.41190275549889 
mask 0.00023427606 103.19639593362808 28.437209129333496 225.0 225.0 
nomask 0.00023317337 103.19639593362808 28.437209129333496 225.0 225.0 
nomask 0.00022745132 189.18069452047348 183.68585407733917 225.0 225.0 
nomask 0.00022211671 144.67931985855103 203.17776203155518 225.0 225.0 
nomask 0.0002142191 153.58241647481918 46.02750465273857 225.0 217.6542341709137 
mask 0.0002104044 73.12684804201126 0.5658207926899195 155.85218220949173 14.507255516946316 
mask 0.00020903349 203.50689589977264 150.0877395272255 225.0 225.0 
mask 0.00020626187 144.67931985855103 203.17776203155518 225.0 225.0 
mask 0.0002052486 58.585453033447266 181.77350610494614 147.4194511771202 225.0 
nomask 0.00019788742 70.34866958856583 70.35097628831863 225.0 225.0 
mask 0.00019779801 70.34866958856583 70.35097628831863 225.0 225.0 
mask 0.0001950562 22.212613373994827 154.5531615614891 147.69245982170105 225.0 
nomask 0.00019478798 0.0 112.01386973261833 60.283344984054565 225.0 
mask 0.00019365549 0.0 137.23235428333282 112.36268430948257 225.0 
nomask 0.00018718839 0.36570578813552856 115.23110568523407 224.21101480722427 224.9649167060852 
nomask 0.00017300248 150.59946477413177 21.146488934755325 225.0 145.44444680213928 
nomask 0.00017103553 0.0 198.0600669980049 225.0 225.0 
mask 0.0001693666 28.430550545454025 27.503552287817 167.92956590652466 212.09642887115479 
mask 0.00016483665 150.59946477413177 21.146488934755325 225.0 145.44444680213928 
nomask 0.00016459823 49.09558966755867 162.57745921611786 213.7300282716751 225.0 
mask 0.00016415119 96.0485503077507 1.7514533596113324 150.23963302373886 6.284513790160418 
mask 0.00015619397 0.0 31.479068845510483 94.50497925281525 217.0421004295349 
mask 0.00014391541 0.0 198.0600669980049 225.0 225.0 
mask 0.0001373887 31.9892518222332 163.37576508522034 193.78104507923126 225.0 
mask 0.00013682246 66.5696382522583 137.92896419763565 174.26352202892303 190.71776121854782 
mask 0.0001360476 10.750085860490799 0.0 167.16309785842896 27.904441952705383 
mask 0.0001348257 0.0 112.01386973261833 60.283344984054565 225.0 
mask 0.00013315678 3.8712255656719208 2.144184708595276 222.29450941085815 148.42549413442612 
mask 0.00013306737 197.40442782640457 0.0 225.0 225.0 
nomask 0.00012511015 0.0 0.0 123.51702600717545 134.59198772907257 
nomask 0.00012001395 123.94294738769531 1.1089324951171875 225.0 98.2378363609314 
mask 0.00011232495 52.4606890976429 76.99230685830116 153.92636954784393 132.23381638526917 
mask 0.000112086535 0.0 164.50240015983582 106.62951618432999 225.0 
mask 0.000111460686 88.54104727506638 103.42319682240486 147.17775732278824 201.38781666755676 
nomask 0.000110179186 0.0 159.8335862159729 135.58514267206192 225.0 
mask 0.000105291605 76.62949115037918 119.53012347221375 145.84022015333176 225.0 
nomask 0.00010499358 31.21185377240181 0.0 192.2217696905136 62.02879250049591 
mask 0.000101953745 23.337964341044426 121.86927795410156 103.31863760948181 225.0 
mask 9.906292e-05 169.7682872414589 132.29301273822784 225.0 225.0 
mask 9.563565e-05 77.81764268875122 170.53737044334412 174.2995709180832 224.41289126873016 
mask 9.3609095e-05 50.71210339665413 209.1535359621048 147.5526362657547 221.9152182340622 
nomask 9.086728e-05 0.0 164.50240015983582 106.62951618432999 225.0 
nomask 8.639693e-05 29.558419436216354 0.0 175.08685290813446 27.61992998421192 
nomask 8.442998e-05 58.14952030777931 209.11858677864075 153.63712012767792 221.74835801124573 
mask 8.4102154e-05 0.0 174.68710988759995 154.4772282242775 225.0 
nomask 8.383393e-05 3.8712255656719208 2.144184708595276 222.29450941085815 148.42549413442612 
nomask 8.3088875e-05 0.0 138.6209473013878 85.18998920917511 225.0 
nomask 8.186698e-05 139.54755663871765 6.437315046787262 225.0 156.4895287156105 
mask 8.112192e-05 71.13356441259384 17.272017896175385 145.68355232477188 157.9463705420494 
mask 8.1032515e-05 49.09558966755867 162.57745921611786 213.7300282716751 225.0 
mask 8.0645084e-05 136.48565411567688 122.71066009998322 225.0 225.0 
mask 7.82907e-05 0.0 122.16338217258453 98.39799106121063 204.910147190094 
mask 7.811189e-05 23.23523238301277 97.91642725467682 124.5787650346756 213.14871311187744 
mask 7.674098e-05 0.0 1.6908779740333557 165.87976813316345 91.41190275549889 
nomask 7.534027e-05 31.9892518222332 163.37576508522034 193.78104507923126 225.0 
mask 6.785989e-05 107.31743574142456 0.698191998526454 166.04383885860443 4.373287316411734 
mask 6.714463e-05 24.024931713938713 67.64608919620514 134.69633907079697 166.7559117078781 
mask 6.505847e-05 24.191976338624954 0.0 203.45258116722107 59.662534296512604 
nomask 6.482005e-05 137.90849894285202 102.88185328245163 164.9327203631401 173.0504259467125 
nomask 6.431341e-05 98.13030660152435 29.39106971025467 116.12609177827835 51.020751893520355 
nomask 6.365776e-05 73.97421151399612 0.0 148.1490522623062 100.55748447775841 
mask 6.3329935e-05 123.94294738769531 1.1089324951171875 225.0 98.2378363609314 
mask 6.252527e-05 87.09591999650002 92.73443967103958 204.50191497802734 148.92945438623428 
nomask 6.249547e-05 0.0 76.01914778351784 97.82495051622391 149.79498982429504 
nomask 6.0915947e-05 28.430550545454025 27.503552287817 167.92956590652466 212.09642887115479 
nomask 6.0617924e-05 0.0 18.712900578975677 51.74042880535126 205.21739423274994 
mask 5.9336424e-05 108.65979418158531 94.47472393512726 210.15367805957794 225.0 
nomask 5.930662e-05 0.0 122.16338217258453 98.39799106121063 204.910147190094 
mask 5.799532e-05 51.84450522065163 82.19040781259537 183.03439915180206 196.60346657037735 
nomask 5.5253506e-05 109.57460850477219 30.367672070860863 127.57609337568283 51.85515694320202 
mask 5.5253506e-05 58.13770517706871 1.5789074823260307 176.49600505828857 36.95196211338043 
nomask 5.5104494e-05 71.13356441259384 17.272017896175385 145.68355232477188 157.9463705420494 
mask 5.438924e-05 0.0 0.0 102.06994190812111 142.30451881885529 
mask 5.4121017e-05 117.52026379108429 161.88679039478302 225.0 225.0 
mask 5.3048134e-05 0.0 184.57847982645035 77.33275964856148 223.45374673604965 
mask 5.2899122e-05 2.219918556511402 158.90854597091675 47.39795923233032 225.0 
mask 5.185604e-05 86.36641949415207 114.77082520723343 205.7086542248726 172.88922518491745 
mask 5.105138e-05 170.9241047501564 0.0 225.0 162.66312897205353 
mask 5.0485134e-05 69.76434364914894 0.0 146.28330767154694 28.496985509991646 
nomask 5.0395727e-05 52.209144830703735 16.478369012475014 178.17852795124054 118.02974939346313 
mask 5.0246716e-05 0.0 87.20116317272186 146.41894698143005 190.84692299365997 
mask 5.0216913e-05 1.799830561503768 217.99354702234268 13.806870393455029 225.0 
nomask 4.9233437e-05 213.92895430326462 215.87165147066116 225.0 225.0 
mask 4.8428774e-05 63.992779701948166 221.55409902334213 125.74421167373657 224.4962140917778 
mask 4.774332e-05 140.5310958623886 62.8396712243557 225.0 207.85194039344788 
nomask 4.7296286e-05 97.44428470730782 21.187431178987026 115.85738807916641 36.745358258485794 
nomask 4.6938658e-05 0.0 31.479068845510483 94.50497925281525 217.0421004295349 
nomask 4.4882298e-05 117.52026379108429 161.88679039478302 225.0 225.0 
nomask 4.4107437e-05 58.585453033447266 181.77350610494614 147.4194511771202 225.0 
