mask 0.99842834 0.25093502 0.28054315 0.8267265 0.7578743 
mask 0.0086610615 0.46697053 0.0010767616 0.6767745 0.043050174 
mask 0.0055428743 0.4365341 0.0 0.7293313 0.06498266 
nomask 0.0054421425 0.95267916 0.004122665 1.0 0.050370812 
mask 0.0027033985 0.95267916 0.004122665 1.0 0.050370812 
nomask 0.0023283958 0.9644505 0.018976502 1.0 0.13415405 
mask 0.0020187497 0.9644505 0.018976502 1.0 0.13415405 
nomask 0.0017164946 0.25093502 0.28054315 0.8267265 0.7578743 
mask 0.0016013384 0.4483903 0.0 0.7497744 0.14954665 
mask 0.0011103153 0.51037365 0.004017949 0.8852586 0.6858175 
nomask 0.0010885596 0.117118604 0.3897108 0.20721021 0.55290866 
mask 0.001021862 0.40124595 0.0005892869 0.6662954 0.01623656 
mask 0.0008876622 0.24002399 0.28531185 0.49383003 0.7990415 
mask 0.00085526705 0.6570611 0.0 0.9576818 0.13862887 
mask 0.00072464347 0.94782394 0.016571045 0.9992396 0.40438807 
nomask 0.00060105324 0.06801566 0.33921188 0.20171633 0.62668395 
nomask 0.0005681515 0.438206 0.0 0.67413044 0.028718565 
mask 0.00056409836 0.36275083 0.0024416149 0.92746025 0.13352583 
nomask 0.00055378675 0.0 0.0 0.4720577 0.6308095 
mask 0.00055128336 0.117118604 0.3897108 0.20721021 0.55290866 
nomask 0.00052797794 0.4365341 0.0 0.7293313 0.06498266 
mask 0.0004556477 0.11644113 0.0 0.9090111 0.27236116 
nomask 0.00043225288 0.0 0.0066387355 0.7568517 0.40974268 
mask 0.00042939186 0.27244866 0.0031922534 0.71261173 0.051370446 
mask 0.00041472912 0.59956163 0.0 0.7791807 0.020399725 
mask 0.00039860606 0.0 0.3673197 0.77376485 0.8295232 
nomask 0.00038138032 0.83331305 0.80419886 1.0 1.0 
mask 0.00037148595 0.0 0.117452055 0.4116184 0.9313179 
mask 0.00036087632 0.0015624762 0.52027094 1.0 1.0 
nomask 0.00035712123 0.676091 0.0 1.0 0.64063156 
mask 0.00034343355 0.3126568 0.31266195 1.0 1.0 
nomask 0.00034343128 0.3126568 0.31266195 1.0 1.0 
nomask 0.00033831596 0.11644113 0.0 0.9090111 0.27236116 
nomask 0.00033441186 0.0015624762 0.52027094 1.0 1.0 
mask 0.00033065677 0.5215898 0.33852446 1.0 0.6622827 
mask 0.00032639503 0.42762464 0.0 0.96094567 0.34835267 
mask 0.00032293797 0.676091 0.0 1.0 0.64063156 
nomask 0.00031608343 0.03261192 0.3167689 0.22761409 0.76768374 
mask 0.00031356383 0.51819086 0.007674575 1.0 1.0 
mask 0.00030863285 0.20866144 0.23145208 0.75520927 0.488839 
mask 0.0003053248 0.83331305 0.80419886 1.0 1.0 
nomask 0.00029954314 0.6332432 0.90966463 1.0 1.0 
mask 0.0002964437 0.97174525 0.04960586 1.0 0.1929471 
nomask 0.0002963521 0.51819086 0.007674575 1.0 1.0 
nomask 0.0002951622 0.8599992 0.0 1.0 0.066302314 
mask 0.00029182434 0.6332432 0.90966463 1.0 1.0 
mask 0.00029036403 0.14744261 0.315573 0.6914369 0.5895678 
mask 0.00028929114 0.71562845 0.032048613 1.0 0.6331458 
nomask 0.00028836727 0.6571001 0.5997693 1.0 1.0 
mask 0.00028160214 0.87458616 0.0 0.9882527 0.38294578 
nomask 0.00028017163 0.8346213 0.0059413016 1.0 0.86463594 
nomask 0.00027680397 0.0 0.59704274 0.5859731 1.0 
nomask 0.0002718866 0.037792623 0.8232743 0.85380393 1.0 
nomask 0.00027042627 0.23857135 0.22830623 0.48609793 0.72851104 
nomask 0.00027033687 0.670956 0.4232013 1.0 0.9963479 
mask 0.00025486946 0.0 0.6256728 0.54724026 1.0 
mask 0.00024935603 0.10063478 0.001672931 0.8066659 0.10789146 
mask 0.00023931265 0.8346213 0.0059413016 1.0 0.86463594 
mask 0.00023290515 0.0 0.0066387355 0.7568517 0.40974268 
mask 0.00022110343 0.12615351 0.0035876632 0.4669966 0.67966914 
mask 0.00022107363 0.670956 0.4232013 1.0 0.9963479 
mask 0.00021460652 0.01950863 0.031143785 0.9882624 0.652764 
mask 0.00021094084 0.8681881 0.00963207 0.99185485 0.0452735 
mask 0.00020870566 0.8599992 0.0 1.0 0.066302314 
mask 0.00020822883 0.66020924 0.09614977 1.0 0.6464926 
mask 0.00020235777 0.0 0.84095085 0.9204434 1.0 
nomask 0.0001988411 0.66020924 0.09614977 1.0 0.6464926 
nomask 0.0001938045 0.32924294 0.0 0.6629548 0.46458945 
mask 0.00019305944 0.6593272 0.0031341882 0.8657151 0.016343959 
mask 0.00019192696 0.26353598 0.0 0.6282554 0.14228472 
mask 0.00018841028 0.0 0.0 0.41493934 0.15524909 
mask 0.00018444657 0.23971164 0.048155814 0.68235683 0.4737045 
mask 0.0001835525 0.53699136 0.5491838 1.0 0.90824074 
mask 0.00017902255 0.0 0.008977223 0.4735023 0.070598066 
mask 0.00017341971 0.11818236 0.3432846 0.4898495 1.0 
mask 0.00017255545 0.32123443 0.47983938 0.89018714 0.7489287 
mask 0.00017240644 0.67286843 0.009397753 1.0 0.08068553 
nomask 0.00016847253 0.40124595 0.0005892869 0.6662954 0.01623656 
mask 0.0001655221 0.5286981 0.0 1.0 0.25973168 
mask 0.00016260147 0.0 0.6886002 0.0861655 1.0 
nomask 0.00016131997 0.54345846 0.73840654 1.0 1.0 
mask 0.00015550852 0.5440692 0.0 0.88651156 0.4511364 
nomask 0.00015386939 0.736859 0.5520755 1.0 1.0 
mask 0.00014999509 0.24210691 0.8501944 0.5908867 0.99083084 
nomask 0.00014936924 0.71562845 0.032048613 1.0 0.6331458 
mask 0.00014910102 0.008050144 0.019164443 0.07582929 0.41472468 
mask 0.00014835596 0.0 0.84201634 0.1705966 1.0 
mask 0.00014799833 0.491458 0.23867701 0.7898901 0.72603303 
mask 0.00014618039 0.24788362 0.14654599 0.47326565 0.6424462 
mask 0.00014609098 0.8912352 0.015189312 0.9747843 0.11636489 
nomask 0.00014296174 0.04644677 0.0 0.5818002 0.32693654 
nomask 0.00014284253 0.09487228 0.37573174 0.18439998 0.5135163 
mask 0.00014221668 0.54344356 0.38249952 1.0 0.84905165 
nomask 0.00014182925 0.13203067 0.2230839 0.6677301 0.4711088 
mask 0.00014132261 0.16149896 0.40884203 0.7340019 0.68491715 
mask 0.00013539195 0.788062 0.0038085412 0.97148395 0.036461666 
mask 0.00012868643 0.33292872 0.14916238 0.56933814 0.6432587 
mask 0.00012752414 0.099619955 0.68023705 0.64907455 1.0 
mask 0.00012663007 0.5108532 0.3260124 0.8728095 0.9680126 
nomask 0.00012013316 0.5286981 0.0 1.0 0.25973168 
