mask 0.9995217 40.75447 29.623278 212.1569 171.36548 
mask 0.0024371743 1.158193 112.32643 37.703842 179.4845 
nomask 0.00096282363 0.88724196 99.85767 35.16576 176.75517 
mask 0.0006852448 134.36934 168.19617 233.44922 192.6608 
mask 0.00044360757 35.176266 26.175247 159.94742 126.11869 
mask 0.00036898255 0.0 162.22958 76.906296 190.48328 
nomask 0.00033339858 39.43606 30.795637 213.99939 172.6508 
mask 0.00025990605 33.937458 99.237625 219.22021 179.37521 
mask 0.00025764108 0.1168161 7.235848 247.29846 130.56142 
nomask 0.00024038553 175.32724 124.53487 261.0 193.0 
nomask 0.00023967028 134.36934 168.19617 233.44922 192.6608 
nomask 0.00023466349 2.3217065 104.11439 116.15837 193.0 
nomask 0.00022169948 155.9528 1.1300714 261.0 86.38868 
mask 0.00020939112 152.07857 132.6901 261.0 193.0 
mask 0.0002078712 139.14055 178.16048 244.93593 189.76723 
nomask 0.00019705296 211.45789 80.139854 224.07959 99.472534 
nomask 0.00019532442 235.03328 0.0 261.0 193.0 
mask 0.00019225261 81.60274 60.343525 261.0 193.0 
nomask 0.00019225133 81.60274 60.343525 261.0 193.0 
mask 0.00019031763 147.43872 75.306335 261.0 166.94998 
mask 0.0001848042 0.0 100.56259 261.0 193.0 
mask 0.00018292665 34.33697 16.915518 221.1916 93.91833 
mask 0.00018039346 0.0 178.95245 128.17905 190.2407 
mask 0.00017413497 2.3217065 104.11439 116.15837 193.0 
mask 0.00017404556 36.81686 137.25946 216.01978 193.0 
nomask 0.00017365813 182.72742 15.092039 261.0 124.88937 
nomask 0.00017175078 0.0 100.56259 261.0 193.0 
nomask 0.00016993284 2.2088885 169.43661 239.29616 193.0 
nomask 0.00015988946 47.725693 0.0 212.85928 55.064846 
nomask 0.00015696883 257.20517 97.81367 259.99707 136.2307 
mask 0.00015622377 155.9528 1.1300714 261.0 86.38868 
nomask 0.00015488267 162.70302 176.34872 261.0 193.0 
mask 0.00015467405 0.0 2.3946555 181.08572 84.75835 
nomask 0.00015258789 256.26212 140.44928 260.26703 169.24875 
mask 0.00015252658 134.99872 1.523308 261.0 193.0 
mask 0.00015240908 0.60730684 0.0 110.451385 145.80887 
nomask 0.00014782394 134.99872 1.523308 261.0 193.0 
nomask 0.00014767051 139.14055 178.16048 244.93593 189.76723 
mask 0.00014489889 122.07192 29.077951 220.76845 172.6346 
mask 0.00014445186 151.28474 152.7758 261.0 193.0 
mask 0.00014078617 162.70302 176.34872 261.0 193.0 
nomask 0.00013971329 234.32455 124.656296 261.0 193.0 
mask 0.0001308024 182.72742 15.092039 261.0 124.88937 
mask 0.00013029575 234.32455 124.656296 261.0 193.0 
mask 0.00013026595 0.0 152.8497 188.48236 193.0 
nomask 0.00012791157 185.82513 0.0 261.0 78.237625 
mask 0.00012737513 142.42946 107.6478 261.0 178.91487 
nomask 0.00012025237 228.02588 40.536514 255.8815 138.74896 
mask 0.00012001395 172.26357 81.4594 261.0 192.90228 
nomask 0.000116854906 0.0 177.6717 47.777973 193.0 
mask 0.000115543604 0.0 177.6717 47.777973 193.0 
nomask 0.00011524558 1.6502774 185.60196 20.62638 193.0 
nomask 0.00011360645 74.649025 0.0 186.01683 79.574196 
mask 0.00011190772 38.215214 66.021645 128.75597 188.73381 
mask 0.000110924244 18.39737 129.46889 137.24757 193.0 
mask 0.000108629465 44.435787 150.59215 261.0 193.0 
nomask 0.000108510256 4.615296 10.067777 69.041504 91.05911 
mask 0.000100046396 1.6502774 185.60196 20.62638 193.0 
mask 9.9778175e-05 85.04314 104.34343 172.50345 193.0 
nomask 9.974837e-05 204.37743 0.0 261.0 136.30153 
mask 9.852648e-05 39.8592 0.0 224.42159 51.51795 
mask 9.614229e-05 257.20517 97.81367 259.99707 136.2307 
nomask 9.4890594e-05 0.75964886 188.30722 53.229942 193.0 
nomask 9.456277e-05 10.760546 0.0 155.95639 70.91769 
nomask 9.146333e-05 219.2324 80.36038 233.63869 103.516945 
mask 9.0271235e-05 3.2455244 0.0 160.10011 53.407413 
mask 8.8363886e-05 256.26212 140.44928 260.26703 169.24875 
mask 8.717179e-05 144.87593 62.68505 261.0 127.57229 
nomask 8.663535e-05 142.53389 0.0 230.85153 91.70809 
nomask 8.639693e-05 0.0 152.8497 188.48236 193.0 
mask 8.5532665e-05 0.75964886 188.30722 53.229942 193.0 
nomask 8.5383654e-05 258.77505 101.99876 261.0 145.70097 
nomask 8.3476305e-05 0.0 0.0 173.11182 49.91332 
nomask 8.222461e-05 0.0 0.0 71.724236 75.57192 
mask 8.139014e-05 0.0 162.98877 41.487686 190.89235 
mask 7.56681e-05 235.03328 0.0 261.0 193.0 
mask 7.4893236e-05 2.2088885 169.43661 239.29616 193.0 
nomask 7.301569e-05 0.0 162.22958 76.906296 190.48328 
mask 7.301569e-05 0.0 140.44931 34.349754 174.34583 
nomask 7.238984e-05 146.10582 0.0 261.0 50.916306 
nomask 7.215142e-05 202.94339 60.16982 228.48727 126.46256 
nomask 7.176399e-05 0.0 40.952324 0.4776666 74.4771 
nomask 7.1525574e-05 254.11505 147.42189 260.78775 180.17494 
nomask 7.125735e-05 212.85107 45.07538 244.5862 108.3779 
nomask 7.098913e-05 0.0 0.0 106.68712 49.34186 
nomask 6.827712e-05 188.57526 4.0710373 261.0 120.03325 
nomask 6.7174435e-05 35.176266 26.175247 159.94742 126.11869 
nomask 6.642938e-05 181.7577 51.91991 221.36632 117.5722 
nomask 6.28531e-05 248.17514 157.33656 260.3101 188.12796 
nomask 6.2674284e-05 0.0 33.452938 1.1779569 66.99714 
nomask 6.189942e-05 34.33697 16.915518 221.1916 93.91833 
nomask 6.097555e-05 164.10645 14.152972 261.0 98.67843 
mask 6.03199e-05 188.89967 33.625916 261.0 164.16142 
mask 5.826354e-05 237.88591 144.17398 261.0 191.47736 
nomask 5.7965517e-05 218.91089 72.56363 233.02898 95.30242 
nomask 5.7965517e-05 38.109154 131.40266 50.54404 150.2149 
mask 5.7458878e-05 204.37743 0.0 261.0 136.30153 
nomask 5.6564808e-05 24.813734 14.450593 114.279396 85.30904 
nomask 5.567074e-05 0.0 178.95245 128.17905 190.2407 
mask 5.441904e-05 32.45097 0.0 120.01062 90.09102 
