mask 0.99989164 71.6007 39.65079 276.4075 167.0772 
nomask 0.027222842 195.79565 0.5249969 316.0 15.829466 
nomask 0.007437974 185.83798 0.0 308.09015 24.836233 
nomask 0.00593701 295.61365 145.14221 316.0 214.0 
mask 0.0031166375 209.79684 0.0 316.0 18.534464 
nomask 0.0029492676 299.7905 93.46517 315.29233 214.0 
mask 0.0029124916 298.66614 135.38013 315.21408 214.0 
mask 0.0029064715 121.27802 186.09164 245.7593 214.0 
nomask 0.0022854507 164.68813 1.4180483 316.0 11.738401 
mask 0.0013561249 115.00948 198.63437 269.6079 212.20723 
nomask 0.0011841953 116.96396 185.65443 233.2803 214.0 
nomask 0.001019001 115.00948 198.63437 269.6079 212.20723 
nomask 0.0010141134 275.96 87.53436 313.49606 208.31009 
nomask 0.0009997785 291.71356 176.09477 316.0 214.0 
mask 0.0009774864 192.19518 45.087715 270.17065 152.53397 
mask 0.00083214045 301.81003 87.1693 314.89246 204.59256 
nomask 0.00082603097 277.56998 138.31474 314.55167 214.0 
nomask 0.00078868866 9.075124 3.34684 67.09 59.73795 
mask 0.00074386597 154.83943 9.573867 276.20828 156.4342 
nomask 0.0007210076 295.29645 0.0 316.0 14.782519 
nomask 0.0006625056 262.30447 0.49351656 316.0 13.557188 
mask 0.0006376505 174.8227 1.7682245 316.0 12.742505 
mask 0.00058460236 275.96 87.53436 313.49606 208.31009 
mask 0.0005569458 16.797348 7.1987743 308.63937 141.86365 
nomask 0.00054600835 207.13705 0.0 316.0 29.504843 
mask 0.00053209066 169.28297 70.05415 316.0 140.59389 
nomask 0.00046673417 164.04636 0.0 316.0 53.261322 
nomask 0.00046500564 205.80318 0.0 316.0 70.861046 
nomask 0.00045791268 311.29095 128.17097 315.79526 196.69498 
nomask 0.00043657422 255.63202 0.0 316.0 19.530424 
nomask 0.00042378902 308.29935 152.86581 315.97318 214.0 
nomask 0.00041642785 47.82011 0.0 285.46945 54.57662 
mask 0.00040906668 144.17867 0.082411006 315.65738 27.63284 
mask 0.00040483475 311.52423 102.90825 316.0 149.07535 
mask 0.00039693713 146.4696 29.214687 316.0 214.0 
mask 0.0003937781 278.27347 133.9211 311.56464 214.0 
nomask 0.00038349628 277.8081 178.7037 316.0 214.0 
nomask 0.00037956238 146.4696 29.214687 316.0 214.0 
mask 0.00036770105 311.29095 128.17097 315.79526 196.69498 
nomask 0.00036421418 6.258187 0.0 122.1955 10.436749 
nomask 0.00034669042 302.75833 178.61086 316.0 214.0 
mask 0.00033670664 0.0 111.37745 316.0 214.0 
mask 0.00033313036 295.29645 0.0 316.0 14.782519 
nomask 0.00033149123 236.81454 0.0 316.0 97.33356 
mask 0.0003286898 0.0 75.680016 266.3907 179.66977 
mask 0.00032392144 72.59205 37.086647 153.25328 158.13264 
nomask 0.00032299757 197.40338 2.857473 316.0 56.70932 
nomask 0.00031533837 42.084473 99.17463 316.0 214.0 
nomask 0.0002927184 130.00784 0.0 298.85773 33.866547 
nomask 0.00028827786 243.64522 0.036970712 316.0 26.651392 
nomask 0.00028789043 172.68993 0.0 274.47464 98.52228 
nomask 0.00028690696 256.7272 135.3805 305.7505 207.75975 
mask 0.00027999282 113.7918 208.45792 225.71045 211.28091 
nomask 0.0002797246 311.6609 106.410164 316.0 163.84496 
mask 0.0002773404 308.29935 152.86581 315.97318 214.0 
nomask 0.0002719462 300.6139 199.72021 316.0 214.0 
mask 0.0002707243 6.258187 0.0 122.1955 10.436749 
mask 0.00027033687 262.30447 0.49351656 316.0 13.557188 
mask 0.0002566874 291.71356 176.09477 316.0 214.0 
nomask 0.0002477765 275.6846 0.0 316.0 58.358196 
nomask 0.00024721026 1.5394183 0.0 193.93889 58.04117 
nomask 0.00024479628 285.30798 138.93391 316.0 214.0 
mask 0.00023150444 207.13705 0.0 316.0 29.504843 
nomask 0.00023019314 71.49559 36.999847 270.4363 168.65472 
mask 0.00022938848 285.30798 138.93391 316.0 214.0 
nomask 0.00022131205 0.0 128.80579 182.88664 214.0 
mask 0.00022086501 0.0 83.514404 114.62216 214.0 
nomask 0.0002206862 198.50726 195.04483 316.0 214.0 
nomask 0.00021830201 127.09344 0.0 312.4856 75.48316 
nomask 0.00021830201 228.16391 0.0 313.90884 43.759663 
mask 0.00021719933 47.82011 0.0 285.46945 54.57662 
nomask 0.00021559 0.0 0.0 103.626434 70.29624 
nomask 0.00021398067 0.0 0.0 132.22621 165.52414 
nomask 0.00021085143 5.705161 0.0 95.9853 34.86584 
nomask 0.00020945072 24.20184 14.825049 52.990025 38.367306 
mask 0.00020897388 198.50726 195.04483 316.0 214.0 
nomask 0.00020757318 36.287937 0.0 142.47835 98.60454 
nomask 0.00020688772 90.96548 0.0 228.5655 86.117744 
mask 0.00020635128 164.04636 0.0 316.0 53.261322 
nomask 0.00020465255 0.0 33.564625 84.04724 183.04256 
mask 0.0002040267 10.092479 0.0 66.92217 50.57336 
nomask 0.00020390749 214.4076 17.888771 316.0 138.79547 
nomask 0.00019875169 27.200626 3.902657 54.02418 28.570644 
mask 0.00019726157 214.4076 17.888771 316.0 138.79547 
mask 0.00019493699 34.58384 82.078865 161.25336 209.27768 
mask 0.00019478798 38.562386 0.0 148.45386 150.00795 
mask 0.00019457936 57.702576 43.389355 241.77997 104.55073 
nomask 0.00018903613 310.65 94.41537 316.0 149.22646 
nomask 0.0001861453 214.60977 132.79507 316.0 214.0 
nomask 0.0001860261 0.0 189.45058 316.0 214.0 
nomask 0.00017982721 268.88867 0.0 316.0 75.74302 
nomask 0.00017514825 113.7918 208.45792 225.71045 211.28091 
mask 0.00017023087 0.0 74.55148 12.508609 162.88628 
nomask 0.00016987324 197.7129 14.270796 316.0 108.52603 
nomask 0.00016885996 303.16406 84.33458 314.04007 182.02434 
nomask 0.00016835332 248.50635 0.0 316.0 151.584 
mask 0.0001681149 0.0 21.106535 127.69071 198.46077 
mask 0.0001654625 166.61931 19.434084 316.0 96.88013 
mask 0.00016459823 0.21616419 1.8321018 5.7214336 34.1634 
mask 0.0001642108 0.0 2.402909 228.51698 91.76052 
