mask 0.99276656 137.72502726316452 150.89711380004883 339.81266045570374 426.5856285095215 
mask 0.0020005703 235.3701652288437 129.8480987548828 340.6384221315384 421.1843032836914 
mask 0.001793772 134.47112202644348 165.7562255859375 236.94171953201294 450.595458984375 
mask 0.0017281473 0.6109412312507629 477.7518424987793 54.45860177278519 576.0 
mask 0.0015542209 75.90808689594269 60.604963302612305 316.5835140943527 455.6949005126953 
nomask 0.0013967752 137.72502726316452 150.89711380004883 339.81266045570374 426.5856285095215 
nomask 0.0009939075 77.96381452679634 249.59232902526855 104.2987596988678 303.4930229187012 
mask 0.0008083284 123.19158381223679 129.96657943725586 323.62052941322327 292.8867874145508 
mask 0.0007700026 1.5967121720314026 430.20764923095703 61.02027451992035 564.6250991821289 
mask 0.00071924925 200.77253258228302 191.9959888458252 398.0 381.4944076538086 
mask 0.0005477965 0.0 94.4326229095459 223.11696648597717 555.6332702636719 
mask 0.00051549077 174.35843086242676 175.06250381469727 379.3465967178345 342.0531806945801 
mask 0.00051271915 136.58951896429062 280.08232498168945 368.0214042663574 432.8188591003418 
mask 0.0004773438 33.23378199338913 167.76222610473633 248.6345181465149 411.85962295532227 
mask 0.00047174096 139.67829084396362 230.32720184326172 379.04816579818726 520.2645034790039 
mask 0.000431031 4.227214373648167 501.16020584106445 47.16907072067261 565.373851776123 
mask 0.0004247427 287.1790301799774 19.7629451751709 398.0 352.5069122314453 
mask 0.0004197359 102.06249678134918 176.94590377807617 310.53955256938934 343.35080337524414 
nomask 0.0004041195 255.25745463371277 352.4224548339844 398.0 576.0 
nomask 0.00036728382 0.0 0.0 182.71052306890488 374.15100860595703 
nomask 0.00032514334 332.4140645265579 466.4211959838867 398.0 576.0 
mask 0.00031760335 130.66445535421371 102.99256038665771 244.13803243637085 333.148006439209 
nomask 0.00031211972 251.28025770187378 524.12255859375 398.0 576.0 
mask 0.0003068745 251.28025770187378 524.12255859375 398.0 576.0 
mask 0.00030252337 23.583384811878204 14.695123672485352 197.78617137670517 344.8309020996094 
mask 0.0002911985 361.43438386917114 377.3042221069336 398.0 576.0 
nomask 0.00029033422 0.0 356.3803482055664 239.18626165390015 576.0 
mask 0.0002771914 0.0 450.0204620361328 271.6476697921753 576.0 
mask 0.000274539 17.651512801647186 7.399103164672852 391.25413274765015 379.7091293334961 
mask 0.0002526641 3.950935959815979 297.4998092651367 398.0 576.0 
nomask 0.00024691224 0.0 5.482349395751953 292.90679252147675 245.6096649169922 
mask 0.00024199486 371.1327956914902 506.95920181274414 398.0 566.1687812805176 
mask 0.00024098158 331.71239602565765 3.2812042236328125 398.0 502.44921112060547 
mask 0.00023818016 235.85090470314026 289.8453598022461 398.0 546.5889129638672 
mask 0.00023716688 213.36154913902283 48.442256927490234 398.0 263.053035736084 
mask 0.00023463368 183.3716258406639 78.7060546875 398.0 576.0 
nomask 0.00022369623 123.19158381223679 129.96657943725586 323.62052941322327 292.8867874145508 
nomask 0.00022318959 183.3716258406639 78.7060546875 398.0 576.0 
nomask 0.00022035837 0.0 513.6876068115234 398.0 576.0 
nomask 0.00021514297 3.950935959815979 297.4998092651367 398.0 576.0 
nomask 0.00020757318 39.3460054397583 388.4460754394531 258.07784032821655 576.0 
mask 0.00020739436 0.0 213.85210418701172 297.7659738063812 481.09130859375 
mask 0.00019741058 262.60376584529877 55.23750686645508 398.0 372.93911361694336 
nomask 0.00019583106 124.43810224533081 180.09731483459473 398.0 576.0 
mask 0.00019583106 124.43810224533081 180.09731483459473 398.0 576.0 
nomask 0.00019147992 331.71239602565765 3.2812042236328125 398.0 502.44921112060547 
mask 0.00019076467 0.0 513.6876068115234 398.0 576.0 
mask 0.00018885732 0.0 0.0 306.59160566329956 143.30778408050537 
nomask 0.0001872778 132.363720536232 0.0 262.7054648399353 272.20368576049805 
nomask 0.00017774105 262.60376584529877 55.23750686645508 398.0 372.93911361694336 
mask 0.00017663836 39.3460054397583 388.4460754394531 258.07784032821655 576.0 
nomask 0.00017392635 138.9831342101097 94.70945262908936 230.7744951248169 360.43193435668945 
nomask 0.00017371774 371.1327956914902 506.95920181274414 398.0 566.1687812805176 
mask 0.00017136335 188.15825140476227 129.62482738494873 383.92879235744476 274.8999366760254 
mask 0.00016611814 124.79190182685852 29.703752517700195 398.0 280.39177894592285 
mask 0.0001617372 205.12362217903137 216.8796443939209 398.0 487.29878997802734 
mask 0.00016108155 0.0 22.1575870513916 280.3400752544403 268.3685131072998 
nomask 0.00015667081 33.97752261161804 0.0 365.21012806892395 143.19219589233398 
mask 0.00015306473 276.47091126441956 127.36393547058105 398.0 457.7549743652344 
mask 0.00015223026 41.55215245485306 0.0 181.90295666456223 269.06933784484863 
mask 0.00015154481 0.0 0.0 62.08769881725311 178.29720497131348 
mask 0.00014704466 0.0 353.6437568664551 204.14669978618622 576.0 
mask 0.00014340878 114.30760610103607 167.07116889953613 186.2707588672638 473.4521713256836 
nomask 0.0001347661 254.39295387268066 42.16732120513916 398.0 298.8695983886719 
mask 0.00013059378 255.25745463371277 352.4224548339844 398.0 576.0 
mask 0.00012266636 285.01040053367615 480.5343704223633 398.0 575.2763442993164 
mask 0.0001219511 58.57125502824783 237.4969139099121 268.981196641922 381.5123634338379 
mask 0.00012141466 292.64487075805664 196.44194984436035 398.0 576.0 
nomask 0.0001181066 94.58644640445709 243.20007133483887 120.34827017784119 305.75304794311523 
mask 0.00011703372 166.824520945549 99.85758590698242 278.1794401407242 366.9847297668457 
nomask 0.00011700392 276.4094933271408 0.0 398.0 337.93959045410156 
mask 0.000109016895 77.96381452679634 249.59232902526855 104.2987596988678 303.4930229187012 
nomask 0.00010845065 151.3891779780388 78.19256401062012 361.7680666446686 209.61246299743652 
mask 0.000108361244 6.587509676814079 549.0267791748047 59.57258802652359 575.3912887573242 
mask 0.000107854605 0.0 0.0 98.22405362129211 280.2996826171875 
nomask 0.00010320544 214.1221684217453 0.0 348.860644698143 267.79846000671387 
nomask 0.000100553036 41.55215245485306 0.0 181.90295666456223 269.06933784484863 
nomask 9.903312e-05 300.39956736564636 0.0 398.0 394.2282485961914 
mask 9.8884106e-05 276.4094933271408 0.0 398.0 337.93959045410156 
nomask 9.828806e-05 380.2120226621628 148.37896156311035 398.0 396.5100402832031 
mask 9.688735e-05 31.26814705133438 0.0 337.51369857788086 70.45905590057373 
nomask 9.685755e-05 353.5335557460785 214.64040756225586 384.97987174987793 279.4186134338379 
nomask 9.5158815e-05 344.54188907146454 154.03982162475586 391.75645983219147 375.03746795654297 
mask 9.384751e-05 132.363720536232 0.0 262.7054648399353 272.20368576049805 
mask 9.36985e-05 97.7943771481514 0.0 398.0 147.5602569580078 
nomask 9.2446804e-05 375.2402774095535 477.5651092529297 398.0 554.4453048706055 
nomask 9.146333e-05 392.99715435504913 208.24224472045898 398.0 301.9609794616699 
nomask 9.137392e-05 372.0077106952667 541.8562088012695 398.0 574.8698501586914 
mask 9.086728e-05 68.92173129320145 445.0961151123047 398.0 576.0 
mask 9.056926e-05 121.29505294561386 79.48701095581055 330.16693663597107 206.81934356689453 
nomask 8.794665e-05 214.82832050323486 0.0 398.0 147.19319343566895 
nomask 8.767843e-05 83.0387177169323 201.4614658355713 130.67048090696335 357.7973098754883 
nomask 8.72612e-05 246.44555819034576 88.31007957458496 338.00492346286774 374.14771270751953 
nomask 8.457899e-05 63.95700794458389 198.50339698791504 114.65045768022537 366.3336181640625 
nomask 8.201599e-05 0.6109412312507629 477.7518424987793 54.45860177278519 576.0 
nomask 8.162856e-05 300.0888718366623 0.0 398.0 254.78530883789062 
mask 8.147955e-05 0.0 525.2298774719238 56.20307046175003 576.0 
nomask 8.112192e-05 0.33897292613983154 348.90034103393555 261.9911758899689 576.0 
nomask 8.016825e-05 115.05560493469238 0.0 385.3554012775421 79.16954040527344 
mask 7.8856945e-05 375.2402774095535 477.5651092529297 398.0 554.4453048706055 
