mask 0.99827284 115.961426 45.246582 302.1178 244.76117 
nomask 0.008780628 115.54903 46.36031 304.77795 243.65617 
nomask 0.007890403 395.42526 319.06473 417.57254 360.65363 
nomask 0.0014484227 392.60004 340.79858 418.0 363.93958 
nomask 0.001163274 367.5135 318.95935 412.22418 361.0354 
nomask 0.0010274053 402.75027 305.06647 417.67685 354.19614 
nomask 0.0005931556 362.91754 346.36404 418.0 363.45453 
mask 0.000579983 395.42526 319.06473 417.57254 360.65363 
nomask 0.0004823804 356.77798 295.9465 418.0 365.0 
mask 0.00041556358 126.91537 43.896416 327.31085 144.32503 
mask 0.0003259778 0.0 52.248882 190.14381 334.28467 
mask 0.00029602647 45.51703 36.044765 260.38196 203.54893 
nomask 0.00027611852 407.67108 281.6392 416.25443 341.43045 
mask 0.00025844574 392.60004 340.79858 418.0 363.93958 
mask 0.00024279952 203.09082 38.29695 303.14563 232.37015 
nomask 0.00022789836 279.43097 231.6722 418.0 365.0 
mask 0.00022605062 119.1288 143.24683 330.6188 244.73576 
mask 0.00022163987 407.67108 281.6392 416.25443 341.43045 
nomask 0.00018849969 271.6511 72.49702 418.0 351.11765 
nomask 0.00018572807 0.0 306.11038 387.11255 365.0 
nomask 0.00018107891 347.92105 295.69238 418.0 365.0 
mask 0.00017881393 111.81734 30.40675 211.9821 229.54291 
nomask 0.00017386675 80.878296 103.454956 103.553535 138.72327 
mask 0.00016891956 346.52408 3.2140777 418.0 335.48813 
mask 0.00016435981 154.44832 38.100765 364.08475 203.58868 
mask 0.00015294552 337.52533 307.92273 418.0 365.0 
mask 0.00015282631 0.0 0.0 198.98325 231.39621 
mask 0.00015258789 136.31409 0.0 277.48236 189.85526 
nomask 0.00014975667 266.18896 331.29007 418.0 365.0 
nomask 0.00014689565 136.31409 0.0 277.48236 189.85526 
mask 0.00014686584 379.52914 240.24185 418.0 365.0 
mask 0.00014597178 233.9428 4.01522 418.0 163.6154 
mask 0.00014543533 0.0 3.3503933 287.37286 158.12523 
nomask 0.00014361739 271.26987 0.0 418.0 231.83983 
mask 0.00014036894 0.0 306.11038 387.11255 365.0 
nomask 0.00013628602 346.52408 3.2140777 418.0 335.48813 
mask 0.0001348257 194.12135 49.201855 418.0 365.0 
nomask 0.00013154745 306.48898 307.8662 418.0 363.20972 
nomask 0.00013062358 81.73899 91.40166 102.57505 121.036354 
nomask 0.00012949109 6.5402193 0.0 255.07184 103.09902 
mask 0.00012862682 408.64322 255.83514 415.08023 328.91608 
nomask 0.00012338161 194.12135 49.201855 418.0 365.0 
nomask 0.000120699406 95.00176 228.79108 397.53848 365.0 
mask 0.0001206398 71.29403 0.0 359.14786 99.689644 
mask 0.000119924545 22.519476 6.485155 408.85416 236.39967 
nomask 0.00011944771 0.0 233.56458 248.19005 365.0 
mask 0.000119268894 246.53134 289.9412 418.0 365.0 
mask 0.0001180172 0.0 189.98999 418.0 365.0 
nomask 0.00011703372 71.29403 0.0 359.14786 99.689644 
nomask 0.00011470914 372.9597 303.96567 405.66675 348.27713 
mask 0.000114291906 402.75027 305.06647 417.67685 354.19614 
nomask 0.00011321902 55.660454 169.08694 418.0 365.0 
mask 0.00011181831 0.0 1.6905345 5.2267504 66.72204 
mask 0.0001090765 3.317485 112.580414 294.77213 240.02698 
nomask 0.000108003616 93.724106 42.944675 292.2458 143.35886 
nomask 0.00010719895 280.0745 244.35092 326.64825 272.95413 
mask 0.000105917454 362.91754 346.36404 418.0 363.45453 
nomask 0.00010564923 0.0 0.0 100.59813 179.05357 
nomask 0.000104516745 0.0 0.0 169.74207 93.209885 
mask 0.00010228157 274.4527 35.95133 418.0 236.75812 
nomask 0.00010180473 361.79092 232.24635 418.0 365.0 
nomask 0.000101566315 0.0 3.3503933 287.37286 158.12523 
nomask 0.00010085106 26.259642 0.0 90.06271 145.05377 
mask 9.8347664e-05 125.43805 99.351944 292.01077 350.19913 
mask 9.518862e-05 6.5402193 0.0 255.07184 103.09902 
mask 9.340048e-05 0.0 0.0 13.465614 172.59709 
mask 8.940697e-05 411.10202 86.75297 416.75592 170.8708 
mask 8.687377e-05 245.22337 92.36438 418.0 332.1914 
nomask 8.586049e-05 274.4527 35.95133 418.0 236.75812 
mask 8.484721e-05 0.0 284.27994 283.00415 365.0 
nomask 8.371472e-05 40.43193 250.11429 273.49194 365.0 
nomask 8.305907e-05 411.0184 0.18646535 416.71582 77.59532 
nomask 8.240342e-05 62.66934 103.9684 87.55726 137.67055 
nomask 8.016825e-05 329.92035 272.63312 401.1307 365.0 
mask 7.984042e-05 279.0841 0.81525934 389.6506 62.960983 
nomask 7.864833e-05 361.45294 332.13425 418.0 365.0 
nomask 7.817149e-05 12.6827965 22.812462 113.38976 171.85594 
nomask 7.748604e-05 390.73636 301.01474 418.0 365.0 
mask 7.665157e-05 0.0 36.357605 176.6345 167.47725 
nomask 7.355213e-05 59.720997 18.80615 118.09078 150.24605 
nomask 7.238984e-05 0.0 0.0 198.98325 231.39621 
mask 7.137656e-05 232.67491 117.430565 418.0 239.52426 
nomask 7.066131e-05 0.0 0.0 13.465614 172.59709 
mask 6.890297e-05 226.63896 0.0 363.5372 172.92009 
mask 6.887317e-05 40.43193 250.11429 273.49194 365.0 
nomask 6.875396e-05 0.0 36.357605 176.6345 167.47725 
nomask 6.8604946e-05 406.60297 3.5349693 418.0 20.021433 
nomask 6.854534e-05 398.4865 247.37587 418.0 365.0 
mask 6.815791e-05 76.123375 29.887049 231.69527 143.84555 
nomask 6.7293644e-05 279.89032 264.47903 323.67957 295.68314 
mask 6.625056e-05 306.48898 307.8662 418.0 363.20972 
mask 6.452203e-05 318.08948 216.48329 418.0 365.0 
nomask 6.341934e-05 344.5972 353.16534 405.25937 365.0 
nomask 6.276369e-05 0.0 51.592815 111.66694 300.31506 
mask 6.252527e-05 0.0 0.0 169.74207 93.209885 
nomask 6.1661005e-05 168.01614 42.767742 368.38528 136.87306 
mask 6.0468912e-05 317.67014 0.0 418.0 264.63297 
mask 5.966425e-05 1.8076688 2.3620455 17.072975 13.443774 
nomask 5.9127808e-05 412.39352 67.59473 418.0 153.13109 
nomask 5.8859587e-05 56.59704 0.0 194.93901 172.80194 
