mask 0.9998866 62.106216 86.75156 117.17701 234.0754 
nomask 0.18633246 62.208508 89.19185 117.33436 226.70871 
nomask 0.0010196865 30.6425 265.97223 56.72074 275.6378 
mask 0.00036919117 63.975224 121.901634 119.65574 276.0 
nomask 0.0003181994 0.0 170.09715 89.11617 276.0 
nomask 0.00026845932 176.63376 225.45598 180.66367 276.0 
mask 0.00025951862 45.267303 168.96916 125.65653 239.08545 
nomask 0.00023889542 82.21112 267.06323 111.77005 276.0 
mask 0.00023010373 24.300896 36.105278 129.039 256.77536 
mask 0.00022783875 79.67116 115.37188 115.63319 200.3777 
nomask 0.00022256374 34.871864 268.53174 68.80043 275.41074 
nomask 0.00020837784 72.3935 268.46265 103.618866 276.0 
mask 0.00019827485 0.0 170.09715 89.11617 276.0 
nomask 0.00019729137 91.67021 268.373 124.12863 276.0 
nomask 0.00017213821 78.22973 65.1788 96.96523 86.70241 
nomask 0.00016334653 172.3589 263.0613 182.0 276.0 
nomask 0.00015798211 153.05002 225.0623 182.0 276.0 
nomask 0.0001577735 53.11978 0.0 130.61624 109.139404 
nomask 0.00014558434 115.687164 250.45543 182.0 276.0 
nomask 0.0001449585 18.51668 188.04684 119.29135 276.0 
nomask 0.00014325976 119.06333 0.0 182.0 181.03554 
nomask 0.00014048815 118.50396 170.7053 182.0 276.0 
mask 0.00013849139 115.687164 250.45543 182.0 276.0 
mask 0.0001309514 153.05002 225.0623 182.0 276.0 
mask 0.00012615323 30.6425 265.97223 56.72074 275.6378 
nomask 0.00012382865 179.73763 207.24185 181.73439 276.0 
nomask 0.00011885166 0.0 0.0 115.15727 136.8075 
nomask 0.000118047 22.867556 0.0 164.78717 71.89111 
mask 0.00011622906 68.91738 5.3955727 135.47778 88.35988 
mask 0.00011482835 58.49032 85.996506 139.87018 161.54741 
mask 0.0001142323 18.51668 188.04684 119.29135 276.0 
mask 0.00011381507 129.09225 0.0 182.0 37.583576 
mask 0.00010788441 0.715929 0.0 31.242077 8.350203 
mask 0.00010326505 4.1297965 0.0 122.878044 32.24228 
nomask 0.0001026392 160.13383 0.0 182.0 276.0 
nomask 9.903312e-05 0.0 61.403954 47.320084 276.0 
mask 9.778142e-05 121.00798 26.958225 182.0 178.11607 
nomask 9.736419e-05 19.746012 236.62111 72.01784 273.93265 
nomask 9.658933e-05 0.0 243.99689 182.0 276.0 
nomask 9.405613e-05 121.00798 26.958225 182.0 178.11607 
mask 9.3489885e-05 72.3935 268.46265 103.618866 276.0 
mask 9.3221664e-05 24.752342 126.93844 182.0 276.0 
mask 9.3102455e-05 82.21112 267.06323 111.77005 276.0 
mask 9.0777874e-05 2.571784 3.9653616 179.94763 182.37517 
nomask 9.021163e-05 45.642586 270.55347 83.245636 276.0 
nomask 8.994341e-05 32.349815 249.55763 50.758232 274.3769 
nomask 8.955598e-05 71.15949 65.68943 86.19081 86.349075 
mask 8.9108944e-05 101.99596 269.9053 131.83228 276.0 
mask 8.869171e-05 91.67021 268.373 124.12863 276.0 
nomask 8.8363886e-05 129.05759 53.660706 182.0 275.41516 
mask 8.7658336e-05 56.904236 86.29587 182.0 276.0 
nomask 8.76575e-05 56.904236 86.29587 182.0 276.0 
mask 8.356571e-05 111.0077 183.91963 182.0 276.0 
nomask 8.201599e-05 101.99596 269.9053 131.83228 276.0 
nomask 8.139014e-05 4.1297965 0.0 122.878044 32.24228 
mask 8.031726e-05 0.0 48.07457 87.19361 266.93573 
mask 8.001022e-05 93.518135 2.7248912 182.0 276.0 
nomask 7.942319e-05 68.91738 5.3955727 135.47778 88.35988 
nomask 7.83205e-05 71.55455 20.994114 177.83281 143.17953 
nomask 7.772446e-05 31.048166 257.13107 98.59107 276.0 
mask 7.763505e-05 0.0 243.99689 182.0 276.0 
nomask 7.69794e-05 87.1922 245.73868 104.2901 268.1792 
mask 7.638335e-05 22.867556 0.0 164.78717 71.89111 
nomask 7.56681e-05 24.752342 126.93844 182.0 276.0 
nomask 7.304549e-05 85.19534 65.28719 102.428055 88.91257 
mask 7.259846e-05 83.04004 56.46227 160.17761 135.94865 
mask 7.143617e-05 15.531548 132.45064 112.31652 255.0456 
nomask 7.098913e-05 97.82451 1.733561 182.0 121.4871 
nomask 7.0393085e-05 71.417175 256.46912 127.85278 276.0 
nomask 6.8575144e-05 0.0 160.22061 73.75566 276.0 
nomask 6.839633e-05 110.92083 36.68048 182.0 250.84254 
nomask 6.726384e-05 167.32712 238.09337 182.0 276.0 
mask 6.517768e-05 62.176178 138.40845 104.249344 239.4518 
mask 6.502867e-05 2.9277112 0.0 84.70974 67.895744 
mask 6.496906e-05 95.670456 0.0 182.0 69.60409 
nomask 6.425413e-05 93.518135 2.7248912 182.0 276.0 
mask 6.3210726e-05 71.55455 20.994114 177.83281 143.17953 
mask 6.106496e-05 14.72854 7.3969994 93.47599 169.00758 
mask 6.0915947e-05 69.922585 77.92153 158.71764 202.84125 
nomask 5.826354e-05 0.0 202.91284 81.53974 276.0 
mask 5.7935715e-05 176.63376 225.45598 180.66367 276.0 
nomask 5.7429075e-05 79.67116 115.37188 115.63319 200.3777 
nomask 5.6803226e-05 77.848015 0.0 180.35541 100.01083 
mask 5.671382e-05 60.828804 0.0 119.14933 128.48303 
nomask 5.6117773e-05 6.7588854 0.0 102.189545 92.226685 
nomask 5.5789948e-05 25.38703 73.61916 54.895775 181.4324 
mask 5.5789948e-05 54.43077 270.33658 88.639114 276.0 
mask 5.4836273e-05 63.42061 257.06934 118.66408 276.0 
nomask 5.465746e-05 153.6082 231.18808 182.0 274.76285 
mask 5.4121017e-05 160.13383 0.0 182.0 276.0 
nomask 5.3793192e-05 9.207726 0.0 78.27804 62.809982 
nomask 5.352497e-05 78.97849 73.0268 97.44446 106.26636 
mask 5.349517e-05 110.92083 36.68048 182.0 250.84254 
nomask 5.272031e-05 0.0 213.95723 122.96174 276.0 
nomask 5.2541494e-05 96.62379 0.0 162.43126 127.06319 
nomask 5.248189e-05 169.66693 197.181 180.72571 276.0 
nomask 5.2124262e-05 20.647823 0.0 83.463974 126.019394 
mask 5.1885843e-05 73.35657 237.03581 122.951355 272.65042 
nomask 5.1677227e-05 73.35657 237.03581 122.951355 272.65042 
nomask 5.13494e-05 79.22888 57.174545 94.56631 78.65166 
