mask 0.99961954 500.00372 322.4702 1210.2147 948.1167 
mask 0.0074754953 1763.4528 0.0 1874.0 253.21527 
mask 0.005917102 1706.5948 23.52693 1871.5702 365.60178 
mask 0.005877495 1598.5732 4.369317 1855.7477 335.78833 
mask 0.0031809807 1768.0648 520.41986 1870.3682 988.45557 
nomask 0.0027037263 1763.4528 0.0 1874.0 253.21527 
nomask 0.0022513866 1768.0648 520.41986 1870.3682 988.45557 
nomask 0.0017380416 504.13492 331.9446 1207.3107 937.7959 
nomask 0.0014973581 1814.165 563.39453 1870.7375 841.3194 
nomask 0.0014624 1706.5948 23.52693 1871.5702 365.60178 
nomask 0.0012841225 1598.5732 4.369317 1855.7477 335.78833 
mask 0.0012515485 1736.2573 15.098289 1874.0 109.44408 
nomask 0.0012338758 1736.2573 15.098289 1874.0 109.44408 
mask 0.0012229085 1668.5314 490.22708 1860.8192 999.38446 
nomask 0.0011274517 1668.5314 490.22708 1860.8192 999.38446 
mask 0.00086063147 1675.3003 0.0 1858.5697 213.20848 
mask 0.0008381009 1341.9788 0.0 1805.2711 264.78073 
nomask 0.0008124411 1531.7355 515.55597 1778.3307 958.0835 
mask 0.00078222156 1806.4457 607.4402 1872.1979 875.36816 
nomask 0.0007349849 1828.3575 519.49677 1867.0239 786.6519 
mask 0.0006764829 1631.7533 12.583958 1874.0 82.47289 
mask 0.00067281723 536.2053 314.70557 1415.3889 712.31903 
mask 0.0006336272 0.0 0.0 1069.4775 367.29208 
nomask 0.00044104457 1341.9788 0.0 1805.2711 264.78073 
mask 0.00042581558 1141.9208 0.0 1870.0374 364.36386 
mask 0.00040256977 0.0 234.79826 827.3547 1296.8958 
nomask 0.00038957596 1631.7533 12.583958 1874.0 82.47289 
nomask 0.00037249923 1564.7212 202.37727 1874.0 817.52875 
nomask 0.00033774972 808.06635 340.62323 1291.485 601.3593 
nomask 0.0003283918 0.0 0.0 1268.7343 378.6544 
mask 0.00030136108 241.76529 643.4722 1874.0 1406.0 
nomask 0.00030091405 1615.8499 0.0 1874.0 120.409355 
nomask 0.00029087067 1578.9672 1147.3558 1874.0 1406.0 
mask 0.00028681755 226.96666 133.86403 1583.9506 1147.1666 
mask 0.00028440356 884.40546 456.2173 1365.5703 727.46173 
mask 0.0002835989 1663.2183 22.353369 1874.0 730.13324 
mask 0.00028195977 1615.8499 0.0 1874.0 120.409355 
nomask 0.00026926398 1268.0315 912.85394 1874.0 1406.0 
mask 0.0002644658 861.16223 181.64244 1874.0 1406.0 
nomask 0.00026008487 1649.9882 0.0 1874.0 1400.9309 
nomask 0.0002593696 884.40546 456.2173 1365.5703 727.46173 
nomask 0.00025826693 1675.3003 0.0 1858.5697 213.20848 
nomask 0.0002578497 1206.8533 1269.6511 1874.0 1406.0 
nomask 0.00025728345 1695.0037 588.5952 1817.6464 771.23895 
nomask 0.0002564788 861.16223 181.64244 1874.0 1406.0 
nomask 0.00025123358 85.2263 1154.5234 1569.3834 1406.0 
mask 0.00024357438 1697.5726 941.488 1874.0 1406.0 
mask 0.00024312735 1206.8533 1269.6511 1874.0 1406.0 
nomask 0.00024169683 9.6718025 721.7609 1874.0 1406.0 
mask 0.00024053552 585.9264 439.61377 1874.0 1406.0 
nomask 0.0002405339 585.9264 439.61377 1874.0 1406.0 
mask 0.0002374351 1564.7212 202.37727 1874.0 817.52875 
mask 0.00023180246 1828.3575 519.49677 1867.0239 786.6519 
mask 0.00022947788 1618.874 0.0 1874.0 403.5692 
nomask 0.00022876263 987.60486 321.74033 1301.0153 679.4992 
mask 0.00021797419 1356.8964 0.0 1874.0 103.10229 
mask 0.00021073222 1325.6567 0.0 1874.0 208.58463 
mask 0.00019869208 1.6570003 1164.9711 1689.1241 1406.0 
nomask 0.00019291043 1682.9745 648.59314 1813.5276 848.0086 
nomask 0.00019222498 1250.0187 0.0 1874.0 860.8027 
mask 0.00018593669 1268.0315 912.85394 1874.0 1406.0 
nomask 0.00018340349 1356.8964 0.0 1874.0 103.10229 
mask 0.00018274784 0.0 0.0 963.8549 789.8484 
mask 0.00018072128 983.23315 491.26685 1321.5955 823.9793 
nomask 0.00017383695 1663.2183 22.353369 1874.0 730.13324 
nomask 0.00017359853 1005.7587 0.0 1874.0 348.85458 
mask 0.0001719594 772.72284 0.0 1874.0 193.47797 
mask 0.00016883016 1718.8718 0.0 1874.0 240.10057 
mask 0.00016453862 1249.3035 133.23064 1874.0 909.7267 
nomask 0.00016397238 1249.3035 133.23064 1874.0 909.7267 
nomask 0.00016108155 617.68274 0.0 1224.5896 695.1269 
mask 0.0001578629 621.3956 455.30063 1871.1826 927.7203 
nomask 0.00015756488 415.1157 908.51337 1779.7009 1406.0 
mask 0.00015687943 479.11053 534.3867 1362.1819 1293.3485 
nomask 0.00015375018 626.6141 0.0 1871.8206 378.5464 
mask 0.00015050173 1815.2178 687.62506 1862.5745 948.29626 
mask 0.0001500845 1649.9882 0.0 1874.0 1400.9309 
nomask 0.00014728308 0.0 909.2926 1074.648 1406.0 
nomask 0.00014305115 1070.4124 368.00983 1266.8456 571.6684 
nomask 0.00013893843 1718.8718 0.0 1874.0 240.10057 
nomask 0.00013464689 1430.7394 0.0 1874.0 629.66034 
mask 0.00013330579 318.47464 94.47074 1541.4492 680.4454 
mask 0.00013270974 1430.7394 0.0 1874.0 629.66034 
mask 0.0001322627 796.1546 390.13467 1310.2864 660.54364 
mask 0.00013145804 379.5148 189.08672 1340.6753 522.5559 
mask 0.0001296401 1531.7355 515.55597 1778.3307 958.0835 
nomask 0.00012928247 1805.386 1202.4072 1865.6499 1389.6614 
mask 0.00012904406 1629.6643 473.797 1874.0 1256.6741 
mask 0.00012877584 1497.6111 0.0 1874.0 285.22467 
mask 0.00012755394 179.06444 968.25543 1228.5355 1406.0 
mask 0.00012651086 0.0 928.5697 998.6921 1406.0 
mask 0.00012484193 10.538224 0.0 29.287962 295.3864 
nomask 0.00012457371 1428.5068 543.2092 1680.0232 958.88293 
mask 0.0001232326 769.7941 338.90988 1171.2789 778.66516 
mask 0.00011831522 974.9254 20.277834 1692.7926 955.8305 
mask 0.0001180768 1826.4669 763.7667 1862.5157 1001.57135 
nomask 0.00011757016 1455.904 46.64425 1874.0 965.59973 
mask 0.000115931034 5.929039 4.598254 53.636536 97.97859 
mask 0.00011506677 1473.7686 0.727797 1874.0 419.99173 
nomask 0.00011458993 801.4491 287.79694 1167.3605 712.1308 
