mask 0.9980757 101.08884 110.885475 207.16301 388.94952 
nomask 0.0028158128 232.96413 443.5098 281.0538 623.16235 
nomask 0.0027884543 279.24545 476.17084 307.92908 547.6987 
nomask 0.0024226606 244.79787 494.82874 272.63144 582.7787 
nomask 0.0021638572 249.85928 453.56894 303.48868 615.57495 
nomask 0.0017200708 258.83804 498.635 291.8357 586.40045 
nomask 0.0017180443 260.75378 472.4543 294.33792 550.81384 
mask 0.00091308355 37.418636 278.2934 197.46461 658.0 
nomask 0.0007290244 280.48996 499.1475 310.29504 579.38043 
nomask 0.00062176585 266.862 448.36902 325.0948 626.32275 
nomask 0.0005980432 216.8594 424.1505 263.96783 626.49225 
nomask 0.00053599477 226.49965 499.34705 256.1133 583.1236 
nomask 0.00039097667 119.335106 92.71871 198.99367 310.72284 
nomask 0.00032380223 0.0 7.2961974 88.595856 313.82443 
mask 0.0002708137 0.0 93.13879 173.32959 596.06525 
nomask 0.00027057528 294.15482 396.673 382.0 658.0 
mask 0.00025001168 175.40714 84.59688 382.0 658.0 
nomask 0.00024440885 303.53497 562.43854 382.0 658.0 
nomask 0.00024408102 175.40714 84.59688 382.0 658.0 
mask 0.00023967028 49.209137 301.07288 382.0 658.0 
mask 0.00023838878 67.18383 487.21518 200.93178 658.0 
nomask 0.0002360642 170.6746 557.20734 287.98398 644.82434 
mask 0.00023582578 49.001873 56.21737 317.14667 525.7444 
nomask 0.00023409724 67.68957 479.3428 365.04868 658.0 
nomask 0.00023162365 338.55032 0.0 382.0 657.4936 
nomask 0.00022101402 345.3773 438.21362 382.0 658.0 
mask 0.00021734834 55.990353 84.446556 220.82458 254.79913 
mask 0.00021702051 303.53497 562.43854 382.0 658.0 
mask 0.00021257997 345.3773 438.21362 382.0 658.0 
nomask 0.00019392371 0.0 427.58728 224.05605 658.0 
nomask 0.00019359589 226.8998 524.4635 382.0 658.0 
mask 0.00019306087 119.436615 205.73738 382.0 658.0 
nomask 0.00019305923 119.436615 205.73738 382.0 658.0 
nomask 0.00019261241 0.0 580.7156 382.0 658.0 
nomask 0.00018876791 1.8879578 337.67728 382.0 658.0 
nomask 0.00018629432 68.17155 478.2271 314.67484 658.0 
nomask 0.00017663836 0.0 151.86432 100.94215 658.0 
nomask 0.00017344952 295.60538 0.0 382.0 481.52258 
nomask 0.00016859174 20.523293 245.44722 227.6218 658.0 
mask 0.00016388297 0.0 580.7156 382.0 658.0 
mask 0.00016331673 26.804 205.33395 191.90607 378.57797 
mask 0.00016209483 294.15482 396.673 382.0 658.0 
mask 0.00015744567 9.479299 85.78304 105.62518 369.10217 
nomask 0.00015726686 37.00203 453.2943 250.2712 658.0 
mask 0.00015422702 226.8998 524.4635 382.0 658.0 
mask 0.00014737248 0.0 0.0 187.80289 372.80264 
nomask 0.00014716387 133.49081 0.0 382.0 184.48828 
nomask 0.00014278293 237.68222 177.43156 382.0 604.13586 
nomask 0.00014063716 254.887 62.03387 382.0 426.1289 
nomask 0.00013890862 39.787086 356.32568 182.78383 658.0 
nomask 0.00013682246 298.47992 480.20993 327.38245 545.4909 
mask 0.00013679266 0.0 216.03203 165.06071 432.21045 
nomask 0.00013366342 125.19002 0.0 361.41907 85.46797 
nomask 0.00013247132 277.7861 458.47064 309.02454 521.5765 
mask 0.00013244152 123.40404 73.9648 321.7918 233.5403 
mask 0.00013196468 254.887 62.03387 382.0 426.1289 
nomask 0.00012755394 130.84453 602.95416 265.65585 651.7739 
nomask 0.00012484193 261.66437 453.81628 297.26657 521.42664 
mask 0.00012242794 37.00203 453.2943 250.2712 658.0 
mask 0.00011885166 57.985928 489.63925 346.01456 658.0 
mask 0.00011867285 48.953968 268.7435 225.6302 420.30963 
nomask 0.000116705894 114.82411 544.0914 297.51248 658.0 
mask 0.000116199255 84.53136 435.8287 181.58177 658.0 
mask 0.00011533499 338.55032 0.0 382.0 657.4936 
nomask 0.000113874674 0.0 37.22487 113.62103 290.75848 
nomask 0.000109016895 109.229294 47.266712 180.42226 260.57742 
mask 0.00010380149 0.0 431.86356 208.29126 658.0 
mask 0.00010120869 137.12932 9.864775 352.2746 168.52629 
nomask 0.00010102987 281.19733 489.24048 382.0 658.0 
mask 9.956956e-05 30.590334 557.228 245.47122 658.0 
nomask 9.551644e-05 0.0 0.0 80.468414 145.47697 
nomask 9.384751e-05 0.0 490.06885 185.719 658.0 
mask 9.319186e-05 100.79187 0.0 239.64658 282.274 
nomask 9.196997e-05 226.5503 0.0 382.0 264.26044 
mask 9.089708e-05 128.8188 8.580716 207.76785 330.09045 
mask 9.036064e-05 67.68957 479.3428 365.04868 658.0 
nomask 8.967519e-05 58.01883 430.39972 193.69714 658.0 
mask 8.869171e-05 99.6737 0.0 176.12474 339.56247 
mask 8.842349e-05 125.19002 0.0 361.41907 85.46797 
nomask 8.8363886e-05 0.0 216.03203 165.06071 432.21045 
mask 8.800626e-05 14.295694 135.4238 189.70894 315.1892 
nomask 8.490682e-05 248.89462 456.02975 334.30966 557.61115 
mask 8.481741e-05 114.82411 544.0914 297.51248 658.0 
nomask 8.460879e-05 84.88056 58.602848 176.39851 179.86963 
nomask 8.368492e-05 263.2233 529.5601 290.12317 618.1726 
nomask 8.314848e-05 0.0 73.64764 62.8273 388.63263 
nomask 8.2969666e-05 286.29617 452.4092 350.85764 641.0874 
mask 7.945299e-05 23.378328 0.0 212.8394 263.56308 
nomask 7.915497e-05 217.57686 449.4236 382.0 658.0 
nomask 7.6144934e-05 300.01556 503.94107 330.75854 581.21515 
nomask 7.2568655e-05 0.0 356.5998 177.05748 612.9238 
mask 7.030368e-05 295.60538 0.0 382.0 481.52258 
nomask 6.9499016e-05 286.5809 0.0 382.0 312.46658 
mask 6.8455935e-05 279.24545 476.17084 307.92908 547.6987 
nomask 6.842613e-05 133.40852 387.5673 323.8295 658.0 
mask 6.8068504e-05 0.69678754 0.0 185.47955 90.61993 
mask 6.80089e-05 0.0 0.0 248.72443 175.61217 
mask 6.771088e-05 237.68222 177.43156 382.0 604.13586 
mask 6.708503e-05 33.01473 0.0 145.63066 226.06102 
mask 6.380677e-05 0.0 71.786964 154.04915 303.32068 
