mask 0.9972174 76.42956 52.448154 394.2143 215.64069 
nomask 0.0035645664 315.19623 253.1322 461.0 280.0 
mask 0.0028948784 306.28766 240.14859 456.65955 280.0 
mask 0.0019358993 235.43056 2.730528 396.17282 204.0438 
mask 0.001807034 245.14998 177.83617 456.98172 272.88968 
mask 0.001537919 295.69943 125.98391 461.0 275.08148 
nomask 0.0012444556 76.42956 52.448154 394.2143 215.64069 
nomask 0.0012262762 2.8419142 87.06442 16.676262 128.81902 
mask 0.0009613633 61.933846 7.0364676 223.72452 188.7138 
nomask 0.0007533729 295.69943 125.98391 461.0 275.08148 
mask 0.00074350834 221.57872 205.31047 461.0 280.0 
nomask 0.0007368028 221.57872 205.31047 461.0 280.0 
nomask 0.0006864369 3.8630047 94.15566 53.00957 173.83305 
mask 0.00066944957 297.04135 234.82939 461.0 280.0 
nomask 0.00058597326 0.60937387 116.22106 20.382242 161.05548 
nomask 0.0005595088 297.04135 234.82939 461.0 280.0 
mask 0.0005350411 367.21548 203.65239 461.0 275.96152 
nomask 0.00052556396 271.1934 184.31308 456.5874 273.87338 
mask 0.00052052736 80.5182 50.61825 268.56854 164.92667 
nomask 0.0005031526 0.0 76.06393 9.786151 119.582695 
mask 0.0005031526 248.66785 93.015884 461.0 184.9609 
mask 0.00047558546 2.8419142 87.06442 16.676262 128.81902 
mask 0.0004721582 397.91138 196.93088 461.0 280.0 
mask 0.000469774 235.48505 154.82065 461.0 257.43588 
nomask 0.00046220422 335.03815 155.76662 461.0 280.0 
nomask 0.0004582107 333.5106 209.79382 461.0 280.0 
mask 0.00045621395 323.24286 65.580765 461.0 229.50221 
mask 0.0004555285 53.463875 85.61037 219.50577 279.87827 
nomask 0.00041127205 2.382473 102.79957 18.582203 141.12018 
mask 0.00039479136 333.5106 209.79382 461.0 280.0 
mask 0.00039467216 1.766592 239.4231 178.86078 280.0 
nomask 0.00038945675 367.21548 203.65239 461.0 275.96152 
mask 0.00038039684 1.0738438 0.0 191.51733 217.4191 
nomask 0.00037783384 397.91138 196.93088 461.0 280.0 
mask 0.00036099553 335.03815 155.76662 461.0 280.0 
mask 0.00034937263 67.02389 54.374836 172.58037 199.3892 
mask 0.00032654405 51.59163 20.5855 400.73727 142.1234 
mask 0.00030192733 0.0 150.48816 203.76471 280.0 
mask 0.00028946996 331.91727 8.756267 461.0 166.1254 
nomask 0.00027805567 395.03906 104.78149 451.14056 196.193 
mask 0.0002706647 314.6603 0.0 461.0 172.66035 
mask 0.0002681017 2.6561909 86.31099 332.65228 235.18773 
mask 0.00026714802 3.8630047 94.15566 53.00957 173.83305 
nomask 0.00025883317 405.22073 117.33418 445.77213 152.52168 
mask 0.0002578795 0.47059497 108.95948 27.941442 257.37207 
mask 0.00025260448 281.558 62.57219 392.55194 198.55055 
mask 0.00024852157 184.44464 233.29752 461.0 280.0 
nomask 0.00024682283 3.7481158 124.70773 26.219145 174.1239 
mask 0.00024417043 109.866875 256.51318 287.2596 279.1901 
nomask 0.00024399161 0.0 87.50205 30.955517 172.98462 
nomask 0.00024184585 235.48505 154.82065 461.0 257.43588 
mask 0.00024041533 87.49927 134.92943 414.38644 206.88734 
mask 0.0002387166 213.85384 38.00364 461.0 280.0 
mask 0.00023591518 224.13177 117.7372 432.81882 266.22083 
nomask 0.0002321136 144.13333 87.545235 461.0 280.0 
nomask 0.00023058057 314.6603 0.0 461.0 172.66035 
mask 0.00022479892 0.0 145.87871 461.0 280.0 
nomask 0.0002156496 0.0 150.48816 203.76471 280.0 
nomask 0.00020828843 0.0 145.87871 461.0 280.0 
nomask 0.00020378828 1.0738438 0.0 191.51733 217.4191 
nomask 0.00019559264 402.96896 128.32234 444.82684 167.91841 
nomask 0.00019487739 312.10217 175.34157 461.0 280.0 
mask 0.00018790364 195.34998 84.65029 419.09827 215.31961 
nomask 0.00018236041 309.88376 218.00826 460.49582 280.0 
mask 0.00018185377 246.6316 24.099638 461.0 128.0189 
mask 0.00018164515 0.0 76.06393 9.786151 119.582695 
nomask 0.00017467141 376.0692 239.3771 461.0 280.0 
nomask 0.00017341971 415.26318 181.56471 461.0 280.0 
nomask 0.00016835332 320.393 21.416378 461.0 181.89589 
mask 0.00016629696 251.89447 107.032455 461.0 236.53932 
mask 0.00016593933 265.8094 223.50772 461.0 280.0 
mask 0.00016388297 122.15197 273.8011 218.6632 280.0 
mask 0.00016209483 44.004402 260.94223 216.32706 278.6319 
mask 0.00016090274 415.26318 181.56471 461.0 280.0 
mask 0.00015968084 309.44846 178.62683 461.0 248.14601 
nomask 0.00015878677 452.53995 115.37367 458.01852 169.22043 
mask 0.00015828013 0.60937387 116.22106 20.382242 161.05548 
mask 0.0001553297 55.35773 199.56471 436.29617 277.9007 
nomask 0.00015497208 407.10834 0.0 461.0 280.0 
mask 0.00015425682 49.668327 0.0 423.0335 69.751724 
nomask 0.00015347954 238.45421 2.185831 461.0 280.0 
nomask 0.00015234947 290.08432 255.0819 461.0 280.0 
mask 0.00015127659 298.43414 256.1502 461.0 278.03845 
mask 0.00014850497 88.46156 241.58308 263.2683 280.0 
mask 0.00014784932 320.393 21.416378 461.0 181.89589 
mask 0.00014552474 2.382473 102.79957 18.582203 141.12018 
mask 0.00014537573 348.295 271.32803 447.46036 279.41846 
nomask 0.00014388561 394.27075 264.4171 457.40552 280.0 
nomask 0.0001423955 17.225136 237.9159 394.43253 280.0 
mask 0.0001373589 290.08432 255.0819 461.0 280.0 
nomask 0.00013181567 285.29425 79.58328 461.0 204.25856 
mask 0.00013130903 286.36734 195.39088 407.7042 280.0 
nomask 0.00012677908 56.283833 0.0 209.48662 130.55304 
nomask 0.00012597442 309.44846 178.62683 461.0 248.14601 
nomask 0.00012344122 392.8919 130.44102 461.0 277.4 
mask 0.00012305379 407.10834 0.0 461.0 280.0 
mask 0.00012230873 0.0 78.01054 119.573265 280.0 
nomask 0.00012072921 49.668327 0.0 423.0335 69.751724 
nomask 0.00012013316 292.70343 21.43182 461.0 145.49583 
mask 0.00011780858 3.4166477 105.819565 35.860268 190.6193 
