mask 0.99969983 85.663161277771 62.35562324523926 301.05337142944336 356.87217712402344 
mask 0.01194033 0.0 0.9099555015563965 58.78281354904175 37.85783290863037 
mask 0.011684418 2.067904472351074 0.0 33.24478268623352 47.729454040527344 
mask 0.011160046 3.9414265751838684 4.070570468902588 20.582202672958374 82.92050361633301 
mask 0.0051995814 0.0 3.7664437294006348 49.94699478149414 74.01239395141602 
nomask 0.002255559 3.9414265751838684 4.070570468902588 20.582202672958374 82.92050361633301 
mask 0.0022166073 289.9559211730957 44.199371337890625 450.9698295593262 263.90830993652344 
nomask 0.0014891624 0.0 0.9099555015563965 58.78281354904175 37.85783290863037 
nomask 0.0013774335 2.067904472351074 0.0 33.24478268623352 47.729454040527344 
mask 0.001208365 455.7907962799072 232.99800872802734 479.1152286529541 298.64097595214844 
nomask 0.0010540485 0.0 3.7664437294006348 49.94699478149414 74.01239395141602 
nomask 0.0010510981 455.7907962799072 232.99800872802734 479.1152286529541 298.64097595214844 
mask 0.00087580085 3.020465299487114 32.17968940734863 10.509468019008636 144.26697731018066 
nomask 0.00078877807 86.29584074020386 64.82398986816406 301.78991317749023 353.71826171875 
mask 0.0007183552 0.943177342414856 0.0 59.36430215835571 124.02984619140625 
mask 0.0005955994 66.9864821434021 0.0 240.0889778137207 331.6648864746094 
mask 0.00048440695 305.1335620880127 104.97776985168457 400.2783679962158 254.2953109741211 
mask 0.00038829446 141.12492084503174 0.0 311.6221046447754 336.0166931152344 
mask 0.000374794 102.15946197509766 9.202203750610352 402.47486114501953 316.27567291259766 
mask 0.0003492236 31.125898361206055 72.95637130737305 267.79149055480957 246.7256736755371 
mask 0.0003309548 0.0 0.46402454376220703 78.29772233963013 83.82011413574219 
mask 0.00032538176 95.95923185348511 26.11567974090576 334.4717788696289 185.97187042236328 
mask 0.00031393766 0.0 0.0 63.57596397399902 58.367252349853516 
mask 0.00030314922 406.4076805114746 276.8311309814453 480.0 566.9016265869141 
mask 0.0002924204 75.24284362792969 12.011184692382812 182.93314933776855 322.88787841796875 
mask 0.00028380752 130.99496841430664 71.52030944824219 370.16590118408203 246.45998001098633 
mask 0.0002708137 62.19604969024658 71.96802139282227 243.75543594360352 481.6693115234375 
mask 0.00023192167 3.6483371257781982 4.881381988525391 27.02256202697754 191.97332382202148 
nomask 0.00021246076 3.020465299487114 32.17968940734863 10.509468019008636 144.26697731018066 
mask 0.00019156933 2.7087020874023438 332.2865295410156 480.0 640.0 
mask 0.0001885593 194.25068378448486 20.944128036499023 303.57507705688477 336.7765426635742 
mask 0.00018799305 336.5475368499756 0.0 471.959867477417 242.34298706054688 
mask 0.00018718839 234.23486709594727 28.35643768310547 459.17930603027344 350.7566833496094 
mask 0.00018182397 31.499204635620117 1.4415085315704346 80.34098625183105 22.173004150390625 
mask 0.00018149614 316.2171936035156 544.6725463867188 480.0 640.0 
mask 0.00017815828 222.58668422698975 86.16474151611328 480.0 640.0 
nomask 0.00017765164 0.0 0.46402454376220703 78.29772233963013 83.82011413574219 
nomask 0.00017631054 2.7087020874023438 332.2865295410156 480.0 640.0 
nomask 0.0001758933 150.07567405700684 200.10536193847656 480.0 640.0 
mask 0.00016972423 4.851745963096619 10.99574089050293 55.27674436569214 234.37496185302734 
mask 0.0001643002 127.48470783233643 125.4831314086914 351.5767478942871 309.6363830566406 
mask 0.00016215444 8.763141632080078 211.68731689453125 316.3187599182129 640.0 
nomask 0.00015851855 0.943177342414856 0.0 59.36430215835571 124.02984619140625 
mask 0.0001578331 106.77122354507446 82.60674476623535 284.1153144836426 192.662353515625 
nomask 0.00015643239 0.0 38.13922882080078 84.96914148330688 273.72140884399414 
nomask 0.00015294552 248.01687240600586 6.299705505371094 480.0 640.0 
nomask 0.0001449883 333.76001358032227 118.25174331665039 480.0 613.6489868164062 
mask 0.00013118982 342.72751808166504 541.0036849975586 480.0 640.0 
mask 0.0001295209 11.988778710365295 209.2171859741211 50.3226113319397 265.3494644165039 
mask 0.00012797117 464.5861530303955 4.277801513671875 480.0 35.3128981590271 
mask 0.00012725592 0.0 40.54981231689453 207.19704151153564 561.8343734741211 
mask 0.0001257956 0.0 5.5960845947265625 332.37138748168945 277.0196533203125 
nomask 0.00012257695 4.851745963096619 10.99574089050293 55.27674436569214 234.37496185302734 
mask 0.00012236834 258.58537673950195 0.0 433.6050796508789 289.04876708984375 
mask 0.00011867285 166.3923454284668 0.0 480.0 178.53378295898438 
mask 0.00011745095 23.14706325531006 14.056487083435059 254.08258438110352 169.62862014770508 
mask 0.00011712313 56.563825607299805 0.0 315.1029109954834 93.3570671081543 
mask 0.0001154542 0.003070235252380371 274.80934143066406 17.433611154556274 611.85546875 
mask 0.00011381507 328.41796875 477.26062774658203 480.0 629.1508865356445 
mask 0.00011327863 0.0 38.13922882080078 84.96914148330688 273.72140884399414 
mask 0.00011315942 184.57388877868652 546.9259262084961 480.0 640.0 
nomask 0.00010967255 14.913697242736816 530.2074813842773 402.7883720397949 640.0 
mask 0.000109285116 417.6347351074219 22.389895915985107 466.4154624938965 83.77652168273926 
mask 0.000108629465 69.3281364440918 199.5165252685547 92.1385145187378 267.92022705078125 
mask 0.000106453896 350.5931568145752 228.98006439208984 478.62725257873535 529.3391036987305 
mask 0.00010639429 397.796688079834 10.00478744506836 480.0 583.7979888916016 
mask 0.00010377169 0.0 46.50197982788086 167.91752815246582 331.9110107421875 
nomask 0.00010338426 387.2054672241211 541.7729187011719 480.0 640.0 
mask 9.7602606e-05 39.187413454055786 15.477101802825928 68.45980882644653 92.75798797607422 
mask 9.590387e-05 304.6772289276123 580.2677917480469 480.0 640.0 
mask 9.414554e-05 79.17911767959595 0.0 166.05257034301758 208.51573944091797 
nomask 9.384751e-05 435.91867446899414 425.2870178222656 480.0 640.0 
mask 9.3758106e-05 132.84600734710693 88.4712028503418 411.34923934936523 557.7233123779297 
nomask 9.36687e-05 397.796688079834 10.00478744506836 480.0 583.7979888916016 
mask 9.125471e-05 7.5497424602508545 39.28018093109131 50.489476919174194 115.26250839233398 
mask 9.1046095e-05 358.7216377258301 7.903537750244141 464.13373947143555 95.79538345336914 
mask 9.074807e-05 435.91867446899414 425.2870178222656 480.0 640.0 
nomask 9.071827e-05 306.3555908203125 451.6563415527344 480.0 640.0 
mask 9.0658665e-05 390.752477645874 243.65116119384766 417.0951175689697 286.79492950439453 
nomask 9.062886e-05 0.0 0.0 63.57596397399902 58.367252349853516 
mask 8.931756e-05 13.732609748840332 23.408279418945312 111.20070934295654 304.39220428466797 
nomask 8.916855e-05 31.499204635620117 1.4415085315704346 80.34098625183105 22.173004150390625 
mask 8.895993e-05 311.0804843902588 0.0 421.53943061828613 185.30885696411133 
mask 8.878112e-05 2.3947256058454514 171.78897857666016 9.216733574867249 277.48905181884766 
nomask 8.690357e-05 367.87771224975586 383.36212158203125 480.0 640.0 
mask 8.6694956e-05 0.0 143.59691619873047 116.66463375091553 640.0 
mask 8.6694956e-05 0.9542980045080185 58.82889747619629 5.498456954956055 191.12056732177734 
nomask 8.609891e-05 0.0 0.0 128.36411476135254 271.12043380737305 
mask 8.4251165e-05 376.243314743042 8.23124885559082 433.15152168273926 70.09944438934326 
mask 8.395314e-05 205.31813621520996 125.2025318145752 436.1949062347412 288.983154296875 
mask 8.377433e-05 0.0 0.0 197.80085563659668 166.52320861816406 
mask 8.3476305e-05 232.1664047241211 0.0 476.3606643676758 91.72327041625977 
nomask 8.2820654e-05 0.0 0.0 197.80085563659668 166.52320861816406 
nomask 8.1300735e-05 79.17911767959595 0.0 166.05257034301758 208.51573944091797 
mask 7.927418e-05 404.5536231994629 96.11132621765137 474.87939834594727 281.4599609375 
mask 7.814169e-05 455.6646251678467 616.7947387695312 480.0 640.0 
mask 7.6144934e-05 311.2078857421875 65.39726257324219 480.0 414.4947814941406 
mask 7.3730946e-05 0.0 0.0 57.976956367492676 199.91165161132812 
mask 7.367134e-05 283.2832717895508 511.0813903808594 480.0 640.0 
mask 7.262826e-05 0.0 532.0880126953125 442.3578643798828 640.0 
