mask 0.9998934 59.839722633361816 53.42038810253143 192.2159299850464 251.23237478733063 
nomask 0.000728786 60.431618213653564 52.77173352241516 192.87526845932007 253.64428156614304 
mask 0.0005560219 218.5289182662964 214.8879497051239 264.0 318.41719019412994 
mask 0.00037929416 63.45138716697693 39.62481835484505 132.95770168304443 211.4348771572113 
mask 0.0003709793 0.0 70.05861088633537 118.71066570281982 305.8306713104248 
nomask 0.00034597516 43.361186027526855 0.0 231.26939392089844 88.6486964225769 
mask 0.00027137995 51.86492300033569 68.13871920108795 185.6594295501709 172.55768460035324 
nomask 0.00024813414 86.51979947090149 0.0 174.5392198562622 164.0305146574974 
mask 0.00023779273 44.53326988220215 25.748442992568016 222.44340705871582 162.79278749227524 
nomask 0.00020846725 3.7396817207336426 0.0 162.48387336730957 91.63994932174683 
mask 0.0002053082 43.361186027526855 0.0 231.26939392089844 88.6486964225769 
nomask 0.00019097328 218.28690433502197 266.2804192304611 264.0 331.0 
mask 0.00018167496 51.088196754455566 161.27831971645355 197.3669557571411 251.794970870018 
nomask 0.00018110871 11.288761854171753 268.7054064273834 225.34323120117188 331.0 
nomask 0.00018000603 170.19743013381958 204.9842581152916 264.0 331.0 
nomask 0.00017815828 56.8818576335907 199.8428646326065 253.9447145462036 331.0 
mask 0.00016897917 1.4766783714294434 0.0 111.30656576156616 240.70467031002045 
nomask 0.00015729666 233.28599309921265 0.0 264.0 331.0 
mask 0.00015541911 218.28690433502197 266.2804192304611 264.0 331.0 
nomask 0.00015178323 0.0 2.2900251001119614 184.84323835372925 144.59918856620789 
mask 0.000143677 170.68529748916626 279.2828480601311 262.1738963127136 325.69931346178055 
nomask 0.00014346838 53.22284460067749 0.0 211.54193830490112 137.03782895207405 
mask 0.00014188886 2.2204227447509766 276.2795998454094 244.29913759231567 331.0 
mask 0.00013923645 174.8640661239624 0.0 264.0 212.18316388130188 
nomask 0.00013896823 166.77302742004395 301.458516895771 264.0 331.0 
nomask 0.00013783574 174.8640661239624 0.0 264.0 212.18316388130188 
mask 0.00013703108 166.77302742004395 301.458516895771 264.0 331.0 
nomask 0.00013497472 0.0 0.0 71.19809889793396 131.55463802814484 
mask 0.00012880564 0.0 2.2900251001119614 184.84323835372925 144.59918856620789 
mask 0.00012794137 220.41602897644043 3.1041923463344574 264.0 304.58931398391724 
nomask 0.00012603402 0.0 198.19911181926727 153.420184135437 331.0 
mask 0.00012212992 122.63022136688232 44.56847655773163 264.0 331.0 
nomask 0.000117599964 82.5404326915741 103.49049246311188 264.0 331.0 
mask 0.00011727214 3.7396817207336426 0.0 162.48387336730957 91.63994932174683 
nomask 0.000116854906 1.4766783714294434 0.0 111.30656576156616 240.70467031002045 
nomask 0.00011104345 143.91366291046143 0.0 238.36386394500732 154.20587772130966 
mask 0.00011059642 0.0 172.43743550777435 264.0 331.0 
mask 0.000105798244 7.0247533321380615 10.84098345041275 258.9264249801636 214.8520229458809 
mask 0.00010508299 86.51979947090149 0.0 174.5392198562622 164.0305146574974 
nomask 0.00010353327 0.0 172.43743550777435 264.0 331.0 
nomask 0.00010314584 25.165530681610107 0.0 135.148934841156 133.97734650969505 
mask 0.000101566315 174.0624303817749 32.35718613862991 264.0 214.33168667554855 
nomask 9.956956e-05 136.20861911773682 2.9936795830726624 264.0 331.0 
mask 9.804964e-05 170.19743013381958 204.9842581152916 264.0 331.0 
mask 9.548664e-05 2.3742306232452393 196.8732151389122 155.64208602905273 331.0 
mask 9.030104e-05 0.0 182.40854156017303 115.9583945274353 331.0 
mask 8.9138746e-05 80.49583196640015 37.291961297392845 213.45391130447388 124.6748116016388 
nomask 8.7469816e-05 174.0624303817749 32.35718613862991 264.0 214.33168667554855 
nomask 8.445978e-05 0.0 2.044057011604309 68.73977708816528 212.96394449472427 
nomask 8.288026e-05 141.51917266845703 0.0 264.0 84.65077415108681 
nomask 7.978082e-05 0.0 0.0 107.32520842552185 84.14381423592567 
mask 7.787347e-05 143.2626485824585 125.37935882806778 264.0 290.6251291632652 
mask 7.483363e-05 225.48504066467285 263.09073066711426 264.0 316.8445806503296 
nomask 7.480383e-05 155.12731075286865 0.0 250.29537105560303 74.3714891076088 
nomask 7.417798e-05 80.49583196640015 37.291961297392845 213.45391130447388 124.6748116016388 
nomask 7.414818e-05 5.935613930225372 45.60974097251892 64.72244024276733 188.58571475744247 
mask 7.364154e-05 0.0 57.86841091513634 68.93526077270508 279.58448684215546 
nomask 7.1406364e-05 158.40710306167603 0.0 264.0 136.52495029568672 
mask 7.125735e-05 0.0 110.26530069112778 113.78487968444824 221.66536217927933 
mask 6.9737434e-05 0.0 256.1023939847946 184.3145055770874 331.0 
nomask 6.875396e-05 196.83015060424805 0.0 264.0 162.65036284923553 
mask 6.574392e-05 46.18894100189209 106.63662895560265 229.03830242156982 280.007795214653 
mask 6.571412e-05 0.0 245.37670761346817 38.18036484718323 323.7706324458122 
nomask 6.335974e-05 0.0 17.06704545021057 73.75483131408691 144.26132708787918 
mask 6.2823296e-05 5.7717214822769165 102.24007946252823 61.23588573932648 252.24232906103134 
mask 5.8978796e-05 56.8818576335907 199.8428646326065 253.9447145462036 331.0 
mask 5.877018e-05 0.12481498718261719 269.1852585077286 80.60473036766052 330.55960619449615 
mask 5.7131052e-05 26.237614631652832 226.89646404981613 173.4093074798584 331.0 
mask 5.698204e-05 5.517033487558365 293.66118693351746 29.935097336769104 324.1371406316757 
nomask 5.686283e-05 121.99810552597046 0.0 264.0 48.59402948617935 
mask 5.686283e-05 0.0 141.1857715845108 82.59590864181519 327.36853659152985 
mask 5.6743622e-05 33.45387840270996 35.08061599731445 162.8103404045105 118.52492380142212 
mask 5.3673983e-05 143.91366291046143 0.0 238.36386394500732 154.20587772130966 
mask 5.3077936e-05 141.51917266845703 0.0 264.0 84.65077415108681 
mask 5.2839518e-05 183.38475036621094 0.0 264.0 48.261963441967964 
mask 5.105138e-05 0.0 33.135377302765846 111.99926376342773 150.2946156859398 
mask 5.0395727e-05 34.025742530822754 0.0 121.63659524917603 154.77090048789978 
mask 4.9620867e-05 0.0 0.0 107.32520842552185 84.14381423592567 
mask 4.926324e-05 3.341462194919586 316.97309625148773 39.92909646034241 328.36750173568726 
nomask 4.801154e-05 0.0 33.135377302765846 111.99926376342773 150.2946156859398 
nomask 4.6938658e-05 189.68633365631104 7.742887407541275 264.0 245.48417222499847 
nomask 4.6372414e-05 33.45387840270996 35.08061599731445 162.8103404045105 118.52492380142212 
mask 4.476309e-05 188.70982789993286 304.9523301124573 264.0 330.0380861759186 
mask 4.452467e-05 45.233426570892334 201.99555027484894 211.95252799987793 331.0 
nomask 4.3570995e-05 158.54477405548096 18.70660088956356 249.97744846343994 144.16751503944397 
nomask 4.169345e-05 70.15498423576355 0.0 224.28633213043213 43.31738783419132 
mask 4.1663647e-05 229.7621569633484 244.80146515369415 264.0 298.7781754732132 
mask 4.0769577e-05 214.39315509796143 323.92826825380325 258.1989040374756 330.7498148083687 
nomask 4.044175e-05 217.5894069671631 188.55862665176392 264.0 309.7180610895157 
nomask 4.0352345e-05 183.38475036621094 0.0 264.0 48.261963441967964 
mask 4.0084124e-05 0.0 0.0 63.32341718673706 148.75246793031693 
mask 4.0084124e-05 109.69073724746704 22.285550266504288 177.64887857437134 190.7323830127716 
mask 3.966689e-05 144.51578664779663 107.95557111501694 264.0 219.32854449748993 
mask 3.9577484e-05 135.9820261001587 0.0 239.55316257476807 231.48769080638885 
nomask 3.9458275e-05 0.0 53.70311650633812 1.3161903508007526 114.6397930085659 
mask 3.9428473e-05 196.83015060424805 0.0 264.0 162.65036284923553 
mask 3.799796e-05 157.49355554580688 0.0 264.0 56.71176064014435 
nomask 3.7401915e-05 17.773098707199097 0.0 172.84600353240967 42.9849074780941 
mask 3.734231e-05 143.60576391220093 28.359633788466454 264.0 150.6940912604332 
nomask 3.695488e-05 53.02613353729248 24.393460631370544 92.9534125328064 117.27779570221901 
