mask 0.9999075 68.9533003270626 93.72295573353767 258.76030361652374 373.4962372779846 
nomask 0.00047063828 69.42135044932365 93.76912769675255 261.54205799102783 372.41149294376373 
mask 0.00046893954 76.13920676708221 261.17603290081024 270.8824392557144 371.34502124786377 
nomask 0.00040063262 260.70103347301483 180.79329034686089 275.5158509016037 225.7915849685669 
nomask 0.00025248528 290.2873404622078 0.0 327.0 433.0 
mask 0.00023847818 0.5061447322368622 57.08836770057678 138.31108179688454 398.52526104450226 
nomask 0.00023314357 219.6801844239235 269.9589778184891 327.0 433.0 
nomask 0.00021630526 148.268129914999 397.79644602537155 261.2449414730072 433.0 
nomask 0.00021472573 1.8547952771186829 228.70968401432037 145.1349968612194 433.0 
nomask 0.00020748377 269.79372668266296 341.59659826755524 327.0 433.0 
mask 0.00019490719 151.74122008681297 58.67052525281906 327.0 433.0 
mask 0.00019478798 74.46288312971592 117.04174572229385 163.28790199756622 359.47934287786484 
nomask 0.00019085407 204.1639739871025 395.71380400657654 327.0 433.0 
mask 0.00018459558 204.1639739871025 395.71380400657654 327.0 433.0 
nomask 0.00018373132 151.74122008681297 58.67052525281906 327.0 433.0 
mask 0.00017756224 269.79372668266296 341.59659826755524 327.0 433.0 
nomask 0.00017029047 29.439839109778404 0.0 163.6784765124321 170.30689936876297 
nomask 0.00016823411 60.293534964323044 0.0 271.42346262931824 120.14866203069687 
nomask 0.00016731024 192.46215569972992 2.682277485728264 327.0 193.65164011716843 
mask 0.00016716123 1.8547952771186829 228.70968401432037 145.1349968612194 433.0 
mask 0.0001591742 0.0 225.38321214914322 327.0 433.0 
nomask 0.00015324354 43.51470601558685 200.620315939188 327.0 433.0 
nomask 0.00014597178 94.63075339794159 0.0 236.08928418159485 173.2998826801777 
nomask 0.00014528632 177.78712570667267 374.1760929822922 272.7307051420212 433.0 
nomask 0.00014510751 219.35387080907822 39.60931161046028 327.0 279.4392251968384 
mask 0.0001425147 0.0 341.7343657016754 228.88418912887573 433.0 
nomask 0.00013589859 0.0 3.7658668756484985 236.5284880399704 185.77577167749405 
mask 0.00012689829 192.46215569972992 2.682277485728264 327.0 193.65164011716843 
mask 0.0001257062 10.642833933234215 368.15432953834534 158.55491226911545 424.45315408706665 
mask 0.00012394786 40.510046035051346 314.0940838456154 275.12439930438995 433.0 
mask 0.00012367964 219.35387080907822 39.60931161046028 327.0 279.4392251968384 
nomask 0.00012236834 0.0 0.0 158.57444196939468 272.51696652173996 
mask 0.000120162964 104.25611820816994 234.92491030693054 216.7656397819519 433.0 
mask 0.0001193881 0.0 3.7658668756484985 236.5284880399704 185.77577167749405 
mask 0.000119149685 212.129967212677 417.0051441192627 260.5831536054611 433.0 
mask 0.00011461973 177.78712570667267 374.1760929822922 272.7307051420212 433.0 
mask 0.0001065433 30.19844225049019 380.775767326355 269.7244176864624 433.0 
nomask 0.00010558963 197.0402137041092 415.5053166747093 248.59924614429474 433.0 
mask 0.00010499358 182.20695805549622 240.22944688796997 327.0 394.64253187179565 
mask 0.000104635954 198.9541243314743 136.73957240581512 327.0 398.62132143974304 
nomask 0.00010347366 241.39921867847443 0.0 327.0 275.5054978132248 
mask 0.00010249019 189.7724170088768 343.64721155166626 327.0 433.0 
mask 0.00010064244 47.5460639744997 159.29851227998734 160.93279945850372 433.0 
nomask 0.0001001358 313.1649030447006 415.3939774632454 327.0 433.0 
nomask 9.778142e-05 237.44829404354095 19.06540757417679 327.0 258.00717544555664 
mask 9.5665455e-05 168.3065087199211 87.41590169072151 249.87142485380173 316.0997123718262 
nomask 9.3877316e-05 0.0 341.7343657016754 228.88418912887573 433.0 
nomask 9.331107e-05 0.47519347071647644 368.43861359357834 299.2891094684601 433.0 
nomask 9.1671944e-05 33.100269198417664 302.7257412672043 212.58413994312286 433.0 
mask 9.1046095e-05 232.39310324192047 168.72394174337387 327.0 433.0 
nomask 9.0658665e-05 271.06420969963074 22.044731572270393 327.0 200.91359436511993 
nomask 9.036064e-05 1.802818402647972 0.0 164.48646426200867 72.18165728449821 
mask 8.922815e-05 148.268129914999 397.79644602537155 261.2449414730072 433.0 
mask 8.59499e-05 290.2873404622078 0.0 327.0 433.0 
mask 8.523464e-05 0.809059739112854 15.96071082353592 319.0691485404968 284.3418153524399 
mask 8.505583e-05 187.4543663263321 139.872039437294 327.0 284.3596234321594 
nomask 8.4102154e-05 320.869759619236 117.44815707206726 327.0 176.18720471858978 
mask 8.249283e-05 0.0 0.0 225.06430059671402 109.21163630485535 
mask 8.171797e-05 14.235592246055603 282.34031623601913 166.15221905708313 433.0 
nomask 7.927418e-05 64.79468259215355 89.9661025851965 233.66237783432007 208.04978227615356 
mask 7.9244375e-05 0.0 383.1746963262558 327.0 433.0 
nomask 7.843971e-05 282.66697615385056 416.2220015525818 323.49239176511765 433.0 
mask 7.838011e-05 0.0 0.0 158.57444196939468 272.51696652173996 
mask 7.763505e-05 64.79468259215355 89.9661025851965 233.66237783432007 208.04978227615356 
mask 7.742643e-05 56.55610191822052 340.47690880298615 327.0 433.0 
mask 7.739663e-05 1.802818402647972 0.0 164.48646426200867 72.18165728449821 
nomask 7.7068806e-05 239.87120479345322 223.13389682769775 327.0 433.0 
nomask 7.623434e-05 177.3687379360199 0.0 287.91444289684296 195.46913531422615 
mask 7.56681e-05 181.95314991474152 315.18868714571 327.0 433.0 
nomask 7.465482e-05 209.93310981988907 0.0 327.0 153.1886891722679 
mask 7.098913e-05 282.66697615385056 416.2220015525818 323.49239176511765 433.0 
mask 6.9350004e-05 33.100269198417664 302.7257412672043 212.58413994312286 433.0 
nomask 6.765127e-05 0.0 0.0 138.35512107610703 108.36971417069435 
mask 6.604195e-05 0.7636268734931946 136.7414951622486 241.76749581098557 300.7019691467285 
mask 6.571412e-05 49.80334746837616 32.71630722284317 280.2214951515198 206.78468596935272 
mask 6.452203e-05 320.869759619236 117.44815707206726 327.0 176.18720471858978 
nomask 6.404519e-05 0.0 13.352330416440964 90.35742303729057 276.8155530691147 
nomask 6.392598e-05 322.88810151815414 135.90301850438118 327.0 194.94051924347878 
mask 6.3598156e-05 237.44829404354095 19.06540757417679 327.0 258.00717544555664 
nomask 6.3568354e-05 319.94835537672043 50.388984240591526 325.1667614579201 125.46384474635124 
nomask 6.2674284e-05 40.510046035051346 314.0940838456154 275.12439930438995 433.0 
nomask 6.0647726e-05 320.46433317661285 33.59803622215986 325.8095848560333 90.77680251002312 
nomask 5.799532e-05 9.589582286775112 105.82629454135895 77.4190745651722 273.704971909523 
mask 5.7667494e-05 14.203481286764145 235.825250685215 232.83756959438324 409.1301789879799 
mask 5.3852797e-05 313.1649030447006 415.3939774632454 327.0 433.0 
nomask 5.3465366e-05 181.95314991474152 315.18868714571 327.0 433.0 
mask 5.093217e-05 29.439839109778404 0.0 163.6784765124321 170.30689936876297 
mask 4.9948692e-05 256.9251744747162 0.0 327.0 314.548499584198 
mask 4.7683716e-05 0.0 143.96259406208992 142.46382308006287 287.76530253887177 
nomask 4.6163797e-05 51.80675947666168 0.0 246.9932109117508 52.76268835365772 
nomask 4.5359135e-05 38.76819947361946 242.73496627807617 148.98784419894218 433.0 
nomask 4.5210123e-05 187.38844871520996 0.0 327.0 113.16366213560104 
nomask 4.4375658e-05 320.0414625406265 68.3863296508789 326.57623279094696 145.72106450796127 
nomask 4.3720007e-05 0.0 40.68105475604534 139.67883324623108 196.77053171396255 
mask 4.3064356e-05 0.0 0.0 138.35512107610703 108.36971417069435 
nomask 4.222989e-05 70.41100144386292 56.92052009701729 238.32177060842514 158.2065027654171 
nomask 3.9815903e-05 1.0545343793928623 416.7648382782936 18.344715736806393 433.0 
nomask 3.97861e-05 81.01155026257038 26.65889535844326 151.82250612974167 233.40358412265778 
mask 3.966689e-05 96.59864357113838 138.1328481733799 324.2306807041168 302.1076202392578 
nomask 3.9428473e-05 95.54136952757835 48.593216836452484 198.09871566295624 191.0748109817505 
