mask 0.999761 68.92333334684372 105.84336706995964 250.6631378531456 357.0781168937683 
nomask 0.003186673 67.33506390452385 104.36170902848244 251.5419158935547 355.97334492206573 
nomask 0.0011377633 21.870386995375156 104.55483636260033 60.94048064947128 264.2421712875366 
nomask 0.00083857775 37.60168482363224 113.49406653642654 76.4205406755209 257.22842037677765 
nomask 0.00062838197 5.547793138772249 94.64267207682133 41.644415616989136 260.07928746938705 
nomask 0.00026246905 0.07944416999816895 225.76236939430237 144.64775812625885 433.0 
nomask 0.00025984645 216.96265196800232 261.91013872623444 327.0 433.0 
nomask 0.00023707747 288.94481974840164 0.0 327.0 433.0 
nomask 0.00023382902 102.23873135447502 135.38250640034676 327.0 433.0 
mask 0.00023379922 102.23873135447502 135.38250640034676 327.0 433.0 
mask 0.00022637844 0.21667832136154175 225.29115211963654 327.0 433.0 
nomask 0.0002180934 257.7028346657753 0.0 327.0 313.5659581422806 
nomask 0.00021368265 314.72225046157837 299.64584678411484 324.3728849887848 342.86363023519516 
mask 0.0002130866 0.07944416999816895 225.76236939430237 144.64775812625885 433.0 
nomask 0.00021022558 0.21667832136154175 225.29115211963654 327.0 433.0 
mask 0.00020593405 169.23062217235565 3.588069975376129 327.0 433.0 
nomask 0.00020450354 0.0 0.0 151.9530549645424 273.3574820756912 
mask 0.00019681454 198.97470653057098 134.9993358850479 327.0 402.9676800966263 
nomask 0.00019279122 169.23062217235565 3.588069975376129 327.0 433.0 
nomask 0.00018829107 271.82760268449783 344.1175513267517 327.0 433.0 
mask 0.00017267466 0.0 57.81255003809929 137.43019875884056 392.0676383972168 
nomask 0.00016593933 10.392141871154308 160.12612342834473 30.561819903552532 207.78640335798264 
mask 0.0001654625 295.87833112478256 277.78748708963394 327.0 433.0 
nomask 0.00016239285 186.64834713935852 3.100289896130562 327.0 195.86381655931473 
nomask 0.00016182661 205.7994402050972 394.72506844997406 327.0 433.0 
mask 0.00015836954 205.7994402050972 394.72506844997406 327.0 433.0 
mask 0.00014930964 163.35094472765923 91.4557678103447 244.09568166732788 309.0764638185501 
nomask 0.00014746189 31.805081695318222 0.0 165.26492357254028 168.50944471359253 
nomask 0.00014567375 0.6063556540757418 156.61652514338493 6.289851704612374 216.2637074291706 
mask 0.0001425147 46.385991007089615 221.92640578746796 264.71549785137177 392.8133581876755 
mask 0.00013646483 44.40611404180527 147.9140520989895 161.05424612760544 433.0 
mask 0.00013560057 38.82352387905121 311.88306879997253 276.6937140226364 433.0 
mask 0.00012522936 187.8830841779709 341.8225802183151 327.0 433.0 
mask 0.000119537115 0.0 0.0 151.9530549645424 273.3574820756912 
nomask 0.000117748976 217.34463107585907 40.79081317782402 327.0 279.6049177646637 
mask 0.000116974115 0.0 341.8005394935608 234.78451699018478 433.0 
mask 0.000112473965 72.88333091139793 424.6649411916733 128.02567353844643 433.0 
mask 0.00011152029 52.10425606369972 338.5556750893593 327.0 433.0 
mask 0.00010895729 217.34463107585907 40.79081317782402 327.0 279.6049177646637 
mask 0.000104635954 288.94481974840164 0.0 327.0 433.0 
nomask 0.000103235245 323.6946274638176 161.84842282533646 327.0 225.60906505584717 
mask 0.000102579594 177.99125200510025 236.12117451429367 327.0 395.691324532032 
nomask 0.00010102987 107.92675656080246 0.0 217.06365287303925 204.68926858901978 
mask 0.00010097027 186.64834713935852 3.100289896130562 327.0 195.86381655931473 
mask 9.62019e-05 257.7028346657753 0.0 327.0 313.5659581422806 
nomask 9.441376e-05 11.719070009887218 75.96000272035599 75.03225088119507 242.835569024086 
nomask 9.286404e-05 205.8782411813736 0.0 327.0 155.63056403398514 
mask 9.1314316e-05 186.03657245635986 139.83048725128174 327.0 283.88174748420715 
nomask 8.9645386e-05 204.3094722032547 242.9166603088379 327.0 433.0 
nomask 8.9496374e-05 241.75665897130966 17.48661807179451 327.0 255.69016361236572 
nomask 8.890033e-05 45.50852859020233 183.68293517827988 66.5413433611393 234.52892571687698 
nomask 8.878112e-05 273.83711528778076 19.92079545557499 327.0 197.5573649406433 
mask 8.4638596e-05 306.4626880288124 279.53827941417694 324.6704497933388 433.0 
nomask 8.4519386e-05 312.38429975509644 415.8803961277008 327.0 433.0 
nomask 8.33869e-05 176.62253576517105 0.0 288.3463377356529 198.14815443754196 
nomask 8.255243e-05 324.01088386774063 140.65430450439453 327.0 205.5151505470276 
nomask 8.0406666e-05 12.99198693037033 353.6031411290169 278.6487110853195 433.0 
nomask 7.927418e-05 38.82352387905121 311.88306879997253 276.6937140226364 433.0 
nomask 7.888675e-05 0.0 341.8005394935608 234.78451699018478 433.0 
mask 7.8350306e-05 72.93620923161507 92.41633304953575 162.61819115281105 315.0400542020798 
mask 7.7068806e-05 66.568503677845 94.94591915607452 233.89379113912582 209.92569571733475 
mask 7.599592e-05 33.52326652407646 129.45014467835426 211.972638130188 258.1565568447113 
mask 7.4118376e-05 0.0 383.6410873532295 327.0 433.0 
mask 7.393956e-05 95.90938353538513 139.08481907844543 319.60046553611755 298.13992846012115 
nomask 7.203221e-05 0.0 2.3315809071063995 232.93588078022003 186.58983319997787 
nomask 7.200241e-05 47.246974021196365 0.0 285.5774277448654 115.22259876132011 
nomask 6.660819e-05 0.4949223417788744 412.94242429733276 15.891487173736095 432.5166525840759 
mask 6.583333e-05 1.9691235702484846 298.7523715496063 16.480737894773483 433.0 
nomask 6.4611435e-05 320.2938478589058 186.8195445239544 325.7569404244423 244.87015503644943 
nomask 6.428361e-05 312.82011222839355 316.93493711948395 325.45738756656647 363.62798023223877 
nomask 6.377697e-05 0.0 114.03383201360703 57.89027085900307 264.1313998699188 
nomask 6.338954e-05 40.87341150641441 91.55133783817291 205.77887749671936 203.39046597480774 
mask 6.2823296e-05 0.4949223417788744 412.94242429733276 15.891487173736095 432.5166525840759 
mask 6.207824e-05 314.72225046157837 299.64584678411484 324.3728849887848 342.86363023519516 
nomask 6.0856342e-05 0.0 0.0 142.91477984189987 111.41565716266632 
mask 6.055832e-05 0.0 144.23465764522552 140.71420946717262 287.95848149061203 
nomask 5.9485435e-05 320.47014141082764 276.1785399913788 326.50661194324493 331.6756912469864 
nomask 5.8352947e-05 52.10425606369972 338.5556750893593 327.0 433.0 
nomask 5.77271e-05 98.87193381786346 109.34677124023438 209.94338142871857 183.39596700668335 
mask 5.7458878e-05 113.0793035030365 0.0 263.8325682878494 339.0364416241646 
nomask 5.6177378e-05 2.018084865063429 101.5125969350338 17.003723826259375 282.1055334806442 
mask 5.5611134e-05 2.807394415140152 15.367108166217804 320.895467877388 284.3525260090828 
nomask 5.438924e-05 323.99657768011093 115.34111282229424 327.0 184.18691673874855 
nomask 5.3167343e-05 313.65076768398285 375.6958448290825 324.3853200674057 430.5972254872322 
nomask 5.2899122e-05 207.78700625896454 36.85359515249729 327.0 222.57394886016846 
nomask 5.2809715e-05 0.0 119.41770488023758 113.47549134492874 312.0916556119919 
nomask 5.2124262e-05 313.1639674901962 112.29689902067184 326.55338966846466 296.9997209906578 
nomask 5.1110983e-05 177.27364271879196 313.99456506967545 327.0 433.0 
nomask 5.108118e-05 177.00663936138153 0.0 327.0 114.51656001806259 
mask 5.00679e-05 105.295675188303 232.79542529582977 218.06461822986603 433.0 
mask 4.836917e-05 0.0 209.1990615427494 5.089290423318744 257.0358092188835 
mask 4.8071146e-05 177.27364271879196 313.99456506967545 327.0 433.0 
nomask 4.774332e-05 290.0094807744026 49.73321783542633 327.0 273.412712931633 
mask 4.6998262e-05 32.99945345520973 300.55091017484665 213.27964675426483 433.0 
mask 4.696846e-05 0.0 2.3315809071063995 232.93588078022003 186.58983319997787 
nomask 4.673004e-05 10.78134959936142 152.95135134458542 77.33304253220558 327.6251273751259 
mask 4.6104193e-05 3.024694003164768 421.3326107263565 59.96226096153259 428.7584767341614 
nomask 4.592538e-05 30.030517525970936 158.84408363699913 48.77947077155113 216.74520951509476 
mask 4.5776367e-05 314.91961348056793 327.66314375400543 324.483202457428 389.49697756767273 
nomask 4.4852495e-05 96.8647990822792 95.03341747820377 260.26668280363083 213.6413386464119 
