mask 0.9998307 55.68486738204956 52.38893657922745 131.34193110466003 157.12742972373962 
mask 0.0010768771 47.916685700416565 55.47193920612335 157.4851589202881 235.56911087036133 
nomask 0.00050008297 55.38691973686218 52.73562127351761 130.74204659461975 157.554767370224 
mask 0.00035217404 65.75913739204407 56.47312843799591 152.7650043964386 127.71754395961761 
mask 0.0003106892 1.8568865060806274 0.0 113.81476783752441 74.65170323848724 
nomask 0.00030484796 134.22270798683167 54.65776610374451 156.69949555397034 136.7239420413971 
mask 0.0002990067 0.0 0.0 39.420544266700745 70.69447708129883 
nomask 0.00028929114 0.0 0.0 51.359415888786316 111.9752346277237 
nomask 0.00028538704 142.37769269943237 52.26544922590256 169.2207260131836 135.8903684616089 
mask 0.00020745397 49.151511669158936 10.972144067287445 90.96046113967896 134.63508009910583 
mask 0.00020188093 0.0 0.0 102.91711616516113 34.46335470676422 
nomask 0.00019985437 141.50250720977783 0.0 188.0 129.37554597854614 
mask 0.00018632412 141.50250720977783 0.0 188.0 129.37554597854614 
mask 0.00018572807 0.0 36.07295536994934 85.88306415081024 253.9741656780243 
mask 0.00018528104 0.0 0.0 81.34758472442627 69.16219878196716 
mask 0.00018334389 21.6996853351593 0.0 87.66305732727051 125.90679812431335 
nomask 0.00017488003 126.20122766494751 171.89564180374146 188.0 268.0 
nomask 0.00017100573 132.20814085006714 52.87957537174225 188.0 258.95000076293945 
nomask 0.00016880035 0.0 0.0 81.34758472442627 69.16219878196716 
mask 0.00016489625 103.89532661437988 0.0 188.0 69.68708992004395 
nomask 0.00015941262 1.8568865060806274 0.0 113.81476783752441 74.65170323848724 
mask 0.00015810132 101.62423920631409 11.315330445766449 138.6111409664154 137.5083954334259 
mask 0.00015628338 4.056773066520691 18.737063348293304 133.32088661193848 130.10841917991638 
mask 0.0001526773 86.8691017627716 35.87101149559021 188.0 268.0 
nomask 0.00014963746 0.0 210.91726207733154 137.28464698791504 268.0 
nomask 0.00014871359 103.89532661437988 0.0 188.0 69.68708992004395 
mask 0.0001462996 25.711719751358032 123.5560337305069 188.0 268.0 
mask 0.00014129281 52.118510603904724 105.6774115562439 150.0467882156372 167.2964267730713 
nomask 0.00014063716 86.8691017627716 35.87101149559021 188.0 268.0 
mask 0.0001360476 61.49113738536835 19.644660651683807 187.56394243240356 126.3368833065033 
nomask 0.00013414025 0.0 0.0 31.7785524725914 82.50143671035767 
nomask 0.00013378263 58.779963970184326 83.79490303993225 188.0 268.0 
mask 0.00012987852 0.0 5.492910921573639 57.742475509643555 118.13766169548035 
nomask 0.00012853742 8.04838514328003 221.3730092048645 158.09740328788757 268.0 
nomask 0.00012773275 1.8121702671051025 138.53723573684692 188.0 268.0 
nomask 0.00012487173 0.0 157.81046390533447 83.92771339416504 268.0 
nomask 0.00011911988 157.50232601165771 218.5749955177307 188.0 268.0 
mask 0.00011870265 7.839175224304199 0.9157041311264038 185.09432411193848 176.01991653442383 
mask 0.000116705894 0.0 210.91726207733154 137.28464698791504 268.0 
mask 0.00011655688 0.0 0.0 96.70915079116821 152.01597499847412 
nomask 0.00011456013 158.2025797367096 2.0711227655410767 188.0 242.7773985862732 
mask 0.00011342764 111.9778778553009 213.16690278053284 188.0 268.0 
mask 0.00011315942 101.89828515052795 25.74729686975479 188.0 121.59140992164612 
nomask 0.0001116097 138.38458466529846 71.82932913303375 151.96229720115662 105.3337219953537 
mask 0.00010994077 40.968400716781616 40.871917843818665 135.06273007392883 110.68055427074432 
nomask 0.00010976195 0.0 12.986479103565216 64.78056275844574 136.8948483467102 
nomask 0.00010949373 126.83434820175171 0.0 188.0 163.36840915679932 
mask 0.000108867884 79.98928904533386 84.20643436908722 134.78850483894348 140.7718448638916 
nomask 0.00010713935 108.31812739372253 61.40325778722763 137.3070695400238 125.78493213653564 
mask 0.00010609627 121.22160577774048 241.82946681976318 188.0 268.0 
mask 0.000104010105 169.93646597862244 180.32132744789124 188.0 268.0 
nomask 0.000103116035 128.84216952323914 71.37629723548889 144.43504309654236 107.87936973571777 
nomask 0.00010305643 125.09796190261841 0.0 188.0 98.57476019859314 
nomask 0.00010278821 21.6996853351593 0.0 87.66305732727051 125.90679812431335 
nomask 0.00010189414 0.0 0.0 102.91711616516113 34.46335470676422 
mask 9.8735094e-05 40.47271776199341 8.362336575984955 135.1897463798523 70.59261059761047 
nomask 9.602308e-05 36.28723073005676 166.94677090644836 179.2673180103302 268.0 
nomask 9.384751e-05 123.47761034965515 57.643894135951996 146.1600444316864 130.29258394241333 
mask 9.101629e-05 0.0 235.43454551696777 188.0 268.0 
nomask 9.047985e-05 140.29685521125793 222.84070444107056 188.0 266.54990816116333 
mask 8.741021e-05 125.09796190261841 0.0 188.0 98.57476019859314 
mask 8.377433e-05 105.37813973426819 67.51786255836487 137.2111713886261 134.12520456314087 
nomask 8.2194805e-05 0.0 0.0 45.3049122095108 189.65737390518188 
nomask 8.1926584e-05 138.50347685813904 81.2637038230896 153.06589913368225 121.08968114852905 
mask 7.8976154e-05 14.267544984817505 19.343118607997894 77.0504219532013 112.09440898895264 
mask 7.677078e-05 125.76936101913452 24.983062624931335 188.0 173.55780506134033 
nomask 7.6293945e-05 125.76936101913452 24.983062624931335 188.0 173.55780506134033 
nomask 7.417798e-05 31.193254947662354 0.0 159.41569471359253 73.07921826839447 
mask 7.241964e-05 72.30840516090393 36.90309852361679 166.41069054603577 97.2859742641449 
mask 7.227063e-05 0.0 24.794740617275238 78.82203328609467 122.30345296859741 
mask 7.1406364e-05 41.154269218444824 0.0 145.35062503814697 110.80921721458435 
mask 7.042289e-05 0.0 174.5413749217987 103.60088634490967 268.0 
nomask 7.003546e-05 47.799026131629944 0.0 85.9892715215683 119.93923044204712 
mask 6.908178e-05 99.51081562042236 86.27171063423157 188.0 175.6788227558136 
mask 6.648898e-05 17.43687355518341 185.87545490264893 123.11005306243896 268.0 
nomask 6.583333e-05 151.01660561561584 64.28757125139236 177.18882250785828 144.45074725151062 
mask 6.482005e-05 140.29685521125793 222.84070444107056 188.0 266.54990816116333 
mask 6.470084e-05 136.60164999961853 46.098777055740356 188.0 222.78966736793518 
nomask 6.3985586e-05 136.60164999961853 46.098777055740356 188.0 222.78966736793518 
mask 6.350875e-05 116.79144287109375 9.933635473251343 188.0 176.1622292995453 
mask 6.327033e-05 33.47803568840027 0.0 137.6709177494049 32.97426024079323 
nomask 6.124377e-05 0.0 3.036106824874878 129.54069757461548 115.03804206848145 
mask 6.097555e-05 0.0 0.0 45.3049122095108 189.65737390518188 
mask 6.0886145e-05 144.21458268165588 159.31571412086487 188.0 268.0 
mask 5.969405e-05 0.0 0.0 72.0345104932785 45.50771343708038 
nomask 5.8799982e-05 33.47803568840027 0.0 137.6709177494049 32.97426024079323 
nomask 5.8054924e-05 110.36867594718933 67.719407081604 152.7505042552948 108.9321711063385 
mask 5.787611e-05 158.2025797367096 2.0711227655410767 188.0 242.7773985862732 
mask 5.7786703e-05 126.07257533073425 4.302868545055389 159.53063130378723 131.0468783378601 
mask 5.7429075e-05 0.0 0.0 66.19675254821777 101.49609351158142 
mask 5.6535006e-05 32.678989946842194 3.532863676548004 97.99141597747803 84.80155539512634 
mask 5.605817e-05 81.33842968940735 102.2911057472229 169.31159281730652 268.0 
mask 5.5640936e-05 0.0 0.0 24.823569297790527 147.24002313613892 
nomask 5.5372715e-05 128.10355877876282 80.73279845714569 143.82005333900452 122.52994096279144 
nomask 5.3316355e-05 187.59789562225342 91.82860159873962 188.0 160.62817358970642 
nomask 5.325675e-05 178.89342951774597 255.9931092262268 188.0 268.0 
mask 5.0753355e-05 115.18881869316101 72.95146584510803 188.0 244.62264037132263 
mask 5.057454e-05 187.59789562225342 91.82860159873962 188.0 160.62817358970642 
nomask 5.00679e-05 119.82643222808838 76.8635892868042 163.31078672409058 121.15613317489624 
nomask 4.9352646e-05 53.00141680240631 46.25219976902008 70.97046458721161 74.03456997871399 
