mask 0.99969906 56.51435422897339 128.91889691352844 226.96148300170898 332.23567485809326 
nomask 0.009675294 56.51435422897339 128.91889691352844 226.96148300170898 332.23567485809326 
mask 0.0023660362 262.08061122894287 1.008844343945384 294.95944118499756 19.42437492311001 
nomask 0.0011203587 0.0 15.150545410811901 8.12781286239624 56.214753955602646 
mask 0.0010472536 131.83780717849731 101.56234893202782 224.575927734375 311.0735249519348 
mask 0.00087463856 239.58518314361572 129.50854992866516 336.0 346.98010528087616 
nomask 0.0008185506 7.035785615444183 111.76876974105835 45.176522970199585 264.0878918170929 
mask 0.0007993281 276.11392307281494 0.0 309.113356590271 19.327695421874523 
mask 0.00072458386 0.0 15.150545410811901 8.12781286239624 56.214753955602646 
nomask 0.0007096231 0.0 132.70239347219467 6.087634742259979 185.52589178085327 
mask 0.00068601966 3.17937371134758 272.4110904932022 20.248468279838562 427.0 
mask 0.00044053793 134.68026208877563 127.65420216321945 304.9295024871826 312.34163016080856 
nomask 0.00040733814 0.0 246.173109292984 13.521256148815155 311.9702719449997 
mask 0.00039115548 216.87360191345215 0.8327213600277901 304.25771141052246 64.17106109857559 
mask 0.0003555417 245.12383460998535 1.4032080434262753 286.1435852050781 14.763313610106707 
nomask 0.00035378337 1.3387543559074402 89.4398866891861 18.624708652496338 275.54603999853134 
mask 0.0003246069 209.28817462921143 3.798109116964042 253.89466953277588 15.99031674861908 
nomask 0.0003155172 1.6075970828533173 261.39220428466797 17.891241431236267 427.0 
nomask 0.00030258298 12.633129179477692 189.98856589198112 39.61897087097168 252.56451225280762 
mask 0.0002850294 2.6382892727851868 260.50245636701584 41.78779220581055 427.0 
mask 0.0002708733 323.0106840133667 0.4672097582370043 336.0 22.125127241015434 
nomask 0.0002680421 2.6382892727851868 260.50245636701584 41.78779220581055 427.0 
mask 0.0002593994 145.98572444915771 4.420049741864204 173.07660484313965 20.958761546760798 
nomask 0.00024807453 1.5172301530838013 275.0904638171196 10.600423693656921 353.2603629231453 
mask 0.00024589896 2.466524764895439 288.0065830349922 8.549409627914429 381.7262389063835 
nomask 0.0002117753 12.984206557273865 274.3579278588295 68.55818796157837 426.99498611688614 
nomask 0.00020885468 73.64142179489136 256.93178260326385 314.15833854675293 427.0 
mask 0.00020861626 294.7796573638916 1.1339210029691458 327.54509353637695 20.254999741911888 
nomask 0.00020721555 227.87798595428467 0.0 336.0 283.19017565250397 
mask 0.00018808246 44.74929857254028 17.909501403570175 167.13681936264038 310.29329347610474 
mask 0.00017881393 266.52467823028564 3.681669555604458 293.33676052093506 39.73642349243164 
mask 0.00016871095 69.3992486000061 105.54411020874977 238.49360275268555 211.89109072089195 
mask 0.00015589595 1.5172301530838013 275.0904638171196 10.600423693656921 353.2603629231453 
nomask 0.00014898181 2.466524764895439 288.0065830349922 8.549409627914429 381.7262389063835 
nomask 0.00014811754 303.7843894958496 77.6867211163044 325.1492443084717 123.00002062320709 
nomask 0.00014153123 0.9144661277532578 165.332655698061 6.880666494369507 253.36454474925995 
mask 0.00013977289 219.40513515472412 0.0 313.0512170791626 30.120963253080845 
nomask 0.0001372993 231.64439392089844 243.26732224225998 253.98369026184082 292.4297950863838 
mask 0.00013545156 0.6663724780082703 256.77670854330063 13.46412867307663 321.8712149262428 
mask 0.00013515353 298.3581304550171 12.984366565942764 323.6560392379761 43.680033445358276 
nomask 0.000133425 1.6817657947540283 0.0 136.18637466430664 305.91650438308716 
mask 0.00012910366 265.36027908325195 0.0 316.61767387390137 74.4254319369793 
nomask 0.00012737513 315.4835157394409 407.9412631392479 336.0 425.82932192087173 
mask 0.00012713671 51.59134769439697 100.95605720579624 123.91685485839844 300.26590901613235 
mask 0.0001269579 245.69809341430664 0.0 331.6198196411133 34.80908394604921 
nomask 0.00012418628 105.05288171768188 133.50715988874435 336.0 427.0 
mask 0.00012412667 105.05288171768188 133.50715988874435 336.0 427.0 
nomask 0.00012254715 326.2873077392578 74.76076400279999 336.0 134.11068379878998 
mask 0.000118523836 2.1484737396240234 221.46973264217377 336.0 427.0 
nomask 0.00011819601 40.4992196559906 0.0 152.7972822189331 192.47790795564651 
mask 0.000118136406 87.10715389251709 54.0061511695385 236.13951015472412 292.5989181995392 
nomask 0.0001180768 0.0 2.5579210724681616 9.593387335538864 28.46111024916172 
mask 0.000118047 167.02509784698486 17.019448071718216 307.38617420196533 271.8844037055969 
nomask 0.00011602044 4.710135340690613 58.293269380927086 41.05697858333588 225.17601031064987 
mask 0.00011458993 1.6817657947540283 0.0 136.18637466430664 305.91650438308716 
mask 0.00011315942 85.94692039489746 135.73210233449936 255.14045906066895 258.55908036231995 
nomask 0.0001116097 16.47789216041565 177.1183478832245 64.96421885490417 332.37896502017975 
nomask 0.00011008978 0.0 0.0 108.6345591545105 139.6176454126835 
mask 0.000109642744 77.3874020576477 205.8405045568943 256.9908084869385 322.72736728191376 
nomask 0.00010678172 2.1484737396240234 221.46973264217377 336.0 427.0 
mask 0.00010672212 285.5301332473755 236.4665624499321 335.1029634475708 397.15194660425186 
nomask 0.00010573864 292.44979763031006 0.0 336.0 427.0 
mask 0.00010499358 173.40505027770996 4.244112074375153 336.0 427.0 
nomask 0.000104665756 247.7856845855713 21.4627665579319 336.0 306.64944756031036 
nomask 0.00010308623 285.5301332473755 236.4665624499321 335.1029634475708 397.15194660425186 
mask 0.00010210276 279.3706398010254 6.952191151678562 307.5929145812988 41.73653972893953 
nomask 0.00010108948 0.0 0.0 79.76814079284668 194.55298110842705 
nomask 0.000100672245 26.355533123016357 8.62713511660695 54.75987482070923 55.312668576836586 
mask 9.974837e-05 327.6861848831177 11.529324006289244 334.1544771194458 58.140269592404366 
nomask 9.915233e-05 301.7018852233887 58.04649470746517 325.7966823577881 93.13689376413822 
nomask 9.864569e-05 0.0 220.86592876911163 153.67058658599854 427.0 
mask 9.641051e-05 22.25141215324402 136.4120306968689 189.49829578399658 246.65156608819962 
nomask 9.62317e-05 282.6763229370117 344.6903132200241 336.0 427.0 
nomask 9.584427e-05 212.81043148040771 388.01357197761536 336.0 427.0 
mask 9.4652176e-05 0.0 220.86592876911163 153.67058658599854 427.0 
mask 9.429455e-05 224.85600757598877 1.16685523185879 271.1471471786499 13.644274391233921 
nomask 9.328127e-05 285.95012283325195 82.79631340503693 302.89758682250977 119.9207074046135 
mask 9.295344e-05 326.2873077392578 74.76076400279999 336.0 134.11068379878998 
nomask 9.2834234e-05 173.40505027770996 4.244112074375153 336.0 427.0 
nomask 9.268522e-05 0.0 0.0 146.7422604560852 109.25062966346741 
mask 9.250641e-05 212.81043148040771 388.01357197761536 336.0 427.0 
nomask 9.176135e-05 0.14737017452716827 148.4792256951332 6.1059383153915405 224.37261825799942 
mask 9.098649e-05 0.0 147.07793444395065 157.34991645812988 285.87448650598526 
nomask 8.940697e-05 218.34423637390137 262.48156583309174 336.0 427.0 
nomask 8.878112e-05 0.0 151.86769443750381 19.950399041175842 339.8731423020363 
nomask 8.833408e-05 229.75715446472168 78.09220936894417 336.0 406.0925146341324 
mask 8.779764e-05 305.1020565032959 280.1113205552101 336.0 427.0 
nomask 8.532405e-05 330.71481227874756 35.3891768604517 336.0 81.41705651581287 
nomask 8.529425e-05 329.67596340179443 56.097901210188866 336.0 108.98867335915565 
nomask 8.2820654e-05 0.0 0.0 243.3544750213623 111.59468364715576 
nomask 8.159876e-05 0.0 97.75217317044735 5.361592590808868 158.76728117465973 
mask 8.1032515e-05 73.64142179489136 256.93178260326385 314.15833854675293 427.0 
nomask 8.100271e-05 13.912069916725159 118.96652981638908 32.92243158817291 163.04169288277626 
mask 7.8350306e-05 26.355533123016357 8.62713511660695 54.75987482070923 55.312668576836586 
mask 7.712841e-05 12.984206557273865 274.3579278588295 68.55818796157837 426.99498611688614 
nomask 7.6919794e-05 0.0 0.0 43.294575691223145 35.61020129919052 
nomask 7.6413155e-05 1.971415489912033 183.08569595217705 8.001532226800919 280.43905544281006 
mask 7.5906515e-05 256.2002363204956 47.75590047240257 331.2526617050171 300.7487943172455 
mask 7.581711e-05 194.34793281555176 142.96481961011887 336.0 287.39646726846695 
mask 7.531047e-05 2.4446316361427307 126.72814813256264 34.68454384803772 359.12367928028107 
