mask 0.99991405 0.23031676 0.24405566 0.81933534 0.81922495 
nomask 0.005145073 0.9888894 0.22184515 1.0 0.33179206 
nomask 0.0029189289 0.9913219 0.17767379 1.0 0.30834302 
mask 0.0010174215 0.9913219 0.17767379 1.0 0.30834302 
mask 0.00072038174 0.9888894 0.22184515 1.0 0.33179206 
nomask 0.00047391653 0.89606637 0.23180844 0.97008115 0.33635616 
nomask 0.00038802624 0.230845 0.24282506 0.8028201 0.81001866 
nomask 0.00038033724 0.9924776 0.2514426 1.0 0.39564747 
mask 0.00030192733 0.98941606 0.1296812 1.0 0.28270438 
mask 0.00030079484 0.839783 0.55658954 1.0 0.9703825 
nomask 0.00025349855 0.98941606 0.1296812 1.0 0.28270438 
nomask 0.00025337934 0.66837645 0.6096356 1.0 1.0 
nomask 0.00023016334 0.9554397 0.10473324 0.9962797 0.41939342 
nomask 0.00020959973 0.0 0.56312406 0.49308792 1.0 
nomask 0.0002078712 0.7874189 0.0 1.0 0.7162944 
mask 0.00020185113 0.17105561 0.5044074 0.85801333 0.8901068 
mask 0.00019690394 0.23781195 0.3619879 0.4890851 0.88235337 
mask 0.00019592047 0.98849005 0.07579968 1.0 0.23883986 
mask 0.00019320582 0.3126557 0.31266257 1.0 1.0 
nomask 0.00019320434 0.3126557 0.31266257 1.0 1.0 
mask 0.00019207597 0.0 0.52037823 1.0 1.0 
mask 0.00019049644 0.25383723 0.70859474 0.628785 0.98939043 
nomask 0.00018912554 0.85648537 0.123104855 1.0 0.39666015 
nomask 0.0001783073 0.0 0.52037823 1.0 1.0 
nomask 0.00016081333 0.8294692 0.8005865 1.0 1.0 
nomask 0.00015485287 0.62506163 0.91380554 1.0 1.0 
mask 0.00015422702 0.3716288 0.0074127214 0.52463514 0.024561886 
mask 0.00015383959 0.62506163 0.91380554 1.0 1.0 
nomask 0.00015094876 0.88760746 0.26216653 0.9660194 0.3747016 
mask 0.00015002489 0.0041711032 0.52869415 0.44348976 1.0 
mask 0.00014829636 0.90522796 0.6416769 1.0 1.0 
nomask 0.00014746189 0.9569192 0.17362502 0.99898076 0.5794426 
mask 0.00014331937 0.081935436 0.59500206 0.47453514 1.0 
nomask 0.00014004111 0.8797209 0.0 1.0 1.0 
mask 0.00013760306 0.5174556 0.00799644 1.0 1.0 
mask 0.00013163686 0.16049863 0.0 0.49900353 0.16674724 
nomask 0.00013023615 0.0 0.0 0.48006994 0.6302165 
mask 0.00012800097 0.55937386 0.3311916 1.0 0.6582559 
nomask 0.0001276104 0.5174556 0.00799644 1.0 1.0 
mask 0.00011923909 0.5257833 0.022847593 0.8659358 0.70848113 
nomask 0.00011071563 0.58645403 0.0040604174 1.0 0.44288144 
mask 0.000110358 0.21574385 0.82453203 0.5605344 0.9996749 
mask 0.00011014938 0.17903826 0.01630405 0.56278837 0.0700496 
nomask 0.00010448694 0.6677137 0.09224686 1.0 0.6452129 
nomask 0.00010418892 0.3716288 0.0074127214 0.52463514 0.024561886 
nomask 0.000103890896 0.86313087 0.19422519 0.9926837 0.5155905 
mask 0.00010287762 0.7874189 0.0 1.0 0.7162944 
mask 0.00010034442 0.35911202 0.003714636 0.7787663 0.055983514 
mask 0.000100046396 0.0 0.78527576 0.7079052 1.0 
mask 9.736419e-05 0.13823783 0.71686983 0.8907914 1.0 
mask 9.4771385e-05 0.6677137 0.09224686 1.0 0.6452129 
nomask 9.2715025e-05 0.0 0.0075664967 0.7361721 0.4248904 
mask 9.2059374e-05 0.22225884 0.24205558 0.55117595 0.70437527 
mask 9.062886e-05 0.31392413 0.54463017 0.66329664 1.0 
nomask 9.000301e-05 0.72773886 0.035379022 1.0 0.62509906 
mask 8.9764595e-05 0.52665985 0.5541122 1.0 0.9094758 
mask 8.791685e-05 0.18720967 0.29444066 0.7399034 0.62792957 
mask 8.660555e-05 0.28268424 0.22275688 0.80717874 0.4933988 
mask 8.59797e-05 0.58645403 0.0040604174 1.0 0.44288144 
nomask 8.2701445e-05 0.98849005 0.07579968 1.0 0.23883986 
mask 8.144975e-05 0.54747224 0.3839507 1.0 0.8491348 
nomask 8.073449e-05 0.0 0.8895694 1.0 1.0 
nomask 7.998943e-05 0.839783 0.55658954 1.0 0.9703825 
nomask 7.927418e-05 0.03680116 0.0 0.5977496 0.3357635 
nomask 7.811189e-05 0.123461485 0.0 0.86970377 0.26218343 
mask 7.69794e-05 0.32099876 0.009203879 0.48179957 0.026224008 
mask 7.650256e-05 0.01830095 0.032352418 0.97997206 0.657786 
mask 7.5250864e-05 0.0 0.13503188 0.41596806 0.9195902 
mask 7.370114e-05 0.66837645 0.6096356 1.0 1.0 
mask 7.3611736e-05 0.0 0.8895694 1.0 1.0 
mask 7.066131e-05 0.8797209 0.0 1.0 1.0 
mask 7.003546e-05 0.0 0.0 0.48006994 0.6302165 
mask 7.0005655e-05 0.26512563 0.0059484225 0.43400252 0.021580659 
mask 6.92904e-05 0.9554397 0.10473324 0.9962797 0.41939342 
nomask 6.7949295e-05 0.0 0.18251306 0.25106883 0.85077244 
nomask 6.780028e-05 0.10187107 0.6871459 0.6432461 1.0 
mask 6.6667795e-05 0.0 0.0075664967 0.7361721 0.4248904 
nomask 6.568432e-05 0.5429415 0.0 0.88465613 0.44903803 
mask 6.532669e-05 0.0 0.6409596 0.36372405 1.0 
nomask 6.508827e-05 0.5062168 0.0 1.0 0.17014515 
mask 6.502867e-05 0.72773886 0.035379022 1.0 0.62509906 
nomask 6.455183e-05 0.0 0.78527576 0.7079052 1.0 
nomask 6.106496e-05 0.5458113 0.0 1.0 0.2557385 
nomask 6.0617924e-05 0.622277 0.0 1.0 0.3655784 
mask 5.7786703e-05 0.9924776 0.2514426 1.0 0.39564747 
mask 5.5909157e-05 0.89606637 0.23180844 0.97008115 0.33635616 
nomask 5.4746866e-05 0.90231395 0.21260688 1.0 0.33627036 
mask 5.4240227e-05 0.10187107 0.6871459 0.6432461 1.0 
mask 5.3673983e-05 0.9364667 0.61943555 0.9994054 1.0 
nomask 5.236268e-05 0.8633475 0.32027274 0.9887958 0.7929899 
mask 5.221367e-05 0.0 0.012384206 0.0057889908 0.15391628 
nomask 5.13494e-05 0.10735959 0.5441296 0.45810974 1.0 
nomask 5.0902367e-05 0.8120245 0.23413809 0.9454845 0.56821394 
mask 5.069375e-05 0.88640666 0.024710089 1.0 0.5523478 
nomask 5.0485134e-05 0.028044939 0.35873085 0.22591496 0.7624803 
mask 5.0395727e-05 0.16397735 0.7851121 1.0 1.0 
mask 4.9620867e-05 0.11002591 0.011026666 0.6501175 0.24448003 
mask 4.87566e-05 0.5287702 0.7196469 1.0 1.0 
mask 4.848838e-05 0.0 0.33630067 0.42108542 0.6670839 
nomask 4.7683716e-05 0.12330295 0.0 0.45827067 0.43597677 
