mask 0.9997059 111.98346 82.35522 369.407 270.33624 
nomask 0.0023697317 112.69162 82.748764 372.74768 271.86203 
nomask 0.0006798506 41.572918 0.0 412.38983 82.142715 
nomask 0.0005375743 339.53696 0.0 429.0 222.6643 
nomask 0.0004746318 0.0 2.5225117 329.30704 128.7404 
mask 0.00046119094 118.046814 86.371414 289.36957 216.76758 
nomask 0.0003709197 421.909 21.99941 427.6343 78.476974 
nomask 0.0003658235 362.58377 252.85077 429.0 311.0 
nomask 0.00036498904 1.217042 168.33324 187.2593 311.0 
nomask 0.00036013126 268.37695 283.87427 429.0 311.0 
mask 0.000356704 268.37695 283.87427 429.0 311.0 
nomask 0.00034540892 281.64804 188.97375 429.0 311.0 
mask 0.00033149123 114.62672 181.90846 377.069 266.75247 
mask 0.00032302737 390.3975 201.07698 429.0 311.0 
nomask 0.0003195405 0.0 69.55668 62.32052 202.59143 
mask 0.00031417608 0.0 87.58191 19.510271 229.05867 
mask 0.00030490756 235.193 103.20831 429.0 208.32266 
mask 0.00028580427 55.23311 142.25749 429.0 311.0 
nomask 0.0002824962 0.0 5.1112566 100.80898 247.19112 
mask 0.00027793646 371.35208 103.926254 426.38724 260.78094 
nomask 0.00027489662 254.17809 0.8838787 429.0 134.16318 
mask 0.0002720952 1.217042 168.33324 187.2593 311.0 
mask 0.00025755167 421.909 21.99941 427.6343 78.476974 
nomask 0.00025486946 0.0 0.0 207.60829 194.9218 
nomask 0.00025427341 0.0 70.69321 18.96513 215.0366 
nomask 0.00025364757 420.89938 1.8647224 427.61612 60.521244 
mask 0.00024345517 43.082527 110.10149 206.3907 311.0 
nomask 0.00024294853 43.22671 209.47783 273.74686 311.0 
nomask 0.00024291873 126.455925 0.0 424.06122 39.78262 
nomask 0.00024271011 140.8363 0.0 284.2351 147.2324 
mask 0.00024095178 339.53696 0.0 429.0 222.6643 
nomask 0.0002360642 356.53232 0.76998246 429.0 261.37695 
nomask 0.00023260713 413.2907 250.43677 426.85504 301.65298 
nomask 0.00023150444 284.4009 29.201387 429.0 200.44113 
nomask 0.00022944808 140.63023 102.25293 429.0 311.0 
mask 0.00022181869 284.4009 29.201387 429.0 200.44113 
nomask 0.00021830201 2.2639513 159.61572 429.0 311.0 
mask 0.00021803241 134.13171 97.23984 429.0 311.0 
mask 0.00021752715 107.78908 88.042496 207.95398 260.12335 
mask 0.00021615624 420.89938 1.8647224 427.61612 60.521244 
nomask 0.00021585822 15.089802 88.3625 95.73826 273.9219 
nomask 0.00021082163 44.62228 82.13746 102.92129 199.2686 
nomask 0.00021064281 0.0 0.0 193.76169 77.7017 
nomask 0.00021019578 282.15628 247.72908 404.29126 300.04083 
mask 0.00020688772 196.79985 41.483913 429.0 311.0 
nomask 0.00020548701 302.77798 0.0 429.0 129.28137 
mask 0.00020518899 0.0 39.755733 177.47556 293.2645 
mask 0.00020164251 0.0 2.5225117 329.30704 128.7404 
mask 0.00020164251 43.22671 209.47783 273.74686 311.0 
nomask 0.00019961596 9.07295 0.0 331.66748 35.410824 
nomask 0.00019800663 17.288794 0.0 261.45792 105.95478 
nomask 0.00019603968 409.6215 298.50967 429.0 311.0 
mask 0.00019007921 9.269459 6.501108 424.77936 203.8861 
nomask 0.00018900633 0.0 2.0916321 150.29251 48.92296 
mask 0.00018879771 234.73288 227.06148 429.0 311.0 
nomask 0.00018852949 93.58219 0.0 395.92963 209.16928 
mask 0.00018760562 223.21965 173.50836 429.0 278.62653 
nomask 0.00018683076 374.41315 112.19971 425.31787 266.38144 
nomask 0.00018411875 0.0 277.67676 429.0 311.0 
nomask 0.00018402934 0.0 0.0 102.72381 148.17122 
nomask 0.00017943978 202.59947 0.0 429.0 77.5868 
mask 0.00017929077 254.17809 0.8838787 429.0 134.16318 
mask 0.0001783967 282.15628 247.72908 404.29126 300.04083 
nomask 0.00017416477 150.53896 0.0 426.72824 111.04289 
mask 0.00017368793 0.0 277.67676 429.0 311.0 
nomask 0.0001719594 10.483873 0.0 98.90649 85.50032 
mask 0.00016996264 0.0 245.34514 296.93292 311.0 
nomask 0.00016954541 410.42316 270.07263 425.2765 305.09634 
mask 0.00016066432 0.0 101.11444 290.51974 270.84766 
mask 0.00016018748 413.2907 250.43677 426.85504 301.65298 
mask 0.00015637279 327.82477 301.60797 387.62845 309.26572 
mask 0.00015446544 356.53232 0.76998246 429.0 261.37695 
nomask 0.00015068054 424.43253 26.78336 429.0 98.37763 
nomask 0.00015026331 231.1619 0.0 379.9466 144.65176 
nomask 0.00014558434 48.68241 0.0 194.96616 143.7668 
mask 0.00014472008 408.62274 121.24966 426.66922 292.8627 
mask 0.00014466047 411.9782 3.3331628 428.45303 16.55481 
mask 0.00014442205 41.572918 0.0 412.38983 82.142715 
mask 0.00014439225 411.83017 20.598595 425.4611 160.94077 
mask 0.00014343858 0.89131474 122.62309 7.516003 183.74066 
nomask 0.00014191866 408.62274 121.24966 426.66922 292.8627 
mask 0.00013893843 0.0 228.23659 297.8186 311.0 
mask 0.0001361072 379.06207 155.01906 422.65094 286.02008 
mask 0.00013580918 228.82625 120.946556 429.0 262.53314 
mask 0.00013574958 410.42316 270.07263 425.2765 305.09634 
mask 0.00013431907 424.43253 26.78336 429.0 98.37763 
nomask 0.00013151765 278.7555 0.0 429.0 43.56527 
nomask 0.00013110042 0.0 245.34514 296.93292 311.0 
nomask 0.00012522936 234.73288 227.06148 429.0 311.0 
mask 0.00012508035 308.27615 303.63202 376.8042 310.4565 
mask 0.0001219213 134.71045 170.28622 285.82672 311.0 
mask 0.000119656324 259.0637 86.71162 357.40384 255.18652 
nomask 0.0001180172 0.89131474 122.62309 7.516003 183.74066 
nomask 0.00011730194 0.0 0.0 94.2685 65.99886 
nomask 0.000113874674 363.86545 0.0 429.0 70.13938 
mask 0.000113874674 308.0267 59.485886 429.0 247.34886 
nomask 0.00011149049 0.0 123.1779 73.01244 251.84567 
nomask 0.00010922551 0.0 111.37288 4.477874 176.82368 
mask 0.0001090467 154.053 0.0 426.05856 41.969696 
nomask 0.00010660291 309.93143 11.179126 429.0 203.39505 
