mask 0.973878 52.80124247074127 130.06951808929443 302.4657368659973 471.90513610839844 
mask 0.0100643635 232.9238086938858 30.398786067962646 444.08527314662933 302.4819850921631 
mask 0.0038939416 188.6447086930275 39.32981491088867 297.66629934310913 420.493745803833 
nomask 0.001788348 37.76369243860245 92.57493019104004 338.3711814880371 546.9842910766602 
mask 0.0017094016 14.53605741262436 14.092230796813965 431.0217618942261 513.5777473449707 
mask 0.0010301173 5.221080780029297 141.84565544128418 258.411768078804 726.0295391082764 
nomask 0.00090283155 372.7638602256775 7.576394081115723 450.0 723.537540435791 
mask 0.0008301735 177.82613933086395 560.2388858795166 444.62123215198517 793.8148975372314 
nomask 0.0007985532 316.17909371852875 144.43953037261963 450.0 771.7073440551758 
nomask 0.0007917285 372.22044467926025 652.2984504699707 450.0 800.0 
nomask 0.0007300079 19.898517429828644 661.0918045043945 379.32448983192444 800.0 
nomask 0.0007032156 335.779470205307 112.70995140075684 363.1199240684509 182.7815294265747 
mask 0.0006915629 4.503375291824341 413.6188507080078 450.0 800.0 
nomask 0.0006709397 279.3552875518799 104.66748476028442 357.1803331375122 286.9757652282715 
mask 0.0006582737 107.84259885549545 112.53286600112915 359.20904874801636 311.1687660217285 
mask 0.0006533563 354.8919528722763 677.5106430053711 450.0 800.0 
nomask 0.0006388128 11.678914725780487 574.7053146362305 445.6651210784912 794.4929122924805 
mask 0.0006329119 245.58276236057281 0.0 408.2160383462906 369.4971561431885 
mask 0.0006186962 406.806617975235 526.59010887146 450.0 800.0 
mask 0.000618428 158.86837989091873 0.0 450.0 235.63640117645264 
mask 0.0005992651 0.0 12.824785709381104 319.6353077888489 356.8653106689453 
nomask 0.0005901754 4.503375291824341 413.6188507080078 450.0 800.0 
mask 0.00053569674 150.18314570188522 157.45443105697632 407.313072681427 370.628023147583 
mask 0.0005348921 207.44795948266983 109.29474830627441 450.0 800.0 
mask 0.00053048134 3.8198813796043396 0.0 204.39835488796234 560.6437683105469 
nomask 0.00052544475 207.44795948266983 109.29474830627441 450.0 800.0 
mask 0.000497967 0.0 711.4534378051758 450.0 800.0 
mask 0.00049602985 150.19107162952423 0.0 297.11813628673553 405.2104949951172 
mask 0.0004723072 0.0 257.4774742126465 223.8453358411789 525.1155376434326 
mask 0.0004554093 161.93215996026993 687.8947734832764 450.0 800.0 
mask 0.0004427731 286.6677939891815 503.818941116333 450.0 796.2396144866943 
mask 0.00043720007 0.0 125.48496723175049 108.98330882191658 713.4393692016602 
mask 0.0004361272 29.928329586982727 301.3038158416748 314.435738325119 514.8236751556396 
nomask 0.00040602684 296.3560402393341 78.80120277404785 450.0 517.1477317810059 
nomask 0.000405401 243.06918382644653 561.4669799804688 450.0 799.5501518249512 
mask 0.0004017055 372.7638602256775 7.576394081115723 450.0 723.537540435791 
mask 0.00040084124 296.3560402393341 78.80120277404785 450.0 517.1477317810059 
mask 0.0003629923 308.31340849399567 592.5373554229736 450.0 792.7465915679932 
nomask 0.00036025047 0.0 219.0859317779541 111.82607486844063 800.0 
nomask 0.00035652518 0.0 595.7169055938721 243.15555095672607 800.0 
nomask 0.0003553331 161.93215996026993 687.8947734832764 450.0 800.0 
mask 0.00034323335 269.60551142692566 29.26204204559326 450.0 483.41283798217773 
nomask 0.00033971667 348.31514954566956 492.832612991333 450.0 800.0 
mask 0.000338763 0.0 591.8587684631348 374.7989058494568 796.1202621459961 
mask 0.00033447146 0.0 89.33391571044922 224.3365153670311 366.0636901855469 
nomask 0.00033417344 0.0 589.1203880310059 284.1791868209839 800.0 
nomask 0.00032362342 70.32428830862045 531.2808036804199 430.7158827781677 800.0 
nomask 0.0003053248 320.7795113325119 466.11928939819336 450.0 791.1072731018066 
nomask 0.00030472875 8.934800326824188 295.64239978790283 317.9842472076416 781.0625076293945 
nomask 0.00029167533 271.3927745819092 639.8825645446777 450.0 800.0 
nomask 0.000289917 303.0488222837448 134.2114806175232 345.8729714155197 245.3479766845703 
mask 0.0002849698 286.3111138343811 70.6072449684143 393.38468313217163 433.0467224121094 
mask 0.00028410554 214.83799517154694 0.0 447.69558012485504 124.64282512664795 
mask 0.0002731681 46.2338000535965 552.0103931427002 295.3054189682007 800.0 
mask 0.0002720356 0.0 0.0 4.17673084884882 167.27598905563354 
nomask 0.0002706647 308.31340849399567 592.5373554229736 450.0 792.7465915679932 
mask 0.00026860833 252.52670645713806 5.988407135009766 450.0 360.0893259048462 
nomask 0.0002606213 40.91644138097763 111.31165027618408 297.01693654060364 336.71748638153076 
mask 0.0002566874 334.09909307956696 0.0 450.0 358.3465814590454 
mask 0.00024428964 296.9901144504547 680.8087348937988 450.0 800.0 
mask 0.00023895502 10.784760117530823 100.34071207046509 258.36579501628876 302.4467945098877 
nomask 0.00023582578 105.47345727682114 497.54343032836914 153.2451555132866 590.3728485107422 
nomask 0.0002321899 304.0335416793823 0.0 450.0 467.4917221069336 
mask 0.00023207068 0.0 425.1699447631836 330.84753155708313 769.550895690918 
mask 0.00022903085 312.6597672700882 355.27281761169434 450.0 736.6549968719482 
mask 0.0002245605 319.5944309234619 537.1784210205078 450.0 800.0 
mask 0.00022000074 0.0 571.0444927215576 217.3869788646698 800.0 
nomask 0.0002194941 0.0 438.3800506591797 110.10231971740723 800.0 
nomask 0.00021377206 0.0 439.9489402770996 222.39777445793152 734.0877532958984 
mask 0.00020992756 371.96128964424133 477.9991626739502 450.0 800.0 
nomask 0.00020816922 0.0 0.0 141.97769165039062 114.39945697784424 
mask 0.0002053678 286.3355219364166 221.90287113189697 409.2858374118805 540.2482032775879 
nomask 0.00020328164 296.9901144504547 680.8087348937988 450.0 800.0 
mask 0.0001963079 0.0 439.9489402770996 222.39777445793152 734.0877532958984 
nomask 0.00019341707 0.0 257.4774742126465 223.8453358411789 525.1155376434326 
mask 0.00018849969 51.25696733593941 211.82289123535156 167.6523596048355 656.9568634033203 
nomask 0.0001834333 0.0 0.0 191.2787452340126 201.3713836669922 
nomask 0.00017663836 212.96353340148926 463.59190940856934 444.8464572429657 746.6851711273193 
mask 0.00017496943 244.4771021604538 77.42891311645508 334.58843529224396 459.24859046936035 
mask 0.00017350912 391.2378430366516 0.0 450.0 246.9621181488037 
mask 0.00017300248 0.0 209.70518589019775 46.71190716326237 731.7815780639648 
nomask 0.00017175078 0.0 256.4845561981201 67.99576878547668 653.7108898162842 
nomask 0.00017127395 350.00893771648407 622.3114967346191 450.0 800.0 
mask 0.00016963482 238.97186815738678 290.44880867004395 350.1459985971451 604.6973705291748 
mask 0.00016877055 40.35729467868805 35.73408126831055 294.0843164920807 203.48527431488037 
nomask 0.00016760826 47.154153138399124 436.46373748779297 207.7429622411728 800.0 
nomask 0.00016468763 0.0 0.0 146.06818109750748 256.37688636779785 
mask 0.00016465783 196.3099256157875 227.39014625549316 295.5259770154953 602.7010440826416 
mask 0.0001643002 0.0 589.1203880310059 284.1791868209839 800.0 
nomask 0.00016400218 124.37552064657211 502.0702362060547 171.53688222169876 585.7139587402344 
nomask 0.00016397238 291.299968957901 545.7124710083008 395.8402454853058 800.0 
nomask 0.00016358495 0.0 0.0 4.17673084884882 167.27598905563354 
nomask 0.00016269088 336.473223567009 553.1393051147461 441.2151485681534 800.0 
mask 0.00016191602 53.727154433727264 50.7199764251709 167.4647256731987 408.9856147766113 
mask 0.00015711784 291.299968957901 545.7124710083008 395.8402454853058 800.0 
mask 0.00015705824 12.50070333480835 673.9928245544434 346.96712493896484 800.0 
mask 0.00015574694 386.2352281808853 533.9393138885498 450.0 800.0 
mask 0.00015550852 336.473223567009 553.1393051147461 441.2151485681534 800.0 
mask 0.00015416741 3.5402392968535423 166.3809895515442 21.319654025137424 490.94085693359375 
mask 0.00015327334 0.0 438.3800506591797 110.10231971740723 800.0 
