mask 0.9999175 84.6799373626709 121.58108627796173 260.2488708496094 345.4206609725952 
nomask 0.0020124018 85.22422790527344 123.10091698169708 260.49610137939453 348.2423071861267 
nomask 0.00035965443 0.0 0.0 152.32759475708008 271.48131561279297 
nomask 0.0003246367 236.49551391601562 0.0 320.0 275.94807600975037 
nomask 0.0003013909 208.87374877929688 259.00000953674316 320.0 428.0 
nomask 0.0002837777 0.0 250.25225830078125 188.92635345458984 428.0 
mask 0.0002464354 62.459983825683594 133.89185273647308 233.8334846496582 265.75062322616577 
mask 0.00023597479 154.2638111114502 99.58895027637482 253.27434539794922 310.4294009208679 
mask 0.00022557378 0.0 264.4816656112671 177.33562469482422 428.0 
nomask 0.00020360947 0.0 3.4529553055763245 236.87938690185547 178.176118850708 
nomask 0.0001962483 267.7509307861328 347.9025800228119 320.0 428.0 
nomask 0.00018319488 201.4328956604004 390.0226001739502 320.0 428.0 
mask 0.00017935038 201.4328956604004 390.0226001739502 320.0 428.0 
mask 0.00017917156 10.341835021972656 362.5203380584717 115.73806762695312 426.77400255203247 
mask 0.00017046928 290.7960891723633 278.49035358428955 320.0 428.0 
nomask 0.00015315413 235.09515762329102 13.667851090431213 320.0 276.78388595581055 
mask 0.00013896823 43.953914642333984 197.49682891368866 320.0 428.0 
mask 0.0001385808 235.09515762329102 13.667851090431213 320.0 276.78388595581055 
nomask 0.0001334846 100.05066871643066 133.82061386108398 320.0 428.0 
nomask 0.00012680888 28.806991577148438 0.0 309.78511810302734 108.12603342533112 
nomask 0.00012338161 281.1629104614258 0.0 320.0 427.9092581272125 
mask 0.00012049079 271.37521743774414 357.15799593925476 320.0 422.85159134864807 
mask 0.000119537115 82.69850730895996 259.7655117511749 267.68505096435547 360.5024092197418 
nomask 0.00011691451 2.830524444580078 221.50856471061707 320.0 428.0 
nomask 0.00011655688 211.9774627685547 40.83673822879791 320.0 276.51694107055664 
nomask 0.00011599064 106.27238273620605 0.0 210.82698822021484 200.34839928150177 
mask 0.000115424395 175.9960174560547 142.84380507469177 320.0 282.8931839466095 
mask 0.00011509657 0.0 0.0 152.32759475708008 271.48131561279297 
mask 0.00011485815 148.02370071411133 57.84698724746704 320.0 428.0 
nomask 0.00011432171 0.0 0.0 73.96202087402344 327.0473577976227 
nomask 0.0001142323 0.0 380.6174359321594 320.0 428.0 
mask 0.00011372566 172.50797271728516 234.49827527999878 320.0 387.35575342178345 
nomask 0.00011318922 183.94834518432617 2.125782072544098 320.0 189.13606357574463 
mask 0.000112593174 211.9774627685547 40.83673822879791 320.0 276.51694107055664 
nomask 0.00011137128 0.0 0.0 76.8941068649292 201.54060769081116 
mask 0.000110358 250.3228759765625 0.0 320.0 308.12623596191406 
nomask 0.00010317564 31.71672821044922 290.02395939826965 206.39360427856445 428.0 
mask 0.00010198355 167.92757034301758 12.70985722541809 280.1132392883301 305.10310554504395 
mask 0.000101953745 0.0 380.6174359321594 320.0 428.0 
mask 0.00010061264 97.6955795288086 103.07072639465332 257.0767593383789 207.16474151611328 
mask 9.8347664e-05 8.363838195800781 10.194442510604858 315.6553268432617 281.1560523509979 
mask 9.3758106e-05 169.46622848510742 164.4081506729126 320.0 361.3216371536255 
mask 9.328127e-05 0.0 3.4529553055763245 236.87938690185547 178.176118850708 
mask 9.036064e-05 184.93249893188477 338.3911888599396 320.0 428.0 
mask 9.030104e-05 265.07137298583984 224.149160861969 320.0 425.9294934272766 
mask 9.006262e-05 183.94834518432617 2.125782072544098 320.0 189.13606357574463 
mask 8.5920095e-05 31.71672821044922 290.02395939826965 206.39360427856445 428.0 
nomask 8.279085e-05 164.87274169921875 4.4947967529296875 320.0 428.0 
mask 8.106232e-05 0.0 52.6201456785202 130.78125 396.2323851585388 
mask 7.95424e-05 28.806991577148438 0.0 309.78511810302734 108.12603342533112 
nomask 7.888675e-05 172.34657287597656 0.0 284.8450469970703 197.58128237724304 
mask 7.674098e-05 80.73332786560059 0.0 320.0 54.103164315223694 
mask 7.534027e-05 230.53905487060547 151.37864327430725 320.0 428.0 
mask 7.370114e-05 281.1629104614258 0.0 320.0 427.9092581272125 
mask 7.352233e-05 41.48477554321289 306.3185670375824 278.0830955505371 428.0 
mask 7.31051e-05 52.05349922180176 334.7327632904053 320.0 428.0 
mask 7.086992e-05 199.28064346313477 85.54063129425049 263.9267158508301 309.55476355552673 
nomask 7.072091e-05 303.8722801208496 410.28183937072754 320.0 428.0 
mask 6.8217516e-05 97.7037525177002 35.36566913127899 227.91976928710938 307.0766201019287 
nomask 6.66976e-05 41.48477554321289 306.3185670375824 278.0830955505371 428.0 
nomask 6.553531e-05 228.10672760009766 0.0 320.0 186.06678414344788 
nomask 6.425381e-05 0.0 0.0 146.4982795715332 109.42772138118744 
nomask 6.404519e-05 155.20604133605957 0.0 320.0 107.97506058216095 
nomask 6.330013e-05 237.81610488891602 218.7805941104889 320.0 428.0 
mask 6.315112e-05 0.6389188766479492 409.0226013660431 16.667230129241943 427.66736483573914 
nomask 6.276369e-05 63.22331428527832 0.0 268.1679916381836 145.6143914461136 
nomask 5.8829784e-05 35.64168453216553 0.0 145.9244728088379 196.94134426116943 
mask 5.8740377e-05 174.5940399169922 312.83988976478577 320.0 428.0 
mask 5.6773424e-05 303.8722801208496 410.28183937072754 320.0 428.0 
nomask 5.5909157e-05 174.5940399169922 312.83988976478577 320.0 428.0 
mask 5.4746866e-05 84.98756408691406 91.3199599981308 154.17388916015625 306.2166004180908 
mask 5.340576e-05 83.82905006408691 216.40592241287231 297.5606155395508 389.75279808044434 
nomask 5.248189e-05 0.0 0.0 117.46109008789062 154.7126226425171 
nomask 5.209446e-05 97.6955795288086 103.07072639465332 257.0767593383789 207.16474151611328 
mask 5.1766634e-05 0.0 142.27963399887085 138.39186668395996 284.74598145484924 
nomask 5.1617622e-05 32.9834508895874 234.16194105148315 147.28839874267578 428.0 
nomask 5.1021576e-05 168.32416534423828 73.09032720327377 245.5328369140625 283.04155468940735 
mask 4.9978495e-05 101.53303146362305 232.50777053833008 213.8966178894043 428.0 
mask 4.9859285e-05 1.0357379913330078 137.87570667266846 225.9521484375 369.4393229484558 
mask 4.8458576e-05 155.20604133605957 0.0 320.0 107.97506058216095 
mask 4.8458576e-05 1.8725359439849854 377.96268129348755 10.208483934402466 425.9691882133484 
nomask 4.8041344e-05 0.0 45.712270736694336 102.90386199951172 154.2122540473938 
mask 4.786253e-05 5.687994956970215 414.89500617980957 51.772146224975586 423.9463357925415 
mask 4.503131e-05 32.986741065979004 170.3336944580078 174.3297004699707 419.1963291168213 
nomask 4.4852495e-05 0.8517837524414062 262.3323817253113 181.71916961669922 428.0 
mask 4.389882e-05 106.27238273620605 0.0 210.82698822021484 200.34839928150177 
mask 4.3094158e-05 7.806282043457031 274.4389853477478 173.9991569519043 428.0 
mask 4.1395426e-05 156.96172714233398 132.86875534057617 315.638484954834 244.42138504981995 
nomask 3.9577484e-05 265.07137298583984 224.149160861969 320.0 425.9294934272766 
mask 3.8802624e-05 0.0 0.0 73.96202087402344 327.0473577976227 
nomask 3.8653612e-05 80.73332786560059 0.0 320.0 54.103164315223694 
nomask 3.8653612e-05 0.0 142.27963399887085 138.39186668395996 284.74598145484924 
mask 3.811717e-05 0.0 0.0 146.4982795715332 109.42772138118744 
nomask 3.71933e-05 0.0 0.0 105.91852188110352 64.60419547557831 
mask 3.620982e-05 32.9834508895874 234.16194105148315 147.28839874267578 428.0 
mask 3.5613775e-05 21.058485507965088 417.22207474708557 73.68386268615723 424.4631588459015 
mask 3.4719706e-05 35.64168453216553 0.0 145.9244728088379 196.94134426116943 
nomask 3.4034252e-05 52.05349922180176 334.7327632904053 320.0 428.0 
nomask 3.3795834e-05 206.9819450378418 31.707128763198853 320.0 222.65805530548096 
nomask 3.311038e-05 271.37521743774414 357.15799593925476 320.0 422.85159134864807 
