mask 0.9995022 51.07339 46.061985 156.50795 137.46161 
mask 0.0009417534 0.0 40.6032 134.16174 186.52795 
nomask 0.0005784333 50.766403 45.541775 156.74527 137.67438 
mask 0.00055375695 2.7781827 131.52185 18.86933 209.0 
mask 0.00038677454 33.245296 19.980108 221.26175 164.12619 
mask 0.00038290024 0.8559323 45.83853 40.435116 141.2635 
mask 0.00031894445 19.12001 45.287693 144.5014 102.257545 
mask 0.00031241775 41.414673 28.469492 106.500275 129.18655 
mask 0.00028827786 0.5040939 125.480576 43.626076 204.48103 
nomask 0.00026667118 0.0 42.63011 40.20786 139.32002 
mask 0.00026270747 252.081 74.14853 265.6562 174.35739 
mask 0.00023069978 32.800797 28.764187 163.85498 80.35412 
mask 0.00022783875 13.674411 77.8885 167.75676 206.2427 
mask 0.00021746755 9.309217 39.611816 59.47858 138.66586 
mask 0.00020521879 123.658195 28.223618 267.0 209.0 
mask 0.00019869208 19.593779 84.20982 156.23326 134.76433 
mask 0.00019773841 1.9028418 108.39439 267.0 209.0 
nomask 0.0001885593 123.658195 28.223618 267.0 209.0 
mask 0.00018802285 0.0 69.47276 117.32144 137.60101 
nomask 0.00018236041 0.0 173.61537 245.45723 209.0 
mask 0.00018128753 85.85669 18.429565 149.31244 118.74675 
mask 0.00018072128 42.93993 100.630295 218.15553 199.80331 
nomask 0.00018042326 1.9028418 108.39439 267.0 209.0 
nomask 0.00017088652 215.28946 177.1173 267.0 209.0 
nomask 0.00016701221 234.68414 0.0 267.0 209.0 
nomask 0.00016376376 35.372654 0.0 246.28052 55.116642 
nomask 0.00016337633 24.564785 0.0 135.67923 87.891716 
mask 0.00016006827 0.0 173.61537 245.45723 209.0 
mask 0.00015625358 75.474434 46.290913 214.12271 98.22753 
mask 0.00015601516 170.03352 189.5035 267.0 209.0 
nomask 0.00015285611 47.127567 130.16888 252.1282 209.0 
nomask 0.00015228987 0.0 42.274223 1.1701279 87.572464 
mask 0.00014415383 71.76548 62.907005 200.541 120.84504 
nomask 0.00014159083 242.12859 139.03027 267.0 209.0 
nomask 0.00014129281 0.0 0.0 64.30919 96.45684 
mask 0.00013577938 242.12859 139.03027 267.0 209.0 
mask 0.00013384223 0.0 35.426167 1.1337718 77.80692 
mask 0.00012946129 70.34449 83.10621 211.15248 135.79794 
nomask 0.000121980906 205.38203 0.0 267.0 151.73845 
nomask 0.000121861696 0.0 0.0 112.90272 52.91389 
mask 0.00012135506 234.40137 68.6277 267.0 163.68355 
mask 0.00011822581 222.8311 1.5763183 267.0 189.89673 
nomask 0.000118136406 0.76184016 0.0 171.22472 59.35253 
mask 0.00011333823 0.8979914 28.765041 9.180921 163.43427 
mask 0.00011241436 177.13655 19.973034 267.0 135.08012 
nomask 0.00011178851 0.0 5.2694864 68.44923 136.02507 
mask 0.00011011958 0.0 5.2694864 68.44923 136.02507 
mask 0.000103622675 62.66399 19.75276 128.72665 119.723656 
mask 0.00010219216 108.1423 26.085012 164.42355 132.28717 
nomask 0.0001013577 177.13655 19.973034 267.0 135.08012 
nomask 0.00010085106 179.37279 136.25131 267.0 209.0 
nomask 9.9897385e-05 131.48923 45.099648 173.0029 102.11285 
mask 9.986758e-05 1.2204247 154.83879 6.1943264 194.14499 
nomask 9.703636e-05 87.62152 0.0 173.2417 99.04073 
mask 9.274483e-05 23.663515 4.894632 172.70769 55.88531 
mask 9.211898e-05 0.0 68.483185 74.27906 209.0 
mask 9.1433525e-05 156.99188 165.70952 267.0 209.0 
mask 8.8870525e-05 118.699486 42.67456 254.22574 171.11761 
mask 8.8721514e-05 78.042076 56.85734 176.01222 205.1783 
mask 8.684397e-05 78.908455 66.00304 267.0 139.44066 
nomask 8.627772e-05 25.695988 143.18835 174.6494 209.0 
mask 8.136034e-05 0.9183746 15.863431 169.67882 101.91924 
mask 7.969141e-05 0.0 47.169304 80.921394 158.77246 
mask 7.95722e-05 2.474092 142.59415 8.840688 186.57904 
nomask 7.778406e-05 0.0 2.2579484 185.0926 88.85018 
nomask 7.712841e-05 252.081 74.14853 265.6562 174.35739 
nomask 7.6532364e-05 56.737022 1.3358693 129.16016 88.78111 
mask 7.650256e-05 0.0 124.43921 184.30444 209.0 
mask 7.584691e-05 1.7291218 63.76302 13.229646 171.99438 
mask 7.534027e-05 77.49991 24.953611 228.90083 74.56396 
mask 7.3224306e-05 0.0 66.06764 109.641266 118.55033 
nomask 7.2836876e-05 17.841003 0.0 109.68069 72.81788 
nomask 7.203221e-05 0.0 103.47911 67.72789 209.0 
mask 7.075071e-05 25.695988 143.18835 174.6494 209.0 
mask 7.045269e-05 71.77572 2.2339492 247.0575 54.41625 
nomask 7.0244074e-05 56.89868 29.222755 192.96017 79.36865 
nomask 7.0005655e-05 0.0 0.0 92.82615 75.09473 
nomask 6.9618225e-05 1.9446468 136.95503 8.872806 176.971 
mask 6.955862e-05 205.38203 0.0 267.0 151.73845 
mask 6.759167e-05 0.0 162.00172 195.82368 209.0 
mask 6.6280365e-05 0.0 0.0 112.465515 151.13826 
nomask 6.5624714e-05 0.0 131.78183 158.30092 209.0 
mask 6.529689e-05 179.5271 0.0 267.0 28.744688 
mask 6.386638e-05 0.0 22.061708 111.717 96.27623 
mask 6.303191e-05 0.0 114.13504 124.20548 192.60107 
nomask 6.300211e-05 8.816486 28.843363 60.962612 122.745926 
mask 6.258488e-05 263.65677 84.33021 267.0 129.44507 
nomask 6.181002e-05 0.0 0.0 143.36823 129.6034 
nomask 6.136298e-05 186.0934 38.21406 267.0 204.80191 
nomask 6.097555e-05 0.00049807224 49.935173 1.4855427 102.77048 
nomask 5.814433e-05 0.0 69.47276 117.32144 137.60101 
mask 5.7965517e-05 0.0 0.0 112.90272 52.91389 
nomask 5.7131052e-05 263.65677 84.33021 267.0 129.44507 
mask 5.7131052e-05 60.21476 0.0 256.94025 24.916456 
mask 5.6743622e-05 0.0 153.71422 86.317856 196.22266 
mask 5.6684017e-05 17.841003 0.0 109.68069 72.81788 
nomask 5.558133e-05 148.6091 1.2664256 267.0 91.81251 
nomask 5.5283308e-05 55.83126 0.0 219.54425 77.362755 
mask 5.415082e-05 32.8812 0.0 122.40753 98.806244 
mask 5.3226948e-05 190.76407 135.65108 267.0 209.0 
