mask 0.9999476 0.18250927 0.05189851 0.77044106 0.83136344 
nomask 0.0024033189 0.18064263 0.058384836 0.77088714 0.84104496 
nomask 0.0004438758 0.011171527 0.96601105 0.19257 0.9934406 
nomask 0.0004042685 0.008720763 0.84516597 0.15989918 1.0 
mask 0.000397712 0.006373845 0.723149 0.17057541 1.0 
mask 0.0003324151 0.0 0.8480765 0.2526667 1.0 
nomask 0.00023135543 0.008824602 0.95738924 0.06495928 1.0 
mask 0.00021871924 0.011171527 0.96601105 0.19257 0.9934406 
nomask 0.00021183491 0.79515254 0.030824676 0.97340155 0.38593352 
nomask 0.0001989603 0.014940351 0.86999667 0.92252815 1.0 
nomask 0.00019714236 0.659304 0.63040674 1.0 1.0 
nomask 0.0001912117 0.0 0.8480765 0.2526667 1.0 
nomask 0.00018745661 0.4642344 0.964427 0.61687666 1.0 
nomask 0.00018328428 0.020081304 0.88626254 0.12987393 0.989998 
mask 0.00018191338 0.12616879 0.71942085 0.86804134 0.9999923 
nomask 0.00017371774 0.0050555905 0.8146426 0.02597377 1.0 
nomask 0.00017243624 0.5147479 0.9647764 0.6635031 0.9994416 
nomask 0.0001668334 0.0 0.9203992 0.18014117 1.0 
mask 0.00015702844 0.014067832 0.37215555 0.07596488 0.7245277 
mask 0.00015282631 0.0 0.9203992 0.18014117 1.0 
nomask 0.00014838576 0.0614101 0.9691561 0.22137436 0.9981306 
mask 0.00014603138 0.0003937995 0.0026044026 0.020064749 0.17029878 
nomask 0.00014412403 0.0 0.60192025 0.58868945 1.0 
nomask 0.00014203787 0.71185 0.0 1.0 0.38794515 
nomask 0.0001386404 0.014067832 0.37215555 0.07596488 0.7245277 
mask 0.00013277795 0.3126534 0.3126597 1.0 1.0 
nomask 0.00013277693 0.3126534 0.3126597 1.0 1.0 
nomask 0.0001320839 0.8030503 0.23125277 0.9481875 0.60439754 
mask 0.00012776256 0.0015353216 0.48200843 0.028962504 0.6917184 
mask 0.00012657046 0.0 0.78572947 0.72828126 1.0 
mask 0.00012627244 0.0 0.0 0.56638825 0.5593401 
mask 0.00012574212 0.5162039 0.008810759 1.0 1.0 
nomask 0.0001244843 0.0 0.0 0.24055384 0.46575016 
nomask 0.00012341142 0.0 0.0 0.15994918 0.3472243 
nomask 0.000121574805 0.5162039 0.008810759 1.0 1.0 
mask 0.000120192766 0.0 0.52115077 1.0 1.0 
nomask 0.00011989474 0.9507965 0.9454121 1.0 1.0 
mask 0.000118911266 0.0028914567 0.0 0.052259892 0.4910617 
mask 0.00011584163 0.5925933 0.292864 1.0 0.9207077 
mask 0.000115185976 0.008824602 0.95738924 0.06495928 1.0 
mask 0.00011333823 0.0050555905 0.8146426 0.02597377 1.0 
nomask 0.00011238456 0.0 0.52115077 1.0 1.0 
mask 0.00011137128 0.004345754 0.71666616 0.06271558 1.0 
nomask 0.00011116266 0.6129577 0.0 1.0 0.28830755 
nomask 0.00011026859 0.8734624 0.016720235 1.0 0.927901 
mask 0.00011008978 0.0 0.56309354 0.4519893 1.0 
nomask 0.00010967255 0.0 0.0 0.4049803 0.25707257 
nomask 0.000102072954 0.028670572 0.82783717 0.11806116 0.9498158 
nomask 0.000101178885 0.0 0.0 0.25520197 0.1460292 
nomask 0.00010073185 0.62609607 0.91206294 1.0 1.0 
mask 0.000100016594 0.0 0.044789463 0.0075466046 0.25298938 
mask 9.903312e-05 0.0614101 0.9691561 0.22137436 0.9981306 
mask 9.87649e-05 0.0047754673 0.511989 0.020510472 0.7403368 
mask 9.8735094e-05 0.0 0.37295973 0.6860544 0.84468424 
nomask 9.867549e-05 0.0035699382 0.46412772 0.032395564 0.6795332 
nomask 9.7066164e-05 0.0 0.92172235 0.3037415 1.0 
nomask 9.649992e-05 0.8978045 0.6465106 1.0 1.0 
nomask 9.3996525e-05 0.16630697 0.0 0.8518472 0.26850903 
nomask 9.36687e-05 0.9182665 0.84279597 1.0 1.0 
mask 9.36687e-05 0.0 0.0 0.15994918 0.3472243 
mask 9.2446804e-05 0.014940351 0.86999667 0.92252815 1.0 
nomask 9.217858e-05 0.12616879 0.71942085 0.86804134 0.9999923 
mask 9.1046095e-05 0.659304 0.63040674 1.0 1.0 
mask 9.083748e-05 0.8978045 0.6465106 1.0 1.0 
mask 8.97944e-05 0.62609607 0.91206294 1.0 1.0 
mask 8.884072e-05 0.5147479 0.9647764 0.6635031 0.9994416 
mask 8.156896e-05 0.0 0.0 0.18820384 0.022503639 
nomask 8.055568e-05 0.95884675 0.22769292 1.0 0.72142595 
mask 8.010864e-05 0.1537014 0.78035647 1.0 1.0 
mask 7.984042e-05 0.0 0.103797406 0.43706238 0.4502848 
mask 7.778406e-05 0.0 0.92172235 0.3037415 1.0 
nomask 7.766485e-05 0.6344955 0.0 1.0 0.504922 
nomask 7.754564e-05 0.0 0.8595624 0.07056792 1.0 
mask 7.6919794e-05 0.020081304 0.88626254 0.12987393 0.989998 
mask 7.6562166e-05 0.16630697 0.0 0.8518472 0.26850903 
nomask 7.382035e-05 0.8630843 0.1904193 0.9932842 0.6527719 
mask 7.370114e-05 0.955932 0.38346517 0.99726474 1.0 
mask 7.331371e-05 0.0 0.34168768 0.4499364 0.6666243 
nomask 7.277727e-05 0.13078941 0.0 0.4599898 0.48109663 
mask 7.265806e-05 0.9507965 0.9454121 1.0 1.0 
mask 7.224083e-05 0.6344955 0.0 1.0 0.504922 
nomask 7.197261e-05 0.7014432 0.08045095 1.0 0.64484996 
nomask 6.7830086e-05 0.4088532 0.9644511 0.5687577 1.0 
nomask 6.7323446e-05 0.0 0.78572947 0.72828126 1.0 
nomask 6.645918e-05 0.0 0.103797406 0.43706238 0.4502848 
mask 6.6161156e-05 0.13078941 0.0 0.4599898 0.48109663 
mask 6.54459e-05 0.4998829 0.09782609 0.73249596 0.69582033 
mask 6.4611435e-05 0.006517604 0.3424704 0.11509764 0.6824386 
nomask 6.41346e-05 0.0088081565 0.7361578 0.021732282 0.99304974 
mask 6.386638e-05 0.0025925636 0.56415236 0.011374943 0.8190106 
mask 6.3568354e-05 0.4642344 0.964427 0.61687666 1.0 
nomask 6.324053e-05 0.0028914567 0.0 0.052259892 0.4910617 
nomask 6.2167645e-05 0.027909674 0.77491206 0.11747105 0.8921178 
nomask 6.198883e-05 0.0 0.09289703 0.2326707 0.90633965 
mask 6.0796738e-05 0.0 0.48966977 0.3789332 0.95578206 
nomask 6.055832e-05 0.0 0.0 0.18820384 0.022503639 
nomask 6.0260296e-05 0.62116903 0.5658748 1.0 1.0 
mask 6.0260296e-05 0.0 0.09289703 0.2326707 0.90633965 
nomask 6.005168e-05 0.34520727 0.91135085 0.6616166 1.0 
nomask 5.8978796e-05 0.019149408 0.72561586 0.2052806 1.0 
