mask 0.99995625 88.63907814025879 111.02129101753235 271.1579132080078 345.3166534900665 
nomask 0.0007403791 88.64934921264648 111.16088604927063 273.3566093444824 350.799329996109 
nomask 0.0005160272 163.84780883789062 360.75126695632935 275.0130081176758 422.41635179519653 
mask 0.00031471252 170.53369522094727 141.9909794330597 320.0 284.71123576164246 
nomask 0.0002643168 252.29583740234375 0.0 320.0 304.46528482437134 
nomask 0.00022092462 0.0 246.9917755126953 188.46872329711914 428.0 
mask 0.00016379356 0.0 261.3583288192749 175.85199356079102 428.0 
nomask 0.00015902519 212.32219696044922 259.25644397735596 320.0 428.0 
nomask 0.00015845895 15.532443523406982 58.944780230522156 28.092777729034424 83.39625823497772 
nomask 0.00015679002 200.0798797607422 390.69807481765747 320.0 428.0 
nomask 0.00015577674 195.95970153808594 0.0 320.0 157.884863615036 
mask 0.00015574694 200.0798797607422 390.69807481765747 320.0 428.0 
mask 0.00014993548 160.1544189453125 22.468932628631592 278.4664535522461 315.4190559387207 
nomask 0.00014910102 268.7076950073242 347.78398036956787 320.0 428.0 
mask 0.00014826655 252.29583740234375 0.0 320.0 304.46528482437134 
mask 0.00014281273 291.13563537597656 277.7202594280243 320.0 428.0 
mask 0.00013837218 165.09872436523438 242.5975422859192 320.0 388.9710454940796 
nomask 0.00013202429 68.77538681030273 0.0 265.7474708557129 146.939306974411 
nomask 0.00011971593 53.764963150024414 114.13564801216125 93.99428367614746 262.16112780570984 
mask 0.000116586685 193.29273223876953 91.32437336444855 266.3059997558594 312.95471382141113 
nomask 0.00010660291 211.16750717163086 163.39925003051758 272.4213981628418 266.13746881484985 
mask 0.00010639429 163.53961944580078 162.43652391433716 320.0 357.74619817733765 
nomask 0.00010469556 105.74745178222656 0.0 211.15713119506836 196.9845085144043 
mask 9.956956e-05 43.67301940917969 196.9517526626587 320.0 428.0 
nomask 9.9390745e-05 186.51546478271484 1.636147141456604 320.0 189.28101587295532 
mask 9.9122524e-05 63.26709747314453 129.28760194778442 238.33961486816406 259.64737129211426 
mask 9.846687e-05 200.90599060058594 199.01738667488098 270.9147644042969 327.57951283454895 
mask 9.524822e-05 167.87639617919922 311.0651807785034 320.0 428.0 
mask 9.432435e-05 0.0 335.18976354599 219.76280212402344 428.0 
nomask 9.351969e-05 0.0 0.0 152.16304779052734 271.078857421875 
nomask 9.2446804e-05 32.160911560058594 289.92181420326233 204.50868606567383 428.0 
nomask 9.1433525e-05 105.25309562683105 141.08871388435364 320.0 428.0 
mask 9.0777874e-05 100.0509262084961 133.82176184654236 320.0 428.0 
nomask 8.9645386e-05 212.20386505126953 40.33079552650452 320.0 276.4244134426117 
mask 8.895993e-05 212.20386505126953 40.33079552650452 320.0 276.4244134426117 
nomask 8.741021e-05 0.0 3.5496156811714172 239.88784790039062 180.26614117622375 
nomask 8.589029e-05 0.0 381.5434265136719 320.0 428.0 
nomask 8.395314e-05 162.29480743408203 0.0 320.0 110.71657741069794 
nomask 8.329749e-05 311.2557601928711 354.578013420105 317.7464294433594 419.0663261413574 
nomask 8.323789e-05 306.5039825439453 413.35713934898376 320.0 428.0 
nomask 8.264184e-05 239.7764015197754 0.0 320.0 196.8046064376831 
mask 8.195639e-05 147.48385429382324 58.29587507247925 320.0 428.0 
nomask 7.984042e-05 167.87639617919922 311.0651807785034 320.0 428.0 
nomask 7.915497e-05 266.3787078857422 0.3325458765029907 320.0 365.5205087661743 
mask 7.82907e-05 0.0 381.5434265136719 320.0 428.0 
nomask 7.805228e-05 171.5960693359375 0.0 282.8319549560547 195.13731062412262 
nomask 7.724762e-05 3.1197738647460938 220.83000326156616 320.0 428.0 
nomask 7.608533e-05 204.31102752685547 30.00745975971222 320.0 218.8789381980896 
mask 7.5787306e-05 32.160911560058594 289.92181420326233 204.50868606567383 428.0 
mask 7.405877e-05 186.51546478271484 1.636147141456604 320.0 189.28101587295532 
mask 7.131696e-05 12.947406768798828 9.229803085327148 316.072940826416 281.602924823761 
nomask 6.67274e-05 0.0 335.18976354599 219.76280212402344 428.0 
mask 6.556511e-05 182.9462432861328 337.3139958381653 320.0 428.0 
mask 6.514788e-05 86.05775833129883 257.15861535072327 275.6538963317871 360.3380687236786 
mask 6.324053e-05 226.74530029296875 88.52210259437561 320.0 342.3790352344513 
mask 6.148219e-05 266.3787078857422 0.3325458765029907 320.0 365.5205087661743 
mask 6.017089e-05 0.0 3.5496156811714172 239.88784790039062 180.26614117622375 
nomask 5.8233738e-05 15.738754272460938 47.5848263502121 28.46226692199707 74.06177163124084 
mask 5.8174133e-05 94.722900390625 101.74493074417114 258.8570022583008 206.5735034942627 
mask 5.7965517e-05 41.47722244262695 306.3441288471222 281.81779861450195 425.03261065483093 
mask 5.7518482e-05 57.37896919250488 334.77189683914185 320.0 428.0 
nomask 5.6952238e-05 282.72504806518555 11.796188354492188 320.0 230.97929167747498 
mask 5.5253506e-05 288.4406280517578 31.64549469947815 320.0 282.4078412055969 
mask 5.480647e-05 231.60600662231445 11.025099277496338 320.0 263.2557702064514 
nomask 5.349517e-05 302.69384384155273 3.8064877912402153 320.0 24.1693255007267 
nomask 5.1677227e-05 39.116435050964355 0.0 146.4858055114746 188.12629556655884 
nomask 5.0395727e-05 67.2713041305542 104.82162743806839 110.69271087646484 240.49315738677979 
nomask 4.8726797e-05 259.6382141113281 414.00457763671875 305.1528549194336 428.0 
mask 4.8667192e-05 101.94578170776367 37.943432211875916 229.9043846130371 312.75440311431885 
mask 4.8458576e-05 174.60859298706055 364.7171485424042 283.99641036987305 425.03281474113464 
nomask 4.7832727e-05 242.7134895324707 414.7524263858795 291.28793716430664 428.0 
nomask 4.7713518e-05 307.6851463317871 372.85031938552856 316.92365646362305 428.0 
mask 4.673004e-05 306.5039825439453 413.35713934898376 320.0 428.0 
mask 4.6521425e-05 0.0 0.0 152.16304779052734 271.078857421875 
mask 4.5597553e-05 41.246376037597656 0.0 293.2318115234375 112.89318335056305 
mask 4.515052e-05 37.03333377838135 162.05617082118988 154.010009765625 428.0 
nomask 4.3809414e-05 16.372108459472656 0.0 178.83567810058594 141.76064252853394 
nomask 4.36306e-05 296.03485107421875 373.61171436309814 320.0 428.0 
mask 4.1216612e-05 210.47073364257812 184.9770908355713 320.0 418.5033030509949 
nomask 4.1157007e-05 41.47722244262695 306.3441288471222 281.81779861450195 425.03261065483093 
nomask 4.0501356e-05 194.95468139648438 413.2096869945526 245.08426666259766 427.9566571712494 
nomask 3.9070845e-05 309.17675018310547 5.593900352716446 319.96803283691406 63.36664164066315 
mask 3.787875e-05 0.0 49.60139036178589 131.79044723510742 398.8264751434326 
nomask 3.6746264e-05 164.36084747314453 4.789191246032715 320.0 428.0 
nomask 3.656745e-05 225.12041091918945 412.3305342197418 276.89191818237305 426.4783070087433 
mask 3.5852194e-05 151.15034103393555 134.8223204612732 311.0748863220215 247.30969095230103 
nomask 3.543496e-05 110.17392158508301 0.0 320.0 55.59576225280762 
mask 3.5077333e-05 223.67698669433594 366.4636170864105 317.2224807739258 428.0 
nomask 3.477931e-05 40.1507043838501 0.0 102.53738403320312 132.7471581697464 
nomask 3.46303e-05 278.8212203979492 413.3127250671387 318.67908477783203 428.0 
nomask 3.427267e-05 206.00936889648438 271.2176616191864 320.0 428.0 
nomask 3.4093857e-05 192.76927947998047 219.2434618473053 320.0 402.1217291355133 
nomask 3.3974648e-05 0.7028678059577942 58.16047656536102 4.108198583126068 102.09477293491364 
mask 3.373623e-05 0.0 355.90444684028625 84.03658866882324 425.98523449897766 
nomask 3.3289194e-05 37.03333377838135 162.05617082118988 154.010009765625 428.0 
mask 3.3289194e-05 162.29480743408203 0.0 320.0 110.71657741069794 
nomask 3.2752752e-05 289.71275329589844 67.79480421543121 320.0 319.8814539909363 
nomask 3.272295e-05 95.0359058380127 201.5778534412384 167.75428771972656 326.50438618659973 
nomask 3.2663345e-05 0.0 0.0 139.32077407836914 110.17042970657349 
mask 3.2424927e-05 9.242897033691406 276.4670419692993 173.45535278320312 428.0 
