mask 0.99974525 106.21481 88.605354 377.1671 279.03326 
nomask 0.0019352436 110.07924 87.930374 374.8636 277.67715 
mask 0.00088337064 116.66712 89.638054 292.44168 226.21259 
mask 0.0007659495 230.18832 107.636826 428.0 214.01611 
mask 0.0004580319 296.05286 193.15987 428.0 320.0 
nomask 0.00045228004 323.4658 0.0 428.0 201.06367 
nomask 0.00042930245 296.05286 193.15987 428.0 320.0 
mask 0.0003719628 220.70337 177.61005 428.0 289.71698 
mask 0.00036340952 253.97281 92.94625 368.98978 257.69598 
nomask 0.00033837557 0.0 178.97186 248.81284 320.0 
mask 0.00032684207 0.0 190.80833 232.54971 320.0 
nomask 0.00027486682 283.6928 192.50328 428.0 320.0 
nomask 0.00021746755 267.49826 292.04022 428.0 320.0 
mask 0.00021579862 267.49826 292.04022 428.0 320.0 
nomask 0.0002028048 389.67703 207.10182 428.0 320.0 
mask 0.0002026856 53.996094 146.04626 428.0 320.0 
mask 0.00020191073 389.67703 207.10182 428.0 320.0 
mask 0.00019428134 340.526 0.0 428.0 226.06982 
nomask 0.00018450618 278.1081 23.22395 428.0 162.63654 
nomask 0.00018239021 85.773636 0.0 388.67682 41.180325 
nomask 0.00018116832 254.46852 0.1331234 428.0 140.51991 
mask 0.00017923117 116.04391 184.22958 377.4155 274.55 
mask 0.00017440319 106.493 90.8971 208.1953 260.58456 
nomask 0.00016245246 140.06369 105.05952 428.0 320.0 
mask 0.00015875697 225.6978 123.815315 428.0 269.89072 
mask 0.0001560368 133.81908 100.053444 428.0 320.0 
nomask 0.00014549494 1.1862261 163.97229 428.0 320.0 
nomask 0.00014048815 111.05823 161.82513 193.48354 261.9043 
mask 0.00013911724 224.04347 10.81955 370.97348 232.96577 
nomask 0.00013583899 43.119724 215.49771 271.89148 320.0 
mask 0.00013545156 236.23953 232.89111 428.0 320.0 
mask 0.00013521314 303.8347 69.95763 428.0 256.95514 
nomask 0.00013414025 283.9541 29.682093 428.0 206.32184 
nomask 0.0001321733 41.98517 0.0 396.31226 78.719574 
mask 0.0001320839 127.109634 72.26307 351.41324 149.14613 
mask 0.00012904406 283.9541 29.682093 428.0 206.32184 
nomask 0.00012683868 0.0 2.212472 312.05154 132.75957 
mask 0.000125736 312.00034 8.003826 428.0 191.2793 
mask 0.00012466311 0.0 250.6829 290.09567 320.0 
nomask 0.00012460351 156.41373 71.99399 387.33035 151.69786 
nomask 0.00012379885 323.83466 0.0 428.0 217.33238 
mask 0.00012180209 242.92455 252.37892 428.0 320.0 
nomask 0.00012141466 139.53131 0.0 283.26224 149.85292 
mask 0.00011989474 3.5111647 275.0029 135.82494 320.0 
nomask 0.00011667609 0.0 285.74524 428.0 320.0 
nomask 0.00011578202 354.65674 0.6910229 428.0 266.67822 
nomask 0.000113368034 103.82757 0.0 387.23383 221.42029 
mask 0.000112861395 43.119724 215.49771 271.89148 320.0 
mask 0.00011283159 413.6448 261.10638 427.9427 304.73553 
mask 0.00011250377 196.2244 42.39809 428.0 320.0 
mask 0.00011241436 0.0 285.74524 428.0 320.0 
mask 0.00011026859 254.46852 0.1331234 428.0 140.51991 
mask 0.0001039505 177.48824 0.0 428.0 45.858185 
nomask 9.87649e-05 230.62885 0.0 374.70853 146.30576 
nomask 9.781122e-05 0.0 0.0 201.29486 191.86331 
mask 9.781122e-05 56.724762 124.546326 206.22247 320.0 
mask 9.581447e-05 0.0 48.22832 180.47635 294.9278 
nomask 9.49204e-05 224.04347 10.81955 370.97348 232.96577 
nomask 9.4115734e-05 230.18832 107.636826 428.0 214.01611 
mask 9.176135e-05 0.0 122.75549 156.3068 320.0 
nomask 9.083748e-05 236.23953 232.89111 428.0 320.0 
mask 8.6158514e-05 144.8277 100.08175 387.57397 195.08543 
mask 8.609891e-05 0.0 2.212472 312.05154 132.75957 
nomask 8.478761e-05 271.98178 50.99213 364.90436 210.65695 
mask 8.445978e-05 0.0 102.78874 299.65042 274.39056 
nomask 8.389354e-05 222.4652 0.0 428.0 81.399956 
mask 8.255243e-05 320.2587 118.670746 428.0 320.0 
mask 8.2463026e-05 408.60062 277.63412 426.34 314.46964 
nomask 8.2194805e-05 307.81827 0.0 428.0 123.24365 
mask 7.802248e-05 135.4881 173.88222 285.62085 320.0 
mask 7.677078e-05 354.65674 0.6910229 428.0 266.67822 
nomask 7.432699e-05 0.0 250.6829 290.09567 320.0 
mask 7.376075e-05 64.909676 231.15826 361.23282 319.4919 
mask 7.331371e-05 271.98178 50.99213 364.90436 210.65695 
mask 7.143617e-05 54.838425 0.0 367.846 39.444485 
mask 6.9499016e-05 41.98517 0.0 396.31226 78.719574 
nomask 6.67572e-05 413.6448 261.10638 427.9427 304.73553 
mask 6.595254e-05 14.1508465 7.51688 423.81522 209.71182 
mask 6.374717e-05 0.0 106.25637 188.5663 211.38261 
mask 6.273389e-05 82.0006 31.497555 349.5724 182.3271 
nomask 6.109476e-05 408.60062 277.63412 426.34 314.46964 
mask 6.0647726e-05 417.93738 241.59747 428.0 301.38055 
nomask 6.055832e-05 423.62604 115.557465 428.0 168.8555 
nomask 5.9723854e-05 410.40295 85.36698 428.0 213.76076 
mask 5.853176e-05 222.4652 0.0 428.0 81.399956 
nomask 5.725026e-05 425.54077 101.33699 428.0 156.06818 
nomask 5.352497e-05 195.26654 94.02608 343.79166 148.54358 
nomask 5.1498413e-05 0.0 106.25637 188.5663 211.38261 
mask 4.968047e-05 21.148705 207.26978 220.57385 320.0 
mask 4.941225e-05 0.0 173.23813 187.71251 295.73254 
nomask 4.813075e-05 52.791298 0.0 195.65697 143.35745 
mask 4.8041344e-05 227.84082 68.5032 387.25504 158.49632 
mask 4.7653913e-05 0.0 0.0 201.29486 191.86331 
mask 4.7326088e-05 63.861156 311.99954 151.16837 316.5596 
mask 4.4733286e-05 0.0 221.78642 173.40225 320.0 
mask 4.3153763e-05 82.800125 250.41823 428.0 320.0 
mask 4.3153763e-05 406.09094 2.2505932 428.0 17.567543 
mask 4.2647123e-05 0.0 66.826706 85.34373 209.2497 
mask 4.172325e-05 394.03995 229.70686 424.7585 320.0 
nomask 4.005432e-05 0.0 23.48509 1.9385763 77.34671 
