mask 0.99976254 108.85662 81.45853 351.1853 267.91434 
mask 0.0004387498 77.32028 161.44986 362.9132 292.98236 
nomask 0.00041493773 0.0 0.0 208.92007 198.05936 
nomask 0.00032624602 2.579668 168.49924 191.92337 320.0 
nomask 0.00030848384 109.256996 81.02996 351.22733 269.34454 
nomask 0.00029987097 362.24963 258.00732 433.0 320.0 
nomask 0.00027948618 270.97327 292.2196 433.0 320.0 
mask 0.00027614832 270.97327 292.2196 433.0 320.0 
nomask 0.0002528727 288.31027 195.71765 433.0 320.0 
mask 0.00025102496 361.59137 254.90082 433.0 320.0 
mask 0.0002297759 2.579668 168.49924 191.92337 320.0 
nomask 0.00022494793 0.0 2.466383 320.01627 133.53447 
mask 0.0002092123 4.471235 104.39943 300.41208 277.1818 
nomask 0.00020647049 382.51666 0.0 433.0 319.5282 
mask 0.00019162893 53.9512 136.71085 236.76213 312.085 
nomask 0.00018671155 294.6453 0.0 433.0 198.73456 
mask 0.00018292665 200.11703 43.66728 433.0 320.0 
mask 0.00017154217 59.453693 147.77884 433.0 320.0 
nomask 0.00017106533 200.11703 43.66728 433.0 320.0 
nomask 0.00016978383 287.64255 30.28575 433.0 206.41971 
mask 0.00016111135 0.0 251.80872 300.07642 320.0 
mask 0.00015702844 287.64255 30.28575 433.0 206.41971 
nomask 0.0001540482 43.77861 217.19241 278.10275 320.0 
nomask 0.00015071034 59.453693 147.77884 433.0 320.0 
mask 0.00014987588 0.0 44.8184 179.12184 296.48633 
nomask 0.00014442205 0.0 285.38373 433.0 320.0 
mask 0.00013720989 106.68594 117.6129 207.70421 286.41672 
nomask 0.00013586879 43.54571 0.0 393.06653 85.42011 
mask 0.00013324618 65.72174 229.12015 354.06265 320.0 
mask 0.0001320839 0.0 0.0 208.92007 198.05936 
mask 0.00013178587 0.0 285.38373 433.0 320.0 
mask 0.0001269877 6.833102 9.522238 425.4057 209.50882 
mask 0.00012657046 43.77861 217.19241 278.10275 320.0 
mask 0.0001167357 0.0 2.466383 320.01627 133.53447 
mask 0.00011345744 18.625883 204.70314 231.9953 320.0 
mask 0.000112980604 382.51666 0.0 433.0 319.5282 
mask 0.000108122826 239.12013 123.171776 433.0 273.12604 
mask 0.00010690093 253.02515 1.7368841 433.0 141.66125 
nomask 0.00010564923 0.0 251.80872 300.07642 320.0 
nomask 0.00010365248 410.52347 305.2135 433.0 320.0 
nomask 0.00010317564 375.19067 112.24303 429.0589 222.04657 
mask 9.804964e-05 244.43481 104.95766 433.0 210.46892 
mask 9.346008e-05 217.13995 99.760895 380.20737 305.9038 
mask 8.866191e-05 250.64832 253.0707 433.0 320.0 
mask 8.764863e-05 36.17954 0.0 403.86658 80.33123 
nomask 8.7201595e-05 423.43466 147.3551 430.87445 201.821 
mask 8.6158514e-05 76.32707 250.89546 433.0 320.0 
mask 8.299947e-05 239.24103 177.12288 433.0 293.15765 
mask 8.0138445e-05 315.6117 14.030037 433.0 199.9161 
nomask 7.8856945e-05 315.6117 14.030037 433.0 199.9161 
nomask 7.849932e-05 0.0 94.180115 107.65357 320.0 
mask 7.7039e-05 94.54817 87.59483 239.47601 209.28204 
nomask 6.964803e-05 0.0 0.0 104.74975 231.48907 
mask 6.681681e-05 227.24144 11.768513 373.12845 226.13344 
mask 6.341934e-05 217.08197 51.975037 337.81268 189.35535 
mask 6.2316656e-05 320.95963 0.0 433.0 203.28537 
nomask 6.198883e-05 0.0 237.40715 311.70813 319.79236 
mask 6.172061e-05 127.90853 69.306274 347.27164 156.09244 
mask 5.8203936e-05 306.8424 124.05122 433.0 320.0 
mask 5.7190657e-05 130.47319 28.001528 310.77902 231.60934 
nomask 5.6236982e-05 14.282906 109.9996 98.731636 242.46385 
mask 5.51939e-05 126.21703 0.0 431.02472 41.085106 
nomask 5.1915646e-05 143.34059 0.0 288.00647 149.66931 
nomask 5.1498413e-05 420.5932 159.9109 429.6105 216.85136 
mask 4.9978495e-05 13.040779 0.0 341.83813 37.762524 
mask 4.7385693e-05 133.06274 172.1275 288.53812 320.0 
nomask 4.36306e-05 0.0 0.0 194.16486 80.09696 
mask 4.36306e-05 124.55364 59.87266 271.22284 186.59523 
nomask 4.3094158e-05 0.0 307.15976 25.03945 320.0 
nomask 4.300475e-05 0.0 44.8184 179.12184 296.48633 
nomask 4.2647123e-05 0.0 108.02756 184.48833 211.17679 
mask 4.2140484e-05 244.65663 234.45816 433.0 320.0 
nomask 4.1365623e-05 227.34758 0.0 433.0 81.24057 
nomask 4.1246414e-05 0.0 0.0 91.84847 69.827835 
nomask 4.0769577e-05 235.0086 0.0 381.9196 147.496 
mask 4.0084124e-05 0.0 94.180115 107.65357 320.0 
nomask 3.8802624e-05 76.32707 250.89546 433.0 320.0 
mask 3.7759542e-05 0.0 108.02756 184.48833 211.17679 
mask 3.695488e-05 410.52347 305.2135 433.0 320.0 
nomask 3.6865473e-05 241.89252 26.52864 433.0 145.98209 
nomask 3.6478043e-05 412.0719 280.51892 431.0603 316.7941 
mask 3.6358833e-05 14.757698 138.03677 100.08864 276.30234 
nomask 3.6269426e-05 76.05643 0.18481612 401.31982 38.736595 
nomask 3.5464764e-05 18.625883 204.70314 231.9953 320.0 
mask 3.4928322e-05 156.92514 162.60307 368.46246 320.0 
mask 3.46303e-05 154.07791 97.93776 381.85965 192.63364 
nomask 3.3944845e-05 0.0 77.97957 84.56122 203.30658 
nomask 3.2246113e-05 81.757744 0.0 392.54617 170.34822 
mask 3.194809e-05 227.34758 0.0 433.0 81.24057 
mask 3.07858e-05 259.28983 0.0 433.0 53.888573 
mask 3.07858e-05 0.0 0.0 194.16486 80.09696 
nomask 3.0100346e-05 0.48075846 266.6913 7.569213 309.75876 
nomask 2.8967857e-05 4.099039 21.021585 124.66028 158.54964 
nomask 2.8848648e-05 377.20364 5.6067753 433.0 176.82202 
mask 2.8669834e-05 52.1857 198.66766 296.68225 277.2332 
nomask 2.8550625e-05 281.8768 0.0 433.0 110.68435 
mask 2.8282404e-05 0.0 175.2433 184.21173 296.3496 
nomask 2.8163195e-05 325.29468 0.0 433.0 143.77257 
mask 2.8014183e-05 0.0 148.17197 61.226166 320.0 
nomask 2.783537e-05 0.0 27.68138 183.71759 146.47508 
