mask 0.9999577 0.20977908 0.25466838 0.7798496 0.81934226 
nomask 0.0020523667 0.21091536 0.25617328 0.77339935 0.8196665 
nomask 0.00056514144 0.08904414 0.42885065 0.15354335 0.5394179 
nomask 0.00039359927 0.06581404 0.37336934 0.17581421 0.64221084 
nomask 0.00031927228 0.660932 0.0 1.0 0.63347965 
nomask 0.0002616644 0.0056609064 0.519449 0.44411945 1.0 
mask 0.00024428964 0.71446276 0.91790664 1.0 0.99831426 
nomask 0.00023066998 0.66167456 0.5997001 1.0 1.0 
mask 0.00021994114 0.0 0.52058077 1.0 1.0 
mask 0.0002105369 0.31265584 0.3126607 1.0 1.0 
nomask 0.00021053528 0.31265584 0.3126607 1.0 1.0 
mask 0.00021013219 0.51747096 0.008171976 1.0 1.0 
nomask 0.00020840764 0.8814622 0.0 1.0 1.0 
nomask 0.00020581484 0.0 0.52058077 1.0 1.0 
nomask 0.00020226015 0.51747096 0.008171976 1.0 1.0 
mask 0.0002014041 0.0056609064 0.519449 0.44411945 1.0 
nomask 0.00018885732 0.0 0.0 0.47291416 0.63635 
nomask 0.0001758635 0.98623335 0.30989572 1.0 0.4923621 
nomask 0.00016087294 0.8310981 0.793237 1.0 1.0 
mask 0.00014203787 0.9052303 0.64158213 1.0 1.0 
nomask 0.00013944507 0.62859976 0.9121113 1.0 1.0 
nomask 0.0001385212 0.11037573 0.0 0.9112799 0.26030278 
mask 0.00013664365 0.62859976 0.9121113 1.0 1.0 
nomask 0.00012630224 0.76287395 0.2806422 0.88746804 0.58910036 
mask 0.00012490153 0.0 0.13436842 0.41652262 0.9102355 
nomask 0.00012263656 0.04147231 0.43990254 0.114000715 0.5279837 
mask 0.00012111664 0.1003156 0.7170049 0.855477 1.0 
nomask 0.00012090802 0.9846141 0.35266817 0.997469 0.5339344 
nomask 0.00011989474 0.0 0.44306517 0.010698989 0.5646304 
mask 0.00011947751 0.60446906 0.3020939 1.0 0.92476916 
nomask 0.00011894107 0.991269 0.2615668 1.0 0.44380668 
mask 0.000118643045 0.50108784 0.22542927 0.75390655 0.7264161 
nomask 0.00011783838 0.1403028 0.42578623 0.19538745 0.5400413 
nomask 0.00010848045 0.6648275 0.094013184 1.0 0.6457455 
nomask 0.00010329485 0.027451754 0.24465154 0.22136511 0.66720563 
mask 0.000102847815 0.14339054 0.50618696 0.821529 0.90093124 
nomask 0.0001026392 0.035083115 0.0 0.6195151 0.34586692 
mask 0.0001026392 0.6648275 0.094013184 1.0 0.6457455 
mask 0.000101685524 0.0 0.0 0.47291416 0.63635 
mask 0.000101178885 0.8814622 0.0 1.0 1.0 
mask 0.00010085106 0.56381804 0.006824225 1.0 0.45238802 
nomask 0.00010052323 0.7607791 0.6156095 0.8130377 0.73168516 
mask 9.867549e-05 0.98623335 0.30989572 1.0 0.4923621 
nomask 9.49502e-05 0.32747158 0.0 0.65647376 0.4711491 
mask 9.229779e-05 0.54825336 0.54548836 1.0 0.912555 
mask 9.137392e-05 0.0 0.79006124 0.7291515 1.0 
mask 9.1314316e-05 0.9846141 0.35266817 0.997469 0.5339344 
mask 8.8870525e-05 0.1409759 0.3428938 0.49332708 0.9991486 
mask 8.651614e-05 0.78478634 0.0 1.0 0.7218671 
mask 8.267164e-05 0.1445688 0.7825978 1.0 1.0 
nomask 8.174777e-05 0.1003156 0.7170049 0.855477 1.0 
mask 7.903576e-05 0.3396119 0.0 0.8109418 0.77806014 
nomask 7.727742e-05 0.0 0.004851088 0.7194148 0.42492437 
nomask 7.715821e-05 0.12559573 0.0 0.45670593 0.4561086 
nomask 7.647276e-05 0.03956926 0.81870484 0.85795754 1.0 
mask 7.5131655e-05 0.66167456 0.5997001 1.0 1.0 
mask 7.238984e-05 0.009685874 0.03512016 0.982702 0.6577977 
mask 6.881356e-05 0.9668092 0.62486106 0.9972362 0.745936 
nomask 6.863475e-05 0.99302804 0.21980008 1.0 0.38951167 
mask 6.8455935e-05 0.18884045 0.22178493 0.7058505 0.47933948 
mask 6.607175e-05 0.56245947 0.32576314 1.0 0.6546129 
mask 6.404519e-05 0.11037573 0.0 0.9112799 0.26030278 
nomask 6.377697e-05 0.0 0.79006124 0.7291515 1.0 
mask 6.303191e-05 0.0 0.44306517 0.010698989 0.5646304 
mask 6.28531e-05 0.991269 0.2615668 1.0 0.44380668 
mask 6.189942e-05 0.0045901835 0.8437767 0.91801393 1.0 
mask 6.109476e-05 0.8229975 0.8472716 1.0 0.9881379 
nomask 5.9574842e-05 0.013371132 0.34850398 0.14211401 0.6924013 
mask 5.8978796e-05 0.99302804 0.21980008 1.0 0.38951167 
nomask 5.6415796e-05 0.1247987 0.34720376 0.21936472 0.634647 
nomask 5.4717064e-05 0.0 0.4166251 0.30866253 0.9775206 
nomask 5.4597855e-05 0.0 0.0 0.43769214 0.25523955 
mask 5.4359436e-05 0.0 0.3333539 0.42635977 0.6649425 
mask 5.429983e-05 0.26856485 0.3296829 0.9605619 0.6983033 
nomask 5.298853e-05 0.78653705 0.27793154 0.8588625 0.38479403 
mask 5.2809715e-05 0.8567642 0.96639633 1.0 1.0 
nomask 5.2332878e-05 0.053943813 0.83302885 0.43963832 1.0 
nomask 5.1558018e-05 0.539775 0.0 0.8853594 0.4575846 
nomask 5.0663948e-05 0.121979 0.21322633 0.63429815 0.46514368 
nomask 5.0395727e-05 0.0 0.20650792 0.25740784 0.8323076 
mask 4.9710274e-05 0.0 0.4166251 0.30866253 0.9775206 
nomask 4.798174e-05 0.27875328 0.22618662 0.7934365 0.49007338 
mask 4.7296286e-05 0.0 0.9636914 0.05514119 1.0 
mask 4.595518e-05 0.0 0.004851088 0.7194148 0.42492437 
mask 4.464388e-05 0.8338375 0.9226601 1.0 1.0 
nomask 4.377961e-05 0.78948545 0.3123393 0.85965776 0.44858998 
mask 4.374981e-05 0.079235286 0.5968182 0.50159025 1.0 
nomask 4.3660402e-05 0.95754683 0.12815168 0.9930241 0.60423815 
nomask 4.3570995e-05 0.04108444 0.0 0.7610996 0.11689308 
nomask 4.258752e-05 0.0 0.0 0.23937096 0.46095803 
nomask 4.2527914e-05 0.0 0.27941608 0.34831786 0.72467744 
nomask 4.1782856e-05 0.24463406 0.5694943 0.92893565 1.0 
mask 4.1395426e-05 0.10221663 0.29484117 0.6601002 0.5979595 
mask 4.1157007e-05 0.97338724 0.6686647 0.9970422 0.7969203 
mask 4.005432e-05 0.9452989 0.9597494 1.0 1.0 
mask 3.9696693e-05 0.19315061 0.0 0.895998 0.12031206 
mask 3.9368868e-05 0.10059458 0.6953535 0.6514225 1.0 
nomask 3.8564205e-05 0.87463915 0.16582598 0.99813926 0.59816426 
mask 3.758073e-05 0.7607791 0.6156095 0.8130377 0.73168516 
mask 3.7252903e-05 0.5091568 0.0 1.0 0.26123053 
