mask 0.9999759 71.34378433227539 121.18620479106903 267.7205467224121 378.26529026031494 
nomask 0.0033093095 71.16619110107422 116.04515600204468 267.4985885620117 377.5021605491638 
nomask 0.00037062168 270.61206817626953 203.05665004253387 289.9330139160156 255.0305564403534 
nomask 0.0003695786 4.260802268981934 222.86795806884766 138.98321151733398 428.0 
mask 0.0003014803 69.73055839538574 141.50738418102264 174.8560333251953 342.55273818969727 
nomask 0.00029316545 254.4660186767578 0.0 320.0 301.9361708164215 
mask 0.00028318167 72.83005714416504 251.3355484008789 270.8211898803711 371.89111375808716 
nomask 0.00026875734 7.065460681915283 102.08467704057693 77.21133232116699 283.35383224487305 
nomask 0.00023326278 0.44155776500701904 78.71037292480469 4.1586750745773315 132.57915687561035 
mask 0.00022315979 4.260802268981934 222.86795806884766 138.98321151733398 428.0 
nomask 0.00020468235 199.87852096557617 390.8599662780762 320.0 428.0 
nomask 0.00020360947 0.0 0.0 153.11236381530762 265.9038155078888 
mask 0.00020319223 199.87852096557617 390.8599662780762 320.0 428.0 
nomask 0.00019440055 270.6172180175781 346.00098037719727 320.0 428.0 
mask 0.00019216537 178.78179550170898 140.76722693443298 320.0 284.44600009918213 
mask 0.00019130111 5.2693891525268555 413.64724802970886 48.868393898010254 425.56798005104065 
nomask 0.00019094348 189.0369415283203 1.424873173236847 320.0 188.40969491004944 
mask 0.00018197298 315.86544036865234 283.05836629867554 320.0 359.6442518234253 
mask 0.00018110871 290.87623596191406 276.5814323425293 320.0 428.0 
nomask 0.00017136335 0.0 13.114011883735657 86.41273498535156 280.0993700027466 
nomask 0.00016638637 22.166004180908203 0.0 307.2248649597168 106.18558084964752 
mask 0.0001604259 0.0 365.5314784049988 48.105835914611816 426.6936435699463 
nomask 0.00015604496 0.0 3.1212321519851685 239.40364837646484 175.84251952171326 
nomask 0.00014564395 315.86544036865234 283.05836629867554 320.0 359.6442518234253 
mask 0.00013977289 173.71774673461914 237.58752965927124 320.0 389.7428488731384 
mask 0.00013870001 42.45104789733887 196.2685992717743 320.0 428.0 
nomask 0.00012993813 212.79436111450195 39.84999370574951 320.0 275.92797350883484 
nomask 0.00012812018 264.54010009765625 0.1468273401260376 320.0 355.3746132850647 
nomask 0.00012606382 213.04668426513672 262.14268350601196 320.0 428.0 
nomask 0.00012403727 32.39452362060547 289.6605327129364 203.22790145874023 428.0 
mask 0.00012096763 0.0 0.0 262.0217514038086 104.99314284324646 
nomask 0.00011858344 105.12077331542969 140.96831572055817 320.0 428.0 
mask 0.000117093325 100.05160331726074 133.82163429260254 320.0 428.0 
nomask 0.00011661649 0.0 0.0 77.26583480834961 197.4083957672119 
nomask 0.00011622906 0.0 0.0 68.76460075378418 95.05080431699753 
mask 0.00011587143 212.79436111450195 39.84999370574951 320.0 275.92797350883484 
nomask 0.00011467934 0.0 381.6113872528076 320.0 428.0 
mask 0.00011125207 189.0369415283203 1.424873173236847 320.0 188.40969491004944 
mask 0.000110030174 0.0 381.6113872528076 320.0 428.0 
nomask 0.00010702014 2.506885528564453 220.1048080921173 320.0 428.0 
nomask 0.00010553002 0.2749145030975342 60.35985088348389 3.1866872310638428 114.70751059055328 
mask 0.00010547042 0.4259026050567627 409.17421197891235 17.55522847175598 427.51095819473267 
mask 0.000103116035 222.46837615966797 257.4682397842407 320.0 428.0 
mask 0.00010219216 0.0 67.08781099319458 132.43139266967773 394.5875515937805 
mask 0.00010114908 32.39452362060547 289.6605327129364 203.22790145874023 428.0 
nomask 9.921193e-05 71.88538551330566 0.0 289.35070037841797 290.06102657318115 
nomask 9.679794e-05 206.70066833496094 30.93020409345627 320.0 219.14649534225464 
mask 9.530783e-05 4.758328199386597 385.13873839378357 40.25423526763916 420.36270785331726 
mask 9.3102455e-05 0.0 0.0 153.11236381530762 265.9038155078888 
nomask 9.295344e-05 0.0 0.0 144.06530380249023 107.8872652053833 
mask 9.199977e-05 254.4660186767578 0.0 320.0 301.9361708164215 
mask 8.8483095e-05 147.2744369506836 57.23472833633423 320.0 428.0 
nomask 8.60095e-05 0.0 96.36687397956848 4.1867053508758545 157.88532280921936 
mask 8.222461e-05 74.0806531906128 197.61002027988434 156.4813232421875 411.92539739608765 
mask 8.174777e-05 5.816614627838135 136.9859414100647 73.42232704162598 317.7225270271301 
nomask 8.08835e-05 305.7234764099121 187.54635882377625 318.8323402404785 354.48512864112854 
mask 7.9751015e-05 5.362138748168945 10.59085464477539 315.7006072998047 281.8284401893616 
mask 7.921457e-05 0.0 144.13746988773346 136.23895645141602 285.9803719520569 
nomask 7.915497e-05 0.0 79.41620540618896 38.625426292419434 320.9269115924835 
mask 7.900596e-05 22.60216236114502 417.4063391685486 70.25131702423096 425.5637197494507 
mask 7.840991e-05 232.0946502685547 18.271859526634216 320.0 255.1182370185852 
mask 7.560849e-05 0.44155776500701904 78.71037292480469 4.1586750745773315 132.57915687561035 
mask 7.477403e-05 276.2367248535156 414.5583403110504 320.0 428.0 
mask 7.420778e-05 101.17963790893555 228.65395784378052 214.87091064453125 428.0 
nomask 7.414818e-05 222.46837615966797 257.4682397842407 320.0 428.0 
mask 7.3224306e-05 176.2457275390625 314.7923324108124 320.0 428.0 
nomask 6.982684e-05 316.08495712280273 300.8049714565277 320.0 373.2951509952545 
mask 6.8962574e-05 17.68692970275879 276.4767360687256 161.52729034423828 428.0 
nomask 6.80387e-05 0.0 120.72079873085022 111.7384147644043 310.9167845249176 
mask 6.738305e-05 228.8416290283203 92.60034644603729 320.0 336.5518355369568 
mask 6.714463e-05 179.41505432128906 167.07661736011505 320.0 364.152467250824 
mask 6.642938e-05 183.7027359008789 337.0792965888977 320.0 428.0 
nomask 6.633997e-05 314.50292587280273 229.55374884605408 319.1833305358887 319.59065651893616 
mask 6.553531e-05 1.5778511762619019 380.66225838661194 13.078763484954834 424.83541226387024 
mask 6.4998865e-05 46.58864974975586 308.76619958877563 272.71202087402344 426.17679500579834 
mask 6.377697e-05 0.0 365.231241941452 94.29439544677734 428.0 
nomask 6.347895e-05 313.71633529663086 347.01534032821655 320.0 406.79277992248535 
mask 6.219745e-05 0.0 0.0 144.06530380249023 107.8872652053833 
mask 6.124377e-05 0.0 338.603413105011 227.80332565307617 428.0 
mask 6.1035156e-05 0.0 305.89993500709534 52.95377731323242 424.4419848918915 
mask 6.097555e-05 0.0 5.631353378295898 75.32090187072754 314.865318775177 
nomask 6.067753e-05 276.2367248535156 414.5583403110504 320.0 428.0 
mask 6.0230494e-05 316.08495712280273 300.8049714565277 320.0 373.2951509952545 
mask 5.9187412e-05 279.87592697143555 0.0 320.0 425.29172372817993 
nomask 5.8948994e-05 37.29496955871582 0.0 145.13381004333496 195.95874524116516 
nomask 5.8203936e-05 0.4259026050567627 409.17421197891235 17.55522847175598 427.51095819473267 
mask 5.8054924e-05 79.83116149902344 126.81031310558319 264.2220687866211 260.44524669647217 
mask 5.6177378e-05 83.70368957519531 102.88398742675781 263.21495056152344 203.22554421424866 
mask 5.596876e-05 0.0 79.41620540618896 38.625426292419434 320.9269115924835 
mask 5.4746866e-05 8.971786499023438 141.07618808746338 236.4842987060547 297.197669506073 
mask 5.39124e-05 314.50292587280273 229.55374884605408 319.1833305358887 319.59065651893616 
nomask 5.3346157e-05 0.0 66.68354153633118 75.48341274261475 381.9072358608246 
nomask 5.3167343e-05 105.29600143432617 0.0 211.84335708618164 203.01995277404785 
nomask 5.2660704e-05 0.0 0.0 43.501834869384766 136.59012877941132 
mask 5.2034855e-05 0.0 0.0 68.76460075378418 95.05080431699753 
nomask 5.1140785e-05 0.0 338.603413105011 227.80332565307617 428.0 
nomask 5.0991774e-05 304.84432220458984 411.3652060031891 320.0 428.0 
nomask 4.8220158e-05 158.34790229797363 0.0 320.0 110.85049629211426 
mask 4.7653913e-05 158.34790229797363 0.0 320.0 110.85049629211426 
nomask 4.7177076e-05 176.2457275390625 314.7923324108124 320.0 428.0 
