mask 0.999992 0.19773297 0.30316946 0.58299935 0.7161739 
mask 0.001969248 0.4117131 0.36944932 0.6048629 0.64460975 
nomask 0.000810653 0.46144024 0.0047417954 0.7588705 0.1651065 
mask 0.0005775094 0.46144024 0.0047417954 0.7588705 0.1651065 
nomask 0.00032389164 0.19516093 0.30384815 0.58620214 0.7158984 
nomask 0.00020503998 0.48013005 0.8224675 0.888468 0.9963762 
mask 0.00020313263 0.122538105 0.84029424 0.44848973 0.9841107 
nomask 0.00018161535 0.17539349 0.6323477 0.9444797 1.0 
nomask 0.00018066168 0.090227425 0.8361606 0.3829903 0.9832786 
mask 0.0001476109 0.0 0.34452856 0.47039163 0.66781974 
nomask 0.00014725327 0.7527776 0.0 1.0 0.7525004 
mask 0.00014382601 0.048716947 0.8369186 0.32097834 0.98840976 
nomask 0.0001386404 0.7101029 0.6421641 1.0 1.0 
mask 0.0001347959 0.7319764 0.08178446 1.0 0.8612509 
mask 0.00013002753 0.0 0.83618045 0.20452465 1.0 
nomask 0.00012904406 0.0 0.0 0.24276495 0.4401068 
mask 0.00012731552 0.002926916 0.26021352 0.50183797 0.8654325 
mask 0.000120818615 0.72144747 0.84602976 1.0 1.0 
nomask 0.0001167655 0.6947683 0.1597625 1.0 0.9697813 
mask 0.00011450052 0.8318149 0.523235 1.0 0.8513649 
nomask 0.00011253357 0.0054831672 0.6510371 0.05936856 1.0 
nomask 0.00011113286 0.10003306 0.82975525 0.16178422 0.9156099 
mask 0.00010931492 0.0 0.7013972 0.14285386 1.0 
mask 0.00010806322 0.0054831672 0.6510371 0.05936856 1.0 
mask 0.00010514259 0.0 0.953815 0.0466939 1.0 
nomask 0.00010147691 0.0 0.0 0.44732752 0.2593355 
nomask 0.00010111928 0.42295766 0.32603064 0.60653985 0.6188679 
nomask 9.933114e-05 0.5947305 0.0053374963 0.7944459 0.029893257 
mask 9.700656e-05 0.6831112 0.6491734 1.0 1.0 
nomask 9.62019e-05 0.11812508 0.0 0.457381 0.4541108 
mask 9.5158815e-05 0.0 0.91533035 0.15185723 1.0 
mask 9.196997e-05 0.14494945 0.115187794 0.48811662 0.7089082 
nomask 9.1940165e-05 0.0 0.0 0.3584657 0.3512145 
nomask 9.173155e-05 0.6360526 0.0 0.827736 0.019500341 
mask 9.164214e-05 0.18539003 0.34464896 0.4280093 0.66013217 
nomask 9.059906e-05 0.0 0.7013972 0.14285386 1.0 
mask 9.030104e-05 0.048917204 0.5604744 0.22553053 0.9201696 
mask 8.568168e-05 0.0 0.25757203 0.3029858 0.76293254 
mask 8.4638596e-05 0.45587692 0.00093456917 0.8211044 0.059762232 
nomask 8.4370375e-05 0.0 0.5598474 0.43014777 1.0 
mask 7.972121e-05 0.48013005 0.8224675 0.888468 0.9963762 
mask 7.7694654e-05 0.7065418 0.7524893 1.0 0.9881749 
nomask 7.6413155e-05 0.04151377 0.0 0.6128701 0.35946208 
nomask 7.4505806e-05 0.32871652 0.0 0.66133 0.4499287 
nomask 7.2687864e-05 0.947689 0.9593302 1.0 1.0 
mask 7.215142e-05 0.4628042 0.13340193 1.0 1.0 
mask 7.0273876e-05 0.1372168 0.4612941 1.0 1.0 
nomask 7.025567e-05 0.31265885 0.3126654 1.0 1.0 
nomask 6.964803e-05 0.583134 0.79072624 1.0 1.0 
mask 6.812811e-05 0.21691069 0.6472286 0.92471004 1.0 
nomask 6.741285e-05 0.6405406 0.9047923 1.0 1.0 
nomask 6.66976e-05 0.56315625 0.3169716 0.6830424 0.626831 
mask 6.607175e-05 0.5947305 0.0053374963 0.7944459 0.029893257 
nomask 6.4998865e-05 0.4628042 0.13340193 1.0 1.0 
nomask 6.431341e-05 0.45587692 0.00093456917 0.8211044 0.059762232 
mask 6.377697e-05 0.00064536 0.86434114 0.035067238 1.0 
mask 6.368756e-05 0.6405406 0.9047923 1.0 1.0 
mask 6.273389e-05 0.7527776 0.0 1.0 0.7525004 
nomask 6.240606e-05 0.43978506 0.0 0.9850189 0.35373652 
nomask 6.237626e-05 0.7484895 0.011570364 0.9988972 0.82001424 
nomask 6.1929226e-05 0.5915288 0.42658955 0.6718482 0.54964024 
nomask 6.175041e-05 0.0 0.0 0.50739825 0.58287895 
nomask 6.097555e-05 0.95258665 0.87617546 0.99837196 0.98697275 
nomask 6.0796738e-05 0.12043747 0.0 0.90727973 0.2748962 
nomask 6.017089e-05 0.87114453 0.0 1.0 1.0 
nomask 5.9962273e-05 0.90770376 0.66822416 1.0 1.0 
nomask 5.9515238e-05 0.57297236 0.032376073 0.7658966 0.2780589 
mask 5.915761e-05 0.53714275 0.00692989 0.78163385 0.021903379 
nomask 5.826354e-05 0.008872271 0.5172952 1.0 1.0 
mask 5.733967e-05 0.90770376 0.66822416 1.0 1.0 
nomask 5.6743622e-05 0.53714275 0.00692989 0.78163385 0.021903379 
nomask 5.581975e-05 0.14607364 0.82763124 0.21948037 0.9332932 
nomask 5.480647e-05 0.8148332 0.8480594 1.0 0.9950974 
mask 5.4627657e-05 0.92207056 0.52658844 1.0 0.8583567 
mask 5.427003e-05 0.0 0.8419808 0.07528635 1.0 
nomask 5.3793192e-05 0.0 0.84253776 0.13796407 0.9987558 
mask 5.3673983e-05 0.30567187 0.07628149 0.6402006 0.6942984 
mask 5.313754e-05 0.3389615 0.84556973 0.7837528 0.99879014 
nomask 5.1766634e-05 0.618726 0.0 1.0 0.4110271 
nomask 5.1558018e-05 0.22857481 0.8882495 0.32418805 0.9714534 
mask 5.096197e-05 0.11826989 0.10082483 0.814294 0.7994613 
mask 5.081296e-05 0.6835791 0.17237815 1.0 0.9454882 
nomask 5.0395727e-05 0.97889584 0.209036 0.99583334 0.3994388 
mask 4.9471855e-05 0.19720906 0.8243378 0.5589447 1.0 
mask 4.8935413e-05 0.6678608 0.094699025 1.0 0.64754915 
mask 4.8696995e-05 0.0 0.5598474 0.43014777 1.0 
mask 4.786253e-05 0.6360526 0.0 0.827736 0.019500341 
nomask 4.6133995e-05 0.006300539 0.8244165 0.89857113 1.0 
mask 4.5120716e-05 0.0 0.0 0.44732752 0.2593355 
nomask 4.503131e-05 0.19293334 0.8269105 0.2669112 0.9463289 
mask 4.479289e-05 0.947689 0.9593302 1.0 1.0 
mask 4.4584274e-05 0.84858775 0.025354832 1.0 0.7698375 
nomask 4.3541193e-05 0.17439999 0.8674047 0.28307968 0.9822588 
nomask 4.246831e-05 0.6678608 0.094699025 1.0 0.64754915 
nomask 4.222989e-05 0.6181631 0.01288132 0.7307488 0.13079372 
mask 4.2140484e-05 0.8366833 0.0020098388 1.0 0.91620505 
mask 4.1753054e-05 0.4740324 0.0022148634 0.7652942 0.011079248 
nomask 4.169345e-05 0.8159276 0.009003669 1.0 0.5543232 
nomask 4.145503e-05 0.0 0.953815 0.0466939 1.0 
mask 4.0709972e-05 0.5564102 0.33125156 1.0 0.6752011 
