mask 0.85513914 101.65273109078407 33.95683318376541 377.39661633968353 323.23219776153564 
nomask 0.0067961514 101.65273109078407 33.95683318376541 377.39661633968353 323.23219776153564 
mask 0.0052044094 128.9370547235012 159.28100496530533 344.48439037799835 316.1470055580139 
mask 0.004713565 408.228763461113 29.461606591939926 536.6143318414688 123.71563613414764 
mask 0.0012035966 307.61600691080093 302.7607470750809 522.75874376297 347.5020498037338 
nomask 0.0011583269 39.196413815021515 285.93106865882874 516.0891892910004 350.0 
mask 0.0010737777 0.0 0.0 366.7149410247803 170.2076569199562 
mask 0.0008793473 6.398510441184044 89.95850086212158 89.01948499679565 206.69974088668823 
nomask 0.0008635521 527.3412494659424 0.0 622.0 333.8699370622635 
mask 0.000741899 0.0 13.19364309310913 610.8250539302826 232.66489207744598 
nomask 0.000618279 516.3762168884277 283.1442892551422 622.0 350.0 
mask 0.0006031394 107.01159602403641 0.0 545.8458170890808 95.49413323402405 
mask 0.00059753656 96.27000898122787 17.722347378730774 540.4410080909729 161.61146759986877 
nomask 0.00057834387 154.5097696185112 0.0 413.4752290248871 102.67671793699265 
nomask 0.00054219365 152.90774261951447 19.62328478693962 382.48451602458954 186.76328659057617 
nomask 0.00053843856 101.0479044020176 3.682723641395569 333.48232078552246 126.71013474464417 
mask 0.00051388144 516.3762168884277 283.1442892551422 622.0 350.0 
mask 0.00050225854 54.39832426607609 294.63201463222504 203.69978219270706 348.52143228054047 
nomask 0.00048017502 392.3603118658066 318.4021472930908 622.0 350.0 
mask 0.00046014786 392.3603118658066 318.4021472930908 622.0 350.0 
nomask 0.0004403293 54.39832426607609 294.63201463222504 203.69978219270706 348.52143228054047 
mask 0.0004273951 4.679482251405716 0.0 274.3524112701416 267.16591119766235 
nomask 0.0004155934 0.0 1.1063285171985626 418.68606638908386 142.24916696548462 
nomask 0.00041222572 406.9631652832031 36.13407760858536 622.0 225.65611600875854 
mask 0.00041133165 406.9631652832031 36.13407760858536 622.0 225.65611600875854 
mask 0.0004005134 30.535276353359222 290.8860594034195 575.0491511821747 350.0 
mask 0.00039044023 307.80862534046173 0.0 587.2289904356003 115.5267596244812 
nomask 0.0003822744 322.3166432380676 2.443605661392212 622.0 350.0 
mask 0.0003758371 322.3166432380676 2.443605661392212 622.0 350.0 
mask 0.0003642738 205.15473628044128 0.0 406.07631599903107 178.40887308120728 
nomask 0.00036343932 0.0 0.0 163.82465302944183 208.55312943458557 
mask 0.0003593266 6.495065271854401 0.0 384.1336827278137 103.31022292375565 
mask 0.00035652518 75.32321354746819 0.0 291.1372231245041 184.00871753692627 
mask 0.00035214424 102.88348889350891 110.06745994091034 518.748587846756 240.23737013339996 
mask 0.00034987926 519.257985830307 3.440290689468384 622.0 318.3955132961273 
mask 0.000344038 0.0 182.33548998832703 622.0 350.0 
nomask 0.00034219027 75.32321354746819 0.0 291.1372231245041 184.00871753692627 
mask 0.0003414452 9.301573812961578 187.47314512729645 392.9238750934601 331.0202807188034 
mask 0.00032511353 337.5972110033035 321.7731773853302 552.6756428480148 345.5744981765747 
nomask 0.0003221333 0.0 182.33548998832703 622.0 350.0 
mask 0.00030842423 194.4723750948906 109.43072140216827 622.0 350.0 
nomask 0.00030830503 194.4723750948906 109.43072140216827 622.0 350.0 
nomask 0.00030371547 298.7180030941963 319.86517310142517 504.03773760795593 346.2104856967926 
mask 0.00030305982 365.6409046649933 337.5650316476822 490.81333589553833 350.0 
nomask 0.00029069185 274.7678820490837 145.296111702919 324.28879940509796 185.70950329303741 
mask 0.0002810359 133.9803820848465 263.5170876979828 450.24582958221436 342.91952252388 
mask 0.00027933717 0.0 0.0 163.82465302944183 208.55312943458557 
mask 0.00027403235 227.08557999134064 21.376897394657135 436.29444205760956 154.69543188810349 
nomask 0.00027024746 424.4335882663727 61.31580173969269 622.0 333.1936448812485 
nomask 0.0002693832 67.25139653682709 255.90526461601257 156.3338704109192 340.3276324272156 
mask 0.00024715066 309.3744865655899 12.650834023952484 563.2811309099197 185.11922359466553 
nomask 0.00024530292 227.08557999134064 21.376897394657135 436.29444205760956 154.69543188810349 
mask 0.00023803115 334.4978542327881 3.4361757338047028 622.0 158.05493593215942 
nomask 0.00023660064 294.8462632894516 143.24607104063034 342.67257964611053 187.05741465091705 
nomask 0.00023043156 418.62318873405457 0.0 622.0 208.78266990184784 
mask 0.00022855401 389.4968204498291 43.19087713956833 622.0 313.1879508495331 
mask 0.00020590425 127.782141238451 211.87859773635864 422.3912137746811 307.06727504730225 
nomask 0.00020232797 293.476190328598 125.81533789634705 342.1284432411194 173.64908456802368 
nomask 0.00020191073 296.12025874853134 113.95310461521149 340.4340090751648 154.0013551712036 
nomask 0.00019603968 270.4354966878891 114.17735666036606 322.3444117307663 154.06025797128677 
mask 0.00019037724 83.42325320839882 170.516836643219 289.63516640663147 350.0 
nomask 0.00018453598 0.0 229.0391206741333 220.20370221138 350.0 
mask 0.0001681149 0.0 195.58508396148682 256.0447441339493 321.5965211391449 
nomask 0.00016614795 85.35558253526688 5.961897969245911 196.87305212020874 107.99473226070404 
nomask 0.00016328692 0.0 0.0 261.76659220457077 90.98687469959259 
mask 0.00015497208 0.0 0.0 261.76659220457077 90.98687469959259 
mask 0.00015231967 293.29728931188583 283.748984336853 611.3566963672638 350.0 
nomask 0.00015226007 153.73086154460907 0.35431140568107367 292.4136098623276 3.485315293073654 
mask 0.00014719367 0.0 33.49876403808594 260.5614433288574 159.1017097234726 
nomask 0.00014701486 327.9549448490143 302.6274412870407 533.5915701389313 347.31479585170746 
mask 0.00014176965 67.25139653682709 255.90526461601257 156.3338704109192 340.3276324272156 
nomask 0.0001412034 0.0 0.0 194.48915112018585 125.37530362606049 
mask 0.00014042854 201.46061843633652 162.7470076084137 397.22024297714233 350.0 
nomask 0.00013968349 4.679482251405716 0.0 274.3524112701416 267.16591119766235 
nomask 0.00013795495 43.027158945798874 13.681784272193909 268.77698731422424 156.3549742102623 
mask 0.0001347661 482.5708019733429 286.86806857585907 622.0 350.0 
mask 0.0001295209 177.9350883960724 283.24371576309204 392.26644027233124 350.0 
mask 0.00012516975 0.0 0.0 194.48915112018585 125.37530362606049 
mask 0.00012496114 377.53138065338135 0.0 622.0 142.2766625881195 
mask 0.00012180209 152.90774261951447 19.62328478693962 382.48451602458954 186.76328659057617 
nomask 0.00012123585 205.15473628044128 0.0 406.07631599903107 178.40887308120728 
nomask 0.00011900067 140.47969233989716 225.52621066570282 579.1957026720047 350.0 
nomask 0.000112593174 24.299548968672752 23.855216801166534 135.51322883367538 202.03086733818054 
nomask 0.00011128187 0.0 33.49876403808594 260.5614433288574 159.1017097234726 
mask 0.00010856986 169.20501166582108 69.77765262126923 495.6833140850067 165.307354927063 
mask 0.00010767579 371.18941283226013 194.8711782693863 622.0 350.0 
mask 0.00010660291 424.0868343114853 5.968962237238884 622.0 89.43797200918198 
nomask 0.0001065135 96.27000898122787 17.722347378730774 540.4410080909729 161.61146759986877 
nomask 0.000105023384 241.5911509990692 134.9370837211609 343.68707501888275 246.04284763336182 
mask 0.00010475516 322.19073963165283 256.1611533164978 622.0 350.0 
nomask 0.00010338426 0.0 220.42051553726196 349.7689310312271 350.0 
nomask 0.00010281801 180.6338596343994 0.0 330.9974670410156 2.7875926811248064 
mask 0.00010085106 609.5958995819092 1.0270386934280396 620.1087024211884 75.82125514745712 
nomask 9.8496675e-05 272.77809715270996 126.97136402130127 323.7349125146866 172.24019467830658 
nomask 9.676814e-05 367.8400284051895 278.5743832588196 622.0 350.0 
nomask 9.608269e-05 0.0 13.19364309310913 610.8250539302826 232.66489207744598 
mask 9.459257e-05 31.81033769249916 226.76113545894623 323.82018291950226 350.0 
mask 9.408593e-05 590.8929855823517 3.310307115316391 611.4449326992035 171.7228263616562 
nomask 9.357929e-05 256.1431016921997 338.54123055934906 354.24214231967926 349.95366632938385 
mask 9.2834234e-05 0.0 116.9039398431778 267.3993512392044 231.91664814949036 
