mask 0.9999696 369.5601 432.7474 788.3357 755.17596 
nomask 0.009657621 367.11273 437.54248 787.6563 763.88275 
nomask 0.0009909868 1260.9292 374.55075 1280.0 490.02377 
mask 0.00042685866 1220.606 20.933826 1278.9817 114.188385 
nomask 0.0003912449 1248.8142 407.79385 1274.6356 541.0271 
mask 0.00034439564 1260.9292 374.55075 1280.0 490.02377 
nomask 0.0003311336 3.5249746 162.88646 26.211224 286.24707 
mask 0.00030997396 13.886452 4.0459056 263.8775 29.594753 
nomask 0.00029939413 1167.457 18.568125 1243.8026 98.79312 
nomask 0.0002628863 289.75964 615.1112 1191.1135 960.0 
mask 0.0002503991 22.83815 3.5280168 64.05452 49.36844 
mask 0.00023841858 29.943127 18.09734 156.16942 98.23215 
nomask 0.00022944808 1220.606 20.933826 1278.9817 114.188385 
mask 0.00022506714 8.757643 10.034744 24.35632 189.1355 
nomask 0.00022298098 7.3660994 265.69354 55.682682 353.35406 
mask 0.00022280216 1167.457 18.568125 1243.8026 98.79312 
mask 0.00022038817 0.0 116.27975 13.753059 267.72925 
mask 0.00021412969 1248.8142 407.79385 1274.6356 541.0271 
mask 0.00021374226 1260.8369 136.63324 1280.0 233.40349 
nomask 0.00020122528 1254.3746 320.5227 1280.0 448.02402 
mask 0.00019350648 79.806366 5.8189487 821.01263 587.9816 
mask 0.00019347668 966.4281 781.748 1280.0 954.93176 
nomask 0.00018319488 1167.7571 391.19073 1245.5365 453.8444 
nomask 0.00017699599 2.8244495 214.80104 40.759476 325.99457 
mask 0.00017654896 7.3660994 265.69354 55.682682 353.35406 
mask 0.00017398596 159.61624 62.15821 1046.5737 858.44556 
mask 0.00017383695 1201.7587 2.0404406 1280.0 53.144367 
mask 0.00017154217 450.35843 777.1257 810.0077 958.1787 
nomask 0.00017002225 1201.7587 2.0404406 1280.0 53.144367 
nomask 0.00016909838 819.5593 601.3345 1280.0 960.0 
nomask 0.00016638637 107.394295 773.27295 982.5049 960.0 
nomask 0.00015735626 1252.6145 449.26294 1276.2856 587.4971 
mask 0.00015705824 1149.3751 3.8931513 1255.77 58.671555 
mask 0.00015613437 512.5156 4.5228195 1252.7336 656.06085 
mask 0.00015377998 3.5249746 162.88646 26.211224 286.24707 
nomask 0.00015187263 0.0 305.36453 19.812624 416.8714 
nomask 0.000148803 827.3047 168.21216 1280.0 923.7205 
mask 0.00014615059 752.63745 540.3623 1280.0 960.0 
nomask 0.00014439225 0.0 594.2204 753.7021 960.0 
nomask 0.00013712049 0.0 9.041405 960.23157 394.2258 
nomask 0.00013709068 13.886452 4.0459056 263.8775 29.594753 
nomask 0.00013524294 40.406174 278.45007 107.64609 331.8667 
mask 0.00013157725 591.56946 127.28674 1280.0 960.0 
nomask 0.00013113022 856.2757 0.0 1280.0 649.5758 
nomask 0.00012984872 1074.1444 785.34155 1280.0 960.0 
nomask 0.00012865663 1170.0892 421.77234 1250.7576 488.72617 
nomask 0.00012564659 816.42267 464.85178 911.9018 565.6854 
mask 0.00012558699 2.8244495 214.80104 40.759476 325.99457 
mask 0.00012516975 98.26605 584.1414 638.3996 960.0 
mask 0.00012457371 174.90913 442.3222 1280.0 960.0 
mask 0.00012379885 0.0 0.0 347.41785 59.30502 
mask 0.00012353063 327.78186 632.9688 1171.2063 960.0 
mask 0.000121712685 717.95807 760.2428 1280.0 960.0 
nomask 0.00012105703 591.56946 127.28674 1280.0 960.0 
nomask 0.000118374825 820.71826 868.4705 1280.0 960.0 
mask 0.00011587143 83.805305 1.1181226 300.16217 22.465958 
mask 0.00011586873 400.2054 300.16077 1280.0 960.0 
nomask 0.00011586784 400.2054 300.16077 1280.0 960.0 
mask 0.00011190772 1252.6145 449.26294 1276.2856 587.4971 
mask 0.00011116266 0.0 305.36453 19.812624 416.8714 
mask 0.000109791756 820.71826 868.4705 1280.0 960.0 
mask 0.00010877848 1160.9773 644.0909 1280.0 960.0 
mask 0.000108629465 647.7689 697.21216 1280.0 960.0 
nomask 0.0001077652 1112.1392 0.0 1280.0 960.0 
nomask 0.000106453896 40.617657 247.74274 104.98804 310.87766 
nomask 0.00010514259 174.90913 442.3222 1280.0 960.0 
nomask 0.000104010105 22.83815 3.5280168 64.05452 49.36844 
nomask 0.00010359287 1201.7812 910.3238 1280.0 960.0 
mask 0.00010344386 129.40204 657.86084 842.07227 960.0 
mask 9.9509954e-05 0.0 206.0004 580.35345 879.3198 
mask 9.921193e-05 827.3047 168.21216 1280.0 923.7205 
mask 9.462237e-05 1254.3746 320.5227 1280.0 448.02402 
nomask 9.4503164e-05 1260.8369 136.63324 1280.0 233.40349 
mask 9.354949e-05 860.4003 88.19604 1280.0 621.2273 
mask 9.304285e-05 0.0 610.94904 697.4048 960.0 
nomask 8.919835e-05 1149.3751 3.8931513 1255.77 58.671555 
nomask 8.5651875e-05 0.0 116.27975 13.753059 267.72925 
nomask 8.1539154e-05 860.4003 88.19604 1280.0 621.2273 
nomask 8.08835e-05 826.35065 427.9473 912.11237 503.869 
mask 7.882714e-05 1079.7216 0.0 1280.0 873.5898 
mask 7.814169e-05 1056.2361 0.0 1184.5045 44.503754 
nomask 7.778406e-05 0.0 845.857 1280.0 960.0 
nomask 7.650256e-05 806.7833 498.42682 906.88477 620.98914 
nomask 7.5012445e-05 83.805305 1.1181226 300.16217 22.465958 
nomask 7.355213e-05 0.0 0.0 347.41785 59.30502 
mask 6.774068e-05 122.74052 18.024015 1264.1516 422.6686 
nomask 6.6936016e-05 0.0 582.1968 528.51514 960.0 
mask 6.4343214e-05 0.0 611.0162 477.43607 960.0 
mask 6.41644e-05 195.65422 694.7596 1141.3676 960.0 
mask 6.312132e-05 0.0 0.0 513.1472 721.6282 
mask 6.0230494e-05 1253.4336 79.23284 1280.0 171.07016 
mask 6.0081482e-05 0.0 845.857 1280.0 960.0 
mask 5.8442354e-05 7.0360756 917.15173 79.9169 960.0 
nomask 5.8412552e-05 440.5271 0.0 973.9373 58.31003 
nomask 5.7935715e-05 1053.741 795.5464 1280.0 955.7524 
mask 5.77271e-05 731.9697 6.780138 1280.0 421.4928 
nomask 5.7697296e-05 0.0 0.0 513.1472 721.6282 
nomask 5.7399273e-05 1255.8975 484.9445 1273.0825 652.29144 
nomask 5.7131052e-05 1.1076987 356.80234 16.602066 476.64294 
nomask 5.4478645e-05 29.943127 18.09734 156.16942 98.23215 
