mask 0.99999416 101.96894 93.5028 331.01642 252.84782 
nomask 0.0012801588 102.24659 92.590485 328.0715 254.24442 
nomask 0.00091540813 6.559785 75.74451 58.048744 228.3089 
nomask 0.0003940165 137.28087 73.253876 285.40338 132.05391 
nomask 0.0003889501 286.2111 0.0 428.0 201.53992 
nomask 0.00036770105 0.0 0.0 200.72986 203.09766 
mask 0.00034347177 99.62993 72.31429 208.07372 228.03629 
nomask 0.00026658177 17.794024 93.155 75.186966 200.91368 
nomask 0.00026482344 280.5022 194.61479 428.0 320.0 
nomask 0.0002564788 3.8916268 80.03991 28.125517 252.25995 
nomask 0.00023418665 11.543513 96.104645 92.71018 242.9431 
nomask 0.00021848083 0.0 0.0 103.925316 151.60474 
nomask 0.00020936131 0.0 191.45871 251.20404 320.0 
nomask 0.00019180775 264.2933 0.0 428.0 121.9301 
nomask 0.0001911521 0.0 0.0 187.23283 81.960106 
mask 0.00018811226 198.68568 43.060436 428.0 320.0 
nomask 0.00018718839 124.75619 0.0 304.3755 126.65155 
mask 0.00018528104 54.201878 101.44036 282.91818 190.0079 
nomask 0.00017955899 52.080196 0.0 193.9984 147.41077 
nomask 0.00017139316 198.68568 43.060436 428.0 320.0 
mask 0.00016954541 211.55487 73.587944 322.3652 235.83203 
nomask 0.00016480684 1.0021658 0.0 269.96353 90.5505 
mask 0.00016471744 224.5621 175.68561 428.0 292.75507 
nomask 0.00016310811 232.06024 0.0 381.74728 145.404 
mask 0.00016236305 57.79992 148.11908 428.0 320.0 
nomask 0.00015813112 0.0 115.76106 6.4306 177.95877 
nomask 0.00015509129 57.79992 148.11908 428.0 320.0 
nomask 0.00015452504 0.0 0.0 101.24868 233.91498 
mask 0.00014823675 0.0 271.0758 159.32257 319.55606 
nomask 0.00014781952 369.59213 3.1731033 428.0 171.11655 
nomask 0.00014045835 0.0 0.0 152.29308 113.838844 
nomask 0.00013589859 357.5257 257.27466 428.0 320.0 
nomask 0.00013270974 0.0 1.8526888 304.5835 134.32883 
nomask 0.00013250113 314.10104 4.4816113 428.0 194.74792 
mask 0.00012919307 0.0 173.47736 190.05435 320.0 
mask 0.0001244247 0.0 41.675053 181.82056 293.08896 
mask 0.00012362003 235.70308 106.0343 428.0 211.04095 
mask 0.000120162964 369.59213 3.1731033 428.0 171.11655 
nomask 0.000119805336 269.59525 291.53696 428.0 320.0 
mask 0.00011634827 269.59525 291.53696 428.0 320.0 
mask 0.000113874674 88.36665 74.97121 307.49368 155.44267 
nomask 0.00011181831 375.6006 0.0 428.0 320.0 
mask 0.00011077523 235.9172 265.51385 401.0507 317.4281 
mask 0.000110417604 357.5257 257.27466 428.0 320.0 
nomask 0.00010958314 2.605828 127.74631 57.009518 276.83594 
mask 0.000105023384 66.99639 246.0155 428.0 320.0 
nomask 0.000104635954 2.487046 141.3486 24.141354 303.1409 
nomask 9.846687e-05 230.2969 0.0 428.0 84.867645 
mask 9.840727e-05 55.186028 0.0 201.50543 222.57874 
mask 9.4771385e-05 227.53398 123.39905 428.0 276.74023 
mask 9.4652176e-05 218.30382 234.8687 428.0 320.0 
mask 9.2834234e-05 240.49857 250.70412 428.0 320.0 
mask 9.2327595e-05 0.0 249.86871 310.43088 320.0 
mask 9.2059374e-05 0.0 0.0 296.8328 83.908676 
nomask 9.083748e-05 0.0 91.33452 153.97528 231.89383 
mask 8.9496374e-05 332.11557 0.0 428.0 230.78667 
nomask 8.863211e-05 105.28704 49.213696 205.65318 198.91608 
nomask 8.60095e-05 54.083042 70.52445 266.73288 150.67545 
mask 8.4519386e-05 284.20734 30.492172 428.0 206.98723 
mask 8.189678e-05 137.28087 73.253876 285.40338 132.05391 
nomask 8.08835e-05 45.412212 33.967857 269.0434 114.897575 
mask 8.022785e-05 84.1994 196.35149 328.17404 271.87354 
nomask 8.019805e-05 284.20734 30.492172 428.0 206.98723 
nomask 7.966161e-05 149.36029 91.65246 308.82263 142.98993 
mask 7.6562166e-05 0.0 115.76106 6.4306 177.95877 
nomask 7.352233e-05 0.0 31.907654 182.91074 145.2112 
nomask 7.349253e-05 0.6954324 189.42484 7.3589697 259.1347 
mask 7.247925e-05 375.6006 0.0 428.0 320.0 
mask 7.143617e-05 243.87782 2.1718645 428.0 142.31046 
mask 7.137656e-05 48.340584 228.95088 374.94415 317.62448 
nomask 7.0899725e-05 16.809275 261.24423 366.19202 320.0 
nomask 6.6787004e-05 0.0 42.185776 68.96772 196.82935 
mask 6.553531e-05 0.0 108.46068 188.91277 213.1816 
mask 6.3568354e-05 0.0 266.8946 391.70667 320.0 
nomask 6.303191e-05 0.0 102.94227 4.682561 161.91678 
mask 6.28531e-05 10.841013 7.899599 423.01932 210.66399 
mask 6.273389e-05 52.080196 0.0 193.9984 147.41077 
mask 6.1780214e-05 299.12436 116.601 428.0 314.88632 
mask 6.145239e-05 0.0 270.2578 83.06359 318.10156 
nomask 6.0528517e-05 268.84537 23.335152 428.0 163.78249 
mask 5.811453e-05 4.1454506 310.37817 43.27895 318.57184 
mask 5.7935715e-05 53.669304 111.215355 212.55945 320.0 
mask 5.787611e-05 230.2969 0.0 428.0 84.867645 
nomask 5.7697296e-05 218.30382 234.8687 428.0 320.0 
mask 5.710125e-05 0.0 137.68083 136.70264 310.5227 
mask 5.581975e-05 320.419 0.0 428.0 148.62411 
mask 5.51939e-05 12.498615 203.77893 240.50638 320.0 
nomask 5.403161e-05 0.0 0.0 250.96494 38.543514 
mask 5.325675e-05 45.412212 33.967857 269.0434 114.897575 
nomask 5.2809715e-05 0.0 249.86871 310.43088 320.0 
nomask 5.2064657e-05 266.9056 107.66056 341.073 202.06613 
mask 4.9501657e-05 299.69086 0.0 428.0 44.21627 
mask 4.87566e-05 150.14272 2.8486156 344.1886 246.14143 
mask 4.824996e-05 0.0 102.94227 4.682561 161.91678 
nomask 4.810095e-05 7.73739 13.802719 118.27572 156.27678 
mask 4.7534704e-05 271.2824 251.6517 417.41968 307.18973 
mask 4.684925e-05 141.1692 0.0 282.2574 150.89833 
nomask 4.6104193e-05 0.0 172.443 6.8265743 240.61258 
mask 4.607439e-05 269.90073 59.011135 428.0 276.1578 
mask 4.6014786e-05 369.5487 0.0 428.0 97.3579 
