mask 0.9999567 79.56701964139938 49.655333161354065 157.28188008069992 158.19401890039444 
nomask 0.0019678771 0.0 183.23969542980194 74.85616207122803 225.0 
nomask 0.0006586313 87.35937997698784 46.93727307021618 144.5910483598709 89.16478157043457 
mask 0.00061511993 0.0 183.23969542980194 74.85616207122803 225.0 
nomask 0.0005938709 79.56701964139938 49.655333161354065 157.28188008069992 158.19401890039444 
nomask 0.0004107058 0.0 114.48475420475006 32.595498114824295 202.9833823442459 
mask 0.00030636787 33.03766027092934 15.315259248018265 176.92502439022064 197.5476175546646 
nomask 0.0002821386 0.0 204.85056191682816 39.69560042023659 225.0 
mask 0.00026470423 0.0 114.48475420475006 32.595498114824295 202.9833823442459 
mask 0.00026112795 52.011385560035706 49.1459883749485 155.4992437362671 109.09444615244865 
mask 0.00025877357 27.141444012522697 61.84067577123642 137.28054016828537 158.93898904323578 
nomask 0.00023472309 155.96696734428406 42.94023513793945 225.0 219.63255107402802 
mask 0.00023150444 0.0 0.0 103.62455695867538 143.14265549182892 
nomask 0.00020858645 0.0 203.46203595399857 63.278232514858246 225.0 
nomask 0.00020506978 80.82480132579803 206.2827005982399 157.04382061958313 224.7161015868187 
nomask 0.00019493699 40.58438390493393 0.0 208.57411175966263 59.222135692834854 
mask 0.00018075109 68.56867522001266 110.92719957232475 139.7019311785698 158.1103339791298 
nomask 0.00018030405 0.0 6.203949451446533 79.27422299981117 140.3915137052536 
mask 0.00016534328 40.58438390493393 0.0 208.57411175966263 59.222135692834854 
mask 0.00015807152 44.99554820358753 0.3119614440947771 81.32909685373306 8.429467119276524 
nomask 0.00014868379 1.4485734980553389 119.35807317495346 12.679650261998177 225.0 
nomask 0.0001449287 60.94973310828209 0.0 202.84173488616943 27.44058407843113 
nomask 0.00014299154 37.441807240247726 0.37630617152899504 72.16583266854286 6.806237809360027 
nomask 0.00013920665 0.0 154.5345738530159 50.88486447930336 222.46892005205154 
mask 0.00013440847 32.87065252661705 0.0 99.17186871170998 14.556774124503136 
mask 0.00013259053 1.4485734980553389 119.35807317495346 12.679650261998177 225.0 
mask 0.00012761354 10.145804286003113 17.805344983935356 134.02200490236282 124.4420662522316 
nomask 0.00012728572 1.1091160587966442 215.56911170482635 16.526273265480995 225.0 
mask 0.00012546778 1.4438434853218496 106.18927851319313 3.9333061315119267 141.4131537079811 
nomask 0.00012430549 146.02570831775665 143.0046558380127 225.0 225.0 
nomask 0.00012299418 0.0 0.0 95.30119299888611 57.788461446762085 
nomask 0.00011771917 188.92927765846252 183.15888047218323 225.0 225.0 
mask 0.000117212534 1.7322479048743844 89.53724652528763 3.402628772892058 138.8601467013359 
mask 0.00011378527 60.94973310828209 0.0 202.84173488616943 27.44058407843113 
nomask 0.00011280179 9.471959620714188 185.17547249794006 188.28737139701843 225.0 
nomask 0.00011125207 144.66285109519958 203.32681238651276 225.0 225.0 
nomask 0.00011026859 74.58841726183891 0.0 149.4340181350708 111.52454763650894 
nomask 0.00010833144 149.32554960250854 0.0 225.0 142.94355511665344 
nomask 0.000108242035 0.0 189.24666345119476 39.570894464850426 223.92078638076782 
mask 0.00010475516 30.741669237613678 103.5994179546833 225.0 225.0 
mask 0.000104278326 144.66285109519958 203.32681238651276 225.0 225.0 
mask 0.00010377169 203.62999588251114 150.72951167821884 225.0 225.0 
nomask 0.00010344386 0.0 0.0 55.534668266773224 107.89864361286163 
nomask 0.0001014173 28.492895141243935 0.0 89.51573520898819 12.458889372646809 
mask 0.00010120869 0.0 0.0 95.30119299888611 57.788461446762085 
nomask 0.00010034442 3.8633130490779877 0.0 145.05673348903656 63.776278495788574 
nomask 9.894371e-05 0.0 159.84431505203247 99.41586926579475 225.0 
mask 9.852648e-05 70.34848183393478 70.34997716546059 225.0 225.0 
nomask 9.8496675e-05 70.34848183393478 70.34997716546059 225.0 225.0 
mask 9.7721815e-05 74.71307963132858 207.38692581653595 155.92280477285385 224.34795498847961 
nomask 9.75728e-05 0.0 60.688405483961105 81.340791285038 162.05139756202698 
mask 9.6946955e-05 0.0 69.84157785773277 133.97178053855896 198.82483184337616 
nomask 9.557605e-05 197.73439317941666 0.0 225.0 224.33261275291443 
mask 9.316206e-05 6.875956803560257 1.707601547241211 221.93640768527985 148.32921624183655 
nomask 9.256601e-05 63.63861411809921 4.206246882677078 150.27235597372055 67.25382953882217 
mask 9.2327595e-05 63.63861411809921 4.206246882677078 150.27235597372055 67.25382953882217 
mask 9.196997e-05 142.01160818338394 155.50834983587265 225.0 225.0 
mask 9.021163e-05 87.35937997698784 46.93727307021618 144.5910483598709 89.16478157043457 
mask 9.009242e-05 0.6268955825362355 0.0 2.268523955717683 54.16864939033985 
nomask 8.9883804e-05 3.6209452897310257 216.4161667227745 41.270724311470985 225.0 
mask 8.931756e-05 0.4908473929390311 1.3495241291821003 5.121433362364769 10.991462040692568 
mask 8.8751316e-05 115.60603827238083 2.34421044588089 225.0 225.0 
mask 8.779764e-05 3.8633130490779877 0.0 145.05673348903656 63.776278495788574 
nomask 8.7708235e-05 1.4438434853218496 106.18927851319313 3.9333061315119267 141.4131537079811 
mask 8.714199e-05 74.58841726183891 0.0 149.4340181350708 111.52454763650894 
nomask 8.699298e-05 103.88695076107979 51.264266297221184 133.39084088802338 75.47317743301392 
nomask 8.690357e-05 30.741669237613678 103.5994179546833 225.0 225.0 
nomask 8.645654e-05 140.4781088232994 4.915282130241394 225.0 160.1344496011734 
mask 8.440018e-05 0.0 176.059690117836 157.60286003351212 225.0 
mask 8.431077e-05 0.0 197.34725654125214 225.0 225.0 
mask 8.291006e-05 217.3349305987358 1.2371986638754606 225.0 9.525960870087147 
nomask 8.198619e-05 0.0 176.059690117836 157.60286003351212 225.0 
nomask 8.183718e-05 1.7322479048743844 89.53724652528763 3.402628772892058 138.8601467013359 
nomask 8.109212e-05 0.0 20.589394122362137 93.99362951517105 104.04432937502861 
mask 7.972121e-05 2.3554321378469467 201.8013060092926 75.98388344049454 223.8841474056244 
nomask 7.969141e-05 120.27186155319214 0.0 207.21850991249084 33.608927205204964 
mask 7.906556e-05 150.45175552368164 21.290798485279083 225.0 145.61354666948318 
nomask 7.852912e-05 103.98128405213356 29.970668256282806 225.0 225.0 
nomask 7.760525e-05 27.016878873109818 0.0 102.82049104571342 103.9530336856842 
nomask 7.7039e-05 116.91926121711731 0.31142458319664 225.0 10.575421247631311 
mask 7.683039e-05 0.0 20.589394122362137 93.99362951517105 104.04432937502861 
nomask 7.665157e-05 150.45175552368164 21.290798485279083 225.0 145.61354666948318 
nomask 7.626414e-05 0.0 131.1295509338379 99.18475672602654 225.0 
nomask 7.4744225e-05 0.0 195.74298709630966 18.592005036771297 225.0 
mask 7.343292e-05 0.0 60.688405483961105 81.340791285038 162.05139756202698 
mask 7.328391e-05 0.0 0.0 56.76419287919998 163.55099380016327 
nomask 7.250905e-05 0.0 22.29592278599739 54.21973541378975 196.6626226902008 
nomask 7.224083e-05 109.60333496332169 0.0 225.0 56.56532049179077 
mask 7.197261e-05 2.682896750047803 115.65773785114288 5.845176754519343 150.1793771982193 
mask 7.146597e-05 74.09186661243439 26.159078255295753 183.7412416934967 82.65664279460907 
nomask 7.113814e-05 0.0 123.17248284816742 103.3252626657486 207.4291706085205 
mask 7.075071e-05 44.3204328417778 11.309302970767021 186.33476346731186 107.00131058692932 
nomask 7.0244074e-05 217.3349305987358 1.2371986638754606 225.0 9.525960870087147 
nomask 6.4879656e-05 85.61847880482674 0.0 223.8279014825821 78.29435169696808 
mask 6.479025e-05 0.0 45.39254531264305 26.714746467769146 205.1124393939972 
mask 6.470084e-05 69.99098360538483 21.491072326898575 137.11291551589966 102.5831826031208 
mask 6.443262e-05 20.9876149892807 156.04732632637024 147.07553833723068 225.0 
nomask 6.4224005e-05 91.50412380695343 219.6563422679901 138.5653853416443 225.0 
nomask 6.41346e-05 0.0 149.73329901695251 32.733651995658875 225.0 
mask 6.4104795e-05 51.20442286133766 0.0 124.25384223461151 13.523569609969854 
