mask 0.9994023 0.12492728 0.33981723 0.62546146 0.82058996 
nomask 0.0011589527 0.12825117 0.34160987 0.63051677 0.8222648 
mask 0.00044977665 0.14101428 0.2584046 0.38592535 0.7171035 
mask 0.00038427114 0.004288949 0.76073 0.14320841 1.0 
mask 0.00035333633 0.18276724 0.32923657 0.6879802 0.6105183 
nomask 0.00035110116 0.0 0.34994066 0.14367047 0.75629246 
mask 0.00026518106 0.03167282 0.3231588 0.5201387 0.5862922 
nomask 0.00026130676 0.21084511 0.5880012 0.93194723 1.0 
mask 0.00025466084 0.0 0.34994066 0.14367047 0.75629246 
mask 0.00024241209 0.019397449 0.9555669 0.14336443 1.0 
mask 0.00022125244 0.0 0.8429309 0.21481171 0.9959545 
nomask 0.00021663308 0.67640036 0.13809985 1.0 0.9718874 
mask 0.0002065897 0.67640036 0.13809985 1.0 0.9718874 
mask 0.00019598007 0.10043347 0.59163135 0.62945503 0.8412909 
nomask 0.00019264221 0.0 0.0 0.43441367 0.63562036 
mask 0.00017553568 0.464442 0.1343658 1.0 1.0 
mask 0.00016865134 0.0 0.3438755 0.46677738 0.67110026 
nomask 0.00016313791 0.019397449 0.9555669 0.14336443 1.0 
nomask 0.00016149879 0.8397771 0.8095763 1.0 1.0 
nomask 0.00015994906 0.464442 0.1343658 1.0 1.0 
nomask 0.00015670061 0.0007519871 0.9422391 0.054432016 1.0 
mask 0.00015479326 0.0017172098 0.52007604 1.0 1.0 
nomask 0.0001475811 0.19706899 0.24906327 0.70310134 0.47362298 
mask 0.00014615059 0.0 0.0 0.43441367 0.63562036 
nomask 0.00014612079 0.63133013 0.9096694 1.0 1.0 
nomask 0.00014576316 0.0017172098 0.52007604 1.0 1.0 
mask 0.00014144182 0.63133013 0.9096694 1.0 1.0 
mask 0.00013896823 0.03702119 0.6359154 0.55054224 1.0 
nomask 0.00013771653 0.15484011 0.17468569 0.36159152 0.6479511 
nomask 0.00013712049 0.0019624457 0.82253695 0.14109418 1.0 
nomask 0.00013259053 0.0 0.07197419 0.3431847 0.5024172 
nomask 0.0001309812 0.29158783 0.30423123 0.6355283 0.4662873 
mask 0.0001309216 0.8397771 0.8095763 1.0 1.0 
nomask 0.00012972951 0.11820468 0.0 0.45461348 0.45248672 
nomask 0.0001296997 0.0 0.0 0.2392722 0.45399147 
mask 0.00012943149 0.0 0.3971935 0.11226405 0.93745905 
mask 0.00012886524 0.0 0.8508632 0.07713563 1.0 
nomask 0.00012487173 0.0 0.0 0.32626486 0.3284662 
mask 0.0001244247 0.12874316 0.48837522 0.3795541 0.95101595 
mask 0.00012224913 0.0 0.43782133 0.31215575 0.96515983 
nomask 0.00012046099 0.0881218 0.0 0.9193375 0.25731695 
nomask 0.000120431185 0.34018806 0.17646335 0.5612509 0.6686727 
mask 0.00011828542 0.0 0.5305736 0.16610047 0.9782945 
mask 0.00011792779 0.41295078 0.23401898 0.6340717 0.74137205 
nomask 0.00011745095 0.8440838 0.0 1.0 0.95367426 
nomask 0.00011733174 0.33147305 0.0 0.6522976 0.46896952 
mask 0.000117212534 0.02115579 0.17214 0.45179343 0.85296845 
nomask 0.00011652708 0.6725741 0.0 1.0 0.7062839 
mask 0.00011500716 0.0007519871 0.9422391 0.054432016 1.0 
nomask 0.000113636255 0.0 0.0355888 0.16899495 0.4821738 
nomask 0.00011333823 0.0 0.57195634 0.5787115 1.0 
mask 0.000112622976 0.0026554614 0.65855694 0.06742186 1.0 
mask 0.00011232495 0.31927148 0.023416817 0.64427733 0.7228823 
mask 0.00011044741 0.12439631 0.25094277 0.60378367 0.47486734 
nomask 0.000108748674 0.0 0.0 0.44572842 0.25682816 
nomask 0.00010699034 0.22566837 0.0 0.789735 0.33664578 
mask 0.00010603666 0.40274125 0.2866884 0.97114795 0.73514456 
nomask 0.00010329485 0.0 0.29059753 0.17817637 0.63494766 
nomask 0.00010317564 0.0 0.5305736 0.16610047 0.9782945 
mask 0.00010317564 0.0027824342 0.5238614 0.47013775 1.0 
mask 0.00010022521 0.34018806 0.17646335 0.5612509 0.6686727 
mask 9.7960234e-05 0.9532769 0.007882852 1.0 0.04900234 
nomask 9.3758106e-05 0.04267478 0.7945003 0.8357435 1.0 
mask 9.3728304e-05 0.0 0.15546957 0.24434072 0.8761091 
nomask 9.3489885e-05 0.030456275 0.0 0.6097822 0.34674394 
mask 9.3340874e-05 0.43932903 0.0017173402 0.87891173 0.0619017 
mask 9.137392e-05 0.6662408 0.09638959 1.0 0.646166 
nomask 9.009242e-05 0.03053698 0.24385273 0.5104668 0.47272873 
mask 9.009242e-05 0.6400552 0.11255595 1.0 0.8937175 
mask 8.907914e-05 0.3003133 0.0017521027 0.726595 0.054026373 
mask 8.803606e-05 0.07183353 0.9658275 0.21352726 0.9949264 
mask 8.505583e-05 0.011042953 0.023022711 0.98398536 0.6601533 
mask 8.484721e-05 0.10992482 0.13296923 0.81522036 0.83650815 
mask 8.377433e-05 0.10397093 0.97336876 0.28688914 0.9911146 
mask 8.186698e-05 0.36300442 0.0 0.82443345 0.759115 
nomask 8.094311e-05 0.6662408 0.09638959 1.0 0.646166 
nomask 8.0913305e-05 0.0 0.3971935 0.11226405 0.93745905 
nomask 7.984042e-05 0.0 0.5537051 0.2458919 1.0 
mask 7.870793e-05 0.83358526 0.0026673973 1.0 0.9051392 
mask 7.8082085e-05 0.0 0.07197419 0.3431847 0.5024172 
mask 7.70092e-05 0.26057023 0.40657264 0.7563116 0.68243974 
mask 7.671118e-05 0.0 0.7390783 0.4387018 1.0 
mask 7.6562166e-05 0.021800231 0.8741869 0.113085166 0.9921676 
mask 7.6562166e-05 0.009584129 0.8220379 0.9099899 1.0 
nomask 7.3730946e-05 0.0 0.3340416 0.26591682 0.5596885 
mask 7.289648e-05 0.42520177 0.0 1.0 0.12393024 
mask 7.104874e-05 0.5798754 0.79128206 1.0 1.0 
nomask 7.092953e-05 0.0 0.42222518 0.27719998 0.66337746 
mask 7.0244074e-05 0.058145925 0.22194487 0.24689884 0.70613056 
nomask 6.9350004e-05 0.66041297 0.6322062 1.0 1.0 
nomask 6.920099e-05 0.31927148 0.023416817 0.64427733 0.7228823 
mask 6.839633e-05 0.0 0.5537051 0.2458919 1.0 
mask 6.80089e-05 0.0 0.90819365 0.146952 1.0 
nomask 6.7442656e-05 0.0 0.32982546 0.41223955 0.5644097 
mask 6.7323446e-05 0.007921776 0.8685148 0.043831 0.9970368 
nomask 6.702542e-05 0.0 0.8508632 0.07713563 1.0 
nomask 6.6667795e-05 0.110890895 0.058258712 0.48950163 0.72022384 
nomask 6.54459e-05 0.0 0.095181555 0.116290554 0.64911246 
mask 6.41942e-05 0.24243504 0.6160579 0.91833276 1.0 
nomask 6.377697e-05 0.053236775 0.12645756 0.23527893 0.6201399 
