mask 0.9999634 925.4666171073914 292.9482891559601 1417.4748239517212 869.9405698776245 
nomask 0.006553054 0.0 1571.7522103786469 124.09905683994293 1673.6049444675446 
nomask 0.0032691061 920.0628588199615 292.95852732658386 1421.0021398067474 872.8045475482941 
nomask 0.0013020635 10.356951594352722 1506.4693183898926 88.06047439575195 1680.9791374206543 
mask 0.0008904934 0.0 1571.7522103786469 124.09905683994293 1673.6049444675446 
mask 0.0003530681 466.15534150600433 0.0 941.8249025344849 20.128306180238724 
mask 0.00035241246 1100.903565645218 159.57576590776443 1748.0 845.7132439613342 
mask 0.00030949712 605.5264101028442 0.0 1528.4306049346924 925.1387634277344 
nomask 0.0002604127 220.22286796569824 1175.453503370285 289.6292020082474 1283.0757477283478 
mask 0.00025892258 953.5342783927917 0.0 1505.0333161354065 804.4665653705597 
nomask 0.00025054812 12.57907983660698 1608.7456316947937 215.68477633595467 1680.4612064361572 
mask 0.00023883581 3.433296751230955 1070.7769412994385 22.78729035332799 1308.5879640579224 
mask 0.00022798777 228.12413883209229 150.622962474823 1434.0545108318329 1589.4601302146912 
mask 0.00018757582 381.6693284511566 31.778365701436996 1267.0186274051666 441.17667400836945 
mask 0.00017562509 928.8767204284668 225.7522644996643 1644.9879989624023 644.6292493343353 
mask 0.00017237663 809.7140303850174 224.51404809951782 1748.0 1684.0 
mask 0.00016567111 12.57907983660698 1608.7456316947937 215.68477633595467 1680.4612064361572 
nomask 0.00015997887 381.6693284511566 31.778365701436996 1267.0186274051666 441.17667400836945 
nomask 0.000159204 809.7140303850174 224.51404809951782 1748.0 1684.0 
mask 0.00014981627 530.9130264520645 0.0 1246.2974309921265 655.6371898651123 
mask 0.00014570355 14.543418645858765 872.3605923652649 1748.0 1684.0 
mask 0.00013792515 1261.8619010448456 0.0 1748.0 656.8301374912262 
mask 0.00013718009 577.0918996334076 130.98040479421616 1042.2081129550934 697.9474337100983 
nomask 0.00013411045 546.5276634693146 526.5300440788269 1748.0 1684.0 
mask 0.00013411045 546.5276634693146 526.5300440788269 1748.0 1684.0 
nomask 0.00013399124 0.0 1129.5997483730316 1050.2724394798279 1684.0 
nomask 0.00013333559 14.543418645858765 872.3605923652649 1748.0 1684.0 
nomask 0.00013270974 1192.8178839683533 1102.842490196228 1748.0 1684.0 
nomask 0.00013157725 131.9736032485962 1374.0558457374573 1350.830902814865 1684.0 
mask 0.00012400746 0.0 207.77840316295624 791.8406817913055 1599.8580965995789 
nomask 0.0001192987 326.01848435401917 0.0 1313.1809866428375 229.0834088921547 
mask 0.00011691451 1148.2880609035492 1403.5759043693542 1748.0 1683.1008477210999 
nomask 0.000115305185 895.8348717689514 258.1333899497986 1345.8434834480286 590.2886531352997 
mask 0.00011473894 1233.8292472362518 616.9749969244003 1748.0 1675.1483988761902 
nomask 0.00011217594 3.433296751230955 1070.7769412994385 22.78729035332799 1308.5879640579224 
mask 0.00011202693 0.0 1302.1682295799255 1260.4641025066376 1684.0 
nomask 0.000109285116 30.59814965724945 1504.046886920929 196.40212935209274 1671.623456954956 
mask 0.00010588765 1192.8178839683533 1102.842490196228 1748.0 1684.0 
mask 0.00010553002 69.63049650192261 0.0 1727.190972328186 1112.0264303684235 
nomask 0.00010508299 197.65385502576828 0.0 799.7190310955048 769.11305809021 
nomask 0.00010418892 29.687473386526108 1037.7865443229675 273.37203192710876 1645.42036485672 
mask 0.00010341406 1094.8453967571259 339.2986958026886 1748.0 1401.5078942775726 
nomask 0.00010308623 211.2933566570282 0.0 922.2821869850159 90.84207090735435 
mask 0.00010228157 0.0 21.836411952972412 1231.2367143630981 698.3322684764862 
nomask 9.971857e-05 1455.7550830841064 23.043311595916748 1748.0 1527.6988677978516 
mask 9.787083e-05 10.356951594352722 1506.4693183898926 88.06047439575195 1680.9791374206543 
mask 9.730458e-05 29.687473386526108 1037.7865443229675 273.37203192710876 1645.42036485672 
mask 9.62913e-05 326.01848435401917 0.0 1313.1809866428375 229.0834088921547 
mask 9.432435e-05 15.238086868077517 1001.954954624176 41.28950209915638 1179.0102639198303 
nomask 9.328127e-05 2.674529552459717 0.0 1061.791878938675 478.4273042678833 
nomask 9.2983246e-05 358.1864484548569 1115.146563053131 1658.8165774345398 1684.0 
mask 9.059906e-05 0.0 0.0 1022.3116760253906 202.94306322932243 
mask 9.050965e-05 24.907621137797832 950.6364254951477 102.314404129982 1672.9395637512207 
nomask 8.5413456e-05 213.3598136305809 1127.0839688777924 270.9731602072716 1200.8628361225128 
mask 8.428097e-05 305.2403226494789 2.360497437417507 982.8351197242737 91.67329493165016 
mask 8.350611e-05 1455.7550830841064 23.043311595916748 1748.0 1527.6988677978516 
mask 8.34465e-05 2.674529552459717 0.0 1061.791878938675 478.4273042678833 
nomask 8.3357096e-05 22.423487067222595 1175.6116931438446 551.4317317008972 1684.0 
nomask 8.1539154e-05 1125.0715398788452 1520.710412979126 1748.0 1684.0 
mask 7.998943e-05 1031.266296863556 0.0 1748.0 462.05988216400146 
nomask 7.879734e-05 0.0 0.0 1022.3116760253906 202.94306322932243 
nomask 7.8201294e-05 1728.1981666088104 362.86821925640106 1746.8179767131805 666.6185814142227 
nomask 7.7039e-05 0.0 21.836411952972412 1231.2367143630981 698.3322684764862 
mask 7.560849e-05 0.0 0.0 537.4481201171875 251.5643237233162 
mask 7.557869e-05 0.0 0.0 231.26178812980652 543.9033162593842 
mask 7.498264e-05 1125.0715398788452 1520.710412979126 1748.0 1684.0 
nomask 7.4505806e-05 1583.5100769996643 1137.2012889385223 1748.0 1684.0 
mask 7.1913004e-05 1020.2198750972748 10.87391585111618 1748.0 752.1460003852844 
mask 7.134676e-05 131.9736032485962 1374.0558457374573 1350.830902814865 1684.0 
mask 7.092953e-05 1583.5100769996643 1137.2012889385223 1748.0 1684.0 
nomask 6.830692e-05 696.2507346868515 0.0 1559.782717704773 232.5162072777748 
nomask 6.818771e-05 0.0 0.0 781.1219341754913 422.7028988599777 
mask 6.815791e-05 270.09351921081543 1658.291552066803 653.6133470535278 1683.3130388259888 
mask 6.750226e-05 696.2507346868515 0.0 1559.782717704773 232.5162072777748 
mask 6.598234e-05 4.695285033434629 1096.6879444122314 19.575211096554995 1424.3033819198608 
nomask 6.583333e-05 423.9723998904228 0.0 884.2323937416077 18.158644005656242 
mask 6.529689e-05 1329.6147048473358 49.063296020030975 1636.2568633556366 852.4549789428711 
mask 6.5267086e-05 1174.754651069641 153.59469187259674 1748.0 1092.6336288452148 
nomask 6.5118074e-05 0.0 1474.1229224205017 1748.0 1684.0 
mask 6.446242e-05 114.30574125051498 1557.6433086395264 893.6782653331757 1665.3085131645203 
nomask 6.431341e-05 1733.5160732269287 290.90216064453125 1748.0 585.3956105709076 
mask 6.425381e-05 753.0926665067673 69.03938469290733 1533.2674713134766 459.6006635427475 
nomask 6.404519e-05 7.18936344794929 1418.5926909446716 31.690238371491432 1652.3626475334167 
nomask 6.389618e-05 0.0 0.0 537.4481201171875 251.5643237233162 
nomask 6.264448e-05 0.0 0.0 231.26178812980652 543.9033162593842 
mask 6.1929226e-05 197.65385502576828 0.0 799.7190310955048 769.11305809021 
mask 5.9485435e-05 1059.1640260219574 968.0116047859192 1748.0 1684.0 
mask 5.814433e-05 363.749146938324 347.7512090206146 1273.870611667633 765.448796749115 
mask 5.787611e-05 0.0 0.0 781.1219341754913 422.7028988599777 
mask 5.7786703e-05 358.71684819459915 1663.2581689357758 733.3974704742432 1684.0 
nomask 5.7667494e-05 1209.5941753387451 324.67783534526825 1748.0 1603.0734844207764 
mask 5.671382e-05 120.5629370212555 1640.0849730968475 340.730584859848 1684.0 
nomask 5.6624413e-05 774.2392662763596 52.93452900648117 1259.6325707435608 370.04866486787796 
nomask 5.6385994e-05 1174.754651069641 153.59469187259674 1748.0 1092.6336288452148 
nomask 5.5909157e-05 571.1854298114777 0.0 1048.5685338974 480.18084192276 
nomask 5.5640936e-05 877.9427170753479 156.7783614397049 1311.7120270729065 458.3915556669235 
nomask 5.5491924e-05 0.0 1534.6075251102448 249.26110112667084 1684.0 
nomask 5.4895878e-05 1672.4028124809265 1623.1903855800629 1748.0 1684.0 
mask 5.403161e-05 896.3122653961182 1237.8977119922638 1748.0 1684.0 
nomask 5.3972006e-05 0.0 0.0 421.5562067627907 779.0147743225098 
