mask 0.9998277 0.23293045 0.20967203 0.8209225 0.81307155 
nomask 0.0005915761 0.23104915 0.22652557 0.8096906 0.80826926 
mask 0.00035732985 0.71173364 0.0 1.0 0.14021 
mask 0.00031653047 0.23332042 0.20230424 0.4874125 0.72943795 
mask 0.00023135543 0.7790514 0.85020953 1.0 0.99384063 
nomask 0.0002180636 0.01175119 0.56060445 0.45134002 1.0 
nomask 0.00021481514 0.13594198 0.0 0.9037503 0.2562021 
mask 0.00020509958 0.8412657 0.7315551 1.0 0.99461615 
mask 0.00019180775 0.22722879 0.4728927 0.8624064 0.7771974 
mask 0.00018778443 0.46414298 0.13532513 1.0 1.0 
nomask 0.00017595291 0.46414298 0.13532513 1.0 1.0 
mask 0.000174433 0.08031663 0.72276336 0.8693298 0.9982167 
mask 0.00017419457 0.0 0.788333 0.71964824 1.0 
nomask 0.00017225742 0.6779884 0.6137072 1.0 1.0 
mask 0.0001680851 0.0 0.5207033 1.0 1.0 
nomask 0.00016060472 0.13272226 0.4634011 1.0 1.0 
mask 0.0001603365 0.01175119 0.56060445 0.45134002 1.0 
mask 0.00016015768 0.93693924 0.0077223554 1.0 0.061787076 
nomask 0.000153929 0.71173364 0.0 1.0 0.14021 
nomask 0.00015380979 0.6689111 0.0 1.0 0.62106335 
mask 0.00014394522 0.51985043 0.023912579 0.8585976 0.7084031 
nomask 0.00014048815 0.0 0.0 0.48710525 0.6325562 
nomask 0.0001360178 0.8846924 0.0 1.0 1.0 
nomask 0.00013542175 0.28429484 0.0 0.7259817 0.40905175 
nomask 0.00013408065 0.8234999 0.78739643 1.0 1.0 
nomask 0.00013008714 0.62373805 0.9142034 1.0 1.0 
mask 0.00012919307 0.859502 0.794418 1.0 0.96525395 
mask 0.00012785196 0.0 0.2999544 0.7147126 0.8552451 
nomask 0.00012594461 0.034553528 0.0 0.6058979 0.35831386 
mask 0.0001256764 0.62373805 0.9142034 1.0 1.0 
mask 0.00012516975 0.58339167 0.0056700557 1.0 0.4499097 
nomask 0.00012463331 0.0 0.788333 0.71964824 1.0 
mask 0.00012364984 0.90228593 0.6402133 1.0 1.0 
nomask 0.00012278557 0.0 0.014817804 0.27336386 0.63840353 
mask 0.00012260675 0.83178526 0.0 1.0 0.08713025 
mask 0.00011974573 0.8439544 0.8624518 1.0 1.0 
mask 0.00011870265 0.5653085 0.32641315 1.0 0.659552 
nomask 0.00011664629 0.0 0.009076342 0.73355603 0.43149453 
mask 0.00011575222 0.0 0.009076342 0.73355603 0.43149453 
mask 0.00011482835 0.12534833 0.3361681 0.48690015 1.0 
nomask 0.00011205673 0.0 0.7384447 0.7473444 0.995636 
mask 0.000111192465 0.6984431 0.38625458 1.0 1.0 
mask 0.00010985136 0.8542079 0.95686394 1.0 0.99107474 
mask 0.00010859966 0.0 0.0 0.48710525 0.6325562 
mask 0.00010856986 0.13594198 0.0 0.9037503 0.2562021 
nomask 0.00010752678 0.6736401 0.08936021 1.0 0.64576995 
mask 0.000102728605 0.96501243 0.8134581 0.9966012 0.9802487 
mask 0.00010201335 0.024251789 0.03395769 0.97184825 0.6546532 
mask 0.00010165572 0.81147134 0.9654544 0.97734046 0.994037 
mask 0.00010097027 0.8433037 0.91811997 1.0 1.0 
nomask 0.00010088086 0.23969045 0.0 0.913368 0.12509549 
mask 9.983778e-05 0.5491828 0.56029534 1.0 0.9149631 
mask 9.801984e-05 0.15373623 0.7817259 1.0 1.0 
mask 9.775162e-05 0.0 0.10843706 0.4179961 0.9111099 
mask 9.730458e-05 0.68179417 0.006353136 1.0 0.0713543 
nomask 9.679794e-05 0.12537895 0.0 0.4554904 0.46262786 
mask 9.498e-05 0.6736401 0.08936021 1.0 0.64576995 
nomask 9.453297e-05 0.5428382 0.0 0.88391757 0.44936845 
mask 9.3728304e-05 0.14405182 0.52972794 0.8475776 0.9121257 
nomask 9.3340874e-05 0.4262413 0.0 0.9892913 0.33912182 
nomask 9.295344e-05 0.0 0.0 0.43808237 0.2517903 
mask 8.997321e-05 0.0 0.33233678 0.4465023 0.6618546 
mask 8.98242e-05 0.5539322 0.3811105 1.0 0.8500692 
mask 8.776784e-05 0.96614736 0.0 0.9921779 0.1621988 
nomask 8.672476e-05 0.0 0.27980155 0.3735203 0.72135895 
nomask 8.445978e-05 0.72586143 0.032832056 1.0 0.6200427 
nomask 8.3744526e-05 0.0 0.0 0.23819432 0.46516106 
mask 7.799268e-05 0.94143707 0.9540839 1.0 1.0 
nomask 7.721782e-05 0.93693924 0.0077223554 1.0 0.061787076 
mask 7.6532364e-05 0.8638487 0.88982415 0.9923065 0.97342265 
nomask 7.5906515e-05 0.0 0.12456033 0.23592496 0.9015621 
mask 7.355213e-05 0.85409826 0.57008636 0.9981312 0.9443778 
mask 7.3343515e-05 0.72586143 0.032832056 1.0 0.6200427 
nomask 7.247925e-05 0.0 0.43356133 0.3239614 0.9851389 
nomask 7.170439e-05 0.0 0.8824711 1.0 1.0 
mask 7.1525574e-05 0.3389561 0.0 0.97683775 0.12997475 
mask 7.1018934e-05 0.91729563 0.7459979 1.0 1.0 
nomask 7.048249e-05 0.4067543 0.24890256 0.78521365 0.40954262 
mask 6.946921e-05 0.7378689 0.9221357 1.0 0.9893756 
mask 6.902218e-05 0.29062578 0.20972005 0.80146694 0.49271837 
nomask 6.878376e-05 0.9958693 0.26267624 1.0 0.44863683 
mask 6.8604946e-05 0.78338194 0.0 1.0 0.71634305 
nomask 6.785989e-05 0.7124311 0.0 1.0 0.39378425 
mask 6.726384e-05 0.5808363 0.79230595 1.0 1.0 
nomask 6.67274e-05 0.0 0.09281863 0.43123817 0.45125365 
mask 6.4611435e-05 0.8846924 0.0 1.0 1.0 
nomask 6.386638e-05 0.7843354 0.18633227 0.85343564 0.26325306 
nomask 6.377697e-05 0.0 0.0 0.32958624 0.3324409 
mask 6.2316656e-05 0.9472856 0.86810434 0.9958686 0.9830358 
nomask 6.16014e-05 0.0 0.7084821 0.45106328 1.0 
mask 5.942583e-05 0.9958693 0.26267624 1.0 0.44863683 
mask 5.8323145e-05 0.5429105 0.731053 1.0 1.0 
nomask 5.77271e-05 0.0 0.5109612 0.25618088 1.0 
mask 5.760789e-05 0.040356994 0.0 0.73862886 0.1167845 
mask 5.725026e-05 0.0 0.0 0.43808237 0.2517903 
nomask 5.6803226e-05 0.53260535 0.0 1.0 0.25615412 
mask 5.6028366e-05 0.51577777 0.28888735 0.88713425 0.95690525 
nomask 5.5909157e-05 0.0 0.55468225 0.459418 0.9263557 
mask 5.5283308e-05 0.028687924 0.6378075 0.56352866 1.0 
mask 5.403161e-05 0.0 0.09281863 0.43123817 0.45125365 
