mask 0.999984 274.49503898620605 313.33763122558594 845.8829355239868 1099.1156101226807 
nomask 0.0028522313 268.793842792511 311.65629386901855 848.7652373313904 1110.3648376464844 
nomask 0.0003401339 0.0 0.0 505.50410985946655 913.5380744934082 
mask 0.00024557114 521.0116982460022 302.2583055496216 825.6882834434509 1042.1914100646973 
nomask 0.00021964312 725.4932284355164 0.0 1080.0 901.043872833252 
nomask 0.00021159649 702.4384832382202 875.659875869751 1080.0 1440.0 
mask 0.00013396144 0.0 0.0 505.50410985946655 913.5380744934082 
mask 0.00013127923 316.09668016433716 325.2550506591797 851.7938590049744 736.367654800415 
mask 0.00012621284 725.4932284355164 0.0 1080.0 901.043872833252 
mask 0.000114142895 501.6484558582306 193.87453079223633 1080.0 1440.0 
nomask 0.00011399388 337.667498588562 450.2326440811157 1080.0 1440.0 
mask 0.00010690093 604.7077560424805 471.55723571777344 1080.0 936.0415935516357 
mask 0.000102967024 144.31323051452637 666.771240234375 1080.0 1440.0 
nomask 9.918213e-05 518.6535215377808 197.11841583251953 618.9004611968994 330.30983448028564 
nomask 9.548664e-05 0.0 0.0 294.8456346988678 591.2118673324585 
nomask 9.423494e-05 0.0 749.47829246521 1080.0 1440.0 
nomask 9.018183e-05 557.6799845695496 13.537817001342773 1080.0 1440.0 
mask 8.0794096e-05 781.6186451911926 48.66436958312988 1080.0 902.1740055084229 
nomask 7.787347e-05 138.00708889961243 0.0 963.0706644058228 378.0766725540161 
mask 7.7694654e-05 0.0 1121.8925857543945 748.0235910415649 1440.0 
mask 7.659197e-05 563.0654954910278 19.388294219970703 940.8761358261108 1016.3539695739746 
nomask 7.542968e-05 0.0 918.541145324707 602.7710938453674 1440.0 
mask 7.262826e-05 0.0 281.6124200820923 499.44889426231384 1322.7702140808105 
nomask 7.209182e-05 310.87647914886475 0.0 779.8009443283081 587.7529335021973 
mask 6.6161156e-05 656.8702411651611 948.751745223999 1080.0 1440.0 
mask 6.2286854e-05 14.353223294019699 576.2500762939453 142.69447445869446 1058.3801078796387 
mask 6.0081482e-05 0.0 1162.725591659546 376.3368844985962 1438.8424015045166 
nomask 5.8799982e-05 0.0 8.575601577758789 776.7923426628113 620.2449560165405 
nomask 5.8412552e-05 898.2791590690613 1159.4196510314941 1080.0 1440.0 
nomask 5.8084726e-05 126.44724011421204 0.0 493.95967841148376 648.5536336898804 
mask 5.799532e-05 979.3297433853149 936.0997867584229 1080.0 1440.0 
nomask 5.7041645e-05 790.2830600738525 754.6146583557129 1080.0 1440.0 
mask 5.6803226e-05 0.0 790.7179641723633 484.54811811447144 1440.0 
nomask 5.5909157e-05 781.6186451911926 48.66436958312988 1080.0 902.1740055084229 
mask 5.4508448e-05 273.6998391151428 273.10033321380615 521.897599697113 1043.6433219909668 
nomask 5.429983e-05 567.0310020446777 1044.6266841888428 1080.0 1440.0 
nomask 5.3048134e-05 682.8005290031433 1310.6241416931152 1080.0 1440.0 
mask 5.2124262e-05 682.8005290031433 1310.6241416931152 1080.0 1440.0 
mask 5.0753355e-05 0.0 0.0 770.6530237197876 365.96214294433594 
nomask 4.8279762e-05 33.50551128387451 0.0 651.2880063056946 515.3039789199829 
nomask 4.7504902e-05 0.0 0.0 255.666623711586 989.4675922393799 
nomask 4.6789646e-05 0.0 0.0 471.87960505485535 369.3262767791748 
mask 4.6104193e-05 1034.859323501587 0.0 1080.0 87.90774822235107 
mask 4.5329332e-05 625.879397392273 501.9818115234375 858.7916564941406 978.9520454406738 
mask 4.3988228e-05 8.618313744664192 608.4304046630859 69.43779677152634 1152.6101875305176 
mask 4.2259693e-05 518.6535215377808 197.11841583251953 618.9004611968994 330.30983448028564 
nomask 4.2021275e-05 585.9996700286865 0.0 958.6193990707397 651.5108871459961 
mask 4.130602e-05 270.1144874095917 708.5295867919922 888.9105033874512 1093.904914855957 
mask 4.1246414e-05 896.1242079734802 632.7484703063965 1072.064287662506 1076.6848754882812 
nomask 3.9428473e-05 949.4995450973511 0.0 1080.0 1440.0 
mask 3.8206577e-05 610.2753782272339 127.5368070602417 1080.0 661.6107988357544 
mask 3.796816e-05 708.4723591804504 141.09994411468506 1080.0 932.2859001159668 
mask 3.6120415e-05 30.567816495895386 0.0 805.8857917785645 169.75123643875122 
nomask 3.606081e-05 565.0430345535278 195.0305414199829 670.7422399520874 331.37340545654297 
nomask 3.555417e-05 155.1506209373474 0.0 870.4526996612549 178.59190464019775 
nomask 3.501773e-05 708.4723591804504 141.09994411468506 1080.0 932.2859001159668 
mask 3.4332275e-05 0.0 469.637975692749 469.85204815864563 951.5970325469971 
mask 3.4183264e-05 571.9806432723999 795.9781837463379 1080.0 1297.254295349121 
nomask 3.400445e-05 1033.136830329895 1384.715166091919 1080.0 1440.0 
mask 3.3974648e-05 169.14470314979553 101.55158758163452 913.4590244293213 706.9346809387207 
mask 3.311038e-05 927.1609497070312 0.0 1080.0 767.0366764068604 
nomask 3.3080578e-05 14.353223294019699 576.2500762939453 142.69447445869446 1058.3801078796387 
nomask 3.287196e-05 1055.237181186676 133.67959141731262 1075.8548283576965 291.89974308013916 
mask 3.2424927e-05 567.0310020446777 1044.6266841888428 1080.0 1440.0 
mask 3.2246113e-05 0.0 133.58772039413452 250.40372729301453 832.9427146911621 
mask 3.2126904e-05 583.4508204460144 548.0349540710449 1080.0 1234.5716285705566 
nomask 3.2037497e-05 0.0 1273.33345413208 1080.0 1440.0 
mask 3.194809e-05 126.44724011421204 0.0 493.95967841148376 648.5536336898804 
nomask 3.1739473e-05 233.04856896400452 833.2451820373535 1023.2360029220581 1440.0 
nomask 3.170967e-05 0.0 0.0 141.6745162010193 792.3049736022949 
nomask 3.1620264e-05 0.0 469.637975692749 469.85204815864563 951.5970325469971 
mask 3.0636787e-05 812.3312044143677 0.0 1080.0 671.4060974121094 
mask 2.938509e-05 0.0 1386.5598392486572 50.62969923019409 1440.0 
mask 2.938509e-05 591.6763401031494 0.0 1080.0 372.2498416900635 
mask 2.8789043e-05 928.2209801673889 851.2332344055176 1080.0 1041.6529083251953 
nomask 2.8342009e-05 0.0 1386.5598392486572 50.62969923019409 1440.0 
mask 2.810359e-05 0.0 503.5018301010132 809.2006158828735 1193.5347747802734 
mask 2.8014183e-05 160.89311242103577 1118.697624206543 1080.0 1440.0 
mask 2.7745962e-05 949.4995450973511 0.0 1080.0 1440.0 
mask 2.7388334e-05 0.0 0.0 262.2577768564224 668.9505243301392 
mask 2.604723e-05 0.0 95.72434902191162 134.42828714847565 926.3798904418945 
nomask 2.5421381e-05 472.5491487979889 201.33495569229126 571.3828754425049 330.54460287094116 
mask 2.5331974e-05 33.50551128387451 0.0 651.2880063056946 515.3039789199829 
nomask 2.4914742e-05 927.1609497070312 0.0 1080.0 767.0366764068604 
nomask 2.488494e-05 19.66748535633087 1403.5938835144043 190.145965218544 1433.2751655578613 
nomask 2.4855137e-05 591.6763401031494 0.0 1080.0 372.2498416900635 
mask 2.4795532e-05 0.0 1202.2786903381348 989.0791654586792 1440.0 
nomask 2.4348497e-05 1064.431643486023 203.6932396888733 1080.0 371.55598640441895 
mask 2.4199486e-05 585.9996700286865 0.0 958.6193990707397 651.5108871459961 
mask 2.4139881e-05 135.06443738937378 307.6240110397339 703.0858182907104 676.1673402786255 
mask 2.387166e-05 231.5796411037445 545.9525299072266 395.11980414390564 988.5781288146973 
mask 2.348423e-05 55.602418184280396 32.16475009918213 1062.4259090423584 938.7348747253418 
mask 2.3156404e-05 476.68830156326294 0.0 1080.0 197.87445545196533 
nomask 2.2649765e-05 0.0 138.08780193328857 330.97511887550354 520.0346660614014 
nomask 2.2560358e-05 896.1242079734802 632.7484703063965 1072.064287662506 1076.6848754882812 
mask 2.2530556e-05 356.5580177307129 0.0 716.2135362625122 685.491943359375 
nomask 2.2053719e-05 105.11205911636353 989.2179107666016 702.7913117408752 1440.0 
mask 2.193451e-05 175.1079297065735 836.7820930480957 883.660626411438 1440.0 
nomask 2.142787e-05 442.5982189178467 342.96393871307373 748.313398361206 611.7696905136108 
mask 2.1368265e-05 2.3040510714054108 676.8181943893433 20.09300507605076 940.1005268096924 
