mask 0.999985 306.42881870269775 182.7561092376709 653.5410833358765 697.639274597168 
nomask 0.0013405979 303.6699414253235 181.5420913696289 650.6226253509521 695.3111457824707 
nomask 0.00022926927 448.63215923309326 591.5739440917969 720.0 960.0 
nomask 0.00021362305 217.81391143798828 0.0 525.192403793335 397.0176887512207 
nomask 0.00019413233 143.19889068603516 0.0 605.927152633667 265.1774024963379 
nomask 0.00018119812 391.66568756103516 0.0 720.0 244.55772399902344 
mask 0.00017675757 392.10256576538086 91.85491561889648 720.0 436.98577880859375 
mask 0.00017276406 387.8964328765869 316.3446807861328 720.0 634.3415451049805 
nomask 0.00015842915 710.9650325775146 252.62163162231445 720.0 417.6887512207031 
nomask 0.00015699863 288.0830240249634 706.0042762756348 330.81722259521484 776.645450592041 
mask 0.00015419722 89.91037130355835 437.79333114624023 720.0 960.0 
mask 0.00013908744 391.66568756103516 0.0 720.0 244.55772399902344 
mask 0.00013628602 598.5795736312866 12.195911407470703 720.0 848.6013221740723 
nomask 0.00012728572 235.33418655395508 314.8215866088867 720.0 960.0 
mask 0.00012210011 225.11542081832886 300.1625919342041 720.0 960.0 
nomask 0.000118762255 713.5302543640137 201.1563205718994 720.0 377.0541286468506 
nomask 0.00011840463 655.5114555358887 635.6843376159668 720.0 960.0 
mask 0.000115305185 329.9656319618225 123.73944282531738 720.0 960.0 
nomask 0.00011524558 259.0829801559448 713.342399597168 298.9698314666748 779.0209579467773 
mask 0.00011473894 655.5114555358887 635.6843376159668 720.0 960.0 
nomask 0.000113248825 457.58992195129395 870.384464263916 720.0 960.0 
nomask 0.00011214614 70.08474826812744 656.8925285339355 468.0885601043701 960.0 
mask 0.00011181831 145.80466747283936 67.6541519165039 575.188136100769 738.7264251708984 
nomask 0.0001116693 35.943650007247925 0.0 394.9190139770508 332.2158622741699 
mask 0.00010982156 448.63215923309326 591.5739440917969 720.0 960.0 
mask 0.00010880828 457.58992195129395 870.384464263916 720.0 960.0 
nomask 0.00010868907 0.862276554107666 491.46257400512695 714.3996334075928 959.3248558044434 
nomask 0.00010770559 689.2374658584595 14.932751655578613 720.0 148.45599174499512 
nomask 0.00010725856 332.4465250968933 0.0 710.5044651031494 140.72553634643555 
nomask 0.00010710955 86.16544961929321 0.0 333.75316858291626 435.8258056640625 
mask 0.00010663271 219.08976316452026 197.3325777053833 581.6482257843018 465.9722328186035 
nomask 0.00010576844 300.4112720489502 195.2805519104004 540.0823974609375 351.500186920166 
nomask 0.00010409951 0.0 849.752197265625 720.0 960.0 
mask 0.00010210276 0.0 0.0 330.36407947540283 607.4492454528809 
nomask 0.00010100007 597.9869556427002 2.922484874725342 720.0 242.2935962677002 
nomask 0.00010019541 0.0 746.7545700073242 490.8724021911621 960.0 
nomask 9.801984e-05 324.9564027786255 700.561580657959 370.4551649093628 773.7039756774902 
mask 9.5546246e-05 0.0 0.0 360.2335453033447 37.879085540771484 
mask 9.211898e-05 713.7576198577881 161.3871431350708 720.0 330.6140327453613 
nomask 9.050965e-05 314.83346700668335 0.0 687.8089427947998 324.23460960388184 
mask 8.9645386e-05 0.0 849.752197265625 720.0 960.0 
mask 8.907914e-05 0.0 139.0986156463623 406.8166923522949 928.2027053833008 
mask 8.7976456e-05 0.0 0.0 495.81350326538086 252.30291366577148 
nomask 8.735061e-05 457.03296661376953 0.0 720.0 337.1487236022949 
mask 8.690357e-05 689.2374658584595 14.932751655578613 720.0 148.45599174499512 
mask 8.684397e-05 70.08474826812744 656.8925285339355 468.0885601043701 960.0 
nomask 8.678436e-05 543.4639549255371 0.0 720.0 417.06347465515137 
mask 8.5771084e-05 0.0 7.955303192138672 13.337488174438477 163.590989112854 
nomask 8.431077e-05 54.56153869628906 0.0 508.06883811950684 127.37969398498535 
nomask 8.419156e-05 598.5795736312866 12.195911407470703 720.0 848.6013221740723 
mask 8.419156e-05 622.2080326080322 25.969269275665283 720.0 186.88239097595215 
mask 8.33869e-05 353.7673830986023 200.37357330322266 702.806224822998 476.5130424499512 
mask 8.3357096e-05 0.0 746.7545700073242 490.8724021911621 960.0 
mask 7.978082e-05 472.0099067687988 94.85212326049805 720.0 622.7890777587891 
nomask 7.969141e-05 0.0 621.899242401123 375.9060573577881 960.0 
nomask 7.903576e-05 0.0 0.0 175.50090551376343 471.4010810852051 
nomask 7.849932e-05 0.0 5.052251815795898 510.0909233093262 401.6732597351074 
mask 7.8350306e-05 310.2993965148926 629.772777557373 670.2640342712402 960.0 
nomask 7.799268e-05 684.5859575271606 919.7928428649902 720.0 960.0 
nomask 7.3969364e-05 379.40558910369873 0.0 627.8209733963013 443.8369560241699 
nomask 7.31647e-05 0.0 0.0 360.2335453033447 37.879085540771484 
nomask 7.081032e-05 0.0 0.0 313.9502477645874 244.85175132751465 
mask 7.072091e-05 0.0 0.0 313.9502477645874 244.85175132751465 
nomask 6.8604946e-05 645.7013082504272 273.92008781433105 691.172604560852 380.6150722503662 
mask 6.741285e-05 481.487717628479 60.16468048095703 720.0 553.1885147094727 
mask 6.67274e-05 248.43134880065918 811.0560607910156 513.8612937927246 947.039680480957 
nomask 6.5773726e-05 216.57086849212646 714.8974227905273 256.75817012786865 783.1812286376953 
nomask 6.458163e-05 472.0099067687988 94.85212326049805 720.0 622.7890777587891 
mask 6.428361e-05 659.9033689498901 16.81727886199951 720.0 269.2903518676758 
nomask 6.380677e-05 682.606143951416 3.611394166946411 720.0 69.22861576080322 
mask 6.2316656e-05 543.4639549255371 0.0 720.0 417.06347465515137 
mask 6.2286854e-05 1.0664892196655273 577.1262359619141 459.38979148864746 960.0 
nomask 6.213784e-05 405.0790071487427 188.23954582214355 652.6207208633423 341.7187213897705 
nomask 6.0886145e-05 605.4050874710083 7.70982027053833 720.0 149.76619720458984 
nomask 6.0617924e-05 659.9033689498901 16.81727886199951 720.0 269.2903518676758 
mask 5.915761e-05 682.606143951416 3.611394166946411 720.0 69.22861576080322 
mask 5.9127808e-05 86.16544961929321 0.0 333.75316858291626 435.8258056640625 
mask 5.90384e-05 0.0 0.0 175.50090551376343 471.4010810852051 
mask 5.7846308e-05 597.9869556427002 2.922484874725342 720.0 242.2935962677002 
nomask 5.7786703e-05 691.8067646026611 122.18554973602295 720.0 501.52095794677734 
mask 5.6505203e-05 693.4646272659302 53.0135178565979 720.0 189.7679901123047 
mask 5.632639e-05 481.3450241088867 0.0 720.0 317.07667350769043 
mask 5.6177378e-05 6.893781423568726 13.57719898223877 113.97113800048828 380.35205841064453 
mask 5.558133e-05 709.6552562713623 476.06958389282227 720.0 658.9182472229004 
nomask 5.4210424e-05 710.0882720947266 305.18199920654297 720.0 463.36509704589844 
mask 5.376339e-05 276.108934879303 0.0 714.3904495239258 266.9351291656494 
mask 5.2809715e-05 246.67851448059082 336.52753829956055 497.81224250793457 960.0 
mask 5.26309e-05 246.01959228515625 0.0 478.19177627563477 448.46168518066406 
nomask 5.2452087e-05 693.4646272659302 53.0135178565979 720.0 189.7679901123047 
mask 5.1498413e-05 457.8742790222168 594.9453735351562 720.0 960.0 
nomask 5.00381e-05 128.11238765716553 0.0 410.67315101623535 228.1276273727417 
mask 5.00381e-05 705.1116800308228 410.3914260864258 720.0 611.7385482788086 
nomask 4.9710274e-05 51.26520037651062 30.7485294342041 361.72996044158936 574.537467956543 
mask 4.9054623e-05 701.7099952697754 117.40777730941772 717.4133205413818 260.5733585357666 
mask 4.7445297e-05 386.23857021331787 701.3982582092285 720.0 960.0 
nomask 4.6670437e-05 701.7099952697754 117.40777730941772 717.4133205413818 260.5733585357666 
mask 4.6610832e-05 498.8474464416504 398.8576126098633 720.0 960.0 
mask 4.6372414e-05 0.0 936.2083053588867 137.7089023590088 955.3494644165039 
mask 4.467368e-05 409.46568489074707 221.5868854522705 720.0 943.2218170166016 
mask 4.4226646e-05 11.538675427436829 0.0 110.00908613204956 18.08607816696167 
