mask 0.9999229 0.16193244 0.23804852 0.8837049 0.84029496 
nomask 0.006794274 0.16193244 0.23804852 0.8837049 0.84029496 
mask 0.0010159314 0.13888992 0.16786605 0.5178866 0.8456523 
mask 0.00085517764 0.0 0.85595465 0.25520515 0.9960915 
mask 0.0008062124 0.5229175 0.33309096 1.0 0.66807824 
mask 0.0004530549 0.11878431 0.7144309 0.8543464 1.0 
mask 0.0004492104 0.021528035 0.03427559 0.97634745 0.68031716 
nomask 0.0004312694 0.0075331926 0.33999306 0.13712673 0.71573156 
nomask 0.0003938079 0.7924283 0.0 1.0 0.7075728 
mask 0.00037521124 0.53318894 0.8474786 0.9207983 0.994354 
mask 0.00034177303 0.01709506 0.921299 0.3845691 0.9944315 
mask 0.00033548474 0.0 0.52069056 1.0 1.0 
mask 0.0003324747 0.51890945 0.017448395 0.87418246 0.72111094 
mask 0.00031369925 0.46403152 0.1354816 1.0 1.0 
nomask 0.0003131417 0.31265604 0.31266195 1.0 1.0 
mask 0.00031259656 0.6003548 0.29238096 0.8701346 0.8128196 
nomask 0.00031116605 0.0 0.52069056 1.0 1.0 
mask 0.00029963255 0.6135565 0.92124337 0.9571965 0.99292094 
mask 0.00028723478 0.00046657026 0.48804915 0.07351235 0.84976757 
mask 0.0002809167 0.0033166334 0.9703268 0.22371733 0.9894773 
nomask 0.00027936697 0.008668765 0.5178696 0.44870526 1.0 
mask 0.00027784705 0.7924283 0.0 1.0 0.7075728 
nomask 0.00027233362 0.0 0.0 0.27095103 0.39983064 
nomask 0.00024831295 0.15005192 0.0 0.9080961 0.2594471 
nomask 0.00024122 0.06304896 0.13619451 0.4935289 0.60796076 
nomask 0.00023916364 0.63127106 0.0 1.0 0.35882133 
nomask 0.00023207068 0.6870345 0.08147243 1.0 0.6460681 
mask 0.00023028255 0.5102867 0.5538114 1.0 0.91074055 
nomask 0.00022634864 0.59996617 0.0022868514 1.0 0.44266394 
nomask 0.00022602081 0.0074441433 0.033879176 0.26042515 0.50203145 
mask 0.00022551417 0.69538176 0.9724117 0.90137255 1.0 
mask 0.00022545457 0.008668765 0.5178696 0.44870526 1.0 
nomask 0.00022469084 0.51758504 0.0076868534 1.0 1.0 
nomask 0.00022289157 0.62355596 0.91394836 1.0 1.0 
nomask 0.00022095442 0.90416336 0.6452594 1.0 1.0 
mask 0.00021955371 0.18021215 0.2708826 0.61194706 0.6745754 
mask 0.00021573901 0.6870345 0.08147243 1.0 0.6460681 
nomask 0.00021526217 0.51890945 0.017448395 0.87418246 0.72111094 
mask 0.00021314621 0.6888632 0.39691412 1.0 1.0 
mask 0.00021094084 0.62355596 0.91394836 1.0 1.0 
mask 0.00020682812 0.90416336 0.6452594 1.0 1.0 
nomask 0.00020444393 0.0 0.0 0.41175243 0.7367909 
nomask 0.000197649 0.09316312 0.0 0.50344795 0.38903558 
nomask 0.00019749999 0.5409257 0.0 0.88013333 0.45855078 
nomask 0.00019168854 0.6395307 0.06996454 1.0 0.5076622 
nomask 0.00018680096 0.8456086 0.022345454 1.0 0.8286965 
mask 0.0001861453 0.09362958 0.061058998 0.5587985 0.601232 
mask 0.00018319488 0.1920389 0.5072592 0.95765495 0.9301241 
mask 0.00017797947 0.5504279 0.38206786 1.0 0.8351036 
mask 0.00016972423 0.047591835 0.6595426 0.56808996 1.0 
mask 0.00016507506 0.59996617 0.0022868514 1.0 0.44266394 
mask 0.00016263127 0.0 0.0 0.41175243 0.7367909 
nomask 0.00016057491 0.0 0.8819859 1.0 1.0 
nomask 0.00015795231 0.68844044 0.6126221 1.0 1.0 
nomask 0.0001552999 0.9751462 0.51300293 0.99353504 0.66826755 
nomask 0.0001526475 0.33377635 0.0 0.66159445 0.4671353 
mask 0.00015166402 0.48358497 0.2827966 0.8975961 0.9683093 
mask 0.00014898181 0.14170702 0.20441961 0.3759544 0.7397824 
mask 0.00014135242 0.7225294 0.026140958 1.0 0.6059276 
nomask 0.00013938546 0.7569756 0.0 1.0 0.6925409 
mask 0.00012972951 0.85447276 0.013620481 0.9976635 0.29812717 
mask 0.00012892485 0.0 0.29438627 0.109611854 0.84261036 
mask 0.000128299 0.87758553 0.0 1.0 0.9995544 
mask 0.00012761354 0.0 0.8819859 1.0 1.0 
nomask 0.00012668967 0.53318894 0.8474786 0.9207983 0.994354 
nomask 0.00012597442 0.0 0.0 0.39884382 0.253189 
mask 0.00012484193 0.15005192 0.0 0.9080961 0.2594471 
nomask 0.00012364984 0.41058215 0.0 0.99882174 0.34951723 
nomask 0.00012201071 0.5265032 0.0 1.0 0.25679627 
nomask 0.000121444464 0.0 0.3715344 0.007965746 0.5355764 
mask 0.00012141466 0.10346806 0.20564988 0.6702212 0.47762254 
mask 0.000118494034 0.21021648 0.18192326 0.516212 0.58535516 
mask 0.000118047 0.060128942 0.9727653 0.25034136 0.9946983 
nomask 0.00011497736 0.75056595 0.0 1.0 0.44205666 
nomask 0.00011110306 0.016663432 0.0 0.63002574 0.27500254 
mask 0.000110685825 0.11488265 0.079910636 0.8855012 0.46974587 
mask 0.000110030174 0.5309861 0.73875844 1.0 1.0 
mask 0.0001090467 0.3041077 0.014960557 0.69597566 0.7230357 
nomask 0.00010839105 0.10346806 0.20564988 0.6702212 0.47762254 
nomask 0.00010544062 0.10790187 0.7208319 0.87854266 0.99902236 
nomask 0.00010359287 0.0 0.01569879 0.3346084 0.5835963 
mask 0.00010305643 0.0 0.92290676 0.20533647 1.0 
mask 0.00010162592 0.0005783886 0.44574603 0.13026302 0.9908545 
nomask 9.945035e-05 0.23676199 0.0 0.8903647 0.1288683 
mask 9.8735094e-05 0.56451094 0.7897363 1.0 1.0 
nomask 9.7721815e-05 0.5229175 0.33309096 1.0 0.66807824 
nomask 9.763241e-05 0.31829318 0.21982466 0.8776361 0.47696263 
mask 9.730458e-05 0.0 0.33953935 0.4422971 0.6677626 
nomask 9.727478e-05 0.105609566 0.7146883 0.65117824 1.0 
nomask 9.718537e-05 0.097013265 0.060659483 0.3931524 0.48820865 
mask 9.685755e-05 0.6136245 0.20329928 1.0 0.8542069 
nomask 9.480119e-05 0.0 0.007181525 0.7103104 0.41762626 
nomask 9.4652176e-05 0.85447276 0.013620481 0.9976635 0.29812717 
nomask 9.0390444e-05 0.0 0.3928099 0.062340282 0.8166282 
mask 9.030104e-05 0.02099457 0.8947484 0.13876805 0.98234206 
nomask 8.9645386e-05 0.11488265 0.079910636 0.8855012 0.46974587 
mask 8.7976456e-05 0.00812459 0.97017896 0.07805301 1.0 
mask 8.7052584e-05 0.63248074 0.13914877 0.8589647 0.6550732 
mask 8.5264444e-05 0.0 0.007181525 0.7103104 0.41762626 
nomask 8.279085e-05 0.63248074 0.13914877 0.8589647 0.6550732 
