mask 0.9997817 58.6100013256073 65.21138906478882 129.51669692993164 171.1310237646103 
nomask 0.0006530881 58.54493808746338 66.20167636871338 129.10452556610107 172.49973225593567 
mask 0.0005209446 144.7355613708496 2.2768678963184357 182.60057830810547 86.16477811336517 
mask 0.00051108 55.612628698349 67.34105551242828 151.6697177886963 231.7476600408554 
nomask 0.00042253733 156.51032400131226 213.87934029102325 184.0 274.0 
mask 0.00033146143 113.6597466468811 1.619507608935237 135.51873540878296 8.676160275936127 
mask 0.0003210008 106.56966876983643 2.1520352251827717 129.41112613677979 8.285880763083696 
nomask 0.00026926398 173.1747055053711 239.02660489082336 184.0 273.2993712425232 
nomask 0.00026017427 123.2902684211731 203.01329052448273 184.0 269.3404268026352 
mask 0.00023055077 23.111498594284058 125.07221186161041 184.0 274.0 
nomask 0.0002284646 130.6171293258667 54.60605812072754 184.0 266.8000841140747 
mask 0.00019657612 173.1747055053711 239.02660489082336 184.0 273.2993712425232 
mask 0.00019425154 84.4007179737091 34.88268083333969 184.0 274.0 
nomask 0.00019389391 40.79366326332092 179.61743450164795 174.72951126098633 274.0 
nomask 0.0001912415 155.20529747009277 2.9267255663871765 184.0 242.56848740577698 
nomask 0.00019028783 0.0 156.96929144859314 78.84079694747925 274.0 
nomask 0.0001899302 60.19035530090332 89.90976947546005 184.0 274.0 
nomask 0.00018811226 154.9813461303711 223.61046946048737 184.0 274.0 
mask 0.00018262863 57.52947998046875 85.6718065738678 184.0 274.0 
nomask 0.00017234683 0.34549593925476074 140.35465621948242 183.89028358459473 274.0 
nomask 0.00017127395 160.95040607452393 262.83712208271027 181.74464988708496 274.0 
mask 0.00016859174 166.5417537689209 184.35662460327148 184.0 274.0 
mask 0.00016447902 118.72326231002808 247.00612950325012 184.0 274.0 
nomask 0.00016328692 128.5111312866211 0.0 184.0 161.8139841556549 
mask 0.00016206503 1.5024850964546204 120.34327805042267 3.830840453505516 179.21788012981415 
mask 0.00016197562 98.20577716827393 2.2880665753036737 121.44556522369385 6.708717353641987 
nomask 0.00016185641 0.0 240.99906265735626 184.0 274.0 
nomask 0.00016099215 122.36053037643433 175.3053992986679 184.0 274.0 
nomask 0.00015830994 129.24319553375244 229.85539078712463 181.40782356262207 274.0 
mask 0.00014939904 20.807678699493408 0.0 158.51442527770996 71.73472458124161 
nomask 0.00014859438 93.77218770980835 1.7469500303268433 184.0 274.0 
nomask 0.0001436472 13.53014850616455 221.49981307983398 142.09998750686646 274.0 
nomask 0.0001386404 130.57454347610474 248.9900847673416 184.0 273.13469898700714 
nomask 0.0001386404 169.22339010238647 216.61558139324188 184.0 274.0 
nomask 0.00013762712 173.45093774795532 259.8735114336014 184.0 274.0 
nomask 0.00013661385 0.0 213.95830392837524 129.80026626586914 274.0 
mask 0.00013440847 0.0 240.99906265735626 184.0 274.0 
mask 0.00012922287 0.0 0.0 84.78668856620789 172.57544589042664 
nomask 0.0001257062 61.87668585777283 191.72229063510895 184.0 274.0 
mask 0.0001244843 123.2902684211731 203.01329052448273 184.0 269.3404268026352 
mask 0.00012430549 0.5921265333890915 240.16173779964447 8.552979409694672 269.75289952754974 
mask 0.00012418628 44.78493785858154 182.67072236537933 170.02247524261475 274.0 
nomask 0.00012403727 151.00359964370728 264.40184330940247 174.7311234474182 273.6337459087372 
mask 0.00012388825 23.191181182861328 31.786922454833984 138.17205429077148 254.9044530391693 
nomask 0.00012275577 148.7317876815796 5.606299847364426 184.0 134.73166131973267 
mask 0.00012114644 141.45278787612915 0.0 182.26249074935913 48.98980003595352 
nomask 0.000118762255 0.0 259.15611004829407 10.524170011281967 270.7798840999603 
mask 0.00011843443 0.0 213.95830392837524 129.80026626586914 274.0 
mask 0.0001180768 175.9372363090515 1.4706308878958225 184.0 14.437366038560867 
mask 0.000117242336 106.78016328811646 217.74888515472412 184.0 274.0 
mask 0.00011691451 5.406604290008545 1.42251318693161 181.67947149276733 180.3761386871338 
nomask 0.00011649728 141.406747341156 264.51317632198334 164.11890077590942 271.5882202386856 
mask 0.00011456013 2.695320039987564 97.01126253604889 9.947632402181625 212.19678604602814 
mask 0.00011447072 141.19136142730713 215.17672836780548 184.0 266.1027706861496 
nomask 0.0001141727 122.57003784179688 26.191185116767883 184.0 177.1391031742096 
mask 0.000112622976 69.47188806533813 61.33551159501076 157.77243566513062 131.06996965408325 
mask 0.000110924244 122.57003784179688 26.191185116767883 184.0 177.1391031742096 
mask 0.00011074543 17.177303552627563 189.33584129810333 120.38253116607666 274.0 
mask 0.000107347965 0.8861485198140144 109.28358364105225 3.0326762199401855 177.55193519592285 
nomask 0.00010475516 175.8971619606018 225.0308676958084 184.0 265.3876394033432 
mask 0.00010019541 25.96805715560913 61.11770832538605 123.28298616409302 131.36199629306793 
mask 9.894371e-05 0.0 28.506118059158325 71.95709538459778 268.3850076198578 
nomask 9.852648e-05 36.21873331069946 166.89137053489685 157.72729444503784 274.0 
nomask 9.739399e-05 119.91258430480957 233.25933599472046 184.0 274.0 
mask 9.614229e-05 0.0 259.15611004829407 10.524170011281967 270.7798840999603 
mask 9.4503164e-05 0.0 156.96929144859314 78.84079694747925 274.0 
nomask 9.304285e-05 0.0 91.40141463279724 69.89550375938416 274.0 
mask 9.262562e-05 129.24319553375244 229.85539078712463 181.40782356262207 274.0 
nomask 9.021163e-05 0.0 202.69645607471466 86.56077909469604 274.0 
nomask 8.98242e-05 162.1495876312256 242.51630771160126 180.09754371643066 271.00691068172455 
nomask 8.8214874e-05 20.807678699493408 0.0 158.51442527770996 71.73472458124161 
mask 8.7469816e-05 139.36011505126953 0.0 184.0 125.50755709409714 
nomask 8.636713e-05 105.9180383682251 159.5396844148636 184.0 274.0 
nomask 8.59499e-05 17.67427921295166 147.40611720085144 84.64529323577881 274.0 
mask 8.457899e-05 0.0 231.59344005584717 24.549991130828857 274.0 
nomask 8.428097e-05 162.20139694213867 224.48501420021057 177.001202583313 258.99602699279785 
mask 8.249283e-05 155.20529747009277 2.9267255663871765 184.0 242.56848740577698 
nomask 8.139014e-05 138.50609493255615 182.98778545856476 184.0 270.74014914035797 
nomask 8.112192e-05 133.85514545440674 0.0 184.0 112.48379123210907 
mask 7.9482794e-05 0.0 230.235902428627 47.01700448989868 274.0 
mask 7.921457e-05 173.45093774795532 259.8735114336014 184.0 274.0 
mask 7.852912e-05 63.60630965232849 108.15454244613647 160.90936660766602 174.28373885154724 
nomask 7.8231096e-05 156.25567531585693 250.5297042131424 184.0 274.0 
nomask 7.662177e-05 98.20577716827393 2.2880665753036737 121.44556522369385 6.708717353641987 
mask 7.5131655e-05 0.0 232.93281686306 13.232365608215332 274.0 
mask 7.5012445e-05 55.88835096359253 230.82224214076996 125.26901340484619 273.8773328065872 
nomask 7.477403e-05 76.53595161437988 66.89161604642868 139.16702556610107 112.10934680700302 
mask 7.4744225e-05 0.0 3.0788510143756866 132.84808826446533 113.6459367275238 
mask 7.417798e-05 0.0 85.8320774435997 112.95334577560425 246.91313695907593 
nomask 7.405877e-05 0.0 0.0 114.99208164215088 133.37507092952728 
mask 7.337332e-05 57.451897621154785 39.25891584157944 146.79876518249512 103.29875236749649 
mask 7.1674585e-05 14.263347864151001 65.67542904615402 67.05680537223816 183.1796009540558 
mask 7.092953e-05 147.5902280807495 0.0 184.0 57.56855821609497 
nomask 7.0512295e-05 7.488449692726135 208.37847363948822 75.62609720230103 274.0 
mask 6.952882e-05 154.6456823348999 230.2504049539566 184.0 274.0 
nomask 6.887317e-05 175.9372363090515 1.4706308878958225 184.0 14.437366038560867 
mask 6.881356e-05 140.56236743927002 162.95452284812927 184.0 274.0 
nomask 6.738305e-05 156.42772960662842 224.0985414981842 169.3679714202881 256.13929080963135 
nomask 6.735325e-05 168.69688510894775 237.17431557178497 184.0 274.0 
mask 6.720424e-05 60.08554124832153 0.0 122.6915111541748 129.3181527853012 
