mask 0.9999646 76.18638038635254 87.07667410373688 271.94454193115234 370.6446056365967 
mask 0.00046434999 80.96096992492676 254.79822969436646 276.56925201416016 368.2414894104004 
nomask 0.00044354796 75.94456672668457 87.62148249149323 271.5553283691406 372.1325988769531 
mask 0.0003245175 271.5731430053711 249.0872061252594 317.54337310791016 410.82498955726624 
mask 0.00025770068 211.8944549560547 369.218220949173 320.0 428.0 
nomask 0.00019234419 9.166345596313477 0.0 194.3239974975586 151.14312767982483 
nomask 0.00019207597 199.28899765014648 391.3265075683594 320.0 428.0 
mask 0.00018969178 199.28899765014648 391.3265075683594 320.0 428.0 
nomask 0.00018689036 267.0865821838379 344.3107376098633 320.0 428.0 
mask 0.00018307567 186.85283660888672 294.2827558517456 320.0 428.0 
nomask 0.00017216802 40.68002700805664 0.0 284.53264236450195 111.1505286693573 
nomask 0.00016367435 0.0 243.5911364555359 156.42507553100586 428.0 
mask 0.00016281009 289.92530822753906 275.46439146995544 320.0 428.0 
nomask 0.00016102195 205.22266387939453 0.0 320.0 155.16273498535156 
mask 0.0001603663 180.42415618896484 139.75313484668732 320.0 283.51225423812866 
nomask 0.00015297532 0.0 4.577088177204132 232.0635986328125 182.61680722236633 
mask 0.00015208125 56.98657035827637 307.3233094215393 260.13126373291016 428.0 
mask 0.00015127659 222.7362060546875 169.27187168598175 320.0 428.0 
mask 0.00014543533 171.4480972290039 241.03577184677124 320.0 388.8008885383606 
mask 0.00013920665 0.0 337.4105031490326 221.22291564941406 428.0 
nomask 0.0001334846 78.1953477859497 388.9677035808563 198.0548858642578 422.56439089775085 
nomask 0.00013279915 263.7959861755371 5.397151589393616 320.0 353.21145153045654 
nomask 0.00012898445 215.46688079833984 38.50602161884308 320.0 276.0117254257202 
mask 0.00012812018 0.9848451614379883 228.32364416122437 139.37973022460938 428.0 
nomask 0.00012341142 0.0 7.5298662185668945 88.52910041809082 267.85296726226807 
mask 0.00012150407 0.0 0.0 229.26105499267578 107.1463553905487 
nomask 0.000119775534 252.32250213623047 0.0 320.0 305.9315173625946 
nomask 0.000117093325 33.0116081237793 291.6046333312988 202.89398193359375 428.0 
nomask 0.00011384487 218.7704086303711 269.4246869087219 320.0 428.0 
nomask 0.000113487244 191.17042541503906 1.6602803468704224 320.0 190.12386679649353 
mask 0.00011238456 215.46688079833984 38.50602161884308 320.0 276.0117254257202 
mask 0.000112205744 0.0 56.830267548561096 131.86485290527344 397.41312646865845 
mask 0.000109791756 291.5340995788574 262.10951948165894 320.0 398.7077479362488 
nomask 0.00010973215 91.56325340270996 0.0 230.13591766357422 175.65169882774353 
nomask 0.00010955334 204.12582397460938 31.221805155277252 320.0 218.46418380737305 
mask 0.000108510256 6.490993499755859 12.940232396125793 311.8356132507324 281.3540925979614 
nomask 0.000105917454 4.428691864013672 0.0 238.30327987670898 48.45454013347626 
nomask 0.00010085106 0.0 380.6917233467102 320.0 428.0 
mask 9.968877e-05 43.99574279785156 197.32746279239655 320.0 428.0 
nomask 9.4771385e-05 105.25415420532227 141.0621316432953 320.0 428.0 
nomask 9.474158e-05 37.906479835510254 0.0 145.55524826049805 194.9642837047577 
mask 9.474158e-05 26.604433059692383 18.226526856422424 179.52178955078125 243.1634225845337 
mask 9.447336e-05 33.0116081237793 291.6046333312988 202.89398193359375 428.0 
nomask 9.420514e-05 174.40757751464844 0.0 280.3515625 197.1707627773285 
nomask 9.328127e-05 0.0 0.0 136.8080234527588 318.4997386932373 
mask 9.1940165e-05 76.8561840057373 112.56690037250519 156.69079780578613 352.7469000816345 
mask 9.188056e-05 147.4916648864746 59.194798707962036 320.0 428.0 
nomask 9.1820955e-05 0.0 0.0 77.54208564758301 191.2141468524933 
mask 9.173155e-05 0.0 380.6917233467102 320.0 428.0 
mask 9.095669e-05 101.2558364868164 235.88330698013306 212.09033966064453 428.0 
mask 8.973479e-05 0.0 142.15549850463867 143.06241989135742 282.62952995300293 
nomask 8.7827444e-05 0.0 337.4105031490326 221.22291564941406 428.0 
nomask 8.764863e-05 239.3828582763672 0.0 320.0 192.8773226737976 
mask 8.687377e-05 4.428691864013672 0.0 238.30327987670898 48.45454013347626 
nomask 8.633733e-05 0.0 0.0 140.8872413635254 108.07580268383026 
mask 8.59499e-05 62.07221031188965 377.5327479839325 292.3951721191406 428.0 
mask 8.389354e-05 163.01651000976562 15.655868530273438 273.5484313964844 311.40187215805054 
nomask 8.329749e-05 0.0 52.422717690467834 75.01806735992432 390.3125047683716 
nomask 8.100271e-05 176.58279418945312 0.0 320.0 111.97733330726624 
nomask 8.08835e-05 271.5731430053711 249.0872061252594 317.54337310791016 410.82498955726624 
nomask 7.9244375e-05 0.0 142.15549850463867 143.06241989135742 282.62952995300293 
nomask 7.736683e-05 2.9460525512695312 221.21205282211304 320.0 428.0 
mask 7.659197e-05 191.17042541503906 1.6602803468704224 320.0 190.12386679649353 
mask 7.408857e-05 0.0 132.95537722110748 220.23286819458008 370.37138509750366 
mask 7.3730946e-05 45.02375602722168 160.6962672472 153.73250007629395 428.0 
nomask 7.367134e-05 6.965842247009277 102.10868906974792 75.43636798858643 275.79360818862915 
mask 7.274747e-05 204.12582397460938 31.221805155277252 320.0 218.46418380737305 
mask 7.134676e-05 166.8467903137207 370.74968457221985 287.3019218444824 427.5515458583832 
mask 7.134676e-05 60.25327682495117 89.39887648820877 234.6721076965332 202.09102845191956 
mask 6.851554e-05 158.95689010620117 394.1039946079254 277.6358985900879 423.9754436016083 
mask 6.842613e-05 9.166345596313477 0.0 194.3239974975586 151.14312767982483 
mask 6.7293644e-05 156.51737213134766 118.93126797676086 286.8415832519531 406.9516866207123 
nomask 6.699562e-05 0.0 39.75338435173035 138.34651947021484 192.22894048690796 
nomask 6.559491e-05 186.85283660888672 294.2827558517456 320.0 428.0 
mask 6.484985e-05 185.517578125 337.65693736076355 320.0 428.0 
mask 6.2942505e-05 252.32250213623047 0.0 320.0 305.9315173625946 
nomask 6.175041e-05 109.91342544555664 0.0 312.6896095275879 58.071169674396515 
nomask 6.0737133e-05 291.5340995788574 262.10951948165894 320.0 398.7077479362488 
mask 6.043911e-05 302.6319885253906 411.262907743454 320.0 428.0 
mask 5.9515238e-05 199.48631286621094 120.43252682685852 266.25640869140625 357.21519112586975 
mask 5.90384e-05 24.92386817932129 418.00910806655884 67.0875358581543 428.0 
nomask 5.8829784e-05 233.61547470092773 220.29103684425354 320.0 428.0 
mask 5.850196e-05 0.0 76.24398994445801 86.05202674865723 359.7566523551941 
nomask 5.838275e-05 56.98657035827637 307.3233094215393 260.13126373291016 428.0 
nomask 5.763769e-05 268.8248062133789 12.215847194194794 320.0 199.2836937904358 
mask 5.722046e-05 176.87921524047852 165.2277102470398 320.0 364.43385124206543 
nomask 5.6564808e-05 3.5635632276535034 416.7256603240967 16.367640495300293 428.0 
mask 5.6535006e-05 280.62511444091797 0.0 320.0 426.2835831642151 
nomask 5.5104494e-05 0.0 100.45604920387268 103.18214416503906 330.2599823474884 
mask 5.4568052e-05 275.06492614746094 413.84584951400757 320.0 427.26590156555176 
mask 5.4329634e-05 78.1953477859497 388.9677035808563 198.0548858642578 422.56439089775085 
nomask 5.4061413e-05 242.7573013305664 417.9679846763611 302.2025680541992 427.630042552948 
nomask 5.158782e-05 211.8944549560547 369.218220949173 320.0 428.0 
mask 5.0365925e-05 280.67039489746094 6.916261613368988 320.0 217.6356189250946 
nomask 5.0246716e-05 158.95689010620117 394.1039946079254 277.6358985900879 423.9754436016083 
mask 4.979968e-05 0.0 235.08206415176392 139.7620964050293 396.1163110733032 
mask 4.965067e-05 142.7578830718994 323.14208984375 320.0 428.0 
mask 4.938245e-05 142.20053672790527 0.0 320.0 59.18847841024399 
mask 4.8547983e-05 0.0 39.75338435173035 138.34651947021484 192.22894048690796 
mask 4.8279762e-05 213.11895370483398 394.61400628089905 320.0 422.91557240486145 
