mask 0.99997556 57.121429443359375 58.68241310119629 350.05401611328125 337.4795436859131 
nomask 0.02372098 3.5051393508911133 9.031569957733154 112.7032470703125 171.16559028625488 
nomask 0.014889598 57.121429443359375 58.68241310119629 350.05401611328125 337.4795436859131 
nomask 0.0058430433 381.09642028808594 3.271998167037964 640.0 63.37471961975098 
nomask 0.0032549202 392.69908905029297 1.30787193775177 640.0 29.37555491924286 
nomask 0.0029155314 6.07603907585144 2.9160618782043457 43.92772197723389 202.82641410827637 
mask 0.0016390681 392.69908905029297 1.30787193775177 640.0 29.37555491924286 
mask 0.0015421808 381.09642028808594 3.271998167037964 640.0 63.37471961975098 
nomask 0.0009963214 564.7441482543945 0.0 638.2470321655273 400.26586532592773 
mask 0.0009356141 564.7441482543945 0.0 638.2470321655273 400.26586532592773 
mask 0.0008909404 5.623788833618164 16.149065494537354 108.81545066833496 183.5295009613037 
nomask 0.000675261 180.78130722045898 0.0 640.0 131.72292709350586 
nomask 0.0006685555 40.31886577606201 36.61454200744629 167.11347579956055 186.75837993621826 
nomask 0.0005390346 261.61399841308594 0.8989942073822021 615.6578826904297 80.67564010620117 
nomask 0.00052145123 358.15040588378906 0.0 640.0 281.54685974121094 
nomask 0.00050264597 530.3532791137695 0.0 640.0 280.7525825500488 
nomask 0.0004682839 0.0 29.025607109069824 8.632323741912842 174.8658800125122 
nomask 0.00042799115 480.39886474609375 0.0 640.0 249.1563320159912 
nomask 0.0004208684 435.8921813964844 3.5592055320739746 640.0 124.31262016296387 
nomask 0.00041782856 376.96781158447266 302.71671295166016 483.73950958251953 447.4615287780762 
nomask 0.00041526556 373.9154052734375 0.0 640.0 199.4352149963379 
nomask 0.00036871433 348.13060760498047 311.9266891479492 448.65047454833984 461.1431121826172 
mask 0.0003541708 6.07603907585144 2.9160618782043457 43.92772197723389 202.82641410827637 
mask 0.00034683943 0.0 57.35175132751465 303.7405014038086 222.39933013916016 
nomask 0.0003194809 346.30809783935547 0.0 579.2734909057617 237.7143144607544 
nomask 0.00031915307 4.492096900939941 343.68481636047363 97.78656005859375 476.1043453216553 
mask 0.00031277537 3.1800901889801025 0.0 13.277946710586548 110.20204067230225 
nomask 0.00030100346 3.1800901889801025 0.0 13.277946710586548 110.20204067230225 
mask 0.00029355288 0.0 20.116549730300903 11.36381983757019 139.51473712921143 
nomask 0.00029280782 0.0 20.40257692337036 219.6121597290039 105.30839681625366 
mask 0.0002862513 0.0 32.625346183776855 66.99276924133301 327.3196220397949 
nomask 0.0002773702 0.0 0.0 240.9444808959961 138.7559938430786 
nomask 0.00025704503 431.49879455566406 0.0 640.0 68.48688125610352 
nomask 0.00025337934 552.2230529785156 457.31520652770996 628.8413238525391 480.0 
nomask 0.00023955107 0.0 40.3441321849823 91.17240905761719 125.87575435638428 
nomask 0.00023505092 10.172481536865234 30.287708044052124 83.97483825683594 93.55107307434082 
nomask 0.00023034215 326.66770935058594 39.366044998168945 640.0 218.24077606201172 
nomask 0.00022819638 544.1247940063477 4.488738030195236 640.0 18.709062337875366 
mask 0.00022664666 320.09132385253906 0.0 640.0 122.94977188110352 
nomask 0.00022533536 0.0 0.15096187591552734 75.05058765411377 266.304988861084 
nomask 0.00022420287 518.7451171875 460.57594299316406 603.1954193115234 480.0 
mask 0.00021535158 0.0 0.0 74.53629493713379 230.18845081329346 
nomask 0.00021481514 6.0771989822387695 9.339753985404968 86.21294021606445 69.168541431427 
nomask 0.00020384789 0.0 54.750555753707886 197.01759338378906 174.34998035430908 
nomask 0.00019788742 411.59584045410156 0.0 563.4606170654297 162.20203399658203 
nomask 0.00019714236 559.3964385986328 0.0 640.0 171.93238735198975 
nomask 0.00019145012 434.7645568847656 47.47621536254883 640.0 169.139986038208 
mask 0.00018647313 544.1247940063477 4.488738030195236 640.0 18.709062337875366 
mask 0.00018447638 0.0 0.0 240.9444808959961 138.7559938430786 
mask 0.00018364191 480.39886474609375 0.0 640.0 249.1563320159912 
nomask 0.00018128753 347.9118347167969 0.0 493.6259460449219 141.62594318389893 
nomask 0.00018066168 2.8677141666412354 128.0599594116211 24.615583419799805 346.5534782409668 
nomask 0.00018021464 500.2973175048828 0.0 640.0 168.76524925231934 
nomask 0.00018018484 450.2349090576172 440.3188991546631 640.0 480.0 
mask 0.00017383695 9.950342178344727 2.06118106842041 188.64768981933594 160.6955337524414 
nomask 0.0001733303 487.9832458496094 0.0 640.0 389.9403762817383 
nomask 0.00017270446 1.9460690021514893 71.15223169326782 33.50769519805908 262.61698722839355 
nomask 0.00017231703 452.6831817626953 0.0 634.647216796875 148.89819145202637 
nomask 0.00016954541 0.0 0.0 161.7851448059082 230.52276134490967 
nomask 0.00016129017 0.0 0.0 74.60319519042969 170.43585777282715 
nomask 0.00015950203 455.6082534790039 466.3928031921387 582.0373153686523 478.831844329834 
nomask 0.00015687943 0.0 1.0620439052581787 127.11141586303711 86.97843074798584 
nomask 0.00015681982 513.4870529174805 407.7296733856201 640.0 480.0 
nomask 0.00015583634 465.21400451660156 0.0 632.5960540771484 410.48383712768555 
nomask 0.00015544891 534.865837097168 3.0276060104370117 640.0 71.21159791946411 
mask 0.00015386939 0.0 54.750555753707886 197.01759338378906 174.34998035430908 
nomask 0.00015327334 613.7359237670898 2.303437292575836 640.0 23.364182710647583 
mask 0.00015285611 538.780517578125 4.775111675262451 637.4665069580078 195.36097526550293 
mask 0.00015175343 408.0720901489258 435.2464485168457 640.0 480.0 
nomask 0.00014868379 0.0 0.0 182.40272521972656 70.44706106185913 
nomask 0.00014805794 486.39904022216797 287.058162689209 640.0 480.0 
mask 0.00014415383 2.8677141666412354 128.0599594116211 24.615583419799805 346.5534782409668 
nomask 0.00014311075 580.1834869384766 316.54784202575684 640.0 480.0 
nomask 0.0001423955 566.1701202392578 0.0 640.0 480.0 
nomask 0.0001412034 432.2425842285156 11.668485403060913 640.0 93.7294864654541 
mask 0.00014060736 0.0 0.0 429.3586730957031 129.92444515228271 
nomask 0.0001398921 0.0 0.0 429.3586730957031 129.92444515228271 
nomask 0.00013947487 0.5614477396011353 0.0 13.057215213775635 35.56591272354126 
nomask 0.00013872981 609.3129730224609 455.476655960083 640.0 480.0 
mask 0.0001385212 541.1081695556641 394.866886138916 640.0 480.0 
mask 0.00013530254 613.7359237670898 2.303437292575836 640.0 23.364182710647583 
nomask 0.00013488531 547.9088592529297 0.0 640.0 35.50830602645874 
mask 0.00013175607 78.8896369934082 0.0 296.8612480163574 248.28964233398438 
mask 0.0001308024 0.0 0.0 161.7851448059082 230.52276134490967 
mask 0.00012981892 0.0 19.65874671936035 138.57120513916016 219.06835556030273 
nomask 0.0001296699 4.744672775268555 0.0 96.15006446838379 14.208612442016602 
mask 0.00012853742 0.0 0.0 182.40272521972656 70.44706106185913 
nomask 0.00012850761 493.9345169067383 0.8002375066280365 640.0 12.387135028839111 
nomask 0.0001232028 510.66219329833984 0.0 640.0 95.24135112762451 
mask 0.0001231432 328.3128356933594 4.467229843139648 640.0 480.0 
mask 0.00012296438 0.5614477396011353 0.0 13.057215213775635 35.56591272354126 
mask 0.0001219213 6.0771989822387695 9.339753985404968 86.21294021606445 69.168541431427 
mask 0.00011989474 431.49879455566406 0.0 640.0 68.48688125610352 
mask 0.00011900067 326.66770935058594 39.366044998168945 640.0 218.24077606201172 
nomask 0.00011789799 592.8214263916016 10.021305084228516 628.9263153076172 224.33627128601074 
mask 0.00011765957 432.2425842285156 11.668485403060913 640.0 93.7294864654541 
mask 0.00011765957 190.32291412353516 0.0 599.3040084838867 62.57855415344238 
nomask 0.00011757016 447.41058349609375 2.724156305193901 640.0 9.535592794418335 
mask 0.00011715293 0.0 104.61462020874023 202.53902435302734 216.12215995788574 
mask 0.00011655688 450.2349090576172 440.3188991546631 640.0 480.0 
