mask 0.9999925 0.32542348 0.187902 0.64807063 0.7279607 
nomask 0.041266173 0.31815588 0.18106872 0.6580673 0.72820336 
nomask 0.00031343102 0.3729376 0.15219617 0.5854231 0.49780118 
nomask 0.0002116859 0.5865979 0.74169767 0.67206657 0.89305794 
mask 0.00018557906 0.0 0.5893788 0.43980995 1.0 
nomask 0.00017887354 0.35448194 0.0 1.0 0.2801654 
mask 0.00015893579 0.0 0.8518205 0.36940885 0.9977512 
nomask 0.00014707446 0.008552462 0.0 0.6258594 0.2775852 
nomask 0.0001385212 0.0 0.5893788 0.43980995 1.0 
mask 0.00013640523 0.6206742 0.8494667 1.0 0.9894718 
nomask 0.00012585521 0.67259383 0.6417079 1.0 1.0 
nomask 0.00011956692 0.0 0.48607603 0.27001688 1.0 
mask 0.00011563301 0.072491854 0.08621688 0.61892855 0.5609853 
nomask 0.000115424395 0.33433753 0.0 0.6472899 0.53404444 
mask 0.00011238456 0.47490156 0.089949265 0.8849449 0.37527615 
nomask 9.9897385e-05 0.2597896 0.4246056 0.39600772 0.74492896 
mask 9.9003315e-05 0.0 0.1488682 0.45881265 0.9289415 
nomask 9.688735e-05 0.08391595 0.0 0.50592744 0.40131983 
nomask 9.5427036e-05 0.83931684 0.8148297 1.0 1.0 
nomask 9.393692e-05 0.0 0.0 0.24189025 0.4745475 
nomask 9.3489885e-05 0.63911253 0.90496606 1.0 1.0 
nomask 9.3221664e-05 0.0 0.62941146 0.49753737 1.0 
mask 9.1701746e-05 0.0 0.48607603 0.27001688 1.0 
nomask 9.137392e-05 0.0 0.0 0.42085645 0.25078365 
mask 9.056926e-05 0.6226797 0.67812157 1.0 1.0 
nomask 9.018183e-05 0.37603 0.0 1.0 0.12304278 
mask 8.9883804e-05 0.1677297 0.123660594 0.7050668 0.87647223 
nomask 8.907914e-05 0.30584103 0.126097 0.48476905 0.4692894 
mask 8.907914e-05 0.63911253 0.90496606 1.0 1.0 
nomask 8.6188316e-05 0.0 0.88062525 1.0 1.0 
nomask 8.5651875e-05 0.53657055 0.06384425 0.9944613 0.37156516 
mask 8.493662e-05 0.90479827 0.6657038 1.0 1.0 
nomask 8.484721e-05 0.4480456 0.48171926 0.6507969 0.7700479 
mask 8.305907e-05 0.33433753 0.0 0.6472899 0.53404444 
nomask 8.0764294e-05 0.5326444 0.7489833 0.63377964 0.8877328 
mask 8.055568e-05 0.1924277 0.0 0.8817875 0.26600325 
nomask 7.95722e-05 0.6159751 0.029053867 1.0 0.6982021 
mask 7.95722e-05 0.0 0.7332276 0.49247774 1.0 
mask 7.7813864e-05 0.0 0.0 0.4692621 0.6303637 
mask 7.7068806e-05 0.0 0.657282 0.5335856 1.0 
mask 7.459521e-05 0.13614798 0.45985562 1.0 1.0 
mask 7.3194504e-05 0.0 0.92242277 0.44187254 0.97898996 
nomask 7.2687864e-05 0.695819 0.18121985 1.0 0.9861803 
mask 7.267643e-05 0.31266057 0.31266662 1.0 1.0 
nomask 7.26758e-05 0.31266057 0.31266662 1.0 1.0 
mask 7.254175e-05 0.51294875 0.010003269 1.0 1.0 
mask 7.086992e-05 0.0 0.88062525 1.0 1.0 
mask 7.030368e-05 0.31371188 0.20780833 0.7736107 0.48922217 
nomask 6.982684e-05 0.0 0.0 0.24057202 0.802397 
nomask 6.955862e-05 0.75641584 0.0 1.0 0.7442391 
mask 6.80387e-05 0.29002514 0.0 0.87804914 0.1222769 
mask 6.7561865e-05 0.3874887 0.084185496 0.93572557 0.5352099 
nomask 6.604195e-05 0.9560155 0.9590455 1.0 1.0 
mask 6.496906e-05 0.5865979 0.74169767 0.67206657 0.89305794 
nomask 6.4343214e-05 0.0 0.7332276 0.49247774 1.0 
nomask 6.3061714e-05 0.43291909 0.0 0.676966 0.2484845 
nomask 6.300211e-05 0.88056135 0.0 1.0 1.0 
nomask 6.118417e-05 0.00096803904 0.0 0.5821849 0.13028789 
nomask 6.0796738e-05 0.13614798 0.45985562 1.0 1.0 
nomask 6.043911e-05 0.0 0.33046073 0.44195297 0.66916156 
nomask 6.0349703e-05 0.5980699 0.0 1.0 0.4112879 
nomask 5.993247e-05 0.75263107 0.0 1.0 0.48758394 
mask 5.966425e-05 0.008552462 0.0 0.6258594 0.2775852 
nomask 5.799532e-05 0.092065126 0.6894256 0.6537297 1.0 
mask 5.7667494e-05 0.00096803904 0.0 0.5821849 0.13028789 
nomask 5.71666e-05 0.51294875 0.010003269 1.0 1.0 
nomask 5.683303e-05 0.0 0.095429435 0.42496866 0.4544477 
nomask 5.5104494e-05 0.31154305 0.15788215 0.5747312 0.33634245 
mask 5.5015087e-05 0.66371876 0.09750128 1.0 0.6470463 
nomask 5.480647e-05 0.66371876 0.09750128 1.0 0.6470463 
mask 5.468726e-05 0.3108811 0.84508884 0.6399591 0.99010897 
mask 5.403161e-05 0.0 0.54129875 0.44736183 0.9182794 
nomask 5.3048134e-05 0.0 0.014607877 0.36579227 0.6455325 
nomask 5.2541494e-05 0.6550377 0.84460384 1.0 0.9953231 
nomask 5.1021576e-05 0.35166523 0.0 0.75521827 0.38071522 
mask 5.054474e-05 0.0 0.0 0.42085645 0.25078365 
nomask 4.9710274e-05 0.32126346 0.45107752 0.4805744 0.7383929 
mask 4.9471855e-05 0.0 0.00784944 0.68653643 0.4186573 
mask 4.929304e-05 0.2897879 0.0 0.5652953 0.0071403803 
mask 4.8607588e-05 0.03811553 0.008632481 0.98370445 0.6560282 
mask 4.8339367e-05 0.45820472 0.9718364 0.6213575 1.0 
mask 4.7773123e-05 0.0 0.095429435 0.42496866 0.4544477 
mask 4.759431e-05 0.0 0.39678115 0.34029824 0.99345833 
mask 4.658103e-05 0.092065126 0.6894256 0.6537297 1.0 
mask 4.6163797e-05 0.0 0.33046073 0.44195297 0.66916156 
mask 4.6044588e-05 0.5063411 0.7387873 0.6465696 0.9783511 
nomask 4.541874e-05 0.0 0.54129875 0.44736183 0.9182794 
mask 4.4077635e-05 0.0 0.8393278 0.2888074 1.0 
mask 4.4047832e-05 0.3936779 0.4190569 0.63153476 0.76792943 
nomask 4.3153763e-05 0.45934564 0.70302427 0.5986503 0.969584 
nomask 4.297495e-05 0.0 0.77468204 0.66732687 1.0 
mask 4.258752e-05 0.0018573767 0.008529954 0.010915318 0.19871634 
nomask 4.2378902e-05 0.45749032 0.187392 0.6535324 0.5033117 
nomask 4.1633844e-05 0.634811 0.3183104 0.699586 0.4445593 
mask 4.0858984e-05 0.0 0.32297564 0.6778977 0.6796192 
mask 4.053116e-05 0.66697645 0.9247012 1.0 0.99396825 
mask 3.9339066e-05 0.08391595 0.0 0.50592744 0.40131983 
mask 3.889203e-05 0.513443 0.0 1.0 0.2533434 
mask 3.8832426e-05 0.35166523 0.0 0.75521827 0.38071522 
mask 3.877282e-05 0.4537909 0.019347802 0.95001566 0.27007085 
