mask 0.9999943 83.08443832397461 35.784479558467865 168.3792172074318 140.35185647010803 
nomask 0.017580569 81.7240304350853 34.74125009775162 170.4639111161232 141.1337206363678 
nomask 0.00027889013 96.23333176970482 29.776254802942276 151.00857931375504 96.05754470825195 
nomask 0.00020438433 150.19470888376236 145.2609750032425 173.03779178857803 172.6773999929428 
mask 0.00019535422 102.99179086089134 152.6931711435318 172.27021872997284 185.71624767780304 
mask 0.00014021993 0.0 114.48257803916931 114.20339635014534 194.0 
nomask 0.00013321638 91.80844390392303 0.0 259.0 54.824969589710236 
nomask 0.00012689829 1.984665960073471 0.0 162.7923641204834 53.71798586845398 
mask 0.000104248524 150.19470888376236 145.2609750032425 173.03779178857803 172.6773999929428 
mask 0.00010320544 0.0 28.995711743831635 119.66551360487938 179.85008096694946 
mask 9.974837e-05 18.608309119939804 16.81983321905136 160.37705850601196 109.24764037132263 
nomask 9.903312e-05 160.9147810935974 130.79044032096863 259.0 194.0 
mask 9.641051e-05 123.85052427649498 16.376794010400772 232.3563027381897 73.06525027751923 
nomask 8.9764595e-05 86.38458874821663 0.0 167.63671481609344 103.64488565921783 
nomask 8.800626e-05 0.0 93.92060619592667 69.87675848603249 194.0 
nomask 8.317828e-05 0.0 114.48257803916931 114.20339635014534 194.0 
mask 8.264184e-05 0.0 40.16037380695343 65.52059882879257 194.0 
mask 8.165836e-05 86.38458874821663 0.0 167.63671481609344 103.64488565921783 
mask 8.061528e-05 0.0 166.0771371126175 99.77383023500443 193.4921976327896 
mask 7.942319e-05 43.68615487217903 23.951418220996857 181.944038271904 169.74077248573303 
nomask 7.7694654e-05 0.0 0.0 109.04175660014153 48.543616771698 
nomask 7.748604e-05 217.29519200325012 157.97923016548157 259.0 194.0 
mask 7.6532364e-05 133.24457585811615 2.03581166267395 259.0 194.0 
nomask 7.57277e-05 165.22752249240875 175.7244917154312 259.0 194.0 
nomask 7.492304e-05 136.11333018541336 11.127225875854492 258.41659754514694 72.88879430294037 
nomask 7.44462e-05 66.69401103258133 81.42240643501282 102.85247421264648 144.07359743118286 
nomask 7.4356794e-05 0.0 0.0 62.77876475453377 92.33810484409332 
nomask 7.432699e-05 21.741285741329193 0.0 131.28923362493515 77.76477241516113 
mask 7.426739e-05 80.97864121198654 60.656984090805054 259.0 194.0 
nomask 7.4237585e-05 80.97864121198654 60.656984090805054 259.0 194.0 
mask 7.31349e-05 160.9147810935974 130.79044032096863 259.0 194.0 
mask 7.292628e-05 126.3300811946392 143.28893494606018 168.30272388458252 187.95304107666016 
mask 7.241964e-05 165.22752249240875 175.7244917154312 259.0 194.0 
nomask 7.238984e-05 97.89753624796867 0.0 258.27594554424286 24.181334227323532 
nomask 7.197261e-05 137.30994510650635 145.678213596344 165.0030597448349 172.78002429008484 
mask 7.143617e-05 100.52658319473267 16.315187633037567 242.8402259349823 104.49815320968628 
mask 7.0631504e-05 166.2316459417343 163.63019227981567 259.0 192.2375910282135 
nomask 7.05421e-05 158.12912738323212 5.924786865711212 259.0 137.04324913024902 
mask 6.7949295e-05 49.53408870100975 0.0 228.14779603481293 51.849576115608215 
mask 6.684661e-05 234.58214265108109 129.0987524986267 259.0 194.0 
mask 6.574392e-05 2.2151570916175842 100.41318583488464 259.0 194.0 
mask 6.440282e-05 0.0 0.0 121.50082847476006 121.95503759384155 
nomask 6.338954e-05 133.24457585811615 2.03581166267395 259.0 194.0 
nomask 6.300211e-05 0.0 170.95346212387085 259.0 194.0 
mask 6.264448e-05 0.0 127.01598227024078 138.93495351076126 194.0 
mask 6.246567e-05 0.0 178.33514976501465 116.63777512311935 188.96240162849426 
nomask 6.189942e-05 0.0 124.1865234375 149.12523806095123 194.0 
mask 6.1035156e-05 80.70349681377411 40.20886451005936 201.12844014167786 95.20776349306107 
mask 6.0528517e-05 0.0 142.42758464813232 127.44486910104752 194.0 
mask 6.0498714e-05 124.81992083787918 161.20112431049347 201.249393761158 190.99642097949982 
nomask 6.005168e-05 247.73706448078156 185.77204060554504 259.0 194.0 
nomask 5.8948994e-05 2.2151570916175842 100.41318583488464 259.0 194.0 
nomask 5.850196e-05 154.7268494963646 0.0 259.0 80.2597165107727 
nomask 5.722046e-05 112.0006588101387 0.0 176.09002202749252 47.418825566768646 
nomask 5.596876e-05 0.7158725261688232 0.0 150.82941049337387 25.960073471069336 
nomask 5.4895878e-05 0.0 13.955065846443176 64.1154875010252 180.1948870420456 
nomask 5.465746e-05 195.79802107810974 0.0 259.0 144.7799301147461 
mask 5.325675e-05 1.984665960073471 0.0 162.7923641204834 53.71798586845398 
mask 5.2422285e-05 0.7158725261688232 0.0 150.82941049337387 25.960073471069336 
nomask 5.1110983e-05 194.72442841529846 0.0 259.0 94.27373206615448 
mask 5.0127506e-05 0.0 170.95346212387085 259.0 194.0 
nomask 4.9442053e-05 81.24789616465569 30.48915833234787 146.90438449382782 65.61657065153122 
mask 4.887581e-05 0.0 105.05503022670746 115.88743042945862 178.46709859371185 
mask 4.8846006e-05 75.59370425343513 0.0 226.40989243984222 23.954560548067093 
nomask 4.8279762e-05 227.47942501306534 0.0 259.0 194.0 
nomask 4.7653913e-05 0.0 18.13561835885048 109.70816704630852 88.25220084190369 
nomask 4.7266483e-05 179.03111696243286 35.60615032911301 259.0 190.9864649772644 
mask 4.708767e-05 171.68979573249817 18.957864463329315 259.0 125.5477089881897 
mask 4.6670437e-05 0.0 162.18325328826904 74.79111099243164 194.0 
nomask 4.592538e-05 0.0 63.895055294036865 114.43839526176453 129.843625664711 
mask 4.5716763e-05 10.19442954659462 1.5248236060142517 254.87686324119568 127.31034922599792 
nomask 4.506111e-05 24.258425503969193 133.49781382083893 169.48691153526306 194.0 
nomask 4.476309e-05 118.3166298866272 35.733731120824814 168.67761063575745 96.86618947982788 
mask 4.428625e-05 81.55227166414261 159.9970840215683 166.37922942638397 192.6197465658188 
nomask 4.389882e-05 171.68979573249817 18.957864463329315 259.0 125.5477089881897 
nomask 4.324317e-05 0.0 142.42758464813232 127.44486910104752 194.0 
mask 4.2170286e-05 0.0 1.5909974873065948 178.145152926445 81.01638424396515 
mask 4.2021275e-05 0.5514099523425102 1.610873356461525 2.890654496848583 38.483411848545074 
nomask 4.0590763e-05 0.0 3.262336790561676 93.91162434220314 128.18689370155334 
mask 4.0113926e-05 0.0 0.0 109.04175660014153 48.543616771698 
mask 3.924966e-05 0.0 18.13561835885048 109.70816704630852 88.25220084190369 
nomask 3.9070845e-05 97.55733779072762 35.289830446243286 127.3841452896595 54.30364394187927 
mask 3.8981438e-05 0.0 62.46403896808624 175.99257987737656 131.9644969701767 
mask 3.8176775e-05 0.0 63.895055294036865 114.43839526176453 129.843625664711 
mask 3.8176775e-05 133.25201678276062 0.0 259.0 49.425214409828186 
nomask 3.695488e-05 91.79331505298615 0.0 196.7146441936493 73.35629278421402 
mask 3.6925077e-05 106.35412395000458 188.51065814495087 149.63066518306732 194.0 
nomask 3.6805868e-05 195.16609823703766 115.61587405204773 259.0 194.0 
mask 3.6269426e-05 24.258425503969193 133.49781382083893 169.48691153526306 194.0 
nomask 3.6239624e-05 49.251858443021774 0.0 189.7925773859024 24.399834364652634 
nomask 3.528595e-05 80.35709244012833 24.166712433099747 125.53545373678207 90.4672783613205 
mask 3.3527613e-05 3.8861697940155864 0.13544997945427895 11.180672392249107 8.561268657445908 
nomask 3.3408403e-05 0.0 105.05503022670746 115.88743042945862 178.46709859371185 
nomask 3.3289194e-05 0.0 0.0 56.66427755355835 41.90014183521271 
mask 3.287196e-05 137.30994510650635 145.678213596344 165.0030597448349 172.78002429008484 
nomask 3.2663345e-05 195.74293971061707 0.0 259.0 147.75266981124878 
nomask 3.2186508e-05 136.48068338632584 141.88487267494202 259.0 194.0 
nomask 3.194809e-05 164.43288731575012 61.84006589651108 182.21916723251343 85.39639502763748 
nomask 3.1888485e-05 139.87967306375504 0.0 231.8762395977974 91.95562553405762 
mask 3.182888e-05 21.741285741329193 0.0 131.28923362493515 77.76477241516113 
