mask 0.9999945 66.951546 43.73436 132.27187 191.0157 
nomask 0.10422495 66.35344 46.977234 133.51244 186.8617 
nomask 0.00078457594 81.83062 40.287174 120.773094 125.19505 
nomask 0.0005277097 99.68159 95.2227 135.77812 189.05919 
mask 0.0003207624 74.31218 204.1729 126.699875 244.3256 
nomask 0.00023582578 74.82704 0.0 194.0 71.34585 
nomask 0.00022953749 92.99607 195.06308 112.8022 226.16695 
mask 0.00022792816 77.068924 182.0644 109.580826 252.02592 
nomask 0.00021773577 68.190315 36.36137 103.34814 122.02391 
nomask 0.00020736456 65.74029 0.0 126.51861 141.72205 
nomask 0.00018712878 75.85198 182.64015 95.466324 217.12361 
nomask 0.00018304586 100.11828 44.64184 137.24121 129.81396 
mask 0.00016704202 33.433887 27.493414 138.79323 231.44572 
nomask 0.00016453862 0.0 149.41858 84.90099 259.0 
nomask 0.0001628995 0.0 0.0 123.83542 72.13277 
nomask 0.00015923381 101.10701 197.87238 118.75253 226.74 
nomask 0.00014704466 77.068924 182.0644 109.580826 252.02592 
nomask 0.00013825297 129.79424 167.05801 194.0 259.0 
nomask 0.00013396144 74.31218 204.1729 126.699875 244.3256 
nomask 0.00013166666 134.89986 46.045204 194.0 256.20563 
nomask 0.00011596084 1.7143056 0.0 131.30222 30.818895 
nomask 0.00011566281 121.18786 9.32493 194.0 184.40121 
nomask 0.000115424395 106.130554 0.0 193.935 42.92448 
nomask 0.000112235546 162.92723 210.82997 194.0 259.0 
nomask 0.00010943413 50.11172 0.0 147.5328 97.37138 
mask 0.0001090765 1.7143056 0.0 131.30222 30.818895 
nomask 0.00010880828 114.75237 99.42991 141.54715 183.43205 
nomask 0.000107854605 100.475174 185.75394 119.73462 213.0188 
nomask 0.000107854605 83.144196 181.95631 104.60932 215.758 
mask 0.00010755658 120.063805 175.7551 194.0 259.0 
nomask 0.00010472536 123.70526 234.6721 194.0 259.0 
mask 0.00010326505 98.18877 253.62703 130.34499 259.0 
mask 0.00010147691 0.0 0.0 91.8944 165.19316 
nomask 0.0001000762 0.0 0.0 88.27036 64.85645 
mask 9.953976e-05 123.70526 234.6721 194.0 259.0 
mask 9.858608e-05 67.348495 98.97394 112.4507 192.6001 
mask 9.7066164e-05 175.64818 171.9498 194.0 259.0 
nomask 9.462237e-05 0.0 228.20108 194.0 259.0 
nomask 9.417534e-05 15.873383 0.0 99.64314 103.55642 
mask 9.286404e-05 10.93805 20.803637 123.510895 144.9577 
nomask 9.134412e-05 0.0 46.500275 51.838486 259.0 
nomask 8.773804e-05 98.18877 253.62703 130.34499 259.0 
nomask 8.589029e-05 93.91371 31.611372 127.34766 113.94894 
nomask 8.4102154e-05 64.2871 0.0 130.01683 14.32151 
mask 8.3744526e-05 92.99607 195.06308 112.8022 226.16695 
nomask 8.311868e-05 117.98739 0.0 194.0 100.10857 
mask 8.2463026e-05 35.119663 0.0 167.14647 68.33515 
mask 8.2075596e-05 0.0 24.047756 82.45907 248.95076 
mask 8.204579e-05 65.74029 0.0 126.51861 141.72205 
nomask 8.147955e-05 88.657585 126.40736 127.380745 202.34686 
nomask 7.867813e-05 17.852962 178.42189 126.376015 259.0 
mask 7.814169e-05 26.409191 119.076 194.0 259.0 
mask 7.76471e-05 99.586525 2.5045042 194.0 259.0 
mask 7.748604e-05 0.0 228.20108 194.0 259.0 
mask 7.647306e-05 60.65616 80.98052 194.0 259.0 
nomask 7.64724e-05 60.65616 80.98052 194.0 259.0 
mask 7.5280666e-05 84.084114 216.40286 138.55478 255.68613 
mask 7.429719e-05 0.0 219.99745 70.23708 258.54434 
nomask 7.399917e-05 0.0 148.55263 81.30971 259.0 
nomask 7.265806e-05 145.60243 0.0 194.0 118.18523 
mask 7.238984e-05 0.0 162.74292 96.20009 259.0 
nomask 7.2062016e-05 0.0 0.0 46.705456 126.1317 
mask 7.137656e-05 74.429054 183.94902 137.22923 259.0 
nomask 7.048249e-05 0.0 183.00739 123.187706 259.0 
mask 6.8336725e-05 22.00699 220.00122 90.52487 258.19266 
mask 6.8217516e-05 54.335003 0.0 159.81854 33.41124 
nomask 6.80089e-05 171.05647 0.0 194.0 259.0 
nomask 6.747246e-05 54.335003 0.0 159.81854 33.41124 
nomask 6.338954e-05 26.409191 119.076 194.0 259.0 
mask 6.2674284e-05 128.36691 25.644274 194.0 167.41888 
nomask 6.2555075e-05 91.67248 211.73257 114.10935 236.06795 
nomask 6.240606e-05 128.36691 25.644274 194.0 167.41888 
mask 6.219745e-05 17.852962 178.42189 126.376015 259.0 
nomask 6.181002e-05 78.32321 183.0398 123.51694 217.16129 
nomask 6.181002e-05 109.79491 17.318682 194.0 92.4424 
nomask 6.118597e-05 99.586525 2.5045042 194.0 259.0 
mask 6.0886145e-05 3.5750663 3.2469292 122.68547 66.50276 
nomask 6.020069e-05 2.091535 252.3925 11.451466 259.0 
nomask 5.993247e-05 185.00964 247.95877 194.0 259.0 
nomask 5.942583e-05 72.81653 12.349745 113.31936 49.92483 
nomask 5.888939e-05 0.0 202.18901 130.30405 259.0 
mask 5.8680773e-05 24.580528 73.89119 120.10476 188.69327 
mask 5.8084726e-05 65.227844 140.73486 130.15022 259.0 
mask 5.736947e-05 78.32321 183.0398 123.51694 217.16129 
nomask 5.683303e-05 0.0 85.30805 85.82537 172.46266 
nomask 5.555153e-05 124.51416 0.0 194.0 166.61382 
nomask 5.4985285e-05 0.0 23.142422 84.53908 117.96535 
nomask 5.4955482e-05 101.67317 214.88484 120.03169 238.80534 
nomask 5.492568e-05 61.662113 116.53147 97.39379 191.8973 
mask 5.4866076e-05 0.0 202.18901 130.30405 259.0 
mask 5.209446e-05 99.68159 95.2227 135.77812 189.05919 
mask 5.2034855e-05 41.368748 27.714048 132.19061 95.16281 
nomask 5.1528215e-05 166.34235 0.0 194.0 147.24432 
mask 5.1528215e-05 2.091535 252.3925 11.451466 259.0 
mask 5.1289797e-05 0.0 80.69739 113.83243 227.78406 
nomask 5.1259995e-05 50.832687 0.0 110.00297 38.350002 
mask 5.0127506e-05 164.61707 154.24008 194.0 259.0 
mask 4.9948692e-05 107.09083 254.67426 141.15442 259.0 
nomask 4.9173832e-05 132.01982 25.164543 194.0 89.99867 
mask 4.87864e-05 43.656715 53.63219 136.09813 127.77335 
