mask 0.9999162 45.12874972820282 63.038058042526245 135.7186802625656 178.56221532821655 
mask 0.001155287 0.0 213.74598932266235 62.74306869506836 243.92620611190796 
nomask 0.000739187 44.787989377975464 64.07446658611298 135.479771733284 177.1550121307373 
mask 0.0006567538 0.0 236.21281051635742 48.13770890235901 243.03745079040527 
mask 0.00055766106 210.4489620923996 144.19683504104614 212.49360072612762 198.6294116973877 
nomask 0.00051262975 0.0 223.93233823776245 62.31581401824951 244.0 
nomask 0.00031289458 0.0 236.21281051635742 48.13770890235901 243.03745079040527 
nomask 0.00027364492 208.72431802749634 200.41070365905762 213.20702266693115 238.76956367492676 
nomask 0.0002681613 44.858188688755035 147.8822536468506 201.25585627555847 244.0 
nomask 0.00026586652 210.0467972755432 137.062344789505 212.05975151062012 183.66360688209534 
mask 0.00023949146 211.0497156381607 153.19078874588013 212.9016968011856 212.9600567817688 
mask 0.00023284554 0.0 61.9214928150177 110.18571066856384 213.9445230960846 
nomask 0.00022691488 1.7700803726911545 234.06446886062622 23.079206481575966 243.34312677383423 
mask 0.00021535158 7.084849655628204 0.0 150.32170581817627 30.789979875087738 
nomask 0.00020697713 210.4489620923996 144.19683504104614 212.49360072612762 198.6294116973877 
mask 0.00020506978 0.0 225.34279918670654 52.61832803487778 244.0 
nomask 0.00020128489 0.0 0.0 143.8787522315979 66.32502746582031 
mask 0.00017517805 0.0 0.20361128449440002 74.78599739074707 43.77832591533661 
mask 0.00015679002 1.7700803726911545 234.06446886062622 23.079206481575966 243.34312677383423 
mask 0.00015464425 156.59730863571167 203.42406558990479 214.0 241.69697332382202 
mask 0.00014910102 43.40526640415192 96.22093272209167 92.90059566497803 174.0487024784088 
nomask 0.00014874339 205.54632437229156 233.48922848701477 214.0 244.0 
nomask 0.00014775991 138.33731162548065 151.1936707496643 214.0 244.0 
nomask 0.00014525652 42.331842601299286 0.0 176.10747456550598 86.29650557041168 
mask 0.00014293194 210.0467972755432 137.062344789505 212.05975151062012 183.66360688209534 
mask 0.0001412034 0.0 0.0 153.23054790496826 62.432727098464966 
nomask 0.00012871623 210.51614475250244 189.55863904953003 213.49516701698303 231.69390201568604 
mask 0.00012749434 99.21869307756424 32.74018406867981 214.0 244.0 
nomask 0.00011947751 0.0 5.484933614730835 59.152240335941315 148.29133415222168 
nomask 0.000115692616 99.21869307756424 32.74018406867981 214.0 244.0 
mask 0.00011482835 32.23997896909714 18.887526750564575 108.7110595703125 177.75715804100037 
nomask 0.00011408329 161.0170909166336 0.0 214.0 180.46875619888306 
nomask 0.00011283159 210.5565665960312 125.79234266281128 212.53020870685577 165.45171451568604 
nomask 0.0001116693 0.0 0.0 51.91386038064957 106.6080551147461 
mask 0.000109285116 29.218678951263428 112.80173146724701 214.0 244.0 
nomask 0.00010699034 138.92120254039764 46.160178542137146 214.0 235.1506962776184 
nomask 0.00010508299 206.9194552898407 213.42335557937622 212.99507904052734 240.59829664230347 
nomask 0.00010448694 0.0 209.59440684318542 73.13333201408386 244.0 
nomask 0.000104010105 70.71844893693924 0.0 140.43357133865356 112.74244475364685 
nomask 0.00010058284 29.218678951263428 112.80173146724701 214.0 244.0 
nomask 9.998679e-05 7.084849655628204 0.0 150.32170581817627 30.789979875087738 
nomask 9.766221e-05 180.02840614318848 198.17710781097412 214.0 244.0 
nomask 9.700656e-05 0.0 201.68716049194336 193.99862384796143 244.0 
nomask 9.5933676e-05 0.0 0.0 85.53824603557587 69.06054246425629 
mask 9.3609095e-05 0.0 82.9990793466568 97.6113795042038 162.57954120635986 
mask 9.354949e-05 27.184394508600235 58.6008078455925 128.45074605941772 120.30048632621765 
nomask 9.289384e-05 0.0 137.1611680984497 93.86846220493317 244.0 
mask 9.214878e-05 29.31790316104889 24.812336802482605 173.71383559703827 194.14468050003052 
nomask 9.1701746e-05 136.60650670528412 221.1261489391327 214.0 244.0 
nomask 8.9496374e-05 181.6644639968872 120.58249998092651 190.492089509964 138.07426929473877 
mask 8.943677e-05 0.0 195.5098819732666 65.83638566732407 238.2331109046936 
mask 8.7320805e-05 0.0 5.484933614730835 59.152240335941315 148.29133415222168 
mask 8.690357e-05 136.60650670528412 221.1261489391327 214.0 244.0 
mask 8.559227e-05 208.72431802749634 200.41070365905762 213.20702266693115 238.76956367492676 
mask 8.442998e-05 51.59656995534897 154.08140563964844 196.98060536384583 244.0 
nomask 8.389354e-05 186.92744159698486 0.0 214.0 244.0 
mask 8.389354e-05 0.0 0.0 87.839803814888 173.47875595092773 
mask 8.291006e-05 211.95779764652252 170.4267373085022 213.71538889408112 222.98255825042725 
mask 8.174777e-05 1.740219995379448 3.417130410671234 12.632044538855553 76.94708609580994 
mask 8.162856e-05 0.0 201.68716049194336 193.99862384796143 244.0 
mask 8.139014e-05 210.5565665960312 125.79234266281128 212.53020870685577 165.45171451568604 
mask 8.133054e-05 210.51614475250244 189.55863904953003 213.49516701698303 231.69390201568604 
nomask 8.067489e-05 0.0 0.0 109.79753851890564 143.30903959274292 
mask 7.995963e-05 0.0 61.2827844619751 68.16475528478622 189.73348140716553 
mask 7.876754e-05 0.0 104.19339227676392 67.43795293569565 237.93025636672974 
mask 7.8588724e-05 194.4049596786499 162.55068683624268 214.0 244.0 
nomask 7.5906515e-05 26.540001571178436 0.0 97.40930217504501 110.47395896911621 
mask 7.414818e-05 117.18912351131439 2.2948350310325623 214.0 110.49417448043823 
nomask 7.331371e-05 117.18912351131439 2.2948350310325623 214.0 110.49417448043823 
mask 7.1525574e-05 161.0170909166336 0.0 214.0 180.46875619888306 
mask 7.1167946e-05 138.33731162548065 151.1936707496643 214.0 244.0 
mask 7.084012e-05 0.6831726236268878 28.158767461776733 2.8652361780405045 65.39133262634277 
nomask 7.006526e-05 2.604421854019165 222.29050421714783 34.5675003528595 237.95537304878235 
mask 6.9856644e-05 178.5635129213333 1.6925182342529297 214.0 221.67185139656067 
mask 6.80089e-05 102.36439007520676 5.672988772392273 211.0711829662323 154.81646490097046 
mask 6.613135e-05 142.23649525642395 23.378358960151672 214.0 158.06022548675537 
nomask 6.556511e-05 1.0791900381445885 218.82539105415344 10.324345834553242 243.51533675193787 
mask 6.3598156e-05 0.0 137.1611680984497 93.86846220493317 244.0 
mask 6.309152e-05 206.9194552898407 213.42335557937622 212.99507904052734 240.59829664230347 
mask 6.309152e-05 139.11537790298462 40.12376141548157 214.0 196.51129150390625 
mask 6.2286854e-05 205.54632437229156 233.48922848701477 214.0 244.0 
nomask 6.198883e-05 184.64511895179749 207.37653255462646 214.0 240.38898611068726 
mask 6.094575e-05 0.3577037984505296 17.78485605120659 3.6421054415404797 57.65332210063934 
mask 5.915761e-05 138.92120254039764 46.160178542137146 214.0 235.1506962776184 
nomask 5.888939e-05 0.0 69.28148055076599 78.32314467430115 176.05483746528625 
mask 5.8621168e-05 0.9029228501021862 3.455005407333374 4.161829151213169 47.62336707115173 
mask 5.7399273e-05 0.0 0.0 85.53824603557587 69.06054246425629 
nomask 5.7071447e-05 142.23649525642395 23.378358960151672 214.0 158.06022548675537 
mask 5.659461e-05 0.0 0.0 51.91386038064957 106.6080551147461 
mask 5.2809715e-05 2.604421854019165 222.29050421714783 34.5675003528595 237.95537304878235 
mask 5.2332878e-05 0.0 23.395051300525665 90.4715222120285 110.68084073066711 
nomask 4.9829483e-05 109.27853429317474 178.089026927948 214.0 244.0 
nomask 4.9322844e-05 0.0 23.395051300525665 90.4715222120285 110.68084073066711 
nomask 4.8458576e-05 0.0 65.55521643161774 38.40571320056915 152.9423851966858 
nomask 4.7177076e-05 0.0 87.70188355445862 0.8243296928703785 139.41740822792053 
mask 4.708767e-05 174.5650668144226 236.6077401638031 205.07571411132812 244.0 
nomask 4.348159e-05 31.923272103071213 123.93565702438354 83.57225716114044 173.652202129364 
mask 4.3302774e-05 113.23885452747345 0.0 214.0 62.47397255897522 
mask 4.3064356e-05 70.71844893693924 0.0 140.43357133865356 112.74244475364685 
mask 4.261732e-05 0.0 134.8166196346283 96.1073208451271 226.77133774757385 
