mask 0.999899 0.26185963 0.18971908 0.84257936 0.73662704 
nomask 0.0028374195 0.2918314 0.0 0.47453943 0.024758793 
mask 0.0014887154 0.2918314 0.0 0.47453943 0.024758793 
nomask 0.0013191104 0.13972273 0.0 0.5189481 0.04619411 
nomask 0.0007016659 0.26628205 0.19217077 0.84369874 0.73824394 
nomask 0.0006887615 0.19848697 0.0 0.48780495 0.012066783 
nomask 0.0006174743 0.2773915 0.0021769423 0.5967472 0.052211165 
mask 0.00059762597 0.13972273 0.0 0.5189481 0.04619411 
nomask 0.00058823824 0.0 0.0 0.4682422 0.62513053 
nomask 0.0004937649 0.0 0.0 0.17257215 0.41208142 
mask 0.00046491623 0.19848697 0.0 0.48780495 0.012066783 
mask 0.00044229627 0.2773915 0.0021769423 0.5967472 0.052211165 
mask 0.0004157424 0.53247404 0.32624382 1.0 0.65675205 
nomask 0.0003437698 0.017564729 0.083536446 0.2373467 0.5594087 
mask 0.00034174323 0.3249591 0.0 0.5177911 0.015808165 
nomask 0.00033190846 0.3249591 0.0 0.5177911 0.015808165 
mask 0.00031599402 0.99203664 0.2709455 1.0 0.5699947 
mask 0.00029197335 0.46300054 0.13705266 1.0 1.0 
nomask 0.000279665 0.46300054 0.13705266 1.0 1.0 
mask 0.00027224422 0.19360492 0.20591325 0.74034417 0.50306976 
nomask 0.00025627017 0.1552411 0.0 0.85716164 0.26220912 
mask 0.00025379658 0.9880137 0.44094795 1.0 0.64446265 
nomask 0.0002490282 0.009941995 0.0 0.5964543 0.27851138 
nomask 0.00024321675 0.15501636 0.0 0.44649923 0.13095684 
nomask 0.00023162365 0.9880137 0.44094795 1.0 0.64446265 
nomask 0.0002272129 0.0 0.0 0.2764488 0.41969723 
nomask 0.00022163987 0.0782332 0.0 0.49486637 0.39631945 
nomask 0.00021839142 0.66611755 0.21883509 0.85710835 0.6206888 
nomask 0.00021472573 0.0009976327 0.1373376 0.14944583 0.5950091 
mask 0.00021189451 0.60069513 0.20033684 0.8352485 0.71961343 
nomask 0.0002001226 0.33427858 0.0 0.6636487 0.4870854 
nomask 0.00019866228 0.54771733 0.0 0.8650943 0.47238177 
nomask 0.0001887083 0.65350753 0.60692984 1.0 1.0 
mask 0.00017991662 0.0 0.0 0.4682422 0.62513053 
nomask 0.00017660856 0.24981143 0.0 0.5638308 0.13622853 
nomask 0.00017523766 0.99203664 0.2709455 1.0 0.5699947 
mask 0.00017261505 0.13454044 0.46303958 1.0 1.0 
mask 0.00017166138 0.25831425 0.109393984 0.47808272 0.6277437 
nomask 0.00016659498 0.0 0.05698608 0.34987816 0.50798535 
nomask 0.00016623735 0.13454044 0.46303958 1.0 1.0 
nomask 0.00016492605 0.1599582 0.0009909743 0.41305256 0.0100966375 
nomask 0.00016328692 0.6456827 0.0 1.0 0.35891238 
nomask 0.00015965104 0.9871305 0.5346986 0.9992657 0.7494352 
nomask 0.00015935302 0.90689325 0.6526609 1.0 1.0 
mask 0.00015753508 0.1552411 0.0 0.85716164 0.26220912 
mask 0.00015327334 0.90689325 0.6526609 1.0 1.0 
mask 0.00015303493 0.6319703 0.078688696 1.0 0.51925844 
nomask 0.00015082955 0.0 0.00836207 0.706528 0.43214607 
mask 0.0001501739 0.07837066 0.020210594 0.9820479 0.6566572 
nomask 0.00014558434 0.63207567 0.90996087 1.0 1.0 
nomask 0.00014516711 0.0 0.0 0.40928078 0.25603732 
mask 0.00014257431 0.63207567 0.90996087 1.0 1.0 
nomask 0.00014233589 0.7520219 0.0 1.0 0.4544768 
nomask 0.00014209747 0.070368424 0.045569748 0.3797468 0.45938012 
mask 0.00013905764 0.0 0.2037195 0.59422386 0.9488889 
mask 0.00013753772 0.65696764 0.0 1.0 0.60725075 
mask 0.00013196468 0.009941995 0.0 0.5964543 0.27851138 
nomask 0.00013068318 0.22249448 0.0 0.80417645 0.38902974 
nomask 0.00013032556 0.84613234 0.32856172 1.0 0.70174176 
nomask 0.00012743473 0.6190874 0.0 1.0 0.5043224 
mask 0.00012683868 0.065461665 0.0 0.623827 0.12505856 
nomask 0.00012248755 0.9543122 0.34884828 0.9898472 0.7662191 
nomask 0.00011950731 0.56744516 0.0 1.0 0.2598691 
mask 0.000119030476 0.06568006 0.07254143 0.60392976 0.52137727 
nomask 0.00011357665 0.0 0.8882092 1.0 1.0 
mask 0.00010848045 0.6136632 0.19938678 1.0 0.83569115 
mask 0.00010848045 0.9577335 0.31891495 0.9879333 0.73580605 
nomask 0.00010675192 0.0 0.607952 0.6012312 1.0 
mask 0.00010582805 0.11615552 0.14937085 0.4862463 0.85801345 
nomask 0.0001052022 0.9651696 0.22121151 0.9980183 0.6251913 
mask 0.0001026988 0.38415712 0.0 0.5901095 0.011773229 
mask 0.00010177493 0.8315315 0.007770866 1.0 0.882077 
mask 9.974837e-05 0.66114527 0.09346819 1.0 0.65038216 
mask 9.7543e-05 0.0 0.7846128 0.68869334 1.0 
nomask 9.4264746e-05 0.63175666 0.7242918 0.7266363 0.82445407 
mask 9.3370676e-05 0.0 0.8882092 1.0 1.0 
nomask 9.101629e-05 0.66114527 0.09346819 1.0 0.65038216 
mask 8.943677e-05 0.29407817 0.07698861 0.9989776 0.48536673 
mask 8.776784e-05 0.0047730207 0.8302701 0.3932287 1.0 
mask 8.6814165e-05 0.9651696 0.22121151 0.9980183 0.6251913 
nomask 8.457899e-05 0.0 0.12739268 0.2653491 0.84277356 
mask 8.457899e-05 0.0061640367 0.7148711 0.19935894 1.0 
mask 8.434057e-05 0.1599582 0.0009909743 0.41305256 0.0100966375 
mask 8.356571e-05 0.33427858 0.0 0.6636487 0.4870854 
mask 8.350611e-05 0.0782332 0.0 0.49486637 0.39631945 
nomask 8.291006e-05 0.2511793 0.05240792 0.4662321 0.54711974 
nomask 8.267164e-05 0.0882175 0.09940311 0.6287002 0.361677 
mask 8.0525875e-05 0.5294919 0.3757387 1.0 0.84301424 
nomask 7.9631805e-05 0.8289162 0.0031056106 1.0 0.89047015 
mask 7.891655e-05 0.7603311 0.0 1.0 0.6883223 
nomask 7.7962875e-05 0.95532286 0.44515228 0.9999229 0.8809619 
mask 7.763505e-05 0.9044388 0.10834074 1.0 0.67781055 
nomask 7.709861e-05 0.12263557 0.20575306 0.6771842 0.47564617 
nomask 7.480383e-05 0.0 0.0 0.48735076 0.17461994 
nomask 7.471442e-05 0.10007748 0.6809808 0.6477885 1.0 
mask 7.429719e-05 0.56744516 0.0 1.0 0.2598691 
mask 7.274747e-05 0.9871305 0.5346986 0.9992657 0.7494352 
nomask 6.80387e-05 0.9044388 0.10834074 1.0 0.67781055 
mask 6.54757e-05 0.0 0.0 0.40928078 0.25603732 
nomask 6.493926e-05 0.0 0.33058763 0.43667206 0.6585631 
