mask 0.9999552 0.20793286 0.2510595 0.69540155 0.7571509 
nomask 0.0044006705 0.21412699 0.24744067 0.6985372 0.75609016 
mask 0.00042289495 0.8321698 0.611145 1.0 1.0 
nomask 0.00041794777 0.7305909 0.41524464 0.8164224 0.5448049 
nomask 0.00034159422 0.0 0.0 0.2524491 0.45863765 
nomask 0.00033673644 0.67232907 0.0 1.0 0.6344124 
nomask 0.00028836727 0.03196016 0.0 0.58980286 0.37238395 
nomask 0.000284791 0.0 0.0 0.45371822 0.262148 
nomask 0.0002759993 0.0 0.0 0.37826246 0.36494932 
mask 0.0002745986 0.79278207 0.0 0.99859405 0.3592006 
nomask 0.00025862455 0.79278207 0.0 0.99859405 0.3592006 
nomask 0.00025227666 0.73492754 0.022969097 0.99351954 0.52901983 
mask 0.0002462268 0.7566299 0.8374878 1.0 0.9933883 
nomask 0.00022926927 0.8321698 0.611145 1.0 1.0 
mask 0.00021526217 0.0 0.26273212 0.5329814 0.891464 
nomask 0.00021216273 0.0 0.0 0.44779316 0.63644576 
nomask 0.00020006299 0.013935283 0.0265477 0.34311527 0.469309 
mask 0.00019168854 0.21317919 0.23642884 0.6796138 0.49862456 
nomask 0.00019013882 0.97885287 0.3669798 0.99486005 0.54033244 
nomask 0.0001770258 0.0 0.0 0.32324612 0.15202752 
nomask 0.0001746118 0.10856123 0.0 0.4570765 0.44973764 
mask 0.00017419457 0.9815843 0.40341628 0.99854195 0.599501 
nomask 0.00016993284 0.0 0.53823376 0.44689673 1.0 
nomask 0.00016722083 0.225692 0.6058496 0.9467838 1.0 
nomask 0.00016537309 0.6362313 0.6092744 1.0 1.0 
mask 0.00016328692 0.97885287 0.3669798 0.99486005 0.54033244 
nomask 0.0001629889 0.8447694 0.038218945 1.0 0.7071856 
nomask 0.00015291572 0.97642636 0.017665997 1.0 0.18419324 
nomask 0.000151515 0.9815843 0.40341628 0.99854195 0.599501 
mask 0.00014784932 0.0 0.0 0.45371822 0.262148 
mask 0.0001475215 0.6806869 0.0 0.9832913 0.20552373 
mask 0.00014451146 0.0 0.0 0.44779316 0.63644576 
mask 0.00014448166 0.13118458 0.45789078 1.0 1.0 
mask 0.00014093518 0.023839846 0.83870953 0.39153594 1.0 
mask 0.00013843179 0.0 0.53823376 0.44689673 1.0 
nomask 0.00013434887 0.66401815 0.0 1.0 0.3895418 
nomask 0.00013035536 0.981069 0.32650796 0.99401456 0.4895638 
nomask 0.00012767315 0.32805845 0.3290172 1.0 1.0 
nomask 0.00012540817 0.13849682 0.0 0.86640185 0.27241868 
mask 0.00012534815 0.31266084 0.31266785 1.0 1.0 
nomask 0.00012430549 0.0 0.0 0.12819967 0.3220503 
nomask 0.000118523836 0.9779446 0.061962314 0.99445534 0.23600194 
nomask 0.00011643767 0.33077607 0.0 0.6597959 0.45671165 
mask 0.000116199255 0.68235487 0.7366336 1.0 0.98220235 
mask 0.000114291906 0.94073 0.3548498 0.9972305 0.7429297 
mask 0.000113636255 0.18249297 0.48271388 0.7414238 0.74970037 
mask 0.000113248825 0.8788537 0.33223382 0.99509263 0.79846835 
nomask 0.000112921 0.742617 0.45117852 0.8240404 0.5982167 
nomask 0.00011244416 0.9070774 0.66099447 1.0 1.0 
nomask 0.00011020899 0.3463296 0.24049082 0.61675656 0.42203793 
mask 0.00011014938 0.45972982 0.1317924 1.0 1.0 
mask 0.000109404325 0.9070774 0.66099447 1.0 1.0 
nomask 0.000107854605 0.63863677 0.90561604 1.0 1.0 
nomask 0.0001078248 0.7031994 0.19967791 1.0 0.9701649 
nomask 0.00010326505 0.006629586 0.51365745 1.0 1.0 
mask 0.000102669 0.63863677 0.90561604 1.0 1.0 
nomask 0.00010174513 0.0 0.0 0.23387739 0.21252076 
mask 0.000101178885 0.97642636 0.017665997 1.0 0.18419324 
nomask 0.00010111928 0.8237175 0.9721334 0.9653629 0.9996166 
mask 0.00010061264 0.981069 0.32650796 0.99401456 0.4895638 
nomask 0.00010058284 0.73735654 0.387263 0.8090236 0.4934451 
nomask 9.998679e-05 0.0 0.23353395 0.31395897 0.783378 
nomask 9.560585e-05 0.87539124 0.0 1.0 1.0 
mask 8.946657e-05 0.0 0.0 0.2524491 0.45863765 
mask 8.884072e-05 0.0 0.0 0.32324612 0.15202752 
mask 8.878112e-05 0.76321423 0.0 1.0 0.7334041 
nomask 8.8095665e-05 0.72039825 0.5084747 1.0 1.0 
nomask 8.800626e-05 0.0 0.10080491 0.4402513 0.45475882 
nomask 8.776784e-05 0.6557634 0.024334013 1.0 0.71571 
nomask 8.752942e-05 0.55817914 0.0 1.0 0.25980538 
mask 8.6188316e-05 0.60676867 0.6671556 1.0 1.0 
nomask 8.365512e-05 0.96417165 0.0032528173 1.0 0.05272515 
mask 8.3595514e-05 0.0 0.33559585 0.4503474 0.6665226 
nomask 8.33869e-05 0.0 0.0 0.3206985 0.28240812 
nomask 8.323789e-05 0.7566299 0.8374878 1.0 0.9933883 
mask 8.1807375e-05 0.96417165 0.0032528173 1.0 0.05272515 
mask 8.147955e-05 0.24887344 0.624725 0.923043 1.0 
mask 7.426739e-05 0.7479132 0.0 1.0 0.49436337 
mask 7.3730946e-05 0.66175824 0.096379995 1.0 0.64822763 
nomask 7.367134e-05 0.20674387 0.9756561 0.38624516 0.99578625 
mask 7.3611736e-05 0.7305909 0.41524464 0.8164224 0.5448049 
nomask 7.286668e-05 0.054083318 0.8062651 0.8432771 1.0 
nomask 7.1942806e-05 0.0 0.33559585 0.4503474 0.6665226 
nomask 7.1525574e-05 0.66175824 0.096379995 1.0 0.64822763 
mask 7.0899725e-05 0.001578215 0.365994 0.011423841 0.55242276 
mask 6.976724e-05 0.0 0.23353395 0.31395897 0.783378 
mask 6.681681e-05 0.012209505 0.8255918 0.8969078 1.0 
mask 6.663799e-05 0.7281717 0.32709956 1.0 0.99997616 
mask 6.645918e-05 0.55817914 0.0 1.0 0.25980538 
mask 6.613135e-05 0.20674387 0.9756561 0.38624516 0.99578625 
mask 6.5892935e-05 0.34658575 0.7994156 0.66481674 1.0 
mask 6.580353e-05 0.5289934 0.54662544 1.0 0.92044216 
mask 6.568432e-05 0.005177781 0.699668 0.17335966 1.0 
nomask 6.517768e-05 0.45213902 0.0 0.9751775 0.370624 
mask 6.482005e-05 0.059259146 0.58598804 0.52988625 1.0 
mask 6.3955784e-05 0.67746097 0.55141485 1.0 1.0 
nomask 6.350875e-05 0.8598996 0.96304023 0.98847455 0.9967245 
mask 6.3210726e-05 0.13849682 0.0 0.86640185 0.27241868 
nomask 6.297231e-05 0.15675393 0.9832819 0.42209348 0.99427027 
mask 6.183982e-05 0.55542505 0.33342758 1.0 0.66176295 
