mask 0.9999931 75.68350791931152 105.20863807201385 260.9267807006836 347.67214727401733 
nomask 0.0024009943 76.92941665649414 104.96318337321281 259.79345321655273 346.43662786483765 
nomask 0.0011804104 316.8952941894531 93.31980274617672 320.0 146.41809597611427 
nomask 0.0011025667 316.37720108032227 76.08472380042076 320.0 131.67920008301735 
mask 0.0005285144 316.37720108032227 76.08472380042076 320.0 131.67920008301735 
mask 0.0003219545 313.8479995727539 54.41994309425354 318.79871368408203 116.83228141069412 
mask 0.00029692054 312.81259536743164 26.992367781698704 319.02063369750977 99.65034925937653 
mask 0.0002551973 316.8952941894531 93.31980274617672 320.0 146.41809597611427 
mask 0.00025507808 2.833237648010254 0.6925955787301064 98.92152786254883 63.829306572675705 
nomask 0.00024175644 313.8479995727539 54.41994309425354 318.79871368408203 116.83228141069412 
nomask 0.00021269917 211.2141990661621 261.10485219955444 320.0 433.0 
nomask 0.00018075109 252.03540802001953 0.0 320.0 307.6887240409851 
nomask 0.00017380714 318.86117935180664 110.91732773184776 320.0 178.03319284319878 
nomask 0.00015088916 0.6990194320678711 230.46922552585602 141.67715072631836 433.0 
nomask 0.0001488626 100.04971504211426 135.382816106081 320.0 433.0 
mask 0.0001488626 100.04971504211426 135.382816106081 320.0 433.0 
mask 0.00013801455 0.02960205078125 225.28379660844803 320.0 433.0 
nomask 0.00012776256 0.02960205078125 225.28379660844803 320.0 433.0 
mask 0.0001270473 270.3898811340332 262.31861478090286 320.0 409.7852582335472 
mask 0.000119924545 0.6990194320678711 230.46922552585602 141.67715072631836 433.0 
mask 0.00011727214 124.605712890625 2.7997442735359073 155.2480125427246 12.48452527076006 
mask 0.0001141727 54.81400966644287 359.0858617424965 171.7685317993164 428.1511179804802 
mask 0.00010621548 165.5640983581543 3.5579510927200317 320.0 433.0 
mask 0.00010418892 180.03734588623047 142.16375863552094 320.0 283.90959519147873 
mask 0.00010380149 312.01284408569336 6.974121481180191 319.73154067993164 76.18097776174545 
nomask 0.00010198355 312.81259536743164 26.992367781698704 319.02063369750977 99.65034925937653 
nomask 9.6559525e-05 165.5640983581543 3.5579510927200317 320.0 433.0 
nomask 9.1940165e-05 186.26506805419922 3.132867068052292 320.0 193.23503428697586 
mask 8.791685e-05 174.1180419921875 241.96746385097504 320.0 389.5568540096283 
nomask 8.714199e-05 0.0 0.0 152.16358184814453 275.12440490722656 
nomask 7.995963e-05 310.7936668395996 60.313552886247635 320.0 212.43922874331474 
nomask 7.9870224e-05 290.11938095092773 278.0264250636101 320.0 433.0 
mask 7.9512596e-05 290.11938095092773 278.0264250636101 320.0 433.0 
mask 7.903576e-05 304.6525764465332 18.464623615145683 319.2685890197754 162.40018939971924 
mask 7.644296e-05 252.03540802001953 0.0 320.0 307.6887240409851 
mask 7.5638294e-05 42.521514892578125 157.3262674510479 150.9699249267578 433.0 
nomask 7.453561e-05 304.6525764465332 18.464623615145683 319.2685890197754 162.40018939971924 
nomask 7.420778e-05 199.14167404174805 0.0 320.0 157.67322820425034 
nomask 7.3343515e-05 200.3020477294922 395.43976604938507 320.0 433.0 
mask 7.280707e-05 200.3020477294922 395.43976604938507 320.0 433.0 
nomask 6.866455e-05 165.76427459716797 0.0 320.0 115.25662767887115 
mask 6.854534e-05 186.26506805419922 3.132867068052292 320.0 193.23503428697586 
mask 6.225705e-05 0.0 339.8442316055298 226.8097686767578 433.0 
mask 6.198883e-05 174.28131103515625 311.172010242939 320.0 433.0 
nomask 6.0647726e-05 40.83664894104004 0.0 288.7451934814453 119.07447350025177 
mask 6.043911e-05 277.5563430786133 121.37855511903763 316.03248596191406 358.758347928524 
mask 6.0141087e-05 211.2141990661621 261.10485219955444 320.0 433.0 
mask 5.8084726e-05 8.868212699890137 275.13934820890427 165.35449981689453 433.0 
nomask 5.605817e-05 139.77310180664062 92.75508660078049 236.76651000976562 159.83226430416107 
nomask 5.2809715e-05 203.8481330871582 31.114405930042267 320.0 220.92786288261414 
mask 5.272031e-05 318.86117935180664 110.91732773184776 320.0 178.03319284319878 
mask 5.2183867e-05 199.1400909423828 249.40096926689148 320.0 433.0 
nomask 5.1677227e-05 263.97899627685547 3.886768251657486 320.0 117.85643956065178 
mask 5.093217e-05 91.85854911804199 99.57906532287598 253.47824096679688 208.89145922660828 
nomask 5.0246716e-05 312.01284408569336 6.974121481180191 319.73154067993164 76.18097776174545 
nomask 5.015731e-05 211.9685935974121 40.30644631385803 320.0 279.83415162563324 
nomask 5.0097704e-05 40.35775661468506 0.0 146.81407928466797 193.0315318107605 
nomask 4.941225e-05 279.96822357177734 0.0 320.0 433.0 
mask 4.9203634e-05 211.9685935974121 40.30644631385803 320.0 279.83415162563324 
mask 4.8339367e-05 38.72529983520508 308.23927760124207 278.1708526611328 433.0 
nomask 4.7415495e-05 0.0 82.1681961119175 80.78960418701172 364.14059484004974 
mask 4.7296286e-05 168.79522323608398 164.49250972270966 320.0 367.3146140575409 
nomask 4.684925e-05 172.56467819213867 0.0 279.6285057067871 196.7531623840332 
mask 4.6789646e-05 165.3985595703125 18.624309182167053 273.5054397583008 305.25131410360336 
mask 4.6610832e-05 223.97062301635742 169.77792197465897 320.0 433.0 
mask 4.506111e-05 0.8203125 0.0 135.97515106201172 320.95156240463257 
nomask 4.389882e-05 11.729984283447266 0.0 194.75492477416992 150.0851667225361 
nomask 4.2676926e-05 103.59325408935547 0.0 211.5313720703125 203.98528164625168 
nomask 4.211068e-05 174.28131103515625 311.172010242939 320.0 433.0 
nomask 4.1931868e-05 0.0 3.159463047981262 236.9205665588379 185.18955034017563 
nomask 3.9756298e-05 282.08885192871094 67.76285329461098 320.0 123.20442527532578 
mask 3.9070845e-05 0.0 416.85576272010803 16.685856580734253 431.45038735866547 
nomask 3.8653612e-05 0.0 123.74795883893967 110.29769897460938 315.53793197870255 
mask 3.8534403e-05 275.3169822692871 341.1556805372238 320.0 413.16928374767303 
mask 3.796816e-05 0.0 164.6246637403965 115.20196914672852 433.0 
nomask 3.749132e-05 0.0 384.57936668395996 320.0 433.0 
nomask 3.7133694e-05 0.0 339.8442316055298 226.8097686767578 433.0 
mask 3.710389e-05 301.5435028076172 281.35604560375214 320.0 433.0 
nomask 3.6358833e-05 277.5563430786133 121.37855511903763 316.03248596191406 358.758347928524 
nomask 3.6120415e-05 287.10973739624023 100.4836899638176 308.4499931335449 138.14488798379898 
mask 3.6120415e-05 0.0 0.0 230.75084686279297 110.13730803132057 
mask 3.5971403e-05 226.95411682128906 98.59367200732231 320.0 345.42605805397034 
nomask 3.582239e-05 239.3218231201172 0.0 320.0 193.71453619003296 
nomask 3.567338e-05 312.21012115478516 262.7727724313736 319.25601959228516 347.02940464019775 
mask 3.4987926e-05 0.0 145.44147765636444 134.23526763916016 288.50044071674347 
mask 3.4868717e-05 73.46958637237549 123.40089485049248 154.66670989990234 356.7965943813324 
mask 3.46601e-05 0.0 384.57936668395996 320.0 433.0 
nomask 3.3974648e-05 157.84489631652832 111.88368704915047 258.17310333251953 178.71219685673714 
mask 3.3468008e-05 279.96822357177734 0.0 320.0 433.0 
mask 3.2901764e-05 0.0 319.979034781456 144.43925857543945 433.0 
nomask 3.287196e-05 2.833237648010254 0.6925955787301064 98.92152786254883 63.829306572675705 
nomask 3.2514334e-05 237.3424530029297 232.0162056684494 320.0 433.0 
mask 3.1143427e-05 165.76427459716797 0.0 320.0 115.25662767887115 
mask 3.0845404e-05 11.41118049621582 13.05834224820137 314.94964599609375 283.8271360397339 
mask 3.0219555e-05 51.70546531677246 339.3038983345032 320.0 433.0 
nomask 3.0130148e-05 0.0 245.2081988453865 3.001331090927124 331.81957536935806 
nomask 2.9474497e-05 32.58305549621582 297.44902658462524 205.6344223022461 433.0 
nomask 2.9116869e-05 38.72529983520508 308.23927760124207 278.1708526611328 433.0 
nomask 2.887845e-05 240.2467918395996 0.0 320.0 292.7611141204834 
nomask 2.771616e-05 0.0 0.0 139.07442092895508 111.54655945301056 
