mask 0.99988115 94.78334 87.89475 328.7438 258.38562 
nomask 0.0029171705 369.16998 132.96698 428.0 253.47253 
nomask 0.001426518 93.39263 87.94666 326.2948 259.0548 
nomask 0.0008405447 351.38977 153.2894 406.07996 258.18347 
mask 0.00066176057 8.768689 274.59528 144.44435 318.65167 
nomask 0.00045406818 0.0 0.0 197.12836 202.08931 
nomask 0.00040197372 315.23605 0.0 428.0 206.03992 
nomask 0.00035783648 418.4042 207.32361 424.8393 266.1835 
nomask 0.00035727024 418.37482 228.49194 426.14572 274.2497 
mask 0.00035476685 369.16998 132.96698 428.0 253.47253 
nomask 0.0003502071 401.61142 131.34721 420.45175 269.20322 
nomask 0.00031775236 281.10446 192.97159 428.0 320.0 
nomask 0.00026991963 0.3125199 168.30951 190.20515 320.0 
mask 0.00026339293 418.4042 207.32361 424.8393 266.1835 
mask 0.00024470687 418.37482 228.49194 426.14572 274.2497 
mask 0.00023385882 0.0 41.803925 176.87015 288.20377 
nomask 0.00022920966 377.4495 0.0 428.0 320.0 
nomask 0.00022682548 336.32596 198.91296 365.34067 239.06949 
nomask 0.0002259016 357.22668 256.09308 428.0 320.0 
mask 0.00021618605 0.3125199 168.30951 190.20515 320.0 
mask 0.0002074821 133.81741 100.05195 428.0 320.0 
nomask 0.00020748052 133.81741 100.05195 428.0 320.0 
nomask 0.00020468235 420.06952 169.47905 425.816 254.61707 
mask 0.00019913912 2.1342325 166.15918 428.0 320.0 
nomask 0.00019493699 426.34857 114.88219 428.0 179.2984 
mask 0.00018832156 221.27003 2.9390526 428.0 320.0 
nomask 0.00018787384 270.35605 291.30295 428.0 320.0 
mask 0.00018635392 0.0 0.0 197.12836 202.08931 
mask 0.00018468499 387.9245 207.52597 428.0 320.0 
mask 0.00018399954 270.35605 291.30295 428.0 320.0 
mask 0.0001822412 97.00805 75.115135 209.14462 230.57632 
nomask 0.00018149614 2.1342325 166.15918 428.0 320.0 
mask 0.00017151237 50.181545 98.690186 275.08273 190.85806 
nomask 0.00016985621 221.27003 2.9390526 428.0 320.0 
nomask 0.00016236305 51.41772 0.0 401.37103 82.43158 
mask 0.00014820695 401.61142 131.34721 420.45175 269.20322 
mask 0.00014609098 420.06952 169.47905 425.816 254.61707 
mask 0.00013741851 10.634465 295.3095 166.26328 315.25082 
mask 0.00013175607 123.642624 75.10534 342.65912 156.68488 
nomask 0.00012737513 0.0 1.6965055 312.8004 134.56366 
mask 0.00012585521 148.76276 1.0313702 347.96652 249.39731 
nomask 0.00012516975 284.3546 30.432854 428.0 206.84119 
nomask 0.00012180209 314.52744 73.567825 349.72614 107.33504 
mask 0.000119656324 284.3546 30.432854 428.0 206.84119 
nomask 0.00011822581 6.6532803 112.78324 58.42431 235.96051 
mask 0.000118047 237.84866 123.69173 428.0 276.49893 
mask 0.000117987394 0.0 251.88713 302.36298 320.0 
nomask 0.00011190772 245.46924 1.897645 428.0 141.63948 
nomask 0.00011044741 421.42993 152.93172 427.38675 239.33525 
mask 0.00011044741 377.4495 0.0 428.0 320.0 
mask 0.000109910965 281.10446 192.97159 428.0 320.0 
mask 0.00010976195 426.34857 114.88219 428.0 179.2984 
nomask 0.00010880828 16.486486 260.5853 365.31677 320.0 
mask 0.00010859966 315.23605 0.0 428.0 206.03992 
nomask 0.0001065433 320.86148 192.94675 350.18863 237.82993 
mask 0.00010615587 63.140247 159.05952 352.0394 286.59818 
nomask 0.000101059675 408.6827 174.10988 425.47165 296.24902 
mask 9.801984e-05 51.41772 0.0 401.37103 82.43158 
nomask 9.75728e-05 367.87567 67.384605 424.7463 200.47243 
mask 9.712577e-05 136.50728 0.0 301.34122 21.067095 
nomask 9.641051e-05 55.49376 246.05928 93.58263 278.0789 
mask 9.611249e-05 0.0 284.26453 428.0 320.0 
mask 9.268522e-05 231.72517 173.16763 428.0 290.80356 
nomask 8.5264444e-05 419.08194 240.8645 428.0 288.14456 
nomask 8.508563e-05 317.6801 9.725981 428.0 201.98601 
mask 8.505583e-05 90.54817 0.7926607 382.85294 41.69928 
nomask 8.4638596e-05 362.76648 216.21704 428.0 312.7446 
mask 8.445978e-05 4.0523534 310.3002 87.98485 315.65906 
nomask 8.225441e-05 378.8494 229.06174 416.71347 265.28275 
mask 8.150935e-05 94.49291 130.32466 244.8624 266.79837 
mask 7.9512596e-05 213.8886 73.27908 318.24445 231.92274 
mask 7.942319e-05 241.69377 106.30884 428.0 209.61967 
mask 7.939339e-05 151.37334 4.503555 255.91223 8.873856 
nomask 7.933378e-05 0.0 251.88713 302.36298 320.0 
mask 7.8469515e-05 245.46924 1.897645 428.0 141.63948 
nomask 7.6562166e-05 423.57703 136.75612 428.0 214.38829 
nomask 7.584691e-05 377.67722 213.86176 418.78723 252.47145 
nomask 7.557869e-05 140.71977 0.0 285.0542 148.74443 
mask 7.399917e-05 64.99876 249.34473 428.0 320.0 
mask 7.387996e-05 5.4290276 9.740028 421.02765 210.31487 
mask 7.2568655e-05 0.0 235.73897 304.20032 320.0 
mask 7.1674585e-05 26.244337 311.5874 115.74932 317.13086 
nomask 7.122755e-05 123.642624 75.10534 342.65912 156.68488 
nomask 7.110834e-05 359.36923 194.97232 389.4949 235.97276 
mask 6.645918e-05 0.0 1.6965055 312.8004 134.56366 
mask 6.517768e-05 358.37924 271.83887 428.0 318.34293 
mask 6.4224005e-05 10.700423 203.7078 228.91371 320.0 
nomask 6.16312e-05 0.0 0.0 104.03944 144.74036 
mask 6.1273575e-05 42.626434 218.73975 278.2479 320.0 
nomask 6.118417e-05 50.00723 0.0 195.57742 146.32419 
nomask 5.9962273e-05 0.0 235.73897 304.20032 320.0 
nomask 5.9872866e-05 410.3573 92.2991 427.01285 232.77742 
nomask 5.7160854e-05 109.007256 182.91217 399.7193 320.0 
nomask 5.6803226e-05 328.70465 161.9826 377.77805 253.58212 
nomask 5.570054e-05 230.56885 0.0 381.27994 146.098 
mask 5.5283308e-05 317.6801 9.725981 428.0 201.98601 
mask 5.4836273e-05 0.0 108.05763 182.26152 212.92099 
nomask 5.4746866e-05 358.2454 212.45264 394.73315 249.51013 
mask 5.429983e-05 351.38977 153.2894 406.07996 258.18347 
nomask 5.4240227e-05 11.181474 74.70513 94.763275 211.10756 
