mask 0.99999875 90.180916 84.6575 336.14685 256.76236 
nomask 0.0036008954 91.00553 82.55365 333.94925 255.4645 
nomask 0.0002811849 42.92271 125.63078 63.34288 152.6695 
nomask 0.00026282668 412.35065 305.20007 433.0 320.0 
mask 0.00024858117 424.35022 200.40123 430.82477 281.67133 
mask 0.00024279952 421.57874 189.90472 428.5007 260.13736 
nomask 0.00023412704 284.34952 0.0 433.0 197.80487 
nomask 0.00023260713 415.72476 279.61395 431.36682 319.4881 
nomask 0.00023010373 283.07898 192.90167 433.0 320.0 
mask 0.00021728873 415.72476 279.61395 431.36682 319.4881 
nomask 0.00019824505 373.01215 307.74316 428.45065 318.27722 
nomask 0.0001977086 50.017715 0.0 198.76152 146.1835 
nomask 0.00018757582 0.0 141.87349 2.3363945 171.65555 
nomask 0.00017946959 0.98247045 164.75829 192.49635 320.0 
nomask 0.00016233325 0.0 127.24349 2.9274206 159.61559 
mask 0.00016078353 410.84958 156.78769 428.27658 280.17767 
mask 0.00015997887 412.35065 305.20007 433.0 320.0 
mask 0.0001475811 426.89108 213.64108 432.73245 286.8905 
mask 0.0001437068 0.98247045 164.75829 192.49635 320.0 
mask 0.00013524294 373.01215 307.74316 428.45065 318.27722 
mask 0.00013285875 203.70386 268.92645 360.53958 316.9242 
nomask 0.0001270473 0.0 110.49199 1.4274442 141.97989 
nomask 0.000118374825 347.38373 309.23398 415.03745 319.44766 
mask 0.00011745095 0.0 0.0 199.18019 205.32489 
nomask 0.000116705894 43.377106 134.19379 67.75848 166.16199 
nomask 0.00011509657 375.00507 147.88182 429.6422 256.86835 
nomask 0.00010994077 421.57874 189.90472 428.5007 260.13736 
nomask 0.00010600686 0.0 0.0 199.18019 205.32489 
mask 0.00010433175 223.4762 3.0578423 433.0 320.0 
nomask 0.00010198355 0.0 0.0 110.68052 149.10202 
nomask 9.8377466e-05 7.1840115 309.96722 72.51037 316.14966 
nomask 9.7869364e-05 223.4762 3.0578423 433.0 320.0 
mask 9.7752774e-05 135.37941 100.051315 433.0 320.0 
nomask 9.775194e-05 135.37941 100.051315 433.0 320.0 
mask 9.6678734e-05 257.33972 0.0 288.79727 6.5732074 
mask 9.661913e-05 285.65817 0.0 433.0 118.24792 
nomask 9.486079e-05 424.35022 200.40123 430.82477 281.67133 
mask 9.381771e-05 232.72162 175.01982 433.0 288.274 
mask 9.36985e-05 0.0 166.57555 433.0 320.0 
nomask 9.2834234e-05 0.0 94.95475 0.7782673 126.04939 
nomask 8.997321e-05 23.604416 127.18575 43.762554 149.82019 
nomask 8.803606e-05 0.0 166.57555 433.0 320.0 
nomask 8.7320805e-05 20.967894 141.15701 43.78545 165.62683 
mask 8.633733e-05 284.97534 294.8034 433.0 314.3299 
nomask 8.3863735e-05 410.84958 156.78769 428.27658 280.17767 
nomask 8.350611e-05 0.0 0.0 202.101 85.903885 
mask 7.763505e-05 283.07898 192.90167 433.0 320.0 
nomask 7.7188015e-05 355.48895 156.16273 407.6223 250.99036 
mask 7.498264e-05 326.0214 311.747 413.87677 320.0 
mask 7.495284e-05 50.017715 0.0 198.76152 146.1835 
mask 7.259846e-05 416.78397 0.0 433.0 14.645374 
nomask 6.869435e-05 1.2448275 308.56537 25.632141 320.0 
mask 6.258488e-05 241.2002 3.2323503 433.0 146.74081 
nomask 6.0230494e-05 195.8328 99.704704 327.24796 148.27898 
mask 5.969405e-05 3.1648939 0.0 10.47594 21.30927 
mask 5.8680773e-05 244.4493 104.01005 433.0 207.3566 
nomask 5.8412552e-05 15.988533 0.0 257.03558 117.616234 
mask 5.802512e-05 233.10469 231.78558 433.0 320.0 
nomask 5.7578087e-05 96.05653 0.0 340.4188 111.9449 
mask 5.7309866e-05 375.00507 147.88182 429.6422 256.86835 
mask 5.581975e-05 0.0 0.0 202.101 85.903885 
mask 5.4329634e-05 0.0 88.947296 156.42302 230.48265 
nomask 5.2452087e-05 0.66576004 91.84938 21.02235 250.97418 
mask 5.2422285e-05 422.6253 261.32925 433.0 317.7937 
mask 5.209446e-05 0.0 204.49756 159.77325 320.0 
nomask 5.1915646e-05 0.0 88.947296 156.42302 230.48265 
mask 5.1170588e-05 338.2466 0.0 433.0 226.91379 
mask 5.042553e-05 413.96936 201.6616 430.85153 320.0 
mask 5.042553e-05 381.9227 0.81222594 416.6868 12.474809 
nomask 5.0276518e-05 380.0966 284.2099 423.72736 316.13116 
mask 4.9829483e-05 285.31805 276.24786 418.26755 320.0 
nomask 4.8547983e-05 0.0 156.46875 3.5186036 189.16318 
mask 4.774332e-05 0.0 251.29175 311.06488 320.0 
nomask 4.7415495e-05 422.6253 261.32925 433.0 317.7937 
nomask 4.6938658e-05 426.89108 213.64108 432.73245 286.8905 
nomask 4.518032e-05 142.84142 0.0 287.51978 146.34828 
nomask 4.479289e-05 360.2948 255.28731 433.0 320.0 
nomask 4.479289e-05 309.1914 1.8917179 433.0 174.80865 
mask 4.4614077e-05 94.547066 98.0508 221.17836 151.76802 
mask 4.4494867e-05 30.552258 188.59814 215.22462 320.0 
nomask 4.184246e-05 40.306934 112.468185 61.298534 139.58652 
mask 4.172325e-05 392.60214 206.41452 433.0 320.0 
mask 4.1365623e-05 65.396545 249.22424 433.0 320.0 
nomask 4.133582e-05 361.44232 191.50073 396.31992 241.69604 
mask 4.1157007e-05 254.53212 96.93999 433.0 297.43433 
mask 4.10676e-05 0.0 141.87349 2.3363945 171.65555 
nomask 4.1007996e-05 378.29218 0.0 433.0 320.0 
mask 4.1007996e-05 380.0966 284.2099 423.72736 316.13116 
nomask 4.094839e-05 284.97534 294.8034 433.0 314.3299 
mask 4.029274e-05 240.93733 0.0 433.0 90.88371 
nomask 4.0203333e-05 271.86374 291.91937 433.0 320.0 
nomask 4.0113926e-05 233.10469 231.78558 433.0 320.0 
mask 3.9368868e-05 271.86374 291.91937 433.0 320.0 
nomask 3.8981438e-05 275.6237 0.0 433.0 121.82211 
nomask 3.772974e-05 341.05374 136.33871 369.59363 171.2175 
nomask 3.772974e-05 77.31365 108.06744 194.1132 167.75754 
nomask 3.6895275e-05 424.54663 162.3256 431.1091 219.02998 
mask 3.6031008e-05 0.0 47.35257 176.89851 277.84686 
mask 3.4570694e-05 0.0 0.0 110.68052 149.10202 
nomask 3.4332275e-05 0.0 81.21934 1.4917134 113.50732 
