mask 0.99313986 63.872677 25.604973 248.54326 134.35147 
nomask 0.023453444 70.92513 20.199654 248.2217 136.29172 
mask 0.0014273226 26.52943 26.425463 136.47246 161.13716 
mask 0.0012817681 13.390886 82.26952 158.59953 178.97235 
nomask 0.0012557209 10.144549 45.82842 63.466743 160.85963 
mask 0.0011754334 17.28093 13.381039 178.35867 95.960075 
mask 0.0011219382 6.441731 148.80875 117.05687 180.29791 
mask 0.0010770261 31.337482 64.99884 117.98494 138.1705 
mask 0.0010740459 76.737 15.298644 271.2805 94.254715 
mask 0.0010179281 8.55178 57.376812 216.49573 122.46613 
nomask 0.0009938776 0.0 0.0 132.87027 116.06636 
nomask 0.00086024404 182.67047 112.880295 275.0 183.0 
nomask 0.0008598268 0.0 39.597916 32.11965 169.1386 
nomask 0.0008328259 0.0 104.55262 123.95766 183.0 
mask 0.0008047223 0.0 39.597916 32.11965 169.1386 
nomask 0.0007226467 5.533392 143.78978 121.35211 177.3792 
nomask 0.00068458915 127.02752 25.169086 275.0 183.0 
mask 0.0006765425 53.317646 63.138336 155.16095 135.46727 
nomask 0.0006701052 80.22853 13.825563 182.995 85.12756 
mask 0.00066921115 127.02752 25.169086 275.0 183.0 
mask 0.0006541908 69.9237 14.060187 195.97377 75.11862 
nomask 0.0006442666 0.0 145.31389 193.42676 183.0 
nomask 0.00063055754 17.553844 153.43701 233.17105 183.0 
mask 0.00062307715 141.7854 60.466602 275.0 120.12251 
mask 0.00061655045 0.0 145.31389 193.42676 183.0 
mask 0.0006134212 0.0 104.55262 123.95766 183.0 
mask 0.000598073 10.144549 45.82842 63.466743 160.85963 
nomask 0.00058344007 26.470913 27.009886 123.38705 101.30438 
nomask 0.00057548285 0.0 2.0748286 200.09904 78.48896 
nomask 0.0005737841 0.0 0.0 63.214382 138.65039 
nomask 0.00057306886 33.762928 47.44539 112.026085 127.18053 
mask 0.0005584955 227.22743 5.601498 275.0 159.71356 
mask 0.0005553067 85.928535 50.737026 191.73076 175.52525 
nomask 0.0005530417 249.36629 119.94875 275.0 183.0 
mask 0.00053846836 26.470913 27.009886 123.38705 101.30438 
nomask 0.00052052736 0.0 10.043701 104.15619 92.86653 
mask 0.0005200207 108.48208 133.52084 268.45367 182.61801 
mask 0.0005119443 265.1813 157.933 274.87213 183.0 
mask 0.00049746037 249.36629 119.94875 275.0 183.0 
nomask 0.00048229098 173.33276 166.47014 275.0 183.0 
mask 0.00047522783 0.9362943 0.0 166.29652 50.17231 
mask 0.00047031045 151.28323 143.14014 261.5205 178.39737 
mask 0.0004698336 154.26817 58.353813 275.0 171.10667 
mask 0.00046432018 169.85913 15.43685 275.0 96.65958 
mask 0.0004582405 173.33276 166.47014 275.0 183.0 
nomask 0.00044199824 0.0 13.968145 41.20687 111.726425 
mask 0.00044110417 159.95798 2.3353906 275.0 82.22883 
nomask 0.00043717027 265.1813 157.933 274.87213 183.0 
nomask 0.00042399764 0.0 38.780743 91.041214 147.85544 
nomask 0.0004222393 0.0 61.831894 130.74956 121.34994 
nomask 0.00041234493 0.9362943 0.0 166.29652 50.17231 
mask 0.00038856268 0.15158653 0.0 115.12922 137.97078 
mask 0.00038263202 0.0 61.831894 130.74956 121.34994 
mask 0.00037753582 1.6905143 94.92351 275.0 183.0 
nomask 0.0003721118 0.0 44.826572 50.783283 118.236404 
nomask 0.0003708899 185.05807 15.0708 275.0 119.71658 
nomask 0.00037041306 27.032923 50.673626 74.15934 113.78926 
mask 0.00036478043 0.0 162.9729 275.0 183.0 
nomask 0.00036245584 5.5309477 85.605835 69.70657 180.6698 
nomask 0.00035208464 149.43193 0.0 238.95695 92.170044 
mask 0.0003489256 262.52753 169.5239 275.0 183.0 
nomask 0.00034728646 0.0 0.0 121.26493 45.417675 
nomask 0.00034305453 1.6905143 94.92351 275.0 183.0 
mask 0.00033035874 51.799698 35.471756 218.97673 90.268524 
mask 0.00033000112 0.0 38.780743 91.041214 147.85544 
nomask 0.00032910705 151.28323 143.14014 261.5205 178.39737 
mask 0.00032630563 54.72477 101.236084 197.5699 178.37747 
nomask 0.0003195107 0.0 0.0 84.42129 33.171177 
mask 0.00031754375 50.99601 0.0 224.15656 53.84323 
mask 0.00031161308 182.67047 112.880295 275.0 183.0 
nomask 0.00031080842 133.04277 132.71722 275.0 183.0 
nomask 0.00030323863 26.52943 26.425463 136.47246 161.13716 
nomask 0.00030079484 266.86548 148.57582 275.0 183.0 
mask 0.00029349327 0.0 7.1958804 29.274973 127.881615 
nomask 0.00028765202 262.52753 169.5239 275.0 183.0 
mask 0.00028640032 0.0 0.0 63.214382 138.65039 
nomask 0.0002835989 70.1678 19.255926 232.50348 69.3721 
mask 0.00027644634 0.0 16.950974 125.36563 82.56068 
mask 0.00027409196 134.97284 152.98518 224.37978 182.23703 
mask 0.00027230382 105.33131 115.46821 207.21886 171.21402 
mask 0.0002720654 0.0 78.81984 94.96664 179.2938 
mask 0.00027012825 202.607 0.0 275.0 114.20495 
nomask 0.00026461482 50.99601 0.0 224.15656 53.84323 
nomask 0.00026461482 0.0 0.0 67.07259 86.544426 
nomask 0.0002629459 1.2227657 36.57149 11.726965 135.55965 
nomask 0.00025767088 3.00648 35.894573 166.30331 85.07061 
mask 0.00025457144 29.205397 124.23103 180.17981 183.0 
mask 0.00025346875 0.0 44.826572 50.783283 118.236404 
mask 0.00024989247 0.5770037 115.328415 50.5543 175.7948 
mask 0.0002491176 0.0 101.32258 136.05031 168.61021 
nomask 0.00024843216 23.30802 131.88335 258.2206 183.0 
nomask 0.0002462268 208.158 0.0 275.0 83.58658 
nomask 0.00024357438 159.95798 2.3353906 275.0 82.22883 
nomask 0.00024110079 134.97284 152.98518 224.37978 182.23703 
nomask 0.0002400577 156.82674 0.0 275.0 47.442257 
mask 0.00023919344 266.86548 148.57582 275.0 183.0 
nomask 0.00023910403 4.9767604 23.14966 84.691986 101.012695 
mask 0.00023850799 125.26494 176.03339 170.78409 182.66573 
mask 0.00023561716 258.14322 158.29062 275.0 183.0 
mask 0.00023081899 8.750832 3.1249218 137.49309 68.86559 
