mask 0.9999925 105.01562 70.19731 368.97012 273.45416 
nomask 0.00074994564 105.65499 70.1207 369.43246 274.7488 
mask 0.0005096197 107.16095 190.55527 379.15714 272.90347 
nomask 0.00043523312 1.4614142 87.77732 64.024414 235.1283 
mask 0.00036364794 395.6226 172.30019 428.0 270.6062 
nomask 0.00025001168 395.6226 172.30019 428.0 270.6062 
nomask 0.00022280216 377.7283 149.58182 426.90256 267.82397 
nomask 0.00021019578 307.9449 0.0 428.0 128.66296 
nomask 0.00020030141 407.8651 200.7898 428.0 267.1651 
nomask 0.0002001822 38.169632 147.91867 67.51509 189.35089 
mask 0.00019064546 239.83728 103.702484 428.0 211.86548 
mask 0.00018253922 377.7283 149.58182 426.90256 267.82397 
mask 0.00017982721 407.8651 200.7898 428.0 267.1651 
nomask 0.00015491247 60.753635 160.22545 86.44196 209.84993 
mask 0.00014910102 140.10431 0.94736576 327.14328 49.60328 
nomask 0.00013458729 2.5547779 169.83325 188.30878 320.0 
nomask 0.00011879206 208.8005 295.2444 381.09418 317.6896 
mask 0.00011855364 252.42317 270.75513 382.63947 320.0 
mask 0.000118374825 230.29448 231.75497 428.0 320.0 
mask 0.000116080046 266.03482 292.63974 428.0 320.0 
nomask 0.00011590123 266.03482 292.63974 428.0 320.0 
mask 0.000113129616 265.75122 89.706 357.97238 262.31033 
nomask 0.00011116266 290.16595 198.57074 428.0 320.0 
nomask 0.000109285116 0.0 0.0 206.58084 196.8477 
nomask 0.000105947256 358.52734 258.01785 428.0 320.0 
nomask 0.00010308623 338.6238 0.0 428.0 227.42332 
mask 0.00010120869 388.21332 205.95274 428.0 320.0 
mask 0.000101059675 16.942371 286.95392 43.701805 309.0903 
nomask 0.000100106 39.18042 161.51695 71.95997 208.54611 
nomask 9.6321106e-05 20.135002 103.05733 75.86548 218.68848 
mask 9.62615e-05 68.79928 230.53307 356.01883 320.0 
mask 9.506941e-05 2.5547779 169.83325 188.30878 320.0 
mask 9.11355e-05 208.8005 295.2444 381.09418 317.6896 
nomask 8.958578e-05 37.420086 134.87836 63.593063 173.85596 
nomask 8.666515e-05 254.91025 0.0 428.0 91.04087 
nomask 8.2165e-05 255.6982 1.2394762 428.0 141.12044 
nomask 8.183718e-05 248.17639 222.2218 428.0 320.0 
mask 8.127093e-05 224.28279 181.68028 428.0 289.60153 
mask 8.109212e-05 58.246105 147.14594 428.0 320.0 
mask 8.067489e-05 413.96378 238.124 427.3004 293.80334 
nomask 8.0406666e-05 224.2225 275.84964 372.55002 320.0 
nomask 8.037686e-05 57.920383 0.0 372.88028 88.08479 
mask 7.978082e-05 135.71553 178.42255 284.1773 320.0 
nomask 7.855892e-05 0.0 167.74686 6.871356 215.7301 
nomask 7.814169e-05 0.0 2.9325771 314.03546 135.35599 
nomask 7.754564e-05 286.0886 29.320364 428.0 206.29097 
mask 7.638335e-05 276.0691 197.9415 428.0 320.0 
nomask 7.390976e-05 140.76431 105.49674 428.0 320.0 
mask 7.2827315e-05 133.81807 100.053566 428.0 320.0 
nomask 7.209182e-05 232.85594 0.0 374.90567 151.13603 
nomask 7.069111e-05 413.96378 238.124 427.3004 293.80334 
mask 6.994605e-05 286.0886 29.320364 428.0 206.29097 
nomask 6.6161156e-05 405.1488 122.63592 428.0 259.09988 
mask 6.368756e-05 302.17596 0.0 428.0 46.182373 
nomask 6.327033e-05 43.996468 218.22081 270.8873 320.0 
mask 6.2435865e-05 233.15662 29.157734 428.0 144.60944 
nomask 6.237626e-05 154.85623 0.51089764 342.33585 48.392403 
nomask 6.1661005e-05 0.0 150.80145 4.3139668 197.71071 
nomask 6.16312e-05 352.08823 2.5222778 428.0 264.7785 
nomask 6.067753e-05 4.124814 164.97058 428.0 320.0 
nomask 5.915761e-05 68.79928 230.53307 356.01883 320.0 
mask 5.8591366e-05 405.1488 122.63592 428.0 259.09988 
mask 5.7518482e-05 216.61276 14.998798 367.81168 231.38994 
mask 5.6624413e-05 0.0 252.21062 304.68127 320.0 
nomask 5.5879354e-05 0.0 284.14676 428.0 320.0 
nomask 5.5104494e-05 0.0 138.91226 1.5379814 182.51328 
nomask 5.465746e-05 274.94495 24.341803 428.0 161.6732 
nomask 5.441904e-05 302.17596 0.0 428.0 46.182373 
mask 5.3167343e-05 0.0 2.9325771 314.03546 135.35599 
mask 5.2839518e-05 13.972016 8.580914 419.10632 210.91745 
mask 5.2541494e-05 127.23799 2.3899145 331.79977 17.785664 
mask 5.248189e-05 0.0 284.14676 428.0 320.0 
mask 5.2392483e-05 338.6238 0.0 428.0 227.42332 
mask 5.1915646e-05 274.73172 310.61227 354.79755 320.0 
nomask 5.158782e-05 0.0 303.95367 23.239399 316.63538 
mask 4.968047e-05 372.9099 0.0 428.0 135.40381 
mask 4.941225e-05 243.44363 251.71678 428.0 320.0 
mask 4.9114227e-05 43.996468 218.22081 270.8873 320.0 
mask 4.8846006e-05 378.8848 218.80423 428.0 269.11475 
mask 4.7415495e-05 307.9449 0.0 428.0 128.66296 
nomask 4.7028065e-05 141.02496 0.0 284.9222 150.9325 
mask 4.6670437e-05 0.0 167.74686 6.871356 215.7301 
mask 4.6551228e-05 102.52582 90.21732 203.6511 265.993 
mask 4.5090914e-05 310.96976 8.788509 428.0 192.82707 
mask 4.4852495e-05 371.7063 190.51682 428.0 305.59332 
mask 4.4614077e-05 233.93382 0.0 428.0 83.41736 
mask 4.452467e-05 370.58057 0.0 428.0 89.656815 
nomask 4.416704e-05 36.03542 121.36598 61.3012 155.29335 
nomask 4.3600798e-05 370.58057 0.0 428.0 89.656815 
nomask 4.297495e-05 173.7949 0.0 424.25415 118.32666 
nomask 4.258752e-05 295.65698 0.0 428.0 66.48343 
mask 4.220009e-05 34.951614 191.55518 208.8566 320.0 
nomask 4.181266e-05 0.0 252.21062 304.68127 320.0 
mask 4.1663647e-05 294.41867 129.03888 428.0 320.0 
nomask 4.1097403e-05 372.9099 0.0 428.0 135.40381 
mask 4.082918e-05 228.90646 122.86281 428.0 270.54047 
mask 4.0471554e-05 413.055 260.1164 427.0046 311.2653 
nomask 3.9726496e-05 413.055 260.1164 427.0046 311.2653 
mask 3.9219856e-05 1.4614142 87.77732 64.024414 235.1283 
mask 3.913045e-05 323.16495 311.5526 386.38098 320.0 
