mask 0.9999921 49.24571719765663 152.09298580884933 280.8169391155243 428.0277183651924 
nomask 0.03229329 49.24571719765663 152.09298580884933 280.8169391155243 428.0277183651924 
nomask 0.001256913 208.4489180445671 436.14300549030304 246.77291375398636 453.1136876344681 
nomask 0.0011757314 290.8686938881874 4.227703623473644 296.124448120594 72.59419739246368 
nomask 0.0008607209 289.2944211959839 65.39548873901367 296.70128667354584 178.77825528383255 
mask 0.00050002337 289.2944211959839 65.39548873901367 296.70128667354584 178.77825528383255 
nomask 0.0004645884 213.1383313536644 410.1716187596321 242.90189069509506 446.43712252378464 
mask 0.0004299581 290.8686938881874 4.227703623473644 296.124448120594 72.59419739246368 
nomask 0.0004028082 4.211930483579636 228.34970027208328 122.51323288679123 455.0 
nomask 0.00038301945 234.59474283456802 0.0 297.0 326.28482311964035 
mask 0.00036630034 196.60743248462677 437.9783049225807 246.02938771247864 455.0 
mask 0.00031778216 1.1558700129389763 0.5656340345740318 5.994310827925801 88.75607639551163 
nomask 0.0003079772 286.65004527568817 2.1361818350851536 297.0 27.599056269973516 
mask 0.00027179718 145.32485648989677 156.57162845134735 297.0 308.0716872215271 
mask 0.00026255846 45.70890998840332 162.55823075771332 149.4250659942627 455.0 
mask 0.0002541542 246.62720382213593 192.0368990302086 297.0 399.4696965813637 
nomask 0.00024834275 1.1558700129389763 0.5656340345740318 5.994310827925801 88.75607639551163 
nomask 0.00023978949 286.0375183224678 49.50314976274967 295.99865359067917 213.23433220386505 
mask 0.00023293495 4.211930483579636 228.34970027208328 122.51323288679123 455.0 
mask 0.00021654367 209.74356079101562 284.32051569223404 297.0 390.66108375787735 
mask 0.0002078712 1.3913447465747595 0.0 18.102345786988735 165.2652384340763 
mask 0.00020688772 144.25738209486008 70.55282577872276 271.0148261189461 409.1320776939392 
nomask 0.00019866228 68.53984268009663 0.0 175.38292479515076 69.42511722445488 
nomask 0.00019082427 122.29733222723007 0.6970492051914334 172.58745735883713 10.376657098531723 
mask 0.00018885732 210.86792242527008 238.1957659125328 297.0 348.90147894620895 
mask 0.0001821816 266.5093957185745 109.90750029683113 297.0 384.3355071544647 
mask 0.00018209219 92.86023500561714 142.2627854347229 297.0 455.0 
nomask 0.00018203259 92.86023500561714 142.2627854347229 297.0 455.0 
mask 0.00017508864 204.81385266780853 193.50044950842857 290.34708738327026 398.78694772720337 
mask 0.00017282367 2.8080406934022903 0.0 50.286571338772774 154.47426736354828 
mask 0.0001668334 234.59474283456802 0.0 297.0 326.28482311964035 
mask 0.00016054511 225.92513465881348 52.54435181617737 297.0 394.11686420440674 
nomask 0.00015744567 0.0 0.0 138.15838319063187 283.72807681560516 
mask 0.00015625358 286.65004527568817 2.1361818350851536 297.0 27.599056269973516 
nomask 0.00014293194 208.8239117860794 281.3335335254669 297.0 455.0 
mask 0.00013762712 141.47387275099754 246.7313876748085 297.0 401.23678892850876 
mask 0.00013661385 208.8239117860794 281.3335335254669 297.0 455.0 
mask 0.00013589859 286.0375183224678 49.50314976274967 295.99865359067917 213.23433220386505 
nomask 0.00013497472 110.25877270102501 0.0 159.66914159059525 6.625892026349902 
nomask 0.0001333952 270.2460916042328 295.5469951033592 297.0 455.0 
mask 0.00013270974 158.6222287416458 337.7036112546921 297.0 455.0 
mask 0.00013267994 270.2460916042328 295.5469951033592 297.0 455.0 
mask 0.00012999773 185.070820748806 415.50741970539093 297.0 455.0 
nomask 0.0001296997 185.070820748806 415.50741970539093 297.0 455.0 
nomask 0.00012937188 183.9820767045021 443.983918428421 239.17843633890152 455.0 
nomask 0.00012859702 1.196017250418663 439.50831323862076 20.43986961990595 454.5976188778877 
nomask 0.00012719631 0.0 0.0 69.21819224953651 320.14347344636917 
nomask 0.0001269579 283.19057178497314 0.0 296.7338240146637 173.46516743302345 
mask 0.0001243949 122.29733222723007 0.6970492051914334 172.58745735883713 10.376657098531723 
nomask 0.00012421608 292.0674240589142 21.95910155773163 296.0822274684906 110.10479912161827 
mask 0.0001232028 0.0 292.6195415854454 101.30563116073608 455.0 
mask 0.000118762255 0.0 133.1174086034298 77.14116758108139 455.0 
mask 0.000115573406 197.06684982776642 41.13177418708801 297.0 293.3374923467636 
mask 0.000109523535 32.35312807559967 137.18508660793304 193.85675257444382 344.807887673378 
nomask 0.00010469556 173.12485456466675 1.6230913251638412 297.0 200.1324698328972 
mask 0.00010433793 0.0 155.4725044965744 132.24193328619003 301.2080204486847 
mask 0.000104248524 20.247484624385834 299.73952054977417 151.8830691576004 455.0 
mask 0.000103890896 183.9820767045021 443.983918428421 239.17843633890152 455.0 
nomask 0.000102460384 1.3913447465747595 0.0 18.102345786988735 165.2652384340763 
nomask 9.9897385e-05 136.27074828743935 60.30222296714783 297.0 455.0 
mask 9.9778175e-05 0.0 386.2489667534828 53.822807639837265 455.0 
mask 9.852648e-05 246.30979657173157 0.038429200649261475 297.0 379.7849690914154 
nomask 9.74834e-05 197.06684982776642 41.13177418708801 297.0 293.3374923467636 
nomask 9.712577e-05 79.78088772296906 0.0 192.46285146474838 22.263236679136753 
nomask 9.647012e-05 0.0 2.1702396124601364 220.94847929477692 189.2139121890068 
mask 9.638071e-05 243.1014872789383 291.6843858361244 296.6301931142807 455.0 
nomask 9.548664e-05 0.0 130.95179975032806 107.37435865402222 326.77642941474915 
nomask 9.456277e-05 0.0 27.269829958677292 99.58263024687767 231.81285738945007 
mask 9.158254e-05 162.38491201400757 174.4689777493477 297.0 382.3738279938698 
mask 9.033084e-05 0.0 0.0 138.15838319063187 283.72807681560516 
nomask 9.012222e-05 198.35919123888016 0.0 240.0115197300911 8.817620938643813 
nomask 8.714199e-05 30.445542365312576 311.4372932910919 187.6054229736328 455.0 
mask 8.59797e-05 0.0 418.91568571329117 55.74478554725647 455.0 
nomask 8.59499e-05 179.85778284072876 417.7875703573227 259.80011808872223 454.82784152030945 
nomask 8.550286e-05 282.70663636922836 63.38396281003952 295.7757427096367 305.50571769475937 
nomask 8.544326e-05 227.53707844018936 441.0399216413498 261.9292250275612 454.703848361969 
mask 8.460879e-05 1.196017250418663 439.50831323862076 20.43986961990595 454.5976188778877 
nomask 8.442998e-05 201.31630092859268 268.1113392114639 297.0 455.0 
nomask 8.407235e-05 0.0 0.0 129.92971086502075 116.58304840326309 
mask 8.3208084e-05 0.0 406.42079859972 297.0 455.0 
mask 8.299947e-05 283.19057178497314 0.0 296.7338240146637 173.46516743302345 
nomask 8.189678e-05 3.6359062492847443 443.163046836853 60.92598979175091 452.5575625896454 
nomask 8.121133e-05 269.9467055797577 67.32679337263107 297.0 345.78733056783676 
mask 8.1181526e-05 68.53984268009663 0.0 175.38292479515076 69.42511722445488 
nomask 8.043647e-05 191.96077090501785 395.6811794638634 263.2869420647621 451.04162961244583 
mask 7.9363585e-05 1.884104068391025 2.3487399611622095 10.553923845291138 21.642772555351257 
mask 7.900596e-05 231.25477945804596 265.8840185403824 297.0 426.72158658504486 
mask 7.891655e-05 5.220800489187241 287.3205155134201 83.4909058213234 455.0 
nomask 7.838011e-05 0.0 406.42079859972 297.0 455.0 
nomask 7.677078e-05 0.0 0.0 96.08154684305191 151.01715803146362 
nomask 7.593632e-05 225.74338227510452 0.0 297.0 304.5091077685356 
nomask 7.44164e-05 158.6222287416458 337.7036112546921 297.0 455.0 
mask 7.417798e-05 0.0 339.17476892471313 126.21946263313293 455.0 
mask 7.414818e-05 0.0 246.48950338363647 129.4212662279606 418.57985734939575 
mask 7.3462725e-05 199.48121613264084 353.7986120581627 295.7372573018074 455.0 
mask 7.3075294e-05 79.78088772296906 0.0 192.46285146474838 22.263236679136753 
nomask 7.265806e-05 0.0 92.05156341195107 75.8011265695095 379.5347589254379 
mask 7.072091e-05 209.51261293888092 194.79079738259315 297.0 299.66993033885956 
mask 7.036328e-05 282.70663636922836 63.38396281003952 295.7757427096367 305.50571769475937 
nomask 7.006526e-05 1.884104068391025 2.3487399611622095 10.553923845291138 21.642772555351257 
