mask 0.99991536 255.95987 235.01338 475.35834 639.7074 
nomask 0.0067993402 256.86902 235.32166 474.351 634.6606 
mask 0.00080379844 66.13395 732.1559 258.04288 793.0738 
mask 0.0007969737 96.82022 768.6552 219.93318 797.0 
nomask 0.0004979372 36.409332 737.13116 244.28801 797.0 
mask 0.0004927218 29.391258 689.73676 235.33963 793.09564 
nomask 0.00046917796 29.391258 689.73676 235.33963 793.09564 
nomask 0.00038671494 72.35819 770.61957 224.9588 792.70795 
nomask 0.00033411384 461.44998 162.27539 650.0 782.5814 
nomask 0.0002272129 73.00746 389.80545 175.69368 638.47034 
nomask 0.0002233088 407.5375 496.07895 650.0 797.0 
mask 0.00020900369 85.97084 81.81698 487.35767 752.7655 
mask 0.00020566583 414.13873 118.32519 650.0 715.44214 
nomask 0.00020316243 396.84836 448.00952 650.0 797.0 
mask 0.00016611814 559.5322 306.14597 650.0 661.2071 
nomask 0.000156641 0.0 505.69708 386.96182 797.0 
nomask 0.00015300512 430.52228 0.0 650.0 515.0109 
mask 0.00015300512 395.72104 536.6195 650.0 797.0 
mask 0.00014519691 37.769054 773.7529 182.19257 789.5607 
nomask 0.0001424551 64.33344 545.69324 424.31512 797.0 
mask 0.00013327599 85.82568 365.12723 650.0 797.0 
nomask 0.00013250113 546.8774 649.0676 650.0 797.0 
nomask 0.00012561679 37.769054 773.7529 182.19257 789.5607 
nomask 0.00012534857 413.49255 722.7733 650.0 797.0 
mask 0.00012087822 590.22516 527.28375 650.0 797.0 
nomask 0.000119268894 213.33817 262.29865 650.0 797.0 
nomask 0.00011879206 128.11836 764.47504 233.56868 797.0 
mask 0.000118762255 0.0 525.57904 359.81592 797.0 
mask 0.000118562886 203.22972 249.1972 650.0 797.0 
mask 0.00011789799 413.49255 722.7733 650.0 797.0 
mask 0.000116666095 332.5766 6.948637 650.0 797.0 
mask 0.00011321902 609.5771 336.94614 645.3617 718.4674 
nomask 0.00011023879 218.20436 0.0 432.93335 359.62332 
mask 0.00010868907 64.33344 545.69324 424.31512 797.0 
mask 0.00010615587 368.9759 256.60843 650.0 526.7848 
nomask 9.819865e-05 158.4121 0.0 504.1482 262.63675 
nomask 9.7841024e-05 61.138935 439.09067 168.59985 745.5496 
nomask 9.679794e-05 4.6486197 409.61554 650.0 797.0 
nomask 9.2446804e-05 463.50098 22.98489 650.0 527.1828 
mask 9.214878e-05 430.87805 77.63256 650.0 514.7392 
nomask 8.5771084e-05 430.87805 77.63256 650.0 514.7392 
nomask 8.46982e-05 0.0 702.9523 650.0 797.0 
nomask 8.329749e-05 607.6262 316.87943 645.17737 683.31934 
nomask 8.255243e-05 559.5322 306.14597 650.0 661.2071 
nomask 7.945299e-05 0.0 688.6051 222.53288 797.0 
mask 7.933378e-05 164.67433 765.57996 249.29936 794.061 
mask 7.635355e-05 226.96773 437.0401 430.4122 797.0 
mask 7.57575e-05 93.98611 679.3025 308.94354 794.77954 
nomask 7.57277e-05 570.62976 0.0 650.0 797.0 
nomask 7.2687864e-05 345.47513 572.94073 650.0 797.0 
mask 6.991625e-05 0.0 702.9523 650.0 797.0 
mask 6.7949295e-05 463.50098 22.98489 650.0 527.1828 
nomask 6.613135e-05 0.0 772.4473 129.08173 790.7252 
mask 6.6012144e-05 15.733714 7.3813353 642.4464 526.825 
nomask 6.5654516e-05 286.16895 0.0 648.5243 278.32938 
nomask 6.458163e-05 0.0 562.398 275.98813 797.0 
mask 6.341934e-05 0.0 772.4473 129.08173 790.7252 
mask 6.324053e-05 265.7236 243.43889 563.6235 466.03696 
nomask 5.8412552e-05 146.96213 585.2278 631.60754 797.0 
nomask 5.826354e-05 82.00144 711.68304 160.68402 788.0467 
mask 5.7548285e-05 0.0 252.44585 383.39673 706.8904 
mask 5.6624413e-05 36.351017 637.79974 251.75706 773.17926 
nomask 5.5789948e-05 0.0 586.51953 455.40326 797.0 
mask 5.5372715e-05 350.71164 431.88806 650.0 727.15826 
mask 5.5015087e-05 240.1951 773.40344 348.12064 797.0 
nomask 5.4001808e-05 282.26367 200.38617 415.38644 468.2389 
mask 5.325675e-05 396.84836 448.00952 650.0 797.0 
mask 5.030632e-05 130.64793 619.3489 650.0 797.0 
nomask 4.9352646e-05 478.60052 253.57022 650.0 797.0 
nomask 4.9114227e-05 36.351017 637.79974 251.75706 773.17926 
mask 4.9054623e-05 179.31024 0.0 485.6851 30.776758 
mask 4.8995018e-05 570.62976 0.0 650.0 797.0 
mask 4.607439e-05 90.762886 579.9227 562.05255 797.0 
nomask 4.595518e-05 179.31024 0.0 485.6851 30.776758 
mask 4.5835972e-05 361.24286 66.527756 650.0 367.35944 
nomask 4.5001507e-05 345.58548 0.0 650.0 206.24393 
mask 4.4852495e-05 490.0084 459.9973 650.0 797.0 
mask 4.479289e-05 157.59174 247.34178 465.3088 459.55856 
mask 4.476309e-05 88.01085 0.0 576.667 212.56487 
nomask 4.428625e-05 28.039131 412.8548 134.4349 710.2022 
mask 4.3213367e-05 345.47513 572.94073 650.0 797.0 
nomask 4.2051077e-05 73.28435 0.0 300.23325 363.62253 
mask 4.1633844e-05 211.7651 774.07306 310.14423 797.0 
mask 4.1157007e-05 217.76335 640.19257 494.022 797.0 
nomask 4.0888786e-05 640.4813 380.63458 649.30695 604.60205 
nomask 4.082918e-05 171.63272 0.0 554.5797 104.27293 
nomask 4.0233135e-05 0.0 771.61237 33.202114 797.0 
mask 3.9994717e-05 0.0 0.0 265.86374 626.81 
nomask 3.990531e-05 316.69736 0.0 548.098 167.01164 
nomask 3.8951635e-05 0.0 5.9705586 469.28015 335.55914 
nomask 3.8564205e-05 226.96773 437.0401 430.4122 797.0 
mask 3.796816e-05 218.20436 0.0 432.93335 359.62332 
mask 3.796816e-05 345.58548 0.0 650.0 206.24393 
nomask 3.787875e-05 290.36307 206.05472 453.29352 351.7248 
mask 3.749132e-05 640.0288 409.05258 648.8019 636.0003 
nomask 3.7014484e-05 361.24286 66.527756 650.0 367.35944 
nomask 3.6805868e-05 248.72379 0.0 468.4925 163.84677 
nomask 3.6746264e-05 67.80652 452.5256 302.90927 797.0 
mask 3.4570694e-05 0.0 771.61237 33.202114 797.0 
mask 3.4093857e-05 55.69493 167.74263 326.87036 634.5393 
