mask 0.99993765 119.700195 37.60701 303.37714 168.31903 
nomask 0.006619245 119.700195 37.60701 303.37714 168.31903 
mask 0.0011146069 196.05139 15.076368 304.37393 160.39696 
nomask 0.00038138032 10.941768 0.30167678 185.36653 16.064798 
mask 0.0003758669 140.93472 81.1143 343.48853 163.90219 
nomask 0.00035959482 375.97186 254.12941 399.74896 295.0 
mask 0.00034418702 71.02479 16.117136 326.21738 237.49176 
mask 0.00033086538 213.89146 28.987997 400.0 134.52261 
nomask 0.00031358004 322.41962 38.091206 384.69623 140.17336 
nomask 0.0002975464 0.0 78.7792 58.887493 208.05553 
mask 0.00028157234 0.0 248.82698 112.96492 295.0 
mask 0.0002772808 145.47006 37.460037 349.08676 117.54021 
nomask 0.00026750565 6.9750547 0.0 251.50378 79.800934 
nomask 0.00026115775 0.0 254.96115 161.25824 295.0 
nomask 0.00024846196 0.0 0.0 100.957954 2.3958306 
nomask 0.0002361834 0.0 0.0 236.10709 36.96145 
nomask 0.00022521615 352.0593 256.94693 395.81744 294.90057 
nomask 0.00022485852 274.58063 56.336536 400.0 287.35477 
nomask 0.00022190809 0.0 248.82698 112.96492 295.0 
nomask 0.0002181232 383.97168 240.45529 400.0 291.52118 
nomask 0.00021752715 376.41644 276.90048 400.0 295.0 
nomask 0.00020369887 304.7259 249.2152 400.0 295.0 
mask 0.00020119548 0.0 0.0 100.957954 2.3958306 
nomask 0.00020062923 0.0 232.71095 286.93286 295.0 
nomask 0.00019794703 0.0 214.79164 141.1664 293.13477 
mask 0.00019407272 0.0 254.96115 161.25824 295.0 
nomask 0.00019332767 348.74924 280.0092 400.0 295.0 
mask 0.00018715858 6.9750547 0.0 251.50378 79.800934 
nomask 0.0001809001 296.47263 0.0 400.0 79.59099 
nomask 0.00017932057 0.0 219.96545 219.37842 295.0 
nomask 0.00016990304 339.98505 232.11623 399.46948 295.0 
mask 0.00016531348 10.941768 0.30167678 185.36653 16.064798 
mask 0.0001603961 0.0 219.96545 219.37842 295.0 
nomask 0.00015750527 0.0 0.0 169.57164 72.85027 
nomask 0.00015571713 50.352615 243.64386 201.99359 295.0 
nomask 0.0001527369 273.29196 189.25966 400.0 295.0 
mask 0.00015127659 276.24976 249.20784 398.69464 294.90347 
mask 0.00014826655 0.0 0.0 3.1242523 61.33529 
nomask 0.00014665723 0.0 258.6977 400.0 295.0 
nomask 0.0001463294 178.65222 0.0 400.0 40.26381 
nomask 0.00014573336 0.0 0.0 95.33142 142.5322 
nomask 0.00014314055 367.83173 251.25801 400.0 295.0 
nomask 0.00014138222 188.2344 7.1677794 400.0 77.973656 
mask 0.00014066696 6.978059 0.0 260.39044 37.13926 
nomask 0.00013962388 39.23921 1.5046883 134.34737 5.806376 
nomask 0.00013893843 10.829779 2.05186 24.320868 9.998432 
mask 0.00013765693 51.548946 24.687473 260.7477 156.65906 
mask 0.00013658404 0.0 232.71095 286.93286 295.0 
mask 0.00013566017 113.339874 13.070579 327.57877 84.15489 
mask 0.0001347661 10.829779 2.05186 24.320868 9.998432 
mask 0.0001334846 54.60863 135.91225 400.0 295.0 
mask 0.00012999773 0.0 78.7792 58.887493 208.05553 
mask 0.0001257658 128.64565 0.0 314.2591 50.395832 
nomask 0.00012522936 21.531006 0.0 112.032486 3.6711357 
nomask 0.00012522936 305.61014 46.99359 363.23438 149.5808 
mask 0.00012493134 184.71301 39.634975 400.0 295.0 
nomask 0.00012338161 0.0 159.01868 98.29835 295.0 
nomask 0.00012239814 105.66411 0.0 338.08405 39.196316 
mask 0.00012212992 215.59525 0.0 349.4189 146.72818 
nomask 0.0001206696 131.54565 97.20163 400.0 295.0 
mask 0.0001206263 125.063614 92.236946 400.0 295.0 
nomask 0.000120431185 349.1053 0.0 400.0 133.50879 
nomask 0.00011652708 334.46835 5.021274 400.0 267.37564 
nomask 0.00011521578 3.8966417 152.3852 400.0 295.0 
nomask 0.000114530325 334.08063 240.77327 400.0 295.0 
nomask 0.00011283159 75.64435 187.08478 381.8345 295.0 
mask 0.00011229515 0.0 258.6977 400.0 295.0 
mask 0.00010931492 0.0 33.404255 177.36151 276.7815 
mask 0.000108867884 361.34186 198.88452 400.0 295.0 
nomask 0.00010856986 0.0 0.0 3.1242523 61.33529 
nomask 0.00010749698 222.75034 0.0 297.77237 89.98861 
nomask 0.00010472536 0.0 209.42564 54.72394 295.0 
nomask 0.000104397535 0.0 180.12852 174.77954 295.0 
mask 0.0001039803 0.0 214.79164 141.1664 293.13477 
mask 0.00010368228 210.69827 96.00341 400.0 192.47098 
mask 0.00010293722 258.49484 265.8984 400.0 295.0 
nomask 0.000101685524 2.1490648 283.80374 24.039255 295.0 
nomask 0.0001014173 0.0 239.67952 100.03404 295.0 
nomask 0.00010034442 27.327633 239.16313 311.82724 295.0 
nomask 9.9778175e-05 276.59668 0.0 400.0 41.59562 
nomask 9.843707e-05 267.01407 0.0 400.0 103.91643 
nomask 9.5665455e-05 62.310837 8.0066185 194.30673 57.320137 
mask 9.408593e-05 50.352615 243.64386 201.99359 295.0 
nomask 9.351969e-05 0.0 112.672356 2.7910519 188.63884 
mask 9.307265e-05 223.14444 0.0 400.0 75.76806 
mask 9.033084e-05 222.75034 0.0 297.77237 89.98861 
nomask 9.009242e-05 277.62848 4.1911745 400.0 73.423386 
nomask 8.994341e-05 0.0 33.404255 177.36151 276.7815 
nomask 8.98242e-05 391.58713 228.75923 400.0 280.18472 
nomask 8.714199e-05 42.140232 161.61716 186.29529 295.0 
nomask 8.648634e-05 0.0 16.793627 139.69035 153.41971 
mask 8.589029e-05 238.63626 235.88376 400.0 295.0 
nomask 8.568168e-05 0.0 160.44295 207.22882 268.06244 
nomask 8.568168e-05 20.793003 270.91647 198.41818 291.85464 
nomask 8.302927e-05 306.06302 0.0 391.81714 120.81732 
nomask 8.1335216e-05 205.54495 3.166853 400.0 295.0 
mask 8.08835e-05 252.25911 7.8477836 400.0 201.62569 
mask 7.9900026e-05 44.972885 0.0 186.57785 199.15822 
mask 7.9900026e-05 191.78394 57.725914 393.52283 136.37737 
mask 7.939339e-05 1.4100224 75.7776 15.164789 244.67294 
