mask 0.982901 0.39568743 0.32114446 0.5928962 0.55017686 
mask 0.003254056 0.27129036 0.12956747 0.9271912 0.936021 
mask 0.0019879043 0.533935 0.5104096 0.63520676 0.6255028 
nomask 0.0014971197 0.22100607 0.098069906 0.9292064 0.9480567 
nomask 0.0010746717 0.21021882 0.6603918 0.9381294 1.0 
nomask 0.0009625256 0.5414511 0.1904026 0.9899069 0.7247536 
nomask 0.0009357333 0.39883724 0.3104043 0.59054106 0.5415759 
nomask 0.0008929372 0.6691313 0.18537468 1.0 0.9673037 
mask 0.00088977814 0.030949175 0.31902578 0.6853298 1.0 
nomask 0.0007727146 0.533935 0.5104096 0.63520676 0.6255028 
nomask 0.00066536665 0.7283441 0.6441268 1.0 1.0 
mask 0.000632148 0.5088461 0.010003567 1.0 1.0 
mask 0.0006290972 0.40381393 0.27739495 0.9857335 0.75359946 
nomask 0.00061255693 0.59386706 0.7999973 1.0 1.0 
mask 0.0006118417 0.2735269 0.0 0.91998243 0.5975355 
mask 0.0005979836 0.0070534945 0.5141506 1.0 1.0 
nomask 0.0005533695 0.87612283 0.0 1.0 0.9869749 
nomask 0.0005202566 0.5088461 0.010003567 1.0 1.0 
mask 0.00051420927 0.0 0.12521437 0.44265822 0.9505522 
nomask 0.0005123913 0.0070534945 0.5141506 1.0 1.0 
mask 0.0004914701 0.32819453 0.32905963 1.0 1.0 
nomask 0.00048452616 0.07383752 0.80948937 0.77403224 1.0 
nomask 0.00048321486 0.32819453 0.32905963 1.0 1.0 
mask 0.0004810989 0.59386706 0.7999973 1.0 1.0 
nomask 0.00047004223 0.848515 0.5888309 0.99072677 0.83582896 
mask 0.00044983625 0.2934024 0.36395448 0.7440859 0.98815674 
nomask 0.00042244792 0.0 0.78846425 0.69574106 1.0 
mask 0.00042167306 0.7729404 0.5988432 1.0 1.0 
mask 0.00041618943 0.61753756 0.26907834 1.0 0.91368604 
mask 0.00041309 0.33615813 0.06766164 0.64873064 0.6595114 
nomask 0.00040701032 0.3380618 0.0 0.6546277 0.4694888 
nomask 0.00039732456 0.105042994 0.0 0.9354448 0.25837192 
mask 0.00039693713 0.04625079 0.011211827 0.33761027 0.16007166 
nomask 0.00037962198 0.80010235 0.85987467 1.0 1.0 
nomask 0.0003709197 0.0 0.8765522 1.0 1.0 
nomask 0.00036382675 0.61084276 0.32509828 1.0 0.99651766 
nomask 0.00035578012 0.0 0.0110511035 0.74549985 0.41415662 
mask 0.00034841895 0.6328166 0.22211513 1.0 0.83664584 
mask 0.00034728646 0.23614082 0.6739571 0.9208299 1.0 
mask 0.00032764673 0.04253283 0.02866128 0.6026473 0.65730596 
nomask 0.00032308698 0.7698279 0.0 1.0 0.75203073 
nomask 0.00031727552 0.89922655 0.68231076 1.0 1.0 
mask 0.00031721592 0.0 0.0110511035 0.74549985 0.41415662 
mask 0.00031670928 0.0 0.78846425 0.69574106 1.0 
nomask 0.00031107664 0.067901716 0.031567305 0.51981187 0.6204078 
nomask 0.00031074882 0.0 0.6498711 0.49601647 1.0 
nomask 0.0003091991 0.20950276 0.0 0.8420225 0.3572744 
mask 0.00030714273 0.80010235 0.85987467 1.0 1.0 
nomask 0.00030601025 0.1163999 0.0 0.4593327 0.46893263 
mask 0.00029847026 0.89922655 0.68231076 1.0 1.0 
nomask 0.00029814243 0.0 0.0 0.45205396 0.2522504 
mask 0.00029739738 0.0 0.8765522 1.0 1.0 
nomask 0.0002874136 0.6848101 0.08411348 1.0 0.64899117 
nomask 0.00027644634 0.0 0.0 0.23339781 0.5063709 
mask 0.00027433038 0.07383752 0.80948937 0.77403224 1.0 
mask 0.0002618432 0.6848101 0.08411348 1.0 0.64899117 
mask 0.00026148558 0.105042994 0.0 0.9354448 0.25837192 
mask 0.00026011467 0.26743814 0.2930845 0.7726885 0.70848227 
nomask 0.00025177002 0.2735269 0.0 0.91998243 0.5975355 
mask 0.00024956465 0.3380618 0.0 0.6546277 0.4694888 
nomask 0.00024464726 0.041143924 0.0 0.57787037 0.34299457 
nomask 0.00024011731 0.7616463 0.004786849 0.9987438 0.7689761 
nomask 0.00023585558 0.58532107 0.005052939 1.0 0.45497704 
mask 0.00023505092 0.58532107 0.005052939 1.0 0.45497704 
mask 0.00023445487 0.41440734 0.33779705 0.64237165 0.69131577 
mask 0.0002322793 0.5093219 0.32733175 1.0 0.6770842 
mask 0.0002296865 0.5354189 0.47947404 0.61785096 0.5859728 
mask 0.00022777915 0.43525514 0.8606344 1.0 1.0 
mask 0.00022035837 0.0 0.0 0.45205396 0.2522504 
nomask 0.00021842122 0.5093219 0.32733175 1.0 0.6770842 
mask 0.00021466613 0.7616463 0.004786849 0.9987438 0.7689761 
nomask 0.00021314621 0.04625079 0.011211827 0.33761027 0.16007166 
nomask 0.00021192431 0.0 0.06859599 0.36539453 0.5278178 
mask 0.0002118051 0.36311573 0.83074415 0.81785315 1.0 
nomask 0.0002117753 0.85766226 0.24264592 1.0 0.8515577 
mask 0.0002104342 0.87612283 0.0 1.0 0.9869749 
mask 0.00020897388 0.0 0.6866651 0.08043552 1.0 
mask 0.00020691752 0.85766226 0.24264592 1.0 0.8515577 
mask 0.00020289421 0.0 0.6498711 0.49601647 1.0 
mask 0.0002001822 0.7698279 0.0 1.0 0.75203073 
mask 0.00019881129 0.07950035 0.20322233 0.52600026 0.7894287 
mask 0.00019726157 0.0006018849 0.0 0.01985129 0.07156947 
nomask 0.00019699335 0.11662693 0.0 0.38560897 0.2843629 
nomask 0.00019231439 0.6451054 0.056263357 1.0 0.6240424 
nomask 0.00019147992 0.0 0.0 0.40176988 0.7664396 
mask 0.0001885593 0.0 0.0033698753 0.008088556 0.2081154 
nomask 0.00018841028 0.48265657 0.54110396 1.0 0.9289541 
mask 0.00018835068 0.51406574 0.17802873 0.98515475 0.51983726 
mask 0.00018724799 0.45318407 0.3034243 0.5791046 0.4633032 
nomask 0.00018709898 0.010453156 0.6140424 0.027142253 0.8094591 
mask 0.00018182397 0.1163999 0.0 0.4593327 0.46893263 
mask 0.00017780066 0.6286309 0.62690395 1.0 1.0 
mask 0.00017467141 0.4564301 0.3875817 0.574493 0.53633267 
nomask 0.0001731813 0.5354189 0.47947404 0.61785096 0.5859728 
mask 0.00017002225 0.48265657 0.54110396 1.0 0.9289541 
nomask 0.00016951561 0.0 0.0 0.33773786 0.35217324 
mask 0.00016799569 0.6451054 0.056263357 1.0 0.6240424 
mask 0.00016701221 0.39868107 0.40009764 0.4888865 0.5367906 
nomask 0.0001577735 0.53296053 0.0 0.90141857 0.47794783 
nomask 0.00015756488 0.468963 0.19272752 1.0 0.4905274 
