mask 0.9999045 47.04813003540039 125.89216709136963 238.4403419494629 377.8908429145813 
nomask 0.027850688 48.58351707458496 119.59633421897888 230.46451568603516 371.7559320926666 
mask 0.0010007918 45.857295989990234 248.4685184955597 242.08234786987305 367.69476771354675 
mask 0.00035011768 164.57529067993164 131.1194806098938 235.91196060180664 346.806049823761 
nomask 0.0003246963 236.5923309326172 0.0 320.0 273.1874005794525 
nomask 0.00029417872 0.0 0.0 147.99793243408203 276.95855832099915 
mask 0.00028192997 0.0 0.0 147.99793243408203 276.95855832099915 
mask 0.00027498603 56.977386474609375 118.08899104595184 185.3593635559082 310.33067417144775 
nomask 0.00026783347 29.024982452392578 0.0 305.1992988586426 110.80127322673798 
mask 0.00019177794 100.04998207092285 133.8187770843506 320.0 428.0 
nomask 0.00019174814 100.04998207092285 133.8187770843506 320.0 428.0 
mask 0.00018641353 2.5811147689819336 210.65227031707764 140.1951026916504 428.0 
mask 0.0001860261 0.009365081787109375 222.7517819404602 320.0 428.0 
nomask 0.00018119812 2.5811147689819336 210.65227031707764 140.1951026916504 428.0 
mask 0.00017592311 165.72935104370117 3.2821414470672607 320.0 428.0 
nomask 0.00017341971 0.009365081787109375 222.7517819404602 320.0 428.0 
nomask 0.00016826391 280.94390869140625 0.0 320.0 428.0 
nomask 0.0001681745 25.685386657714844 200.97870707511902 45.45522212982178 250.52519822120667 
mask 0.00016638637 113.45929145812988 0.0 259.8118591308594 319.7139756679535 
nomask 0.00016582012 165.72935104370117 3.2821414470672607 320.0 428.0 
nomask 0.0001514852 12.29665756225586 0.0 211.31622314453125 149.10285139083862 
mask 0.00014472008 18.46198558807373 276.0461139678955 163.73008728027344 428.0 
mask 0.00013643503 0.0 281.746958732605 107.08536148071289 428.0 
nomask 0.00013449788 211.06735229492188 267.27616834640503 320.0 428.0 
nomask 0.00012725592 267.58472442626953 339.6860909461975 320.0 428.0 
nomask 0.00012251735 199.91256713867188 390.8430526256561 320.0 428.0 
mask 0.00012037158 199.91256713867188 390.8430526256561 320.0 428.0 
nomask 0.000110298395 0.0 149.82373523712158 45.440964698791504 319.83487129211426 
mask 0.00010895729 290.09429931640625 274.1809182167053 320.0 428.0 
nomask 0.00010034442 183.52014541625977 1.9466580748558044 320.0 189.93075013160706 
mask 9.414554e-05 41.82072639465332 305.0200424194336 268.9595413208008 428.0 
nomask 9.402633e-05 37.77939796447754 0.0 146.29183769226074 195.34809350967407 
mask 9.068847e-05 212.58970260620117 40.877912640571594 320.0 276.05687952041626 
nomask 9.050965e-05 212.58970260620117 40.877912640571594 320.0 276.05687952041626 
mask 9.050965e-05 0.0 0.0 251.09352111816406 108.86940503120422 
mask 8.4489584e-05 280.94390869140625 0.0 320.0 428.0 
mask 8.353591e-05 180.94741821289062 337.0581736564636 320.0 428.0 
mask 8.2701445e-05 200.09832382202148 239.50522661209106 320.0 428.0 
nomask 8.252263e-05 0.0 281.746958732605 107.08536148071289 428.0 
nomask 8.222461e-05 0.0 0.0 76.53693199157715 194.57556307315826 
nomask 8.127093e-05 105.06389617919922 0.0 210.9744644165039 199.70500445365906 
mask 8.109212e-05 0.0 144.8656370639801 144.0382194519043 284.53439497947693 
mask 7.992983e-05 103.89837265014648 228.0851182937622 213.7287139892578 428.0 
nomask 7.927418e-05 0.0 9.6032555103302 86.16989135742188 259.41578435897827 
nomask 7.8856945e-05 113.45929145812988 0.0 259.8118591308594 319.7139756679535 
nomask 7.838011e-05 0.0 0.0 143.2618522644043 107.3542810678482 
mask 7.644296e-05 236.5923309326172 0.0 320.0 273.1874005794525 
mask 7.548928e-05 86.06283187866211 141.65100991725922 317.5749397277832 296.6604633331299 
mask 7.492304e-05 48.3969783782959 97.41729980707169 119.6475887298584 301.5568253993988 
nomask 7.4237585e-05 2.272787094116211 0.0 207.332763671875 57.60295104980469 
mask 7.125735e-05 0.0 129.9507293701172 34.86715793609619 347.20294666290283 
mask 6.917119e-05 183.52014541625977 1.9466580748558044 320.0 189.93075013160706 
mask 6.660819e-05 31.13755226135254 18.698336124420166 280.91861724853516 198.99516677856445 
mask 6.1780214e-05 181.74968719482422 167.04067265987396 320.0 371.2878346443176 
nomask 6.067753e-05 0.0 0.0 67.26073265075684 95.28267824649811 
mask 6.058812e-05 0.0 181.97091233730316 98.85884284973145 413.8293695449829 
nomask 5.221367e-05 116.07060432434082 0.0 317.8880310058594 153.72425818443298 
nomask 5.2034855e-05 0.0 144.8656370639801 144.0382194519043 284.53439497947693 
nomask 5.1677227e-05 171.51748657226562 0.0 286.86553955078125 195.55837893486023 
mask 4.953146e-05 0.0 317.0608026981354 137.15301513671875 428.0 
mask 4.681945e-05 11.386094093322754 130.51982402801514 169.12843704223633 241.78017663955688 
nomask 4.592538e-05 6.95338249206543 29.43170040845871 81.30509376525879 201.11608266830444 
nomask 4.4375658e-05 31.13755226135254 18.698336124420166 280.91861724853516 198.99516677856445 
mask 4.2676926e-05 47.28487014770508 329.9486231803894 320.0 428.0 
mask 4.2170286e-05 0.0 0.0 143.2618522644043 107.3542810678482 
mask 3.9875507e-05 178.90592575073242 140.90711534023285 320.0 281.98237228393555 
nomask 3.9577484e-05 0.0 378.6326711177826 320.0 428.0 
mask 3.8981438e-05 0.0 412.0067768096924 18.41786026954651 428.0 
mask 3.7819147e-05 58.8619327545166 1.2433400005102158 209.48108673095703 25.70825581252575 
nomask 3.7670135e-05 0.0 317.0608026981354 137.15301513671875 428.0 
nomask 3.7163496e-05 153.1262493133545 0.0 320.0 109.73202681541443 
mask 3.695488e-05 37.77939796447754 0.0 146.29183769226074 195.34809350967407 
nomask 3.5375357e-05 0.0 64.35619235038757 76.91279411315918 372.70559668540955 
mask 3.46601e-05 2.272787094116211 0.0 207.332763671875 57.60295104980469 
nomask 3.454089e-05 235.2882957458496 11.931841969490051 320.0 281.7362952232361 
mask 3.4302473e-05 102.25543975830078 116.94170713424683 229.65869903564453 306.3097913265228 
nomask 3.3974648e-05 0.0 202.4873640537262 3.499665856361389 261.77132296562195 
mask 3.3438206e-05 7.694892883300781 359.6644563674927 292.0781135559082 428.0 
nomask 3.3020973e-05 0.0 41.710221230983734 136.1073875427246 194.33115696907043 
nomask 3.2931566e-05 41.82072639465332 305.0200424194336 268.9595413208008 428.0 
nomask 3.2424927e-05 34.03988838195801 297.63015389442444 208.99738311767578 428.0 
mask 3.1650066e-05 49.43291187286377 154.91344356536865 120.6844711303711 385.8213815689087 
nomask 3.156066e-05 2.3384779691696167 143.3351173400879 18.12993288040161 332.0152521133423 
mask 3.1501055e-05 173.00792694091797 309.6271376609802 320.0 428.0 
mask 3.1411648e-05 0.0 236.8672070503235 133.62465858459473 393.5499768257141 
nomask 3.117323e-05 18.46198558807373 276.0461139678955 163.73008728027344 428.0 
mask 3.07858e-05 19.426605701446533 420.5016396045685 78.04842948913574 428.0 
nomask 3.0577183e-05 48.3969783782959 97.41729980707169 119.6475887298584 301.5568253993988 
mask 3.0577183e-05 2.4092912673950195 417.74328565597534 57.88229465484619 426.42736196517944 
nomask 3.0517578e-05 55.04875183105469 0.0 299.5494842529297 55.2877322435379 
mask 2.9951334e-05 212.58228302001953 420.1484172344208 266.5058898925781 427.9395649433136 
mask 2.977252e-05 0.0 335.9101881980896 233.7997055053711 428.0 
mask 2.9742718e-05 119.85804557800293 0.0 320.0 61.11079919338226 
nomask 2.9116869e-05 0.0 134.25957798957825 1.3168628513813019 214.9608383178711 
nomask 2.8818846e-05 11.386094093322754 130.51982402801514 169.12843704223633 241.78017663955688 
nomask 2.8282404e-05 0.0 412.0067768096924 18.41786026954651 428.0 
mask 2.7537346e-05 0.0 94.4330542087555 83.04300308227539 348.8912250995636 
mask 2.7090311e-05 25.685386657714844 200.97870707511902 45.45522212982178 250.52519822120667 
mask 2.7000904e-05 59.383745193481445 102.27012133598328 228.02959442138672 201.74237251281738 
mask 2.5898218e-05 102.86510467529297 3.6822239458560944 260.84083557128906 27.943509459495544 
