mask 0.9995656 75.58194160461426 68.55727559328079 161.6164880990982 168.86042857170105 
nomask 0.0020689964 76.319001019001 67.7116482257843 161.0752496123314 168.78957438468933 
mask 0.000556767 1.6042861808091402 70.04817575216293 8.095211610198021 192.75482124090195 
nomask 0.00030136108 0.0 84.21424067020416 33.508475497365 174.85933661460876 
mask 0.0002976954 149.20237481594086 16.65394303202629 205.0 155.69324910640717 
nomask 0.00029665232 143.68307411670685 0.0 205.0 148.73471266031265 
mask 0.00024560094 108.40666592121124 83.73058155179024 205.0 164.24452364444733 
mask 0.00024405122 2.0778389275074005 78.46303802728653 3.7792863976210356 149.00586158037186 
nomask 0.00024208426 167.25368946790695 49.43892040848732 193.02077144384384 135.69166266918182 
nomask 0.00023567677 70.90884000062943 76.35431060194969 153.55135649442673 122.94560632109642 
nomask 0.00022426248 60.05591168999672 0.0 148.31901788711548 104.97683638334274 
mask 0.00021728873 16.053210496902466 8.997576624155045 102.31098502874374 150.50428700447083 
mask 0.00021594763 6.405993402004242 83.63873741030693 138.00353407859802 251.0 
mask 0.00021541119 94.19835224747658 28.66829824447632 179.8241686820984 170.43633580207825 
nomask 0.00021234155 26.089973896741867 0.0 183.82641315460205 64.95642870664597 
mask 0.00020772219 14.590186476707458 74.16433873772621 123.82357448339462 182.69551646709442 
mask 0.00020191073 26.962608695030212 15.0227632522583 159.21939849853516 219.99351358413696 
nomask 0.00019916892 162.9375523328781 80.00125908851624 176.44320905208588 108.48597377538681 
mask 0.00019830465 46.846686750650406 95.40181908011436 162.25206911563873 232.40302002429962 
nomask 0.00019410253 148.6212170124054 0.0 205.0 101.97625282406807 
nomask 0.00018647313 131.98298752307892 153.26260340213776 205.0 251.0 
mask 0.00018626451 0.0 84.21424067020416 33.508475497365 174.85933661460876 
mask 0.00017488003 72.94229969382286 41.668665170669556 121.27725481987 155.85261118412018 
nomask 0.00016433 22.801731675863266 0.0 93.28328713774681 114.22990548610687 
mask 0.00015592575 27.063738852739334 115.07145604491234 205.0 251.0 
mask 0.00015410781 0.9604020998813212 106.25362554192543 3.1929061375558376 171.89602780342102 
nomask 0.00015240908 172.82559275627136 204.1651430130005 205.0 251.0 
nomask 0.00015082955 1.5765846706926823 82.19075220823288 9.05429320409894 195.79799062013626 
nomask 0.00014588237 130.85489720106125 227.46919882297516 205.0 251.0 
nomask 0.00014466047 76.43647402524948 66.04590907692909 144.69571977853775 108.72155347466469 
mask 0.00014305115 186.38809204101562 166.55187767744064 205.0 251.0 
mask 0.00014188886 146.38309597969055 96.45846056938171 205.0 248.28901946544647 
mask 0.00013709068 130.85489720106125 227.46919882297516 205.0 251.0 
mask 0.00013506413 26.089973896741867 0.0 183.82641315460205 64.95642870664597 
nomask 0.00013434887 20.549112856388092 172.83688044548035 133.2712683081627 251.0 
mask 0.00013273954 132.52067029476166 51.044502317905426 205.0 208.04633969068527 
nomask 0.00013270974 67.3277522623539 82.6475268304348 205.0 251.0 
nomask 0.00013175607 149.20237481594086 16.65394303202629 205.0 155.69324910640717 
mask 0.00013136864 64.09557670354843 78.47968935966492 205.0 251.0 
nomask 0.00013023615 202.99714267253876 91.06538125872612 205.0 127.19863039255142 
nomask 0.00012335181 1.493009328842163 129.04719758033752 205.0 251.0 
nomask 0.00012153387 0.6744141830131412 126.01198732852936 3.219486176967621 174.44866359233856 
nomask 0.00012114644 172.4276703596115 1.6105189621448517 205.0 222.1650687456131 
mask 0.00011968613 115.55689126253128 22.649152025580406 205.0 116.4521626830101 
mask 0.000118643045 105.08853614330292 2.2253241539001465 205.0 251.0 
nomask 0.000117868185 163.28884720802307 70.75371050834656 175.93123495578766 96.54761177301407 
mask 0.00011444092 0.0 196.07404667139053 144.0519031882286 251.0 
nomask 0.0001142025 0.0 222.0751246213913 205.0 251.0 
mask 0.00011253357 0.0 37.764952540397644 92.26161777973175 238.90999567508698 
mask 0.00011226535 136.2131643295288 23.737955421209335 205.0 162.43100953102112 
nomask 0.000109285116 111.03677093982697 0.0 205.0 63.723781287670135 
mask 0.000106692314 20.549112856388092 172.83688044548035 133.2712683081627 251.0 
mask 0.0001039207 126.72358393669128 166.26132464408875 205.0 251.0 
nomask 0.000102669 0.0 0.0 112.96333312988281 153.75771498680115 
mask 0.000102460384 52.555912733078 58.55248410999775 150.24375945329666 122.58701920509338 
mask 0.00010111928 172.4276703596115 1.6105189621448517 205.0 222.1650687456131 
nomask 0.00010108948 136.2131643295288 23.737955421209335 205.0 162.43100953102112 
nomask 9.3489885e-05 170.15028983354568 6.426868230104446 205.0 121.70362338423729 
mask 9.3102455e-05 0.0 222.0751246213913 205.0 251.0 
mask 8.9645386e-05 22.801731675863266 0.0 93.28328713774681 114.22990548610687 
mask 8.934736e-05 0.0 57.94339019060135 47.76158384978771 251.0 
nomask 8.9108944e-05 0.0 196.07404667139053 144.0519031882286 251.0 
nomask 8.672476e-05 109.85536932945251 0.0 179.44393932819366 114.80758553743362 
nomask 8.46982e-05 0.0 119.35209020972252 48.65704670548439 251.0 
nomask 8.392334e-05 0.0 146.88770139217377 88.43335285782814 251.0 
mask 8.365512e-05 68.25999110937119 0.0 135.19580215215683 121.8142956495285 
mask 8.225441e-05 67.7629791200161 33.47225999832153 169.79490160942078 93.46225303411484 
nomask 8.183718e-05 164.9178045988083 122.09584230184555 197.35421061515808 212.37383097410202 
nomask 7.995963e-05 5.692406594753265 0.0 124.33755248785019 90.54622024297714 
nomask 7.864833e-05 46.74702286720276 0.0 179.8531275987625 31.357108794152737 
nomask 7.671118e-05 141.0334676504135 54.23742896318436 205.0 241.6528875231743 
mask 7.537007e-05 95.7970005273819 76.59593445062637 194.87139284610748 143.10039848089218 
nomask 7.43866e-05 0.0 0.0 48.14202398061752 117.39914175868034 
mask 7.3224306e-05 0.0 15.830891460180283 141.99834942817688 118.03575226664543 
mask 7.131696e-05 105.59078395366669 135.822733938694 205.0 228.5761907696724 
nomask 7.125735e-05 0.0 83.17013630270958 91.88125401735306 166.93422996997833 
nomask 7.06017e-05 176.13905489444733 42.15734362602234 201.69677734375 139.70888262987137 
nomask 7.0124865e-05 160.75315803289413 47.19779020547867 184.40372198820114 129.77635538578033 
nomask 6.785989e-05 151.36096268892288 169.3186917901039 168.41835111379623 196.39773780107498 
nomask 6.5118074e-05 83.53797018527985 0.0 202.8077733516693 91.88502925634384 
mask 6.464124e-05 149.99824404716492 214.18774902820587 205.0 250.52349960803986 
mask 6.312132e-05 0.2848627232015133 240.62987035512924 10.562761034816504 251.0 
mask 6.2555075e-05 1.1060361634008586 57.39153242111206 2.499028882011771 133.65984106063843 
mask 6.240606e-05 154.4232153892517 0.0 205.0 116.91947716474533 
mask 6.142259e-05 0.0 83.17013630270958 91.88125401735306 166.93422996997833 
mask 6.0528517e-05 111.03677093982697 0.0 205.0 63.723781287670135 
mask 6.0379505e-05 129.85741525888443 26.597795575857162 169.23609226942062 161.0334346294403 
mask 6.017089e-05 68.97345572710037 15.830667048692703 205.0 122.37263891100883 
nomask 5.7965517e-05 201.23160183429718 151.12346822023392 204.9723607301712 201.79315847158432 
mask 5.6952238e-05 0.0 184.40960133075714 166.05774730443954 251.0 
mask 5.6892633e-05 0.0 0.0 26.36481784284115 77.5216019153595 
nomask 5.683303e-05 0.0 27.88860297203064 48.82602870464325 233.11847376823425 
mask 5.6266785e-05 66.45260035991669 134.15323215723038 139.22147035598755 251.0 
nomask 5.5611134e-05 146.38309597969055 96.45846056938171 205.0 248.28901946544647 
mask 5.5491924e-05 98.54616701602936 58.41989806294441 204.4669359922409 119.55084398388863 
nomask 5.5462122e-05 0.0 0.0 91.35979801416397 63.68343210220337 
nomask 5.51939e-05 154.63610619306564 139.71139603853226 183.79604905843735 219.79015189409256 
nomask 5.4985285e-05 165.707845389843 81.95648157596588 194.25190418958664 165.03907495737076 
mask 5.3793192e-05 44.9178946018219 0.0 166.5771871805191 92.37291479110718 
nomask 5.26309e-05 1.605030964128673 89.58620285987854 3.5667961463332176 161.18043911457062 
