mask 0.99975693 119.67986664175987 95.249351978302 267.85254514217377 287.862176656723 
nomask 0.0013812184 341.7915623188019 0.017604947090148926 351.0 62.11293661594391 
mask 0.0011726618 341.7915623188019 0.017604947090148926 351.0 62.11293661594391 
nomask 0.00076135993 334.7932434082031 2.276408828794956 351.0 31.590435951948166 
nomask 0.00057658553 121.07973754405975 95.02196019887924 269.7079235315323 287.8851263523102 
mask 0.00043943524 334.7932434082031 2.276408828794956 351.0 31.590435951948166 
nomask 0.00029870868 0.0 230.96879053115845 208.85821133852005 366.0 
nomask 0.00029549003 221.46498906612396 225.60419011116028 351.0 366.0 
mask 0.00027650595 0.0 239.54438495635986 195.08965677022934 366.0 
mask 0.00024446845 66.628009557724 32.94233554601669 281.75553953647614 315.23117208480835 
nomask 0.00019943714 303.428009390831 16.161445051431656 349.92862379550934 139.54974710941315 
mask 0.00017732382 0.0 77.00680911540985 185.74194645881653 344.62731063365936 
nomask 0.00017499924 101.50452688336372 0.0 253.3514964580536 146.05463325977325 
mask 0.00016403198 303.363823056221 44.707588613033295 349.86234533786774 160.4039849638939 
nomask 0.00015932322 245.8349586725235 0.0 351.0 219.02482652664185 
mask 0.00015178323 77.3717203438282 111.11017674207687 252.99315762519836 220.13771224021912 
mask 0.0001398623 199.32492971420288 117.73957371711731 351.0 241.60715246200562 
mask 0.00013762712 112.11880847811699 85.19319677352905 272.7861478328705 178.6995062828064 
nomask 0.00013232231 259.500601708889 19.099207878112793 351.0 221.317418217659 
nomask 0.00012874603 306.6394182443619 27.969952404499054 351.0 213.6945197582245 
mask 0.00012677908 0.0 247.80208683013916 23.62291431427002 366.0 
nomask 0.00012674928 57.75886192917824 0.0 297.5818644762039 102.27164250612259 
nomask 0.00012481213 341.32008147239685 152.0531535744667 349.7928031682968 205.03336572647095 
mask 0.00012341142 212.85653042793274 241.99092721939087 351.0 366.0 
nomask 0.0001232326 0.0 0.0 196.68638598918915 222.9585396051407 
mask 0.00011867285 0.0 197.74018371105194 14.96194077283144 355.32391941547394 
mask 0.00011613965 25.646164655685425 104.80580592155457 214.45533084869385 263.1780774593353 
nomask 0.00011241436 342.39200162887573 163.0406693816185 349.1601451635361 242.33144223690033 
nomask 0.000108629465 0.0 105.4902173280716 131.40753427147865 266.35479962825775 
mask 0.00010859966 341.32008147239685 152.0531535744667 349.7928031682968 205.03336572647095 
mask 0.00010827184 342.39200162887573 163.0406693816185 349.1601451635361 242.33144223690033 
nomask 0.00010544062 314.0799073576927 2.7449755668640137 344.1361418366432 46.93407994508743 
nomask 0.00010338426 0.0 0.10191017389297485 93.97965198755264 238.98595690727234 
mask 0.00010159612 121.89775764942169 59.987444669008255 206.34320747852325 232.4866772890091 
mask 0.0001001358 0.0 121.4439207315445 155.7824935913086 243.94243669509888 
nomask 9.390712e-05 294.4461486339569 296.73622620105743 351.0 366.0 
mask 9.2834234e-05 109.74317139387131 114.43553745746613 351.0 366.0 
nomask 9.277463e-05 109.74317139387131 114.43553745746613 351.0 366.0 
mask 9.2715025e-05 343.35044503211975 60.60039460659027 350.372948884964 117.14194357395172 
mask 9.2417e-05 0.0 198.99772667884827 162.48607420921326 339.64131474494934 
mask 9.146333e-05 342.67328757047653 75.92665725946426 351.0 138.11732178926468 
nomask 8.9883804e-05 222.99765747785568 332.2938344478607 351.0 366.0 
nomask 8.9496374e-05 343.35044503211975 60.60039460659027 350.372948884964 117.14194357395172 
mask 8.547306e-05 2.790996730327606 189.58577728271484 351.0 366.0 
mask 8.490682e-05 222.99765747785568 332.2938344478607 351.0 366.0 
mask 8.484721e-05 180.71131110191345 3.910545229911804 351.0 366.0 
mask 8.4638596e-05 250.55631548166275 146.92689621448517 351.0 366.0 
mask 8.377433e-05 190.57286775112152 201.89013004302979 351.0 330.745646238327 
mask 8.3476305e-05 1.4287701495923102 193.57832622528076 3.7802433762699366 297.36435413360596 
mask 8.2850456e-05 210.83177375793457 109.07652175426483 351.0 338.2242146730423 
mask 8.061528e-05 318.66466945409775 242.14337253570557 351.0 366.0 
nomask 7.998943e-05 33.58908757567406 250.92483794689178 228.92219424247742 366.0 
nomask 7.686019e-05 2.790996730327606 189.58577728271484 351.0 366.0 
mask 7.662177e-05 0.0 225.5482120513916 159.97155153751373 366.0 
nomask 7.5399876e-05 43.13793982565403 0.0 160.84317183494568 162.82661765813828 
nomask 7.510185e-05 0.0 34.568709790706635 150.3110165297985 165.9941992163658 
nomask 7.379055e-05 253.89795899391174 0.0 351.0 157.68888545036316 
mask 7.379055e-05 0.0 88.32241612672806 91.57886758446693 366.0 
nomask 7.271767e-05 294.8721467256546 2.682889223098755 351.0 328.97315311431885 
mask 7.271767e-05 2.268790236208588 216.9166395664215 6.365959033370018 303.9987795352936 
mask 7.1942806e-05 87.25734686851501 187.73679971694946 268.65416300296783 281.4037570953369 
nomask 7.125735e-05 180.71131110191345 3.910545229911804 351.0 366.0 
nomask 7.036328e-05 0.0 198.99772667884827 162.48607420921326 339.64131474494934 
nomask 6.964803e-05 335.15817242860794 6.283455401659012 351.0 115.3375346660614 
mask 6.9350004e-05 181.9264789223671 61.683786034584045 263.73200422525406 247.9555138349533 
nomask 6.7323446e-05 1.339460849761963 238.4322191476822 7.660155493766069 312.09821140766144 
mask 6.708503e-05 330.998906314373 138.52558422088623 350.30041497945786 262.37850308418274 
mask 6.681681e-05 338.7994079589844 126.684621155262 350.0754908323288 192.59637594223022 
mask 6.645918e-05 5.41356448084116 357.2507994174957 26.76599181443453 366.0 
mask 6.607175e-05 0.0 0.0 251.1498926281929 93.67824679613113 
nomask 6.5892935e-05 338.7994079589844 126.684621155262 350.0754908323288 192.59637594223022 
nomask 6.586313e-05 0.0 322.93897569179535 351.0 366.0 
nomask 6.556511e-05 206.95649242401123 113.83838725090027 267.8272304534912 228.05348110198975 
nomask 6.496906e-05 10.843389987945557 0.0 214.2322477698326 127.73820197582245 
nomask 6.452203e-05 312.8448643684387 0.39582430198788643 347.0242967605591 14.60763394832611 
nomask 6.4373016e-05 0.0 0.0 97.14942759275436 146.88522899150848 
nomask 6.3955784e-05 32.02609384059906 0.0 255.81482487916946 42.600710570812225 
mask 6.386638e-05 342.20689058303833 91.67087924480438 350.78350710868835 164.02088534832 
mask 6.338954e-05 33.58908757567406 250.92483794689178 228.92219424247742 366.0 
nomask 6.258488e-05 2.268790236208588 216.9166395664215 6.365959033370018 303.9987795352936 
mask 6.121397e-05 234.22706508636475 34.67532116174698 351.0 236.65119624137878 
mask 6.0141087e-05 3.740736247971654 124.5647411942482 13.148321159183979 338.526771068573 
mask 6.005168e-05 0.0 34.568709790706635 150.3110165297985 165.9941992163658 
mask 5.8859587e-05 210.6948443055153 355.08139872550964 267.39970511198044 366.0 
nomask 5.8680773e-05 44.08930139243603 0.0 167.99143320322037 249.25649106502533 
nomask 5.850196e-05 0.0 0.0 153.91689518094063 92.6912789940834 
nomask 5.6147575e-05 187.9401819705963 0.0 313.5855177640915 165.58851099014282 
mask 5.608797e-05 0.0 0.0 146.72674950957298 278.7338479757309 
nomask 5.5879354e-05 0.0 225.5482120513916 159.97155153751373 366.0 
nomask 5.5789948e-05 146.38240697979927 0.0 345.94647681713104 134.6910544037819 
nomask 5.5521727e-05 234.22706508636475 34.67532116174698 351.0 236.65119624137878 
mask 5.543232e-05 0.0 19.911745995283127 239.18422508239746 167.41224825382233 
mask 5.5402517e-05 108.02060097455978 181.00782680511475 168.6582346558571 285.0337357521057 
nomask 5.4895878e-05 108.02060097455978 181.00782680511475 168.6582346558571 285.0337357521057 
nomask 5.3584576e-05 48.865142315626144 37.42238008975983 76.91140097379684 66.97105121612549 
mask 5.3346157e-05 11.99226889014244 4.377665340900421 346.5012241601944 240.64199995994568 
mask 5.325675e-05 0.0 322.93897569179535 351.0 366.0 
mask 5.2690506e-05 32.02609384059906 0.0 255.81482487916946 42.600710570812225 
mask 5.2064657e-05 329.46098667383194 65.06406131386757 350.3015447258949 192.3008222579956 
mask 5.2034855e-05 294.8721467256546 2.682889223098755 351.0 328.97315311431885 
