mask 0.99982417 0.35813302 0.196165 0.8456355 0.84532785 
mask 0.031511724 0.037283555 0.0060108937 0.51852673 0.07735285 
mask 0.0069900453 0.020525292 0.0 0.45131135 0.12693875 
nomask 0.0013689101 0.3613419 0.19241652 0.85916144 0.8536743 
nomask 0.00086304545 0.037283555 0.0060108937 0.51852673 0.07735285 
mask 0.0005069077 0.27807397 0.008677325 0.48127693 0.038922753 
mask 0.0003323853 0.55363107 0.32167602 1.0 0.66409516 
mask 0.00031536818 0.0 0.783562 0.68561184 1.0 
mask 0.0002924204 0.35631746 0.0051154243 0.49741107 0.029983904 
nomask 0.00026395917 0.0 0.63958275 0.57105386 1.0 
nomask 0.00022754073 0.09520629 0.6807904 0.6450001 1.0 
nomask 0.0002271831 0.0 0.008128181 0.7443891 0.42425656 
mask 0.00021752715 0.4602681 0.1364618 1.0 1.0 
mask 0.00021651387 0.0 0.30587313 0.64202356 0.8743236 
nomask 0.00020763278 0.4602681 0.1364618 1.0 1.0 
mask 0.00019690394 0.30655745 0.6070639 0.83688676 0.8615427 
nomask 0.00019338727 0.62889415 0.9105049 1.0 1.0 
nomask 0.0001898408 0.8347955 0.8077545 1.0 1.0 
nomask 0.00018894672 0.64544314 0.6164444 1.0 1.0 
nomask 0.0001887083 0.2993115 0.0 0.71869886 0.4107292 
nomask 0.000187397 0.63912505 0.0 0.928556 0.15026402 
nomask 0.00018721819 0.61743414 0.0 1.0 0.5096861 
mask 0.00018566847 0.62889415 0.9105049 1.0 1.0 
mask 0.00018060207 0.09520629 0.6807904 0.6450001 1.0 
mask 0.0001784265 0.31003565 0.20930412 0.81639916 0.48506758 
nomask 0.0001783073 0.49231052 0.0940046 0.820657 0.46706244 
nomask 0.0001718998 0.18613625 0.0 0.8160218 0.27621683 
mask 0.00017109513 0.13619184 0.46040013 1.0 1.0 
nomask 0.00016784668 0.8194824 0.017315805 1.0 0.85637116 
mask 0.00016614795 0.11730209 0.010154319 0.4301093 0.02815482 
mask 0.00016185641 0.5464591 0.08461748 1.0 0.45382005 
nomask 0.00015673041 0.7165694 0.0 1.0 0.39112586 
mask 0.00015556812 0.90839326 0.6556273 1.0 1.0 
mask 0.00014693284 0.31265944 0.3126706 1.0 1.0 
nomask 0.00014693174 0.31265944 0.3126706 1.0 1.0 
mask 0.00014603138 0.09407221 0.92801094 0.564096 0.9834161 
mask 0.00014275312 0.5349026 0.5636318 1.0 0.915614 
nomask 0.00014075637 0.009956896 0.51606697 1.0 1.0 
nomask 0.000135988 0.0 0.8870615 1.0 1.0 
nomask 0.00013390183 0.57019985 0.0 1.0 0.26105314 
mask 0.00013309717 0.029159367 0.0070998743 0.3587417 0.20404819 
mask 0.00013029575 0.49231052 0.0940046 0.820657 0.46706244 
mask 0.00012984872 0.7074435 0.04281646 1.0 0.6165129 
mask 0.00012683868 0.8194824 0.017315805 1.0 0.85637116 
nomask 0.00012478232 0.3304956 0.12295475 0.8278589 0.36122638 
mask 0.00012284517 0.1514726 0.06354949 0.86217546 0.4656805 
mask 0.000121474266 0.0 0.6167865 0.5085785 1.0 
mask 0.000118881464 0.031448454 0.015187383 0.98637784 0.6575474 
mask 0.00011625886 0.5565373 0.30038446 1.0 0.9138362 
mask 0.00011476874 0.57019985 0.0 1.0 0.26105314 
mask 0.00011458993 0.031172484 0.8618462 0.443589 1.0 
mask 0.000113636255 0.0 0.8870615 1.0 1.0 
nomask 0.000111460686 0.0033503585 0.00024751574 0.021821925 0.15916976 
mask 0.000110924244 0.6671148 0.093943685 1.0 0.6465267 
nomask 0.0001077652 0.6671148 0.093943685 1.0 0.6465267 
nomask 0.00010201335 0.0 0.0 0.60813904 0.27526444 
mask 9.945035e-05 0.6649953 0.0 1.0 0.34056318 
nomask 9.858608e-05 0.5375892 0.0 0.8712863 0.46580958 
mask 9.831786e-05 0.0 0.058493108 0.40772247 0.94810927 
nomask 9.766221e-05 0.65318966 0.6147108 1.0 1.0 
mask 9.75728e-05 0.5487931 0.727382 1.0 1.0 
mask 9.524822e-05 0.008873552 0.0016056793 0.19620056 0.022374917 
nomask 9.521842e-05 0.0 0.0 0.47657883 0.6435 
nomask 9.506941e-05 0.5487931 0.727382 1.0 1.0 
mask 9.381771e-05 0.14925724 0.0 0.85145146 0.26186445 
mask 9.0032816e-05 0.3304956 0.12295475 0.8278589 0.36122638 
nomask 8.9108944e-05 0.020525292 0.0 0.45131135 0.12693875 
mask 8.776784e-05 0.4278891 0.0020395666 0.5394652 0.023849955 
mask 8.702278e-05 0.973238 0.0058685467 1.0 0.045918513 
nomask 8.4489584e-05 0.6131264 0.07199593 0.89294434 0.47909927 
mask 8.422136e-05 0.0 0.0 0.31876257 0.14626932 
mask 8.392334e-05 0.67389256 0.0 1.0 0.55659735 
nomask 8.2165e-05 0.0 0.0 0.40226457 0.27931324 
mask 8.058548e-05 0.009459093 0.0059971362 0.18340574 0.3625952 
mask 7.7843666e-05 0.0 0.0 0.53002656 0.56686586 
mask 7.766485e-05 0.58028287 0.78771496 1.0 1.0 
mask 7.721782e-05 0.39959157 0.12333897 0.94888556 0.5971396 
nomask 7.6532364e-05 0.0 0.0 0.31876257 0.14626932 
nomask 7.650256e-05 0.31003565 0.20930412 0.81639916 0.48506758 
mask 7.581711e-05 0.11933157 0.001087293 0.7060988 0.119326405 
mask 7.5787306e-05 0.006449789 0.67086947 0.5594108 1.0 
mask 7.468462e-05 0.60964084 0.18682739 1.0 0.8469254 
nomask 7.4356794e-05 0.40604943 0.0 1.0 0.28263348 
mask 7.390976e-05 0.6862923 0.0020765364 0.95121884 0.19624826 
mask 7.3730946e-05 0.0027484596 0.0 0.051445656 0.50841475 
nomask 7.352233e-05 0.070114 0.0 0.48503923 0.37250948 
mask 7.113814e-05 0.14231008 0.7304896 0.85698986 0.9947778 
mask 6.92904e-05 0.98334503 0.022042714 0.99993646 0.1812272 
mask 6.863475e-05 0.6455519 0.40834293 1.0 0.99906826 
nomask 6.723404e-05 0.5565775 0.0 0.8253713 0.14844951 
mask 6.67274e-05 0.01594621 0.4954973 0.5987758 0.95164376 
mask 6.657839e-05 0.07211109 0.0030503226 0.25300273 0.027896415 
nomask 6.6399574e-05 0.973238 0.0058685467 1.0 0.045918513 
nomask 6.482005e-05 0.0 0.27181828 0.37043062 0.7221824 
mask 6.41346e-05 0.0 0.0 0.4523105 0.2470491 
nomask 6.404519e-05 0.36197415 0.18124314 0.5082006 0.4812538 
mask 6.377697e-05 0.02786497 0.012056954 0.114081345 0.11201168 
nomask 6.3598156e-05 0.0 0.0 0.24732485 0.48927337 
mask 6.1661005e-05 0.0 0.0 0.12938288 0.3163416 
mask 6.130338e-05 0.5661392 0.08617057 0.93814707 0.38593876 
