mask 0.9995806 81.98458850383759 63.35110664367676 282.0839524269104 314.16823863983154 
mask 0.0010997951 86.3512247800827 0.0 220.65962255001068 27.797269821166992 
mask 0.0009307265 112.86681890487671 1.2738652527332306 196.22249901294708 15.453702211380005 
nomask 0.00048962235 83.3045706152916 61.9454026222229 284.4735860824585 320.7818031311035 
mask 0.00048670173 336.6275578737259 0.0 450.0 70.52741050720215 
mask 0.00044879317 74.04917255043983 0.1500532031059265 204.37823832035065 48.69789481163025 
nomask 0.0003014803 440.5748248100281 201.9739866256714 447.7671682834625 254.44438457489014 
mask 0.00029683113 363.36038410663605 9.434545040130615 444.80619728565216 131.22520446777344 
mask 0.0002745688 5.80727756023407 45.88784575462341 110.06089299917221 218.70808601379395 
nomask 0.00026685 22.9470893740654 322.84555435180664 379.78143095970154 400.0 
nomask 0.00021761656 377.2928774356842 324.8002052307129 450.0 400.0 
nomask 0.00020983815 103.02359461784363 249.93925094604492 427.63890624046326 400.0 
nomask 0.00020599365 86.3512247800827 0.0 220.65962255001068 27.797269821166992 
mask 0.00020503998 55.66345453262329 108.5444450378418 239.04812335968018 371.28353118896484 
nomask 0.00019025803 377.64212787151337 0.0 450.0 384.27350521087646 
mask 0.00018838048 377.2928774356842 324.8002052307129 450.0 400.0 
mask 0.00018706918 11.983197927474976 243.9526081085205 129.82318103313446 383.79573822021484 
nomask 0.00018399954 5.80727756023407 45.88784575462341 110.06089299917221 218.70808601379395 
nomask 0.00018307567 150.0981330871582 0.0 291.2254571914673 200.32124519348145 
mask 0.00018185377 11.08209639787674 176.51543617248535 110.25249660015106 347.3341941833496 
nomask 0.00017696619 283.98032784461975 364.21403884887695 450.0 400.0 
nomask 0.0001758039 0.0 17.639172077178955 89.852674305439 181.10090494155884 
mask 0.0001757145 283.98032784461975 364.21403884887695 450.0 400.0 
nomask 0.00017076731 7.315590977668762 0.0 278.410667181015 111.01721525192261 
mask 0.0001603961 376.36437714099884 15.3395414352417 450.0 79.51714396476746 
nomask 0.00015640259 443.606498837471 230.74119091033936 450.0 273.9693880081177 
mask 0.00015309453 11.992129683494568 329.0907382965088 417.1506643295288 400.0 
nomask 0.00014525652 90.1926040649414 0.0 370.8385705947876 116.97255373001099 
mask 0.00014328957 0.0 208.33265781402588 450.0 400.0 
mask 0.00014275312 431.94731175899506 6.241121888160706 449.12568032741547 64.03714418411255 
nomask 0.00014209747 140.6947374343872 125.06412267684937 450.0 400.0 
mask 0.00014209747 140.6947374343872 125.06412267684937 450.0 400.0 
mask 0.00014001131 0.0 17.639172077178955 89.852674305439 181.10090494155884 
mask 0.0001385212 48.52537214756012 197.55418300628662 293.6483234167099 306.4195394515991 
mask 0.00013828278 0.0 222.3837375640869 192.50122904777527 365.70096015930176 
mask 0.00013667345 0.0 30.63431978225708 289.1040712594986 188.36458921432495 
mask 0.00013592839 232.6426863670349 3.31571102142334 450.0 400.0 
nomask 0.00013500452 112.86681890487671 1.2738652527332306 196.22249901294708 15.453702211380005 
nomask 0.00013422966 0.0 208.33265781402588 450.0 400.0 
nomask 0.00013077259 232.6426863670349 3.31571102142334 450.0 400.0 
nomask 0.00012540817 427.6928722858429 0.05052238702774048 450.0 27.939927577972412 
mask 0.00012111664 376.85744762420654 0.0 450.0 64.41165208816528 
mask 0.00011742115 372.2416341304779 3.836679458618164 450.0 366.48738384246826 
nomask 0.00011560321 45.13921067118645 0.0 231.34825229644775 168.11586618423462 
nomask 0.000111192465 108.6699865758419 60.172802209854126 184.28522050380707 176.62200927734375 
mask 0.00011116266 295.7848370075226 40.34956693649292 450.0 258.75706672668457 
mask 0.00011065602 3.3615052700042725 12.319350242614746 440.5363082885742 263.14117908477783 
nomask 0.000108510256 89.51969146728516 52.953481674194336 157.68840909004211 176.9012212753296 
mask 0.00010830164 0.0 170.6814169883728 144.30834352970123 387.15758323669434 
mask 0.00010806322 122.06585705280304 7.918587327003479 172.67616391181946 38.11253011226654 
mask 0.000108003616 0.0 64.68371152877808 116.04090481996536 325.59776306152344 
mask 0.00010672212 410.72342097759247 5.854809284210205 450.0 112.55775690078735 
nomask 0.000104397535 0.0 0.0 120.39569914340973 167.75777339935303 
nomask 0.0001026392 295.7848370075226 40.34956693649292 450.0 258.75706672668457 
nomask 9.942055e-05 431.94731175899506 6.241121888160706 449.12568032741547 64.03714418411255 
nomask 9.924173e-05 309.8969578742981 0.0 450.0 236.8244171142578 
mask 9.864569e-05 0.0 0.0 301.21867060661316 104.03001308441162 
mask 9.581447e-05 62.87021487951279 3.9786726236343384 103.6629393696785 47.437867522239685 
mask 9.569526e-05 0.0 132.51259326934814 197.11658656597137 266.01479053497314 
mask 9.447336e-05 427.6928722858429 0.05052238702774048 450.0 27.939927577972412 
nomask 8.967519e-05 291.26354455947876 253.21435928344727 450.0 400.0 
nomask 8.943677e-05 74.04917255043983 0.1500532031059265 204.37823832035065 48.69789481163025 
mask 8.893013e-05 98.27521294355392 46.5096116065979 312.5315845012665 152.2761583328247 
mask 8.7976456e-05 45.91028541326523 273.1621742248535 299.41064715385437 400.0 
mask 8.7976456e-05 0.0 0.0 205.04459291696548 257.5321674346924 
mask 8.72314e-05 46.86246961355209 80.25100231170654 273.13631772994995 198.86832237243652 
mask 8.687377e-05 153.99180203676224 1.9533291459083557 230.97786605358124 10.687626898288727 
mask 8.612871e-05 49.913958460092545 220.24717330932617 209.5104843378067 400.0 
mask 8.562207e-05 150.0981330871582 0.0 291.2254571914673 200.32124519348145 
nomask 8.276105e-05 0.0 41.488319635391235 187.20449656248093 181.339693069458 
mask 8.264184e-05 0.0 41.488319635391235 187.20449656248093 181.339693069458 
mask 8.2433224e-05 432.2162836790085 350.6514310836792 445.339635014534 400.0 
nomask 8.0913305e-05 373.27254116535187 1.7578065395355225 450.0 61.11542582511902 
mask 8.08835e-05 0.0 254.05128002166748 168.23002696037292 400.0 
mask 7.596612e-05 432.5606793165207 384.89699363708496 450.0 400.0 
mask 7.465482e-05 0.0 65.18654823303223 54.14653792977333 307.4038028717041 
mask 7.432699e-05 387.6662939786911 0.0 450.0 36.08044385910034 
nomask 7.197261e-05 122.06585705280304 7.918587327003479 172.67616391181946 38.11253011226654 
mask 7.1674585e-05 0.0 143.53182315826416 294.50483322143555 339.7899389266968 
mask 6.887317e-05 90.1926040649414 0.0 370.8385705947876 116.97255373001099 
nomask 6.8724155e-05 437.1362864971161 53.4767746925354 449.43909645080566 105.19579648971558 
nomask 6.80387e-05 443.95802915096283 254.24888134002686 450.0 296.16034030914307 
mask 6.759167e-05 436.6611063480377 24.821317195892334 448.61592650413513 84.7941517829895 
nomask 6.559491e-05 98.27521294355392 46.5096116065979 312.5315845012665 152.2761583328247 
mask 6.5505505e-05 56.411951780319214 0.922587513923645 117.404405772686 11.731746792793274 
nomask 6.446242e-05 0.0 0.0 183.30015242099762 101.99027061462402 
mask 6.425381e-05 138.988396525383 7.976619899272919 192.4395114183426 40.535968542099 
mask 6.425381e-05 45.40480971336365 33.668941259384155 181.5131038427353 174.76606369018555 
mask 6.407499e-05 443.52192878723145 134.77513790130615 449.1141736507416 240.04433155059814 
mask 6.407499e-05 125.89379847049713 35.64981818199158 275.90379416942596 209.82794761657715 
mask 6.28531e-05 444.83551383018494 273.99396896362305 450.0 321.8717098236084 
mask 6.109476e-05 112.88114190101624 256.8173408508301 414.65470790863037 400.0 
mask 6.1005354e-05 243.1438833475113 4.217725992202759 450.0 178.90691757202148 
mask 5.9962273e-05 0.0 1.816701889038086 56.86240196228027 223.72517585754395 
nomask 5.978346e-05 387.6662939786911 0.0 450.0 36.08044385910034 
nomask 5.9515238e-05 107.77419582009315 32.07675218582153 144.81805711984634 64.82235193252563 
nomask 5.8472157e-05 0.0 29.19609546661377 54.819393530488014 260.3330612182617 
nomask 5.8293343e-05 436.5719497203827 69.71215009689331 450.0 120.26547193527222 
mask 5.7965517e-05 312.3656094074249 0.0 450.0 52.26166248321533 
mask 5.748868e-05 242.52512454986572 0.0 450.0 106.16703033447266 
