mask 0.9973285 79.11058 37.571 157.06982 115.42898 
mask 0.005255908 18.06341 4.569739 181.05363 183.13947 
mask 0.0013517737 6.417747 6.1940374 128.91849 135.71587 
nomask 0.001183182 0.0 0.0 75.83009 34.591503 
nomask 0.0010402799 0.0 0.0 137.43553 54.82252 
nomask 0.00082692504 188.34052 0.0 213.0 189.12375 
nomask 0.0007708967 88.0805 0.0 213.0 23.524826 
nomask 0.0007441938 11.231635 157.15526 179.32446 191.0 
nomask 0.00073075294 129.89653 28.884151 213.0 186.79558 
nomask 0.0007275939 3.1746743 0.0 89.446266 10.422422 
nomask 0.00072425604 30.14341 0.0 188.717 49.189945 
nomask 0.0007061064 0.0 0.0 97.88833 47.860596 
mask 0.00065743923 0.0 0.0 137.43553 54.82252 
nomask 0.0006403923 0.0 0.0 54.012486 153.76831 
nomask 0.0006108284 0.0 0.0 51.813477 92.19074 
nomask 0.0006071031 1.6967161 0.029487245 149.64745 21.74491 
mask 0.00058570504 1.345195 98.15667 213.0 191.0 
nomask 0.00058338046 0.0 9.991535 82.32876 97.66329 
mask 0.00057694316 138.68887 0.0 213.0 11.762241 
mask 0.00057289004 66.028145 25.331976 168.93895 75.11931 
nomask 0.00056406856 40.38031 139.36568 208.05342 191.0 
nomask 0.00056129694 178.87337 156.0028 213.0 191.0 
nomask 0.00056034327 0.0 0.0 67.229 28.180582 
mask 0.0005557537 0.0 167.05417 213.0 191.0 
mask 0.0005492568 107.276184 16.06054 160.47464 105.874 
nomask 0.0005464554 97.854744 25.078358 213.0 191.0 
mask 0.0005440712 97.854744 25.078358 213.0 191.0 
mask 0.00054079294 30.14341 0.0 188.717 49.189945 
mask 0.00053843856 74.66427 15.110089 126.844 106.1567 
nomask 0.0005028248 0.0 0.007309997 54.70053 2.7054348 
nomask 0.00050005317 138.68887 0.0 213.0 11.762241 
nomask 0.00049212575 0.0 151.60341 153.42801 191.0 
mask 0.00048446655 42.910187 13.622133 175.13332 92.8787 
nomask 0.0004837811 0.0 12.145839 62.574474 73.1515 
nomask 0.00048351288 1.345195 98.15667 213.0 191.0 
nomask 0.00047695637 164.51135 115.53936 213.0 191.0 
nomask 0.00047311187 139.10323 171.68808 213.0 191.0 
nomask 0.00047013164 53.61042 25.248117 190.35837 171.98708 
nomask 0.00046625733 0.0 0.0 28.645496 63.20725 
mask 0.00046089292 191.81537 129.62477 213.0 191.0 
nomask 0.0004592538 79.35579 37.656925 157.3067 115.616455 
mask 0.00045627356 72.9241 0.0 212.44502 22.718714 
nomask 0.00045382977 143.16293 0.0 213.0 117.87136 
mask 0.00045338273 137.41483 0.0 213.0 24.213432 
mask 0.00043791533 0.0 0.0 97.88833 47.860596 
mask 0.00043600798 139.10323 171.68808 213.0 191.0 
nomask 0.00042295456 14.289803 0.0 107.03906 78.71491 
nomask 0.00041925907 0.21379867 130.22862 38.604618 191.0 
mask 0.0004104823 66.59687 59.720013 213.0 191.0 
nomask 0.00041047958 66.59687 59.720013 213.0 191.0 
nomask 0.0004028082 0.0 0.0 47.67067 39.32949 
mask 0.0003938675 0.0 0.0 75.83009 34.591503 
nomask 0.000392586 140.75511 0.9988322 213.0 25.131542 
nomask 0.00038945675 144.71252 16.994404 213.0 123.7731 
mask 0.000387609 19.584074 133.75894 140.26433 191.0 
mask 0.0003850162 0.21379867 130.22862 38.604618 191.0 
nomask 0.0003812909 137.78859 136.82138 213.0 191.0 
mask 0.00038072467 1.3878275 149.758 95.51489 187.14563 
mask 0.00037527084 3.1746743 0.0 89.446266 10.422422 
mask 0.00037157536 0.0 0.0 67.229 28.180582 
nomask 0.00035604835 1.3054985 0.0 62.981728 55.91677 
mask 0.00035226345 1.6967161 0.029487245 149.64745 21.74491 
nomask 0.0003489256 0.0 13.649266 94.61336 184.29222 
mask 0.00034356117 0.0 0.007309997 54.70053 2.7054348 
mask 0.0003413856 72.51186 0.0 142.85295 96.48354 
mask 0.00031769276 144.71252 16.994404 213.0 123.7731 
mask 0.00031718612 0.0 151.60341 153.42801 191.0 
nomask 0.00031501055 0.0 0.0 30.372084 114.76648 
mask 0.00031289458 0.0 0.0 28.645496 63.20725 
nomask 0.0003094077 0.0 63.417934 100.38506 126.6357 
nomask 0.00030565262 0.0 0.0 72.8243 67.187096 
mask 0.00029984117 0.0 162.59245 57.787495 191.0 
mask 0.00029602647 0.0 17.384897 97.84415 86.92589 
mask 0.000292629 4.0964518 184.26312 40.00112 189.83942 
nomask 0.0002911985 6.5809007 11.40496 128.39969 100.67014 
nomask 0.00028789043 72.51186 0.0 142.85295 96.48354 
nomask 0.00028443336 1.3878275 149.758 95.51489 187.14563 
nomask 0.00028291345 0.0 114.87676 94.3672 191.0 
mask 0.00028124452 126.58377 152.6139 213.0 191.0 
nomask 0.00027635694 153.68176 0.0 213.0 78.44559 
mask 0.00027313828 1.3372095 176.63828 89.521805 190.4861 
mask 0.00027289987 0.0 8.673881 25.38885 172.9915 
mask 0.00027278066 164.51135 115.53936 213.0 191.0 
mask 0.00026613474 0.0 0.0 54.012486 153.76831 
mask 0.0002603531 188.34052 0.0 213.0 189.12375 
mask 0.00025877357 0.18666461 0.0 45.31886 72.181404 
mask 0.0002578795 0.0 0.0 51.813477 92.19074 
mask 0.00025355816 18.648014 38.501427 137.24245 90.05758 
nomask 0.00025340915 92.65022 2.6007633 213.0 45.901237 
mask 0.00025105476 0.0 60.145397 149.3834 125.829765 
mask 0.00024864078 52.364197 0.0 166.19182 71.81427 
mask 0.00024145842 2.361994 0.0 5.134868 41.559155 
nomask 0.00023961067 2.2594047 0.0 43.635204 82.94221 
nomask 0.0002374947 0.0 105.4989 109.84242 173.96664 
mask 0.00023433566 0.0 13.649266 94.61336 184.29222 
nomask 0.00023391843 98.600975 0.0 182.90764 38.096046 
mask 0.00023087859 24.005974 0.0 97.874344 90.74934 
mask 0.00022864342 81.68285 5.5700936 169.86954 140.70541 
mask 0.0002245903 116.2721 17.241282 213.0 87.31141 
nomask 0.00021997094 0.0 143.38 114.611786 191.0 
