mask 0.92919457 9.058277159929276 129.23911035060883 245.68617010116577 428.2002294063568 
mask 0.0007556081 149.81577962636948 82.5091752409935 251.82002538442612 408.5857430100441 
nomask 0.00072062016 3.1675690189003944 220.92524379491806 71.29383739829063 363.3341524004936 
nomask 0.0005862713 207.6224377155304 0.0 297.0 274.7020420432091 
mask 0.0005515516 0.0 21.242913603782654 286.31052750349045 306.9926592707634 
mask 0.0005390346 0.0 358.83503407239914 223.27169501781464 455.0 
nomask 0.0005157888 112.37218630313873 0.0 251.90806031227112 347.76300370693207 
mask 0.00050857663 290.46532291173935 76.70111142098904 296.5565680861473 168.54486018419266 
mask 0.00046232343 0.0 140.81891059875488 77.92293119430542 455.0 
mask 0.00043174624 2.137400597333908 0.0 124.0128980576992 345.50015568733215 
mask 0.00041908026 184.03105974197388 222.70142138004303 297.0 429.93477761745453 
nomask 0.00039622188 290.46532291173935 76.70111142098904 296.5565680861473 168.54486018419266 
nomask 0.00039300323 265.07435381412506 0.0 297.0 455.0 
mask 0.00038343668 5.992393970489502 101.3738040626049 174.03227108716965 344.30665373802185 
mask 0.00036132336 112.37218630313873 0.0 251.90806031227112 347.76300370693207 
nomask 0.0003605187 200.74204695224762 40.55617690086365 297.0 293.2046580314636 
nomask 0.0003284514 0.0 4.283859208226204 206.65658497810364 200.56799173355103 
mask 0.00032821298 166.534113407135 152.58619219064713 297.0 302.1137508749962 
mask 0.00032424927 200.74204695224762 40.55617690086365 297.0 293.2046580314636 
mask 0.00031548738 0.05022221803665161 236.80260568857193 297.0 455.0 
mask 0.00031092763 0.6870631109923124 237.16994762420654 17.247877679765224 393.509156703949 
nomask 0.00030970573 0.6870631109923124 237.16994762420654 17.247877679765224 393.509156703949 
nomask 0.0003065169 184.45206248760223 416.6751304268837 297.0 455.0 
nomask 0.0003015995 10.002479642629623 380.71657210588455 240.89355075359344 455.0 
mask 0.00029456615 0.0 4.283859208226204 206.65658497810364 200.56799173355103 
mask 0.0002913773 184.45206248760223 416.6751304268837 297.0 455.0 
nomask 0.0002888739 0.05022221803665161 236.80260568857193 297.0 455.0 
nomask 0.00028845668 245.90125644207 358.7924826145172 297.0 455.0 
mask 0.00028523803 215.01698219776154 100.47014832496643 297.0 368.11572670936584 
nomask 0.000274688 2.7404301166534424 110.25345802307129 243.8927571773529 430.3274768590927 
mask 0.0002734065 0.0 331.1950281262398 221.7462991476059 451.17055863142014 
mask 0.00026980042 191.72329080104828 287.88556307554245 297.0 455.0 
nomask 0.0002683103 2.137400597333908 0.0 124.0128980576992 345.50015568733215 
mask 0.00025981665 92.85913744568825 142.2607785463333 297.0 455.0 
nomask 0.00025975704 92.85913744568825 142.2607785463333 297.0 455.0 
mask 0.00025710464 3.9904844909906387 256.1878728866577 135.92665439844131 455.0 
mask 0.00024440885 88.74320805072784 139.63671773672104 266.28744077682495 348.8895460963249 
mask 0.00024423003 2.52396297454834 372.8996604681015 94.40720146894455 455.0 
nomask 0.00024369359 0.0 358.83503407239914 223.27169501781464 455.0 
mask 0.0002373159 0.0 301.1372098326683 106.28179970383644 455.0 
mask 0.0002348423 245.90125644207 358.7924826145172 297.0 455.0 
nomask 0.00021880865 154.0491921901703 3.160550892353058 297.0 455.0 
mask 0.000218153 154.0491921901703 3.160550892353058 297.0 455.0 
mask 0.00021779537 233.04973250627518 0.0 297.0 315.5688798427582 
nomask 0.0002169311 182.75927102565765 278.42300295829773 297.0 455.0 
mask 0.00021484494 172.45760893821716 360.4196894168854 297.0 455.0 
mask 0.00021341443 174.0927253961563 1.7172794789075851 297.0 206.42886519432068 
mask 0.00021243095 2.210754554718733 263.3399349451065 6.957915337756276 370.5117344856262 
nomask 0.00021111965 201.3274712562561 287.8590124845505 297.0 455.0 
nomask 0.00020840764 2.210754554718733 263.3399349451065 6.957915337756276 370.5117344856262 
mask 0.00020688772 191.65371966362 149.631035476923 297.0 410.16719818115234 
mask 0.00018852949 265.07435381412506 0.0 297.0 455.0 
mask 0.0001821816 0.0 254.04486864805222 160.4246522784233 409.76275593042374 
mask 0.00017526746 0.0 149.35857325792313 155.71663355827332 305.2536904811859 
mask 0.00017401576 163.1966106891632 335.5194929242134 297.0 455.0 
nomask 0.00016713142 0.0 0.0 70.65480968356133 201.33356541395187 
nomask 0.00016656518 166.534113407135 152.58619219064713 297.0 302.1137508749962 
nomask 0.00016060472 215.01698219776154 100.47014832496643 297.0 368.11572670936584 
mask 0.00016009808 0.0 341.91872775554657 142.82799616456032 455.0 
nomask 0.00015705824 0.0 8.752718269824982 87.20511943101883 281.8449103832245 
mask 0.00015503168 0.0 0.0 72.33188125491142 322.01695799827576 
mask 0.00015112758 0.0 395.45724868774414 274.40223240852356 455.0 
mask 0.00015071034 0.0 85.90744748711586 101.24177795648575 377.046759724617 
nomask 0.00014159083 219.28466695547104 11.188104450702667 297.0 277.2817072272301 
nomask 0.00014090538 97.96294158697128 0.0 195.8261999487877 207.51691058278084 
mask 0.00013965368 0.0 208.91053184866905 39.93815231323242 455.0 
nomask 0.00013953447 3.9904844909906387 256.1878728866577 135.92665439844131 455.0 
mask 0.00012522936 294.48432183265686 173.44165429472923 297.0 282.0898050069809 
nomask 0.00012397766 191.31167042255402 36.742478758096695 297.0 231.37741684913635 
nomask 0.00012123585 163.1966106891632 335.5194929242134 297.0 455.0 
mask 0.000117987394 0.0 65.69356590509415 32.12242363393307 374.7165182232857 
nomask 0.00011649728 0.0 0.0 214.80044424533844 119.69726458191872 
nomask 0.000114142895 33.71038484573364 4.2540135234594345 289.0630484819412 216.04115545749664 
mask 0.00011342764 266.8196334242821 48.753760010004044 297.0 289.7953885793686 
mask 0.00011327863 36.27954250574112 350.77984511852264 297.0 455.0 
nomask 0.00010988116 0.0 260.4675894975662 12.494381032884121 428.59086751937866 
mask 0.000109016895 3.1675690189003944 220.92524379491806 71.29383739829063 363.3341524004936 
mask 0.00010612607 0.0 261.4182037115097 61.14934766292572 430.50983250141144 
mask 0.000105798244 0.0 46.03893496096134 132.8942821919918 207.9422488808632 
nomask 0.000105559826 292.40533089637756 106.63827911019325 296.6041349172592 191.97220399975777 
mask 0.00010544062 0.0 260.4675894975662 12.494381032884121 428.59086751937866 
mask 0.00010532141 3.6618936359882355 352.17834800481796 49.826215758919716 455.0 
nomask 0.00010415912 247.00837576389313 33.698198571801186 297.0 175.41376113891602 
nomask 0.00010022521 34.478030651807785 0.0 136.87874338030815 204.39998239278793 
nomask 9.6708536e-05 233.64760172367096 73.74116122722626 297.0 455.0 
nomask 9.611249e-05 0.0 0.0 126.17538321018219 115.55507406592369 
nomask 9.563565e-05 162.76181763410568 247.25787043571472 297.0 413.8080734014511 
nomask 9.498e-05 266.8196334242821 48.753760010004044 297.0 289.7953885793686 
mask 9.343028e-05 225.94205832481384 163.78300219774246 297.0 455.0 
mask 9.304285e-05 0.0 287.61653155088425 88.23888811469078 396.35549396276474 
nomask 9.229779e-05 0.0 46.03893496096134 132.8942821919918 207.9422488808632 
nomask 9.1046095e-05 163.92755019664764 2.2298714448697865 225.2949582338333 7.288565216585994 
mask 9.101629e-05 185.7514495253563 143.87183532118797 247.68771225214005 373.67562115192413 
nomask 9.047985e-05 185.70391809940338 0.0 297.0 170.38186818361282 
nomask 8.9257956e-05 97.98942464590073 3.8207900524139404 201.0011596083641 313.5840129852295 
mask 8.8989735e-05 1.8176877242513 284.6843048930168 4.941038880497217 391.7234870791435 
mask 8.866191e-05 292.40533089637756 106.63827911019325 296.6041349172592 191.97220399975777 
nomask 8.690357e-05 277.48173773288727 41.24579392373562 294.80951821804047 184.86753433942795 
mask 8.645654e-05 277.48173773288727 41.24579392373562 294.80951821804047 184.86753433942795 
mask 8.520484e-05 33.061071932315826 138.32128375768661 212.53047788143158 265.08343279361725 
