mask 0.97039664 0.02611366 0.28335854 0.8428118 0.9389899 
mask 0.0022855103 0.97150743 0.13017635 0.9965162 0.33781302 
nomask 0.0022400022 0.97150743 0.13017635 0.9965162 0.33781302 
nomask 0.0012601614 0.9529109 0.09179646 0.9959103 0.4119647 
mask 0.0010750592 0.9529109 0.09179646 0.9959103 0.4119647 
mask 0.000934124 0.5013395 0.17681101 0.85198957 0.90345764 
nomask 0.0004464984 0.7869914 0.0 1.0 0.69128364 
mask 0.0004169941 0.0 0.04676628 0.961828 0.67627317 
nomask 0.00035440922 0.59155107 0.003561318 1.0 0.4487763 
mask 0.00034722686 0.018877 0.2359336 0.5801445 0.7642154 
nomask 0.0003401935 0.9777476 0.07904185 0.9983918 0.24017476 
mask 0.00032687187 0.9777476 0.07904185 0.9983918 0.24017476 
mask 0.00031542778 0.0 0.3210525 0.26207912 1.0 
mask 0.00030851364 0.0 0.79044735 0.7738931 1.0 
mask 0.00030845404 0.04015562 0.82696104 0.33098388 1.0 
mask 0.0003079474 0.54850066 0.3336084 1.0 0.66500837 
mask 0.0002976954 0.9882792 0.29583284 1.0 0.5997882 
mask 0.00029668212 0.5447967 0.54760945 1.0 0.9164674 
nomask 0.000290066 0.012671627 0.536964 0.19370905 0.83376426 
mask 0.0002707541 0.0 0.52056 1.0 1.0 
nomask 0.00025716424 0.37934208 0.0 0.8503064 0.7658305 
nomask 0.0002503395 0.9608863 0.19853283 0.9947087 0.6763871 
nomask 0.00024846196 0.0 0.52056 1.0 1.0 
mask 0.00024816394 0.007390663 0.0 0.41666418 0.7604898 
mask 0.00024396181 0.37934208 0.0 0.8503064 0.7658305 
nomask 0.0002437532 0.9882792 0.29583284 1.0 0.5997882 
mask 0.0002336519 0.31265482 0.31266066 1.0 1.0 
nomask 0.0002336501 0.31265482 0.31266066 1.0 1.0 
mask 0.00023317337 0.65828335 0.45532078 1.0 0.9990111 
mask 0.00022366643 0.016094193 0.56451476 0.44549412 1.0 
mask 0.00022226572 0.9849718 0.1939621 0.9993594 0.5005373 
nomask 0.00022125244 0.8904748 0.0 1.0 1.0 
mask 0.00022083521 0.28061292 0.2980374 0.9025904 0.7682241 
mask 0.0002208054 0.0 0.6631926 0.35181865 1.0 
nomask 0.00021871924 0.67995614 0.087254316 1.0 0.64447033 
nomask 0.00021237135 0.8985687 0.100982055 0.9903036 0.53879064 
mask 0.00020867586 0.0 0.009399906 0.6980213 0.43882102 
nomask 0.00020173192 0.9849718 0.1939621 0.9993594 0.5005373 
mask 0.00019940734 0.7869914 0.0 1.0 0.69128364 
mask 0.0001975298 0.67995614 0.087254316 1.0 0.64447033 
nomask 0.00019654632 0.0 0.009399906 0.6980213 0.43882102 
nomask 0.00018948317 0.05903451 0.0 0.52079755 0.04329171 
mask 0.00018625063 0.51826584 0.006961584 1.0 1.0 
nomask 0.00018574907 0.51826584 0.006961584 1.0 1.0 
nomask 0.00017592311 0.00909248 0.24432516 0.8227985 0.89824283 
nomask 0.00017547607 0.6169963 0.9173103 1.0 1.0 
nomask 0.00017043948 0.032167047 0.8395991 0.81692946 1.0 
mask 0.0001681745 0.6169963 0.9173103 1.0 1.0 
nomask 0.00016799569 0.0 0.0 0.32535976 0.33893138 
mask 0.00016671419 0.0 0.15413266 0.10907018 0.80463016 
mask 0.00016665459 0.9608863 0.19853283 0.9947087 0.6763871 
mask 0.00016501546 0.59155107 0.003561318 1.0 0.4487763 
nomask 0.00016415119 0.8766785 0.05420111 0.99200124 0.36143368 
nomask 0.00016149879 0.62897575 0.28111672 1.0 0.7279098 
mask 0.00016146898 0.718327 0.20847046 1.0 0.82191014 
mask 0.00015491247 0.98806137 0.41944635 1.0 0.6641158 
mask 0.00015231967 0.0 0.7277884 0.7397232 0.9893274 
nomask 0.0001500845 0.8240454 0.7862253 1.0 1.0 
nomask 0.00013926625 0.90782505 0.18312824 1.0 0.76609135 
mask 0.00013685226 0.0 0.3301385 0.51529735 0.6725425 
mask 0.00013613701 0.0 0.74684 0.47628593 1.0 
nomask 0.00012996793 0.6442673 0.078514665 1.0 0.50546 
nomask 0.00012919307 0.007390663 0.0 0.41666418 0.7604898 
mask 0.00012910366 0.0 0.55789465 0.54129994 0.900809 
mask 0.00012472272 0.6214467 0.30338025 0.83944774 0.8354888 
mask 0.00012430549 0.58123994 0.7904154 1.0 1.0 
nomask 0.00012418628 0.76274943 0.0 1.0 0.709044 
mask 0.00012409687 0.0 0.02041915 0.29013324 0.6152998 
nomask 0.00012344122 0.6178019 0.4899446 1.0 0.9481152 
mask 0.00012293458 0.19609682 8.9103356e-05 0.6176139 0.049956955 
mask 0.00012269616 0.9038606 0.6408572 1.0 1.0 
mask 0.000121712685 0.5494277 0.7394119 1.0 1.0 
nomask 0.000121593475 0.39036167 0.006297296 0.61108947 0.018296394 
nomask 0.00012075901 0.0 0.79044735 0.7738931 1.0 
nomask 0.000115543604 0.0 0.02041915 0.29013324 0.6152998 
mask 0.00011408329 0.90782505 0.18312824 1.0 0.76609135 
nomask 0.00011116266 0.68445694 0.6040349 1.0 1.0 
mask 0.00011116266 0.64269114 0.33269787 1.0 0.9032043 
nomask 0.0001103878 0.0 0.0 0.42601997 0.25436416 
nomask 0.000110358 0.016094193 0.56451476 0.44549412 1.0 
nomask 0.000109910965 0.6759353 0.6374012 1.0 1.0 
mask 0.00010749698 0.0 0.5799737 0.20391342 0.94569623 
mask 0.000105679035 0.023786508 0.89693797 0.12849092 0.97976184 
mask 0.00010487437 0.95894945 5.1181763e-05 0.9950079 0.06861228 
nomask 0.00010293722 0.8934967 0.14334904 1.0 0.3074581 
mask 0.0001026988 0.8904748 0.0 1.0 1.0 
mask 0.000102579594 0.029107615 0.8316088 0.12186563 0.93749344 
nomask 0.00010022521 0.53337115 0.0 0.88362414 0.4529485 
mask 9.9629164e-05 0.0 0.9686439 0.2053341 0.9862143 
mask 9.807944e-05 0.9788589 0.020155318 0.99784034 0.16718367 
mask 9.316206e-05 0.0 0.63196397 0.29838514 0.8722173 
nomask 9.152293e-05 0.33049366 0.0 0.66132784 0.46367577 
nomask 9.062886e-05 0.0 0.0 0.70758116 0.26336527 
nomask 9.030104e-05 0.11538303 0.0 0.45515996 0.44944984 
mask 8.687377e-05 0.0 0.099146724 0.44031322 0.45514518 
nomask 8.627772e-05 0.9788589 0.020155318 0.99784034 0.16718367 
nomask 8.523464e-05 0.5494277 0.7394119 1.0 1.0 
mask 8.517504e-05 0.0030569509 0.5689285 0.046406887 0.9362705 
nomask 8.368492e-05 0.7915674 0.13964161 1.0 0.30620557 
mask 8.2701445e-05 0.008678213 0.6121225 0.27874726 1.0 
