mask 0.9999558 57.43571773171425 27.39446049928665 179.4424673318863 159.4742031097412 
nomask 0.035651654 59.12089033424854 26.903141617774963 182.56768655776978 158.59318363666534 
nomask 0.0072599947 1.8877100944519043 105.89768266677856 31.170824512839317 163.34060096740723 
mask 0.0062169135 3.298822307959199 108.03733277320862 12.460968770086765 169.17155742645264 
nomask 0.0059818327 3.298822307959199 108.03733277320862 12.460968770086765 169.17155742645264 
nomask 0.0058404505 1.725201583467424 120.69155037403107 7.419548388570547 158.65976512432098 
mask 0.005676359 0.0 64.63774877786636 42.70007798075676 133.21121740341187 
mask 0.005124688 2.243507525883615 116.77973186969757 7.7656710259616375 154.04783499240875 
mask 0.0031078458 1.8877100944519043 105.89768266677856 31.170824512839317 163.34060096740723 
mask 0.00080269575 0.0 55.639985740184784 164.1879079937935 168.98518013954163 
nomask 0.00076928735 3.4776597023010254 126.05804371833801 28.33608115464449 156.23529934883118 
nomask 0.00071904063 10.784545429050922 108.07446253299713 47.966677993535995 165.84113013744354 
nomask 0.0006672144 178.04973310232162 79.74593591690063 194.98926049470901 101.60552406311035 
mask 0.00063094497 5.556415922939777 118.61302387714386 28.24799033254385 144.46102583408356 
mask 0.0005476475 255.94968402385712 77.70563191175461 259.0 124.86481511592865 
mask 0.0004875958 254.97237569093704 85.13600105047226 258.5495770573616 126.752570271492 
nomask 0.00047123432 5.556415922939777 118.61302387714386 28.24799033254385 144.46102583408356 
nomask 0.00044748187 254.97237569093704 85.13600105047226 258.5495770573616 126.752570271492 
nomask 0.00042381883 86.2436511516571 0.0 169.1062974333763 100.84386098384857 
nomask 0.00042372942 255.94968402385712 77.70563191175461 259.0 124.86481511592865 
nomask 0.00042289495 2.818971434608102 131.66618692874908 9.17903857678175 165.04631507396698 
nomask 0.00039595366 5.191530808806419 29.585648238658905 59.703590378165245 117.65157008171082 
nomask 0.0003501475 214.53670847415924 156.18639814853668 259.0 194.0 
mask 0.00034832954 4.085309807211161 63.15614879131317 15.390195082873106 151.25185191631317 
mask 0.00034451485 0.0 117.44315314292908 15.83680011332035 189.86572670936584 
mask 0.0003402233 3.4776597023010254 126.05804371833801 28.33608115464449 156.23529934883118 
mask 0.00032812357 4.3332618325948715 108.82206463813782 30.758895233273506 134.6112093925476 
mask 0.00032103062 13.268407508730888 101.28511655330658 47.02635815739632 157.26294147968292 
mask 0.00030878186 214.53670847415924 156.18639814853668 259.0 194.0 
nomask 0.00029960275 13.551992416381836 155.76755225658417 219.54065310955048 194.0 
nomask 0.00029703975 44.341373056173325 0.0 222.10159707069397 50.96491998434067 
mask 0.00027507544 2.818971434608102 131.66618692874908 9.17903857678175 165.04631507396698 
nomask 0.00026997924 62.00405180454254 121.12731337547302 246.1794412136078 194.0 
mask 0.00025895238 0.0 108.18389761447906 173.99512386322021 181.39520394802094 
nomask 0.00025826693 162.70592898130417 176.78266096115112 259.0 194.0 
mask 0.00025454164 162.70592898130417 176.78266096115112 259.0 194.0 
nomask 0.0002513826 218.3711929321289 0.0 259.0 186.1701534986496 
mask 0.00024998188 5.191530808806419 29.585648238658905 59.703590378165245 117.65157008171082 
nomask 0.00022855401 3.9785172939300537 0.0 158.4706689119339 54.970655620098114 
nomask 0.00022807717 180.70771783590317 72.28984421491623 195.59450715780258 95.79682117700577 
nomask 0.00021955371 0.0 7.248108386993408 49.61857098340988 85.54053735733032 
nomask 0.00021898746 171.40849173069 61.426874458789825 200.51992070674896 125.14549112319946 
nomask 0.00021883845 26.048623979091644 0.0 133.83554273843765 79.74956101179123 
mask 0.0002155006 131.06402987241745 188.54169404506683 176.74084049463272 193.9890033006668 
nomask 0.0002117753 248.55487149953842 49.74497437477112 258.78953915834427 142.75511515140533 
nomask 0.00021100044 256.91070568561554 68.26176249980927 259.0 113.46644139289856 
mask 0.00020641088 7.640826165676117 161.01519799232483 237.98811012506485 194.0 
mask 0.00020617247 0.0 0.0 162.25552147626877 95.48059958219528 
nomask 0.00020450354 20.57938612997532 117.6715167760849 41.01249711215496 142.1276673078537 
nomask 0.00020048022 85.44238552451134 18.477195382118225 192.31730473041534 81.06323873996735 
mask 0.00019839406 248.40841495990753 62.03901827335358 257.2654000520706 142.6546300649643 
mask 0.00019818544 44.341373056173325 0.0 222.10159707069397 50.96491998434067 
nomask 0.00019600987 167.3168168067932 81.51292395591736 186.17113184928894 103.3088561296463 
mask 0.00019075659 80.97756829857826 60.65602433681488 259.0 194.0 
nomask 0.00019075534 80.97756829857826 60.65602433681488 259.0 194.0 
mask 0.00018673216 133.91836547851562 1.5524309873580933 259.0 194.0 
mask 0.00018638372 0.0 101.08885264396667 259.0 194.0 
nomask 0.00018140096 133.91836547851562 1.5524309873580933 259.0 194.0 
mask 0.00017747283 86.2436511516571 0.0 169.1062974333763 100.84386098384857 
nomask 0.00017607212 0.0 43.012077540159225 41.65233172476292 136.72303819656372 
nomask 0.00017488003 0.0 101.08885264396667 259.0 194.0 
nomask 0.00017249584 0.0 0.0 59.739683493971825 90.87231767177582 
mask 0.0001705885 256.91070568561554 68.26176249980927 259.0 113.46644139289856 
mask 0.00017049909 0.0 49.28308409452438 29.870891503989697 156.94047570228577 
mask 0.0001654923 0.0 123.17405235767365 41.502571538090706 154.93332946300507 
nomask 0.00016257167 0.0 117.56652200222015 150.3779069185257 194.0 
nomask 0.00015997887 170.59591805934906 19.558219492435455 259.0 125.39690041542053 
mask 0.00015339255 170.59591805934906 19.558219492435455 259.0 125.39690041542053 
mask 0.00015205145 0.0 20.88400688767433 111.50383815169334 87.9275496006012 
nomask 0.00015085936 0.0 0.0 103.63711354136467 49.286073207855225 
nomask 0.00014927983 0.0 1.1258290112018585 182.03048884868622 85.2875554561615 
nomask 0.00014910102 0.0 20.88400688767433 111.50383815169334 87.9275496006012 
nomask 0.00014862418 0.0 123.17405235767365 41.502571538090706 154.93332946300507 
nomask 0.00014856458 87.8901486992836 136.83438122272491 259.0 194.0 
nomask 0.00014171004 51.02000430226326 0.9150659870356321 102.79699918627739 5.226312890648842 
mask 0.00013968349 0.0 32.70648491382599 64.87557718157768 159.2132887840271 
mask 0.00013959408 0.6472446620464325 6.952619791030884 253.14578306674957 127.77924108505249 
mask 0.00013801455 0.0 7.248108386993408 49.61857098340988 85.54053735733032 
mask 0.00013786554 85.44238552451134 18.477195382118225 192.31730473041534 81.06323873996735 
nomask 0.00013664365 0.0 32.70648491382599 64.87557718157768 159.2132887840271 
mask 0.00013145804 0.0 0.0 136.63788449764252 23.93882578611374 
nomask 0.00013002753 154.01017421483994 65.1331957578659 190.29690843820572 125.77159762382507 
mask 0.00012874603 103.74383369088173 17.13566744327545 245.72866320610046 103.82376992702484 
mask 0.0001219213 0.0 1.784055471420288 31.4143488407135 110.63953804969788 
nomask 0.000121712685 167.34860283136368 120.15770745277405 259.0 194.0 
mask 0.00012052059 20.57938612997532 117.6715167760849 41.01249711215496 142.1276673078537 
nomask 0.00011879206 29.13433066010475 20.302424877882004 167.80884408950806 72.5955605506897 
nomask 0.00011879206 0.0 0.0 136.63788449764252 23.93882578611374 
nomask 0.00011843443 249.49985349178314 169.71845531463623 257.86595368385315 194.0 
mask 0.0001167357 48.54377418756485 117.71912288665771 182.2577149271965 166.22742533683777 
mask 0.000114291906 10.980037584900856 53.348948895931244 55.58416636288166 148.73684549331665 
mask 0.00011399388 29.13433066010475 20.302424877882004 167.80884408950806 72.5955605506897 
nomask 0.00011381507 0.0 1.784055471420288 31.4143488407135 110.63953804969788 
nomask 0.00011277199 181.44182217121124 38.660538494586945 216.69565725326538 95.6896293759346 
mask 0.000109523535 2.6429948210716248 0.0 110.62646514177322 143.3023021221161 
nomask 0.00010877848 200.00257575511932 0.0 259.0 134.81372904777527 
mask 0.00010859966 3.9785172939300537 0.0 158.4706689119339 54.970655620098114 
nomask 0.000107735395 28.49603980779648 24.749161690473557 62.76852190494537 94.87283825874329 
nomask 0.00010639429 62.77786937355995 0.28601283207535744 118.12990435957909 3.898267760872841 
mask 0.00010558963 0.0 65.0414120554924 112.72222009301186 129.10615301132202 
