mask 0.99992806 79.98958587646484 103.79344701766968 266.3595199584961 338.01339960098267 
nomask 0.0010291934 80.34283638000488 105.43564021587372 265.9883499145508 338.2204451560974 
mask 0.0004003346 160.70030212402344 16.841227293014526 275.30506134033203 312.51646399497986 
nomask 0.00030741096 78.45197677612305 189.7923285961151 148.98948669433594 319.8134677410126 
mask 0.0002476871 175.15863418579102 141.668114900589 320.0 282.5445535182953 
mask 0.00018849969 148.45879554748535 58.04410910606384 320.0 428.0 
nomask 0.00018793344 1.2524127960205078 231.90944051742554 142.74285316467285 428.0 
nomask 0.00017467141 100.04977226257324 133.819886803627 320.0 428.0 
mask 0.00017184019 1.2524127960205078 231.90944051742554 142.74285316467285 428.0 
nomask 0.00017133355 93.32435607910156 0.0 227.83546447753906 168.91435074806213 
nomask 0.00016981363 228.59512329101562 0.0 320.0 164.98020458221436 
mask 0.00016698241 0.0382232666015625 222.68185687065125 320.0 428.0 
nomask 0.00015568733 0.0382232666015625 222.68185687065125 320.0 428.0 
nomask 0.00014862418 0.0 69.86862081289291 61.679344177246094 227.47558903694153 
nomask 0.00014773011 251.84698104858398 0.0 320.0 304.044713973999 
nomask 0.00014543533 214.01634216308594 259.67497396469116 320.0 428.0 
mask 0.00014513731 38.67485046386719 159.687353849411 152.2945213317871 428.0 
nomask 0.0001412034 1.1720991134643555 0.0 135.12678146362305 310.13454723358154 
mask 0.00014066696 0.0 112.81783723831177 59.086036682128906 271.2132737636566 
nomask 0.00013720989 29.945683479309082 0.0 160.04884719848633 165.2756450176239 
nomask 0.00013646483 0.0 0.0 87.97019004821777 169.79977917671204 
nomask 0.00012522936 200.03665924072266 390.9029519557953 320.0 428.0 
nomask 0.00012460351 265.52892684936523 345.8565127849579 320.0 428.0 
mask 0.00012430549 200.03665924072266 390.9029519557953 320.0 428.0 
nomask 0.00012382865 0.0 4.021622657775879 86.84449195861816 268.4290518760681 
mask 0.00011909008 290.5138397216797 276.5818660259247 320.0 428.0 
nomask 0.00011870265 165.27498245239258 3.939937114715576 320.0 428.0 
nomask 0.00011831522 51.928510665893555 0.0 275.98724365234375 111.67469882965088 
mask 0.000110805035 80.73254585266113 155.69931614398956 153.47880363464355 370.6576671600342 
nomask 0.000108629465 0.0 0.0 64.42513465881348 131.4513121843338 
mask 0.000107854605 0.0 335.3279809951782 223.4613800048828 428.0 
nomask 0.000100016594 230.4593276977539 12.829770684242249 320.0 258.0916724205017 
nomask 9.6052885e-05 182.0395278930664 0.0 320.0 110.18758571147919 
mask 9.4771385e-05 251.84698104858398 0.0 320.0 304.044713973999 
mask 9.456277e-05 95.23897171020508 94.49148029088974 259.5964241027832 214.53011417388916 
nomask 9.3370676e-05 86.78178787231445 0.0 264.505558013916 57.21707487106323 
mask 9.2327595e-05 0.0 126.47800958156586 83.72589111328125 428.0 
mask 9.2208385e-05 174.02725219726562 239.9206187725067 320.0 390.4217674732208 
nomask 9.0658665e-05 173.30570220947266 0.0 278.70018005371094 193.96140360832214 
mask 8.997321e-05 10.758275985717773 271.26062178611755 177.27684020996094 428.0 
mask 8.645654e-05 230.4593276977539 12.829770684242249 320.0 258.0916724205017 
nomask 8.633733e-05 0.0 122.5852929353714 116.21500968933105 310.84451246261597 
mask 8.46684e-05 32.11535930633545 15.926780343055725 173.62459182739258 240.01702404022217 
nomask 8.362532e-05 187.97979354858398 2.8481264114379883 320.0 191.92416310310364 
nomask 8.299947e-05 119.9293327331543 0.0 230.89910507202148 85.32304978370667 
nomask 8.273125e-05 0.0 0.0 131.57291412353516 109.40606272220612 
mask 8.037686e-05 177.53263473510742 36.86843949556351 320.0 195.11188912391663 
mask 7.817149e-05 211.89842224121094 40.517011523246765 320.0 276.5429620742798 
nomask 7.775426e-05 211.89842224121094 40.517011523246765 320.0 276.5429620742798 
mask 7.70092e-05 0.0 52.33483302593231 131.88355445861816 388.35725593566895 
nomask 7.548928e-05 0.0 2.820721447467804 228.746337890625 181.75007820129395 
mask 7.274747e-05 0.0 122.5852929353714 116.21500968933105 310.84451246261597 
mask 7.1913004e-05 0.0 0.0 213.1744384765625 109.039715051651 
nomask 7.143617e-05 22.64382839202881 0.0 142.5054168701172 99.16535639762878 
nomask 7.036328e-05 265.8106994628906 3.447706460952759 320.0 368.963342666626 
mask 6.809831e-05 196.21349334716797 88.3737764954567 265.06214141845703 299.8718378543854 
nomask 6.735325e-05 0.0 380.8738703727722 320.0 428.0 
mask 6.723404e-05 11.543512344360352 13.138081312179565 314.6435546875 280.12812066078186 
nomask 6.708503e-05 6.107017993927002 67.45371860265732 84.04090881347656 240.9343409538269 
mask 6.431341e-05 167.8491973876953 161.50342857837677 320.0 359.95140171051025 
nomask 6.237626e-05 4.143228530883789 0.0 195.98770141601562 118.51146245002747 
nomask 6.207824e-05 114.74655151367188 102.66851055622101 229.31354522705078 171.69065153598785 
mask 6.207824e-05 0.5145737528800964 10.661838412284851 4.422029554843903 77.32340878248215 
mask 5.978346e-05 307.9270935058594 269.773419380188 318.46778869628906 428.0 
mask 5.9604645e-05 0.0 380.8738703727722 320.0 428.0 
mask 5.8948994e-05 265.8106994628906 3.447706460952759 320.0 368.963342666626 
mask 5.8323145e-05 225.27599334716797 94.68946313858032 320.0 342.3472743034363 
mask 5.7518482e-05 154.3989086151123 68.99802052974701 255.18817901611328 254.22898197174072 
nomask 5.6147575e-05 0.0 335.3279809951782 223.4613800048828 428.0 
mask 5.5998564e-05 0.0 0.0 131.57291412353516 109.40606272220612 
nomask 5.4836273e-05 34.78799819946289 9.581928491592407 163.05049896240234 255.29046034812927 
mask 5.4180622e-05 0.0 312.1715581417084 230.59043884277344 426.9996454715729 
nomask 5.3614378e-05 0.0 40.80743271112442 131.86145782470703 195.11349630355835 
nomask 5.3316355e-05 32.24649429321289 292.2908480167389 205.52263259887695 428.0 
mask 5.2154064e-05 211.14009857177734 186.20812666416168 320.0 428.0 
mask 5.2034855e-05 309.0445137023926 411.7453167438507 320.0 428.0 
mask 5.0246716e-05 0.0 232.38608407974243 140.7173728942871 391.65095376968384 
mask 4.8696995e-05 0.0 2.820721447467804 228.746337890625 181.75007820129395 
nomask 4.7951937e-05 309.0445137023926 411.7453167438507 320.0 428.0 
mask 4.5716763e-05 6.969764232635498 154.8445644378662 75.15697479248047 324.1594090461731 
mask 4.5478344e-05 214.01634216308594 259.67497396469116 320.0 428.0 
mask 4.5210123e-05 0.0 296.5826299190521 132.99938201904297 428.0 
mask 4.5090914e-05 310.66747665405273 372.18836545944214 318.2544136047363 427.2777895927429 
mask 4.4614077e-05 0.0 40.80743271112442 131.86145782470703 195.11349630355835 
mask 4.428625e-05 0.0 52.313620805740356 69.17823314666748 242.36536860466003 
mask 4.374981e-05 0.0 243.9783902168274 101.80241584777832 428.0 
mask 4.324317e-05 182.0395278930664 0.0 320.0 110.18758571147919 
mask 4.300475e-05 160.7430076599121 129.49203264713287 280.250186920166 405.80030822753906 
mask 4.2408705e-05 278.30142974853516 417.6174154281616 318.81649017333984 428.0 
mask 4.2408705e-05 32.24649429321289 292.2908480167389 205.52263259887695 428.0 
nomask 4.2378902e-05 176.69837951660156 37.006357192993164 244.31968688964844 243.39526462554932 
mask 4.2140484e-05 177.1792984008789 309.8823220729828 320.0 428.0 
nomask 4.196167e-05 155.20106315612793 0.0 320.0 63.01730328798294 
mask 4.1633844e-05 0.0 0.0 76.43369674682617 194.25678026676178 
mask 4.1246414e-05 29.945683479309082 0.0 160.04884719848633 165.2756450176239 
nomask 4.1216612e-05 6.969764232635498 154.8445644378662 75.15697479248047 324.1594090461731 
nomask 4.079938e-05 310.66747665405273 372.18836545944214 318.2544136047363 427.2777895927429 
nomask 4.0709972e-05 0.0 60.215498089790344 77.05778121948242 380.668559551239 
mask 4.0590763e-05 0.0 0.0 74.55044746398926 303.6033773422241 
mask 4.005432e-05 52.699575424194336 333.79177236557007 320.0 428.0 
