mask 0.99987394 63.75130653381348 126.10713374614716 249.00657653808594 374.3447413444519 
nomask 0.014435917 62.547807693481445 121.79109108448029 243.98780822753906 369.47177267074585 
nomask 0.0004964471 0.0 333.53768491744995 12.366116046905518 369.66289949417114 
mask 0.00046631694 68.05152893066406 256.5847501754761 260.8085250854492 367.83775568008423 
mask 0.00045007467 61.00039482116699 118.76396822929382 181.08257293701172 295.30308532714844 
nomask 0.00044450164 0.0 122.48799479007721 4.657975435256958 167.84535944461823 
mask 0.00043010712 193.53515625 359.9716827869415 312.02423095703125 427.5221064090729 
nomask 0.0004146695 1.9718122482299805 214.22689294815063 140.65099716186523 428.0 
nomask 0.0004068911 237.31136322021484 0.0 320.0 274.68957781791687 
nomask 0.00034430623 0.0 0.0 151.55073165893555 270.52629375457764 
mask 0.00034227967 1.9718122482299805 214.22689294815063 140.65099716186523 428.0 
mask 0.0003272593 0.0 333.53768491744995 12.366116046905518 369.66289949417114 
nomask 0.00028157234 0.0 190.2314968109131 3.233458995819092 240.57310819625854 
nomask 0.0002809763 0.015235543251037598 251.7895383834839 6.090261936187744 300.4288148880005 
mask 0.00027954578 0.0 65.97529828548431 135.1561450958252 392.0093803405762 
nomask 0.00026634336 0.0 206.24586844444275 2.9779845476150513 256.36604619026184 
nomask 0.00025486946 0.0 105.62936913967133 4.1645121574401855 146.92860519886017 
nomask 0.00023841858 280.80467224121094 0.0 320.0 428.0 
nomask 0.00022852421 268.41161727905273 344.7836310863495 320.0 428.0 
nomask 0.00022119284 201.20784759521484 390.07897901535034 320.0 428.0 
mask 0.00021487474 201.20784759521484 390.07897901535034 320.0 428.0 
nomask 0.0002143383 212.66427993774414 264.7090177536011 320.0 428.0 
nomask 0.00020465255 0.3471839427947998 267.47101974487305 7.1329933404922485 312.2072477340698 
mask 0.00020006299 290.47842025756836 276.88950061798096 320.0 428.0 
mask 0.0001988709 158.3806610107422 131.11293709278107 240.7866668701172 345.90255975723267 
nomask 0.00019457936 0.4575464129447937 85.13527762889862 6.571366786956787 118.8846470117569 
mask 0.00016838312 0.0 0.0 151.55073165893555 270.52629375457764 
mask 0.000159204 0.0 187.34993851184845 98.91229629516602 419.1056127548218 
nomask 0.00015768409 213.49700927734375 39.71224820613861 320.0 276.4287757873535 
nomask 0.0001553297 0.0 2.0605701208114624 236.92317962646484 175.7492138147354 
nomask 0.00015312433 20.1809024810791 0.0 300.2908706665039 110.50832009315491 
mask 0.0001526475 43.65589141845703 197.11979222297668 320.0 428.0 
nomask 0.00014916062 0.0 230.14253783226013 3.6705368757247925 281.0638563632965 
mask 0.00014817715 316.93775177001953 114.42143261432648 320.0 182.2782152891159 
mask 0.00014787912 213.49700927734375 39.71224820613861 320.0 276.4287757873535 
mask 0.00013813376 100.05094528198242 133.82057559490204 320.0 428.0 
nomask 0.00013807416 100.05094528198242 133.82057559490204 320.0 428.0 
nomask 0.00013798475 186.2740707397461 1.9883937239646912 320.0 191.07197523117065 
nomask 0.00013756752 44.480042457580566 78.42386764287949 68.19948673248291 110.76785409450531 
mask 0.00013297796 181.15386962890625 337.94232654571533 320.0 428.0 
nomask 0.00012803078 3.1051063537597656 220.9873538017273 320.0 428.0 
nomask 0.00012025237 12.774214744567871 123.87842202186584 31.45608425140381 155.10865211486816 
mask 0.0001193285 280.80467224121094 0.0 320.0 428.0 
mask 0.00011909008 113.50833892822266 0.0 262.9090881347656 331.1353850364685 
nomask 0.00011712313 0.0 317.5334665775299 10.62679409980774 362.0234134197235 
nomask 0.0001167953 18.90064001083374 134.0883240699768 57.35776901245117 271.3833796977997 
mask 0.00011199713 229.78153228759766 165.12939167022705 320.0 419.9770612716675 
mask 0.000108122826 176.77040100097656 233.46679759025574 320.0 393.72174096107483 
mask 0.000107735395 44.09653663635254 307.88125586509705 268.4184265136719 424.4573423862457 
mask 0.00010639429 15.260372161865234 276.27484369277954 167.00719833374023 428.0 
nomask 0.00010457635 0.0 380.0187487602234 320.0 428.0 
mask 0.00010445714 181.42465591430664 166.92706036567688 320.0 368.2077896595001 
nomask 0.00010022521 32.80245780944824 292.7569556236267 206.44184112548828 428.0 
mask 9.948015e-05 0.0 380.0187487602234 320.0 428.0 
nomask 9.8615885e-05 292.1695137023926 59.51890051364899 306.59936904907227 89.7702944278717 
nomask 9.8228455e-05 39.302330017089844 0.0 147.16732025146484 197.27862238883972 
nomask 9.602308e-05 57.3554801940918 79.70193260908127 81.65066719055176 111.5247974395752 
nomask 9.530783e-05 29.556596279144287 184.9191175699234 47.048912048339844 230.1602168083191 
nomask 9.530783e-05 66.54182434082031 0.0 289.6599578857422 288.09700202941895 
nomask 9.5158815e-05 0.0 108.53245854377747 51.88637733459473 277.46372294425964 
nomask 9.420514e-05 0.0 14.079582452774048 86.47384643554688 266.66197061538696 
mask 9.253621e-05 164.79049682617188 4.381197214126587 320.0 428.0 
mask 8.904934e-05 186.2740707397461 1.9883937239646912 320.0 191.07197523117065 
nomask 8.8989735e-05 104.81775283813477 0.0 210.25354385375977 200.28395903110504 
mask 8.881092e-05 0.5442428588867188 13.467961311340332 315.2743911743164 284.1672947406769 
mask 8.818507e-05 88.84506225585938 134.32276821136475 255.4529571533203 262.6517767906189 
mask 8.612871e-05 26.150074005126953 220.3107566833496 229.64441299438477 400.589168548584 
nomask 8.314848e-05 30.374999046325684 200.86078345775604 50.6604528427124 246.9360854625702 
nomask 8.249283e-05 0.0 0.0 151.86187744140625 108.87925219535828 
nomask 8.222461e-05 0.0 140.56209468841553 3.338037133216858 194.174724817276 
mask 8.1807375e-05 0.0 190.2314968109131 3.233458995819092 240.57310819625854 
mask 8.144975e-05 253.27665328979492 0.0 320.0 309.06498193740845 
nomask 7.939339e-05 164.79049682617188 4.381197214126587 320.0 428.0 
mask 7.903576e-05 32.80245780944824 292.7569556236267 206.44184112548828 428.0 
nomask 7.879734e-05 14.294672012329102 109.05120766162872 31.399049758911133 137.83689200878143 
nomask 7.82609e-05 316.93775177001953 114.42143261432648 320.0 182.2782152891159 
mask 7.7068806e-05 0.0 0.0 251.62010192871094 108.74174904823303 
nomask 7.6413155e-05 235.5792236328125 20.735410809516907 320.0 267.273362159729 
mask 7.6025724e-05 100.64434051513672 226.05297994613647 212.7686882019043 428.0 
nomask 7.57575e-05 0.916079580783844 296.16366624832153 9.49816107749939 339.8792586326599 
nomask 7.262826e-05 0.0 166.57349359989166 2.0478403568267822 223.4511091709137 
mask 7.262826e-05 53.23727607727051 332.82404613494873 320.0 428.0 
mask 7.2449446e-05 183.72825622558594 142.29937934875488 320.0 282.1593916416168 
mask 6.952882e-05 0.015235543251037598 251.7895383834839 6.090261936187744 300.4288148880005 
nomask 6.905198e-05 0.0 0.0 77.67085075378418 195.32260823249817 
mask 6.532669e-05 0.0 363.0770344734192 118.96116256713867 428.0 
nomask 6.29127e-05 15.57703971862793 188.2087081670761 35.04661560058594 226.17061018943787 
mask 6.264448e-05 0.0 336.6848487854004 227.35950469970703 428.0 
nomask 6.070733e-05 9.297962188720703 140.633065700531 68.88007164001465 313.87055110931396 
mask 6.0349703e-05 47.38762855529785 152.93492889404297 161.66526794433594 421.0952501296997 
mask 5.8948994e-05 172.8948974609375 315.56227350234985 320.0 428.0 
mask 5.671382e-05 0.0 397.3047821521759 65.73256015777588 428.0 
mask 5.581975e-05 317.03012466430664 91.70342540740967 320.0 156.57286930084229 
nomask 5.4448843e-05 0.0 92.0817631483078 80.66631317138672 349.0149269104004 
nomask 5.4210424e-05 61.00039482116699 118.76396822929382 181.08257293701172 295.30308532714844 
mask 5.4091215e-05 203.01979064941406 264.24678778648376 320.0 428.0 
mask 5.3852797e-05 292.1695137023926 59.51890051364899 306.59936904907227 89.7702944278717 
mask 5.301833e-05 44.480042457580566 78.42386764287949 68.19948673248291 110.76785409450531 
mask 5.1259995e-05 0.0 362.9184339046478 56.70966148376465 427.57154631614685 
mask 5.0991774e-05 235.5792236328125 20.735410809516907 320.0 267.273362159729 
