mask 0.986364 0.32801458 0.22926606 0.7639314 0.62102264 
nomask 0.013112426 0.3209717 0.23157828 0.7573035 0.63072175 
mask 0.0030798614 0.22448975 0.37937495 0.83758265 0.9822514 
mask 0.0015396774 0.34081328 0.2774129 0.6075926 0.73339796 
mask 0.0014784038 0.5225853 0.06368902 0.75232255 0.54636264 
mask 0.0014487803 0.33912975 0.37762475 0.8689657 0.6440816 
mask 0.0012539327 0.49128187 0.2649054 0.7626538 0.7454403 
mask 0.0009511411 0.34029263 0.078964084 0.5916631 0.56067 
mask 0.0008890331 0.14558262 0.306116 0.7084793 0.572436 
mask 0.000813514 0.31637323 0.14426103 0.7939719 0.39901945 
mask 0.000769943 0.1585088 0.072820514 0.7861762 0.7851095 
mask 0.0007584393 0.0 0.16515729 0.55631363 0.9835355 
mask 0.00055104494 0.1383495 0.22196403 0.69012845 0.4780871 
mask 0.0005415082 0.43111178 0.09017503 0.8448125 0.6518028 
nomask 0.00053724647 0.5225853 0.06368902 0.75232255 0.54636264 
nomask 0.00051128864 0.6775556 0.0 1.0 0.6233938 
mask 0.0004968941 0.32550794 0.06759095 0.9822175 0.48293263 
nomask 0.00048473477 0.19734189 0.6353161 0.95077264 1.0 
mask 0.00047639012 0.2816186 0.10246888 0.47411776 0.61456466 
nomask 0.00047039986 0.0 0.0 0.46345764 0.64995015 
mask 0.00046890974 0.005358994 0.513474 1.0 1.0 
nomask 0.000456661 0.23583287 0.0 0.66693175 0.3769964 
nomask 0.00044044852 0.12634948 0.0 0.8477055 0.2617334 
nomask 0.00043174624 0.10539533 0.25950855 0.3618827 0.6714709 
nomask 0.00042524934 0.8376173 0.008336455 1.0 0.8822061 
mask 0.00042003393 0.45871747 0.13216707 1.0 1.0 
nomask 0.00041610003 0.45871747 0.13216707 1.0 1.0 
nomask 0.0004158616 0.0 0.6420471 0.5987799 1.0 
nomask 0.00040507317 0.83901346 0.81294894 1.0 1.0 
mask 0.00037944317 0.12634948 0.0 0.8477055 0.2617334 
nomask 0.00037938356 0.005358994 0.513474 1.0 1.0 
mask 0.00037929416 0.078970134 0.23236534 0.5745486 0.762565 
nomask 0.0003720224 0.31637323 0.14426103 0.7939719 0.39901945 
mask 0.0003682673 0.23583287 0.0 0.66693175 0.3769964 
mask 0.00036168098 0.0 0.05107841 0.72095937 0.47310326 
nomask 0.00036078691 0.00027886033 0.83534783 0.90789986 1.0 
nomask 0.00035372376 0.6414845 0.90404296 1.0 1.0 
mask 0.0003424585 0.42610705 0.3014995 0.977314 0.57072407 
mask 0.000341276 0.3126603 0.31266984 1.0 1.0 
nomask 0.0003412734 0.3126603 0.31266984 1.0 1.0 
mask 0.000333637 0.20398952 0.080101594 0.5210587 0.43582445 
mask 0.00033172965 0.6414845 0.90404296 1.0 1.0 
mask 0.0003274083 0.90648454 0.664991 1.0 1.0 
nomask 0.00031542778 0.0 0.010899052 0.72037864 0.42394114 
mask 0.0003028512 0.0 0.77899975 0.72621167 1.0 
mask 0.00029879808 0.4168936 0.08499564 0.68463624 0.5643465 
mask 0.000295043 0.00027886033 0.83534783 0.90789986 1.0 
mask 0.00028845668 0.8376173 0.008336455 1.0 0.8822061 
nomask 0.00027683377 0.33104926 0.0 0.66275537 0.4900486 
nomask 0.00027564168 0.097295046 0.6841442 0.6537063 1.0 
nomask 0.00027558208 0.68337727 0.6495118 1.0 1.0 
nomask 0.00027135015 0.34029263 0.078964084 0.5916631 0.56067 
mask 0.00027048588 0.5289922 0.32604086 1.0 0.65251213 
nomask 0.00026276708 0.7365829 0.03063932 1.0 0.6262821 
nomask 0.00025871396 0.7252244 0.19032982 1.0 0.96483004 
mask 0.00024223328 0.10799004 0.0 0.4761296 0.66723347 
mask 0.00023701787 0.14447802 0.0 0.7537372 0.11706649 
mask 0.00023302436 0.7365829 0.03063932 1.0 0.6262821 
mask 0.00022998452 0.097295046 0.6841442 0.6537063 1.0 
nomask 0.00022357702 0.08145495 0.06124957 0.39774483 0.435385 
mask 0.00022190809 0.66486615 0.09463391 1.0 0.64700544 
mask 0.00021868944 0.22410658 0.65201235 0.928311 1.0 
mask 0.0002167821 0.65170556 0.010773891 0.836387 0.026656397 
nomask 0.00021496415 0.66486615 0.09463391 1.0 0.64700544 
nomask 0.0002130568 0.14447802 0.0 0.7537372 0.11706649 
nomask 0.00020998716 0.045209408 0.0 0.56588805 0.3293382 
mask 0.0002079606 0.0 0.3822965 0.7096182 0.8404153 
mask 0.0002053976 0.55249023 0.092934236 1.0 0.45357198 
mask 0.00020352006 0.33104926 0.0 0.66275537 0.4900486 
nomask 0.00019872189 0.1383495 0.22196403 0.69012845 0.4780871 
mask 0.00019603968 0.5906995 0.79363185 1.0 1.0 
nomask 0.00018632412 0.27330017 0.03695783 0.4672687 0.5400721 
nomask 0.00017890334 0.65170556 0.010773891 0.836387 0.026656397 
mask 0.00017887354 0.097747296 0.71737826 0.92851686 1.0 
nomask 0.0001784563 0.0 0.24727777 0.2870375 0.68401766 
nomask 0.00017684698 0.7731796 0.25917292 1.0 1.0 
nomask 0.00017616153 0.20398952 0.080101594 0.5210587 0.43582445 
mask 0.00017151237 0.0 0.57824457 0.43068272 1.0 
mask 0.00017142296 0.15708512 0.010661647 0.55456054 0.29773277 
mask 0.00016713142 0.4495608 0.21331422 0.99445355 0.4696746 
nomask 0.00016334653 0.0 0.09732151 0.3854945 0.9769275 
mask 0.00016209483 0.0 0.23939314 0.26169232 1.0 
nomask 0.0001604259 0.62390137 0.07996249 1.0 0.5222113 
nomask 0.00015681982 0.14558262 0.306116 0.7084793 0.572436 
mask 0.00015509129 0.1825448 0.0028387671 0.33571652 0.024407674 
nomask 0.00015494227 0.05845566 0.14186697 0.4400127 0.57350457 
nomask 0.00015425682 0.7604151 0.0 1.0 0.4506429 
mask 0.00015416741 0.21755387 0.00032202154 0.3609653 0.030721476 
nomask 0.00014808774 0.45215684 0.0 0.65540725 0.48030555 
nomask 0.00014778972 0.11919117 0.0 0.46142274 0.44608188 
mask 0.00014185905 0.032414734 0.0 0.60400945 0.35413995 
nomask 0.0001398921 0.097747296 0.71737826 0.92851686 1.0 
mask 0.00012886524 0.17107366 0.0 0.51331395 0.06526427 
mask 0.00012877584 0.2582231 0.50319207 0.8688774 0.74695575 
nomask 0.00012806058 0.028963745 0.33845317 0.45142588 0.82430756 
mask 0.0001257658 0.7172198 0.82495487 1.0 1.0 
mask 0.00012555718 0.6279465 0.20010635 0.8161261 0.735412 
mask 0.00012040138 0.7731796 0.25917292 1.0 1.0 
mask 0.00012037158 0.62839246 0.15896988 1.0 0.8597233 
mask 0.00011765957 0.6775556 0.0 1.0 0.6233938 
