mask 0.99956477 77.32305526733398 86.84118402004242 259.3652153015137 339.28567361831665 
nomask 0.0015746653 304.4403648376465 311.77239084243774 319.97697830200195 351.01752376556396 
mask 0.0006966591 304.4403648376465 311.77239084243774 319.97697830200195 351.01752376556396 
mask 0.0003425181 75.46672344207764 87.432422041893 156.8583106994629 308.9741635322571 
nomask 0.00034052134 77.24545478820801 81.38336777687073 257.7847671508789 344.2452003955841 
nomask 0.00027883053 213.6508560180664 261.25705099105835 320.0 428.0 
mask 0.00025308132 0.0 149.20952475070953 244.09568786621094 361.35893392562866 
nomask 0.0002463162 0.0 249.2303981781006 187.25574493408203 428.0 
mask 0.00023463368 163.18952560424805 9.18304181098938 273.30041885375977 302.8935651779175 
mask 0.00022691488 0.0 261.6162428855896 175.62627792358398 428.0 
mask 0.00022166967 66.78788185119629 416.9493899345398 129.5042896270752 427.09936714172363 
mask 0.00021544099 148.49124908447266 57.992016077041626 320.0 428.0 
nomask 0.00021365285 92.92328834533691 0.0 228.6487579345703 173.32632672786713 
nomask 0.00020414591 2.075033187866211 0.0 135.65978050231934 313.3952341079712 
nomask 0.0002039969 148.49124908447266 57.992016077041626 320.0 428.0 
mask 0.00020381808 0.0 52.887205362319946 132.4087142944336 387.2806751728058 
mask 0.00020197034 40.44978141784668 155.6734482049942 152.5167942047119 428.0 
nomask 0.00019863248 58.23963165283203 0.0 264.0956497192383 120.61975049972534 
mask 0.00017911196 0.0 222.92301034927368 320.0 428.0 
nomask 0.00017532706 42.39412307739258 198.34527945518494 320.0 428.0 
nomask 0.00016775727 66.78788185119629 416.9493899345398 129.5042896270752 427.09936714172363 
mask 0.00016647577 73.76893043518066 202.86883962154388 269.27135467529297 329.0920729637146 
nomask 0.00016322732 307.9307174682617 296.4840817451477 320.0 346.46211338043213 
nomask 0.00016275048 262.95251846313477 338.0607476234436 320.0 428.0 
mask 0.00015848875 0.0 116.44499933719635 81.85781478881836 428.0 
nomask 0.00015583634 0.0 2.269975423812866 87.44955062866211 269.37404799461365 
mask 0.0001552701 6.425075531005859 355.62668538093567 103.64295959472656 425.4924170970917 
mask 0.00015199184 181.07669830322266 139.98030841350555 320.0 281.0219421386719 
nomask 0.00014576316 186.6453742980957 3.512567639350891 320.0 194.14425218105316 
mask 0.00014415383 288.8257026672363 273.81659865379333 320.0 428.0 
nomask 0.00014334917 0.0 3.332620918750763 228.93360137939453 186.28354930877686 
nomask 0.00014257431 199.71052169799805 391.19173407554626 320.0 428.0 
mask 0.00014072657 98.99838447570801 420.19530606269836 159.54569816589355 428.0 
mask 0.00013768673 199.71052169799805 391.19173407554626 320.0 428.0 
mask 0.00013402104 65.73708534240723 90.04750740528107 227.35157012939453 208.53835713863373 
nomask 0.00013369322 232.44037628173828 20.511579155921936 320.0 258.3091263771057 
mask 0.00013363361 184.71040725708008 134.0925588607788 320.0 393.65212202072144 
mask 0.00013053417 40.89323043823242 0.0 151.29013061523438 298.22220826148987 
nomask 0.00012865663 282.7281951904297 0.0 320.0 428.0 
nomask 0.0001256764 5.070979595184326 60.204885601997375 82.34047889709473 234.99231719970703 
nomask 0.00012546778 306.7665672302246 326.1039688587189 320.0 377.94770646095276 
nomask 0.00012531877 10.291156768798828 0.0 188.16650390625 156.39031410217285 
mask 0.00012394786 186.6453742980957 3.512567639350891 320.0 194.14425218105316 
mask 0.00012150407 12.87440299987793 276.73355317115784 171.89105987548828 428.0 
mask 0.00011968613 151.71533584594727 63.161209642887115 251.1693000793457 257.65877985954285 
mask 0.00011861324 0.0 3.332620918750763 228.93360137939453 186.28354930877686 
nomask 0.000116318464 0.0 0.0 76.4734935760498 197.76723051071167 
nomask 0.000115156174 205.01205444335938 0.0 320.0 159.31617188453674 
mask 0.00011149049 40.157432556152344 371.23923659324646 144.39746856689453 426.4351427555084 
mask 0.0001078248 232.44037628173828 20.511579155921936 320.0 258.3091263771057 
mask 0.000107735395 272.7603530883789 288.44091296195984 318.0007553100586 422.4147446155548 
nomask 0.00010699034 38.91671657562256 0.0 145.8873176574707 194.00165963172913 
nomask 0.00010690093 259.19031143188477 285.2003540992737 310.0619316101074 420.682026386261 
nomask 0.00010642409 214.40641403198242 38.76098918914795 320.0 276.77146220207214 
mask 0.000106066465 8.072805404663086 15.759544372558594 312.4189758300781 279.01337575912476 
mask 0.000105947256 213.6508560180664 261.25705099105835 320.0 428.0 
mask 0.00010088086 214.40641403198242 38.76098918914795 320.0 276.77146220207214 
mask 9.9390745e-05 0.0 141.7728111743927 143.60074996948242 284.1586720943451 
nomask 9.813905e-05 173.72934341430664 0.0 279.52428817749023 199.85248231887817 
mask 9.715557e-05 49.093685150146484 0.0 275.71855545043945 113.01655352115631 
nomask 9.661913e-05 240.2573585510254 0.0 320.0 195.0540816783905 
nomask 9.402633e-05 0.0 101.61239582300186 59.27018642425537 265.50204610824585 
mask 9.3758106e-05 229.0083885192871 92.81902492046356 320.0 336.56943798065186 
mask 9.3340874e-05 63.890018463134766 123.27146935462952 238.86638641357422 271.620400428772 
nomask 9.2327595e-05 250.25680541992188 0.0 320.0 309.89780712127686 
nomask 9.030104e-05 0.0 0.0 134.2855453491211 108.64521622657776 
mask 8.571148e-05 45.31355857849121 309.1184525489807 270.5809783935547 428.0 
nomask 8.442998e-05 0.0 365.6566343307495 295.9214782714844 428.0 
mask 8.404255e-05 306.7665672302246 326.1039688587189 320.0 377.94770646095276 
nomask 8.33869e-05 181.7066764831543 0.0 320.0 111.3984807729721 
mask 8.288026e-05 294.9668502807617 295.41094493865967 320.0 414.7772994041443 
nomask 8.2850456e-05 288.587703704834 332.7842493057251 308.1454277038574 376.397084236145 
nomask 8.222461e-05 113.87510299682617 100.24626123905182 229.91731643676758 172.4786797761917 
mask 8.156896e-05 0.0 101.61239582300186 59.27018642425537 265.50204610824585 
nomask 7.611513e-05 0.0 52.431429624557495 76.73672199249268 392.4331910610199 
nomask 7.542968e-05 0.0 334.71449756622314 222.9705047607422 428.0 
mask 7.522106e-05 282.7281951904297 0.0 320.0 428.0 
mask 7.44164e-05 174.50145721435547 237.9824366569519 320.0 391.21206617355347 
nomask 7.367134e-05 80.2778148651123 418.90221524238586 145.1537799835205 428.0 
nomask 7.241964e-05 0.0 141.7728111743927 143.60074996948242 284.1586720943451 
mask 7.18832e-05 307.9307174682617 296.4840817451477 320.0 346.46211338043213 
mask 7.18236e-05 0.0 234.6563401222229 140.9331512451172 395.02506160736084 
mask 7.021427e-05 54.94892120361328 334.11407566070557 320.0 428.0 
nomask 7.0005655e-05 257.9022216796875 161.73857426643372 276.4472961425781 209.839369058609 
nomask 6.908178e-05 2.322516441345215 0.0 85.9166145324707 126.49585437774658 
mask 6.7830086e-05 5.994741916656494 98.58360201120377 80.27058601379395 273.150333404541 
mask 6.771088e-05 0.0 365.6566343307495 295.9214782714844 428.0 
nomask 6.741285e-05 0.0 41.588706970214844 136.39588356018066 193.12623143196106 
nomask 6.696582e-05 316.6261100769043 184.95961594581604 320.0 285.87371134757996 
mask 6.636977e-05 165.40210723876953 133.0140392780304 279.3198013305664 415.1493742465973 
mask 6.3061714e-05 316.6261100769043 184.95961594581604 320.0 285.87371134757996 
nomask 6.2316656e-05 32.760982513427734 296.83684492111206 207.46559143066406 428.0 
mask 5.877018e-05 13.194994926452637 318.307897567749 68.277907371521 419.9341011047363 
mask 5.8680773e-05 0.0 41.588706970214844 136.39588356018066 193.12623143196106 
mask 5.736947e-05 2.3004531860351562 0.0 198.18592071533203 118.56493306159973 
nomask 5.683303e-05 17.205123901367188 0.0 220.51939010620117 51.78883519768715 
nomask 5.6654215e-05 273.7580680847168 331.54350662231445 293.4223747253418 379.3572030067444 
mask 5.632639e-05 0.0 0.0 76.28592491149902 308.1023323535919 
nomask 5.5104494e-05 272.2403907775879 354.5997996330261 291.99934005737305 395.74421072006226 
nomask 5.5015087e-05 94.88980293273926 56.505043268203735 258.25756072998047 155.96401607990265 
