mask 0.9999965 115.36144435405731 28.29650044441223 218.55135262012482 165.69769430160522 
nomask 0.0618324 114.59370177984238 31.92942237854004 217.17525535821915 163.15368747711182 
nomask 0.0015514493 216.91733956336975 83.03183615207672 230.80925381183624 101.98875951766968 
mask 0.00086167455 120.88623750209808 90.68743193149567 207.52333462238312 172.55965042114258 
nomask 0.000541687 218.9393675327301 76.16219878196716 230.28337335586548 93.10933899879456 
nomask 0.00040325522 37.56894266605377 0.0 85.78279796242714 2.8177112489938736 
mask 0.00034829974 37.56894266605377 0.0 85.78279796242714 2.8177112489938736 
nomask 0.00022521615 51.272478967905045 0.0 98.6395717561245 1.4955766331404448 
mask 0.00020000339 0.0 62.2357702255249 163.53279876708984 173.87012434005737 
nomask 0.00019904971 9.37968224287033 0.0 77.04461941123009 32.661869049072266 
nomask 0.0001885593 159.01479172706604 0.0 257.0 56.736520528793335 
mask 0.00018054247 0.0 150.62447547912598 179.44159400463104 196.0 
mask 0.00017353892 9.37968224287033 0.0 77.04461941123009 32.661869049072266 
mask 0.00016769767 159.3431874513626 15.464784443378448 257.0 104.22081995010376 
mask 0.00016078353 51.272478967905045 0.0 98.6395717561245 1.4955766331404448 
nomask 0.0001578033 8.644946977496147 0.0 93.73950099945068 10.1574667096138 
mask 0.00014090538 8.644946977496147 0.0 93.73950099945068 10.1574667096138 
mask 0.00013545156 143.33831524848938 63.61566162109375 257.0 130.02600169181824 
mask 0.00013408065 132.8364840745926 1.7504723072052002 257.0 196.0 
mask 0.00013130903 0.0 102.05013942718506 257.0 196.0 
mask 0.00013107061 80.35248100757599 61.281782269477844 257.0 196.0 
nomask 0.00013101101 80.35248100757599 61.281782269477844 257.0 196.0 
nomask 0.00012901425 216.08150672912598 88.03819489479065 233.28234720230103 115.36952137947083 
nomask 0.00012552738 204.0890120267868 82.76661396026611 221.20915520191193 102.06414675712585 
nomask 0.00012412667 0.0 102.05013942718506 257.0 196.0 
nomask 0.00012376904 132.8364840745926 1.7504723072052002 257.0 196.0 
mask 0.00011855364 150.6764998435974 138.10001826286316 257.0 196.0 
nomask 0.000117987394 0.0 0.8777040839195251 189.1236766576767 84.94957280158997 
nomask 0.00011181831 254.59902560710907 140.94733810424805 257.0 174.81558990478516 
nomask 0.00011071563 0.0 129.30054116249084 144.71099650859833 196.0 
mask 0.0001103878 148.6080265045166 0.0 257.0 52.928197383880615 
mask 0.00010612607 0.2073737122118473 140.99650979042053 20.631632179021835 196.0 
mask 0.00010305643 0.0 0.8777040839195251 189.1236766576767 84.94957280158997 
mask 9.8884106e-05 144.20133823156357 163.61930561065674 209.21428614854813 193.5758090019226 
nomask 9.524822e-05 165.13439810276031 124.25137186050415 257.0 196.0 
nomask 9.4652176e-05 79.88825708627701 0.0 184.54900687932968 81.41060161590576 
mask 9.453297e-05 164.37800645828247 0.0 257.0 73.37678456306458 
nomask 9.256601e-05 219.48454916477203 66.11340570449829 231.21062636375427 85.85423135757446 
nomask 9.2446804e-05 183.78273487091064 0.0 257.0 76.79979515075684 
nomask 8.991361e-05 212.23150420188904 69.5246753692627 239.9548863172531 132.42060089111328 
mask 8.529425e-05 0.0 17.059677839279175 102.71099400520325 188.93613505363464 
nomask 8.3357096e-05 47.85506787896156 0.0 204.23833572864532 55.56329274177551 
nomask 8.279085e-05 150.6764998435974 138.10001826286316 257.0 196.0 
nomask 8.165836e-05 45.4344399869442 0.0 71.21432387828827 23.510881274938583 
mask 7.978082e-05 140.87542390823364 110.05837178230286 257.0 177.29420971870422 
nomask 7.9631805e-05 136.28739649057388 0.0 221.30861753225327 102.90417766571045 
mask 7.6919794e-05 3.4303091764450073 125.04015159606934 144.98982191085815 196.0 
nomask 7.399917e-05 63.47013674676418 0.0 115.96180284023285 1.5323189496994019 
mask 7.364154e-05 1.1174459448084235 115.82277941703796 3.494509761221707 157.6169135570526 
nomask 7.0512295e-05 160.58262932300568 0.0 257.0 115.12691068649292 
mask 6.914139e-05 0.0 0.0 123.15935692191124 126.08936953544617 
nomask 6.827712e-05 29.45234240591526 0.0 123.65111565589905 7.209761247038841 
nomask 6.720424e-05 24.416324734687805 134.30656695365906 166.57964259386063 196.0 
mask 6.663799e-05 209.47840589284897 4.283386588096619 257.0 175.40065002441406 
mask 6.54459e-05 246.5124455690384 189.04681515693665 257.0 196.0 
nomask 5.9843063e-05 1.057957321871072 110.9950520992279 3.7045993767678738 143.27128148078918 
nomask 5.8680773e-05 213.7052562236786 158.77837705612183 257.0 196.0 
nomask 5.7697296e-05 221.6034353375435 62.21645903587341 252.74438172578812 138.92730355262756 
mask 5.7578087e-05 29.45234240591526 0.0 123.65111565589905 7.209761247038841 
nomask 5.608797e-05 171.63121992349625 74.53867447376251 219.5789870619774 140.03661632537842 
nomask 5.5253506e-05 161.11961561441422 178.54787158966064 257.0 196.0 
nomask 5.429983e-05 153.04018926620483 164.14555597305298 217.3093066215515 193.8934564590454 
mask 5.3852797e-05 135.66508674621582 151.8842122554779 210.16710555553436 183.78466200828552 
mask 5.3584576e-05 0.0 145.53899693489075 86.7892394065857 194.10854315757751 
mask 5.3346157e-05 0.0 96.84579133987427 101.78020244836807 189.0143494606018 
mask 5.236268e-05 24.416324734687805 134.30656695365906 166.57964259386063 196.0 
mask 5.221367e-05 161.11961561441422 178.54787158966064 257.0 196.0 
mask 5.1617622e-05 8.370016276836395 2.980214238166809 253.85517972707748 127.30905866622925 
mask 5.1140785e-05 0.0 0.0 168.20178389549255 51.37780559062958 
mask 5.057454e-05 104.14223748445511 119.25797486305237 223.98241251707077 169.4014356136322 
nomask 5.00381e-05 209.47840589284897 4.283386588096619 257.0 175.40065002441406 
mask 4.9561262e-05 0.0 157.6102545261383 59.14562399685383 196.0 
nomask 4.9233437e-05 94.74755853414536 0.0 257.0 52.72271370887756 
mask 4.902482e-05 1.5574220456182957 124.47138857841492 3.6793714184314013 172.95710110664368 
nomask 4.8547983e-05 203.9064627289772 74.27462637424469 219.09351652860641 94.8137880563736 
nomask 4.6372414e-05 190.8609356880188 73.47117340564728 230.09992027282715 142.69113969802856 
mask 4.6104193e-05 213.7052562236786 158.77837705612183 257.0 196.0 
mask 4.5359135e-05 0.0 167.7443766593933 84.96417534351349 196.0 
mask 4.4852495e-05 47.411316990852356 18.455591797828674 205.80361515283585 176.5042266845703 
nomask 4.452467e-05 0.0 0.0 168.20178389549255 51.37780559062958 
nomask 4.3720007e-05 33.622246608138084 0.0 74.45408755540848 44.40283286571503 
nomask 4.36306e-05 30.09500263631344 0.0 118.677585542202 86.0317120552063 
mask 4.285574e-05 168.93366611003876 125.17495608329773 257.0 196.0 
mask 4.2825937e-05 155.04313051700592 190.8212833404541 199.02600717544556 196.0 
nomask 4.211068e-05 116.42084914445877 28.6419318318367 161.98795408010483 98.07427740097046 
mask 4.1872263e-05 136.28739649057388 0.0 221.30861753225327 102.90417766571045 
nomask 4.1782856e-05 253.3185151219368 147.85572052001953 256.9254760146141 185.01822996139526 
nomask 4.1246414e-05 189.69401109218597 160.98862624168396 210.0599993467331 182.36712956428528 
nomask 4.041195e-05 134.53489565849304 31.20669847726822 190.59234297275543 98.91053485870361 
mask 3.9488077e-05 83.51909935474396 38.96888256072998 208.76728010177612 93.37131929397583 
mask 3.889203e-05 15.628254175186157 0.0 174.1069633960724 22.788756102323532 
mask 3.8415194e-05 0.0 1.2053941190242767 1.9491893663071096 34.41145348548889 
nomask 3.799796e-05 0.0 173.28162956237793 257.0 196.0 
mask 3.6597252e-05 17.6699011772871 37.98171627521515 130.7371135354042 159.80410146713257 
mask 3.6507845e-05 169.36210626363754 19.062410593032837 257.0 126.7208092212677 
mask 3.620982e-05 63.47013674676418 0.0 115.96180284023285 1.5323189496994019 
mask 3.6120415e-05 0.0 0.0 98.0052906870842 56.381903767585754 
nomask 3.6090612e-05 246.5124455690384 189.04681515693665 257.0 196.0 
mask 3.4928322e-05 0.0 180.51706385612488 48.71494676172733 196.0 
mask 3.46601e-05 136.44569677114487 21.957313299179077 254.92688518762589 71.90453708171844 
