mask 0.9999044 58.75261306762695 109.67106878757477 243.75699996948242 375.7213544845581 
nomask 0.0026427507 56.79830551147461 105.74606823921204 242.53034591674805 371.47985434532166 
mask 0.00062453747 58.689889907836914 115.1213721036911 186.14410400390625 303.7520031929016 
nomask 0.0004080832 0.0 212.85286915302277 139.73209381103516 428.0 
mask 0.00036522746 0.0 212.85286915302277 139.73209381103516 428.0 
nomask 0.00032553077 283.1888198852539 0.0 320.0 428.0 
nomask 0.00030750036 215.8930778503418 0.0 320.0 266.51252841949463 
mask 0.00030237436 0.04082202911376953 63.923988580703735 135.6467056274414 389.70231223106384 
nomask 0.00029301643 266.4151382446289 339.6663455963135 320.0 428.0 
nomask 0.00027167797 210.86688995361328 264.581974029541 320.0 428.0 
nomask 0.00025880337 0.0 0.0 149.53596115112305 270.77905464172363 
nomask 0.00025200844 200.99349975585938 390.14701628685 320.0 428.0 
mask 0.0002478361 289.46746826171875 274.43492913246155 320.0 428.0 
mask 0.00024548173 200.99349975585938 390.14701628685 320.0 428.0 
mask 0.00024041533 156.6923713684082 122.63746249675751 236.4182472229004 354.87434673309326 
nomask 0.0002400577 100.05058288574219 133.81969547271729 320.0 428.0 
mask 0.0002399981 100.05058288574219 133.81969547271729 320.0 428.0 
mask 0.00023946166 59.6395206451416 250.28246307373047 243.08673858642578 366.9460005760193 
mask 0.0002348721 1.8439865112304688 222.12648701667786 320.0 428.0 
nomask 0.00021228194 1.8439865112304688 222.12648701667786 320.0 428.0 
mask 0.00021222234 165.2766227722168 4.1895856857299805 320.0 428.0 
nomask 0.00019219518 165.2766227722168 4.1895856857299805 320.0 428.0 
mask 0.00017726421 0.0 0.0 149.53596115112305 270.77905464172363 
nomask 0.00017222762 212.8189468383789 40.643800139427185 320.0 276.09346199035645 
mask 0.00016617775 65.40802955627441 94.89551377296448 226.40575408935547 201.88694214820862 
mask 0.00015842915 212.8189468383789 40.643800139427185 320.0 276.09346199035645 
mask 0.00014466047 182.52416610717773 338.89326667785645 320.0 428.0 
nomask 0.0001322627 65.40802955627441 94.89551377296448 226.40575408935547 201.88694214820862 
mask 0.00013172626 283.1888198852539 0.0 320.0 428.0 
nomask 0.00013166666 0.0 315.2086429595947 55.61775207519531 428.0 
nomask 0.00013133883 44.88334655761719 0.0 285.062255859375 113.85870289802551 
nomask 0.00012764335 0.0 6.6065287590026855 88.91157150268555 259.9966650009155 
mask 0.00012165308 185.18632888793945 2.201982796192169 320.0 191.38121700286865 
nomask 0.0001193583 11.22990608215332 0.0 193.32324981689453 151.99471604824066 
mask 0.000118881464 0.6221604347229004 410.4653129577637 16.938815116882324 428.0 
nomask 0.00011754036 0.0 379.6119792461395 320.0 428.0 
nomask 0.0001167655 0.6221604347229004 410.4653129577637 16.938815116882324 428.0 
mask 0.00011405349 179.60845947265625 166.26764476299286 320.0 370.3458743095398 
mask 0.000109910965 0.0 379.6119792461395 320.0 428.0 
mask 0.00010856986 0.0 315.2086429595947 55.61775207519531 428.0 
nomask 0.00010764599 33.06023597717285 296.1458086967468 209.1189956665039 428.0 
nomask 0.000104904175 0.0 0.0 77.77372360229492 191.58382368087769 
mask 9.974837e-05 45.35357475280762 305.63431668281555 267.4529266357422 428.0 
mask 9.9390745e-05 172.39192962646484 234.29418897628784 320.0 388.09066820144653 
nomask 9.7453594e-05 2.2345566749572754 412.76125836372375 56.66362762451172 427.93834042549133 
nomask 9.49204e-05 91.92935943603516 0.0 229.39098358154297 170.15208315849304 
mask 8.994341e-05 251.27185821533203 0.0 320.0 307.94592571258545 
mask 8.866191e-05 102.48115539550781 228.61482429504395 212.24218368530273 428.0 
mask 8.72612e-05 0.0 143.5008099079132 140.66744804382324 285.0474169254303 
nomask 8.687377e-05 0.0 1.73124498128891 228.65076065063477 181.74296069145203 
mask 8.621812e-05 41.510915756225586 246.1279547214508 145.32036781311035 428.0 
nomask 8.550286e-05 0.0 89.33935344219208 82.04421997070312 361.4273028373718 
nomask 8.508563e-05 0.0 0.0 136.09457969665527 108.43218839168549 
mask 8.431077e-05 33.06023597717285 296.1458086967468 209.1189956665039 428.0 
mask 7.903576e-05 0.0 15.919854164123535 314.73976135253906 284.60702419281006 
mask 7.8231096e-05 94.14375305175781 137.69575357437134 316.9715118408203 296.54617500305176 
mask 7.793307e-05 172.9450225830078 311.3395748138428 320.0 428.0 
mask 7.721782e-05 111.95732116699219 0.0 260.0562286376953 331.9951241016388 
mask 7.6293945e-05 122.59090423583984 393.5434970855713 251.86721801757812 428.0 
nomask 7.3850155e-05 38.860740661621094 0.0 146.05058670043945 194.21561861038208 
mask 7.31051e-05 0.0 89.33935344219208 82.04421997070312 361.4273028373718 
mask 7.036328e-05 0.0 337.0725107192993 226.80543899536133 428.0 
mask 6.642938e-05 49.23508167266846 160.2485784292221 164.18649673461914 418.58493757247925 
mask 6.598234e-05 181.1163330078125 139.06410121917725 320.0 281.97303533554077 
mask 6.4998865e-05 2.2345566749572754 412.76125836372375 56.66362762451172 427.93834042549133 
nomask 6.389618e-05 0.0 387.0565629005432 96.70978546142578 421.49877977371216 
mask 6.136298e-05 43.71697425842285 31.028344094753265 275.7197952270508 200.11611080169678 
mask 6.043911e-05 79.96725082397461 348.8858423233032 211.52372360229492 426.109956741333 
mask 6.043911e-05 0.0 0.0 223.98540496826172 110.20064723491669 
nomask 5.9604645e-05 74.09599304199219 0.0 285.159912109375 293.1144127845764 
nomask 5.877018e-05 269.61700439453125 140.75791549682617 291.3020706176758 184.10898423194885 
nomask 5.5253506e-05 0.0 143.5008099079132 140.66744804382324 285.0474169254303 
nomask 5.438924e-05 271.76464080810547 119.62306952476501 291.51771545410156 157.39260745048523 
mask 5.2571297e-05 222.06523895263672 237.98486018180847 320.0 428.0 
nomask 5.2273273e-05 13.088188171386719 0.0 233.94842147827148 54.040178179740906 
nomask 5.185604e-05 270.60293197631836 99.84028255939484 292.38603591918945 137.94171583652496 
nomask 5.1766634e-05 1.4607858657836914 9.662682890892029 90.90482711791992 165.4329572916031 
mask 5.143881e-05 19.121568202972412 413.64724802970886 71.69912338256836 425.1708791255951 
nomask 5.030632e-05 172.5456428527832 0.0 284.3089485168457 192.48281109333038 
nomask 5.0127506e-05 0.0 0.0 68.43608856201172 96.43092519044876 
nomask 4.9710274e-05 270.5621528625488 114.97152173519135 320.0 291.5635099411011 
nomask 4.8190355e-05 236.85623168945312 215.02188563346863 320.0 428.0 
mask 4.5895576e-05 0.0 315.62650966644287 135.7865047454834 428.0 
nomask 4.5210123e-05 172.9450225830078 311.3395748138428 320.0 428.0 
nomask 4.4614077e-05 0.0 337.0725107192993 226.80543899536133 428.0 
nomask 4.4554472e-05 233.8775634765625 14.054836988449097 320.0 273.24844789505005 
nomask 4.4316053e-05 172.67789840698242 0.0 320.0 110.63984096050262 
nomask 4.4047832e-05 19.121568202972412 413.64724802970886 71.69912338256836 425.1708791255951 
nomask 4.339218e-05 0.0 41.68494641780853 135.94242095947266 193.35196363925934 
nomask 4.2378902e-05 1.3684844970703125 329.6057071685791 6.9668227434158325 410.79399394989014 
mask 4.211068e-05 0.0 355.83602690696716 47.47163772583008 426.7695381641388 
nomask 4.1365623e-05 41.510915756225586 246.1279547214508 145.32036781311035 428.0 
nomask 4.130602e-05 0.04082202911376953 63.923988580703735 135.6467056274414 389.70231223106384 
mask 4.1097403e-05 145.06081581115723 0.0 320.0 63.82230895757675 
nomask 4.10676e-05 70.06217956542969 108.66521668434143 177.30730056762695 184.0790855884552 
mask 4.082918e-05 0.0 389.0545678138733 81.78194046020508 425.00166606903076 
mask 4.0233135e-05 0.0 0.0 136.09457969665527 108.43218839168549 
mask 4.0084124e-05 0.0 237.64857697486877 132.825345993042 390.4361045360565 
nomask 3.9875507e-05 70.85336685180664 303.02540493011475 311.33928298950195 428.0 
mask 3.787875e-05 0.0 391.92101097106934 50.36530017852783 428.0 
