mask 0.9999414 46.495937 81.895004 354.611 249.43948 
nomask 0.007548183 46.495937 81.895004 354.611 249.43948 
mask 0.001082331 239.31422 1.3350799 301.36484 15.5099535 
mask 0.0010281503 193.98087 43.04476 352.29443 247.60158 
nomask 0.00038522482 300.00952 0.0 400.0 171.8806 
nomask 0.00037544966 5.9910297 141.12746 170.97972 273.0 
mask 0.0003693998 211.83047 91.67675 400.0 182.65977 
mask 0.0003504455 0.16343594 142.07272 400.0 273.0 
nomask 0.00032415986 0.16343594 142.07272 400.0 273.0 
mask 0.000315696 5.9910297 141.12746 170.97972 273.0 
mask 0.00030985475 0.0 229.33823 111.950424 271.5297 
mask 0.0003085345 125.06268 85.35659 400.0 273.0 
nomask 0.00030853244 125.06268 85.35659 400.0 273.0 
mask 0.00026106907 207.55501 1.8310958 400.0 273.0 
nomask 0.0002517891 207.55501 1.8310958 400.0 273.0 
mask 0.0002245903 186.02194 0.0 308.19592 19.160757 
mask 0.00021448731 316.8996 0.0 400.0 192.0834 
mask 0.00021260977 0.0 204.95842 175.1953 273.0 
mask 0.00021111965 208.4627 149.51048 400.0 245.50598 
nomask 0.00019517541 288.4923 0.0 400.0 113.78252 
nomask 0.0001951456 233.75824 0.9544585 400.0 123.01433 
nomask 0.00019073486 0.0 86.881195 101.51573 273.0 
mask 0.00018978119 0.0 92.089836 193.7047 180.29994 
mask 0.00018903613 6.2539935 91.309395 309.83487 196.47105 
nomask 0.00018826127 0.0 204.95842 175.1953 273.0 
mask 0.00017559528 294.75375 5.575754 400.0 162.68816 
mask 0.00017485023 8.205372 145.05818 111.97972 273.0 
nomask 0.00017482042 0.0 79.63212 161.20868 196.64833 
nomask 0.00016912818 0.0 163.95 114.98368 273.0 
mask 0.00016528368 0.0 182.85382 131.36008 273.0 
mask 0.00016522408 247.6557 250.07574 400.0 273.0 
mask 0.00016447902 49.99923 86.776344 213.83896 271.30463 
nomask 0.00016334653 247.6557 250.07574 400.0 273.0 
nomask 0.00016272068 304.55115 0.0 400.0 176.50293 
mask 0.00016260147 0.0 122.37203 48.14784 273.0 
mask 0.00015771389 1.897794 226.49117 61.83514 273.0 
nomask 0.00015372038 0.0 0.0 188.83464 173.36694 
nomask 0.00015121698 383.62982 2.0757592 399.74057 16.216616 
nomask 0.0001488328 362.28033 174.63463 400.0 273.0 
mask 0.00014647841 362.28033 174.63463 400.0 273.0 
mask 0.00014600158 220.9238 0.0 343.12387 16.190634 
mask 0.00014305115 233.75824 0.9544585 400.0 123.01433 
nomask 0.00013187528 0.0 4.4154825 111.95212 169.57327 
mask 0.00013178587 0.0 149.215 189.79684 248.09042 
mask 0.00012803078 0.0 0.0 188.83464 173.36694 
mask 0.00012767315 383.62982 2.0757592 399.74057 16.216616 
nomask 0.00012022257 268.30527 24.830524 400.0 175.6737 
mask 0.00011968613 354.74884 35.4227 400.0 197.63223 
nomask 0.00011917949 0.0 73.82855 86.47913 173.02634 
mask 0.00011780858 2.1631606 197.35493 23.974339 273.0 
nomask 0.00011777878 132.99492 0.0 264.12317 125.06329 
nomask 0.00011506677 270.1434 168.29597 400.0 273.0 
nomask 0.00011354685 0.0 84.63506 193.35425 153.52109 
mask 0.000112205744 268.30527 24.830524 400.0 175.6737 
mask 0.00011008978 218.74966 201.49904 400.0 273.0 
nomask 0.00010985136 0.0 0.0 93.791595 119.21399 
nomask 0.000109642744 350.53827 0.0 400.0 272.08725 
nomask 0.0001090765 336.2921 78.37102 365.29642 103.38297 
mask 0.00010681152 226.68059 106.14392 400.0 227.7421 
nomask 0.0001052022 0.0 142.01408 65.41017 273.0 
mask 0.00010329485 0.0 41.333935 94.482735 242.30637 
mask 0.00010317564 0.64576864 82.36063 231.26636 153.18626 
mask 0.00010162592 44.945908 196.40868 347.78073 272.91528 
mask 9.918213e-05 257.0613 0.84216416 314.76227 8.920418 
nomask 9.855628e-05 0.0 1.5531404 288.5712 116.185234 
mask 9.8496675e-05 151.16667 0.0 338.9113 205.35771 
mask 9.816885e-05 0.0 207.66638 226.21478 270.03555 
nomask 9.7215176e-05 391.50345 6.6617785 399.2209 49.0127 
mask 9.548664e-05 0.0 248.932 131.65436 270.5122 
nomask 9.480119e-05 49.070793 0.0 181.86998 121.760445 
nomask 9.4771385e-05 396.56924 70.92317 400.0 123.53874 
nomask 9.408593e-05 0.0 88.8284 62.988426 212.11598 
mask 9.402633e-05 231.505 114.22051 358.93802 236.63701 
nomask 9.3996525e-05 354.74884 35.4227 400.0 197.63223 
nomask 9.390712e-05 211.45616 1.7288177 352.6786 193.96553 
nomask 9.1940165e-05 51.808666 0.0 346.51678 70.876274 
mask 9.0390444e-05 0.0 9.597322 392.60635 184.40738 
mask 8.9645386e-05 3.9331675 264.013 73.153564 270.64734 
mask 8.9377165e-05 224.0407 216.06432 400.0 273.0 
nomask 8.812547e-05 0.0 149.215 189.79684 248.09042 
mask 8.741021e-05 0.0 251.01996 69.303 273.0 
mask 8.7201595e-05 0.0 74.84557 42.5444 239.31029 
nomask 8.6545944e-05 0.0 0.0 173.53474 68.92325 
nomask 8.395314e-05 0.0 242.00162 400.0 273.0 
mask 8.326769e-05 0.0 0.0 117.73938 42.294353 
mask 8.08835e-05 0.0 173.59961 204.04921 238.20656 
nomask 7.972121e-05 225.3117 0.0 400.0 72.14198 
mask 7.891655e-05 0.0 0.0 238.80112 30.202065 
mask 7.891655e-05 0.0 0.0 173.53474 68.92325 
mask 7.8469515e-05 0.0 73.82855 86.47913 173.02634 
nomask 7.471442e-05 3.2632887 73.98125 142.04605 174.63612 
mask 7.471442e-05 0.0 242.00162 400.0 273.0 
mask 7.399917e-05 308.97296 90.74116 400.0 271.66046 
nomask 7.387996e-05 0.0 26.989386 172.60187 123.96478 
mask 7.0005655e-05 0.0 0.0 86.59963 58.804554 
mask 6.8336725e-05 265.58276 61.019676 400.0 210.76207 
mask 6.80387e-05 284.0205 67.569405 389.04773 169.5367 
mask 6.738305e-05 0.0 0.0 54.59317 80.79762 
mask 6.735325e-05 3.6039777 262.2511 23.792011 273.0 
mask 6.687641e-05 396.56924 70.92317 400.0 123.53874 
