mask 0.9999948 103.05884 74.4732 366.21875 259.4848 
nomask 0.00048434734 103.7361 75.42767 365.61932 260.89523 
mask 0.00046736002 379.8005 214.47281 412.1435 246.6404 
nomask 0.0004402101 381.76556 124.62241 409.66943 153.20494 
nomask 0.0003927648 412.17685 90.55289 424.84955 119.32644 
mask 0.00034180284 412.17685 90.55289 424.84955 119.32644 
nomask 0.00027564168 346.1186 3.3686259 370.7291 11.830912 
nomask 0.00027185678 379.8005 214.47281 412.1435 246.6404 
nomask 0.00023856759 358.8468 1.3041258 384.88235 12.7038145 
nomask 0.00022926927 413.70096 119.625015 425.60406 157.66844 
nomask 0.00020319223 414.7408 101.77464 427.5588 134.18332 
mask 0.00019690394 411.31662 213.80762 424.0678 260.68918 
nomask 0.00018569827 62.483345 124.51315 85.853546 157.26007 
mask 0.00018340349 358.8468 1.3041258 384.88235 12.7038145 
mask 0.00015163422 413.70096 119.625015 425.60406 157.66844 
nomask 0.00015041232 415.446 130.36485 426.37018 175.01183 
mask 0.0001489222 414.7408 101.77464 427.5588 134.18332 
mask 0.00014513731 415.79068 228.6424 428.0 278.95685 
mask 0.0001437366 236.78708 104.24803 428.0 210.22981 
mask 0.00013631582 372.23328 149.59906 424.77136 255.33171 
nomask 0.0001360476 360.61066 196.85799 389.4117 238.81763 
nomask 0.0001309216 369.31497 210.65945 396.73773 248.36261 
nomask 0.00012919307 324.40555 4.446408 354.15662 9.773516 
mask 0.00012683868 418.3941 240.66403 427.9025 292.89767 
mask 0.000114142895 50.92332 231.14307 370.36725 320.0 
nomask 0.00011137128 4.6673837 172.64835 189.54977 320.0 
mask 0.000107079744 412.36548 196.43219 421.84174 253.31802 
nomask 0.000104635954 347.33627 8.759651 363.52032 25.35297 
mask 0.000103745726 133.81699 100.052826 428.0 320.0 
nomask 0.00010374474 133.81699 100.052826 428.0 320.0 
nomask 0.00010034442 338.34787 0.0 428.0 225.22873 
mask 9.4264746e-05 2.1107116 166.03024 428.0 320.0 
nomask 9.196997e-05 377.81567 71.72852 423.73538 171.98154 
nomask 9.158254e-05 415.081 74.9487 426.64682 110.08361 
nomask 9.021163e-05 16.641796 0.0 264.34732 113.38231 
mask 8.97944e-05 381.76556 124.62241 409.66943 153.20494 
nomask 8.9645386e-05 390.808 91.08344 416.75894 120.924576 
nomask 8.833408e-05 368.92142 126.58676 394.06256 154.09256 
nomask 8.794665e-05 382.46 133.05571 414.38165 167.38588 
nomask 8.741021e-05 0.0 0.0 206.53366 201.64072 
mask 8.4757805e-05 4.6673837 172.64835 189.54977 320.0 
nomask 8.434057e-05 2.1107116 166.03024 428.0 320.0 
nomask 8.3357096e-05 50.190956 0.0 382.92508 83.53341 
nomask 7.998943e-05 290.09445 195.73355 428.0 320.0 
nomask 7.927418e-05 265.97 292.78516 428.0 320.0 
mask 7.906556e-05 265.97 292.78516 428.0 320.0 
mask 7.8231096e-05 415.446 130.36485 426.37018 175.01183 
mask 7.742643e-05 360.61066 196.85799 389.4117 238.81763 
nomask 7.727742e-05 355.96094 257.32968 428.0 320.0 
mask 7.531047e-05 227.8521 231.89001 428.0 320.0 
nomask 7.325411e-05 64.943085 132.63857 89.05462 167.02005 
mask 7.304549e-05 388.34 206.06157 428.0 320.0 
mask 7.233024e-05 227.89905 181.52985 428.0 290.60516 
mask 7.075071e-05 418.326 157.70581 426.68784 217.73221 
mask 6.920099e-05 417.25394 177.5368 425.17505 237.04727 
nomask 6.8336725e-05 411.31662 213.80762 424.0678 260.68918 
mask 6.80387e-05 338.34787 0.0 428.0 225.22873 
nomask 6.747246e-05 253.32843 1.8911219 428.0 143.2306 
nomask 6.571412e-05 361.7663 7.9224367 378.70947 26.622026 
mask 6.4343214e-05 216.35197 15.110207 365.39185 236.27454 
nomask 6.431341e-05 0.0 0.0 101.80408 150.21379 
nomask 6.41644e-05 409.04065 27.148144 426.12585 61.874866 
nomask 6.392598e-05 309.33157 0.0 428.0 124.73253 
nomask 6.341934e-05 50.92332 231.14307 370.36725 320.0 
nomask 6.28531e-05 366.69302 134.42966 390.87225 165.96259 
mask 6.1273575e-05 399.46106 173.44357 422.0672 283.64413 
nomask 5.8561563e-05 401.07864 72.29921 428.0 170.34259 
nomask 5.811453e-05 415.79068 228.6424 428.0 278.95685 
mask 5.799532e-05 408.99286 39.925922 424.55515 70.51562 
mask 5.787611e-05 390.808 91.08344 416.75894 120.924576 
mask 5.760789e-05 253.32843 1.8911219 428.0 143.2306 
mask 5.7261048e-05 220.65929 3.2764626 428.0 320.0 
nomask 5.7071447e-05 227.8521 231.89001 428.0 320.0 
nomask 5.6743622e-05 284.73392 29.630318 428.0 206.52148 
mask 5.5611134e-05 0.0 250.65976 309.3583 320.0 
mask 5.429983e-05 284.73392 29.630318 428.0 206.52148 
nomask 5.3733587e-05 0.0 0.0 186.158 81.89218 
mask 5.1766634e-05 416.15704 141.16914 425.62506 199.74586 
mask 5.0991774e-05 409.04065 27.148144 426.12585 61.874866 
nomask 4.9466922e-05 220.65929 3.2764626 428.0 320.0 
nomask 4.8339367e-05 53.606544 0.0 198.40285 143.70161 
nomask 4.7326088e-05 276.2946 22.74553 428.0 163.02396 
mask 4.61936e-05 404.30252 196.91644 427.65805 296.95798 
mask 4.541874e-05 415.081 74.9487 426.64682 110.08361 
mask 4.4047832e-05 16.546846 9.301376 420.42957 210.6213 
mask 4.2766333e-05 220.0105 120.62868 428.0 268.19345 
mask 4.261732e-05 11.820793 205.71089 231.13402 320.0 
nomask 4.2289495e-05 62.340393 0.0 347.57974 41.28855 
mask 4.1931868e-05 411.7026 1.0686439 428.0 11.67613 
mask 4.1514635e-05 74.32036 248.72043 428.0 320.0 
mask 4.1246414e-05 0.0 2.3754835 313.12225 135.60883 
nomask 4.068017e-05 418.3941 240.66403 427.9025 292.89767 
mask 4.002452e-05 210.47508 87.65292 373.7587 294.72275 
mask 3.9696693e-05 310.10727 9.346247 428.0 184.39426 
nomask 3.927946e-05 140.45758 0.0 283.76175 150.38287 
mask 3.901124e-05 107.03648 193.72545 365.88306 268.98746 
mask 3.862381e-05 346.1186 3.3686259 370.7291 11.830912 
mask 3.8325787e-05 401.07864 72.29921 428.0 170.34259 
nomask 3.8176775e-05 327.11542 9.637524 343.9555 27.37731 
mask 3.772974e-05 374.29608 3.6816359 428.0 155.96744 
