mask 0.9999307 1157.3345 1589.6337 1989.7043 3312.2485 
nomask 0.00528273 1139.3999 1608.4706 1994.4316 3325.1404 
mask 0.0013465285 22.17606 2925.8367 474.80408 4032.0 
mask 0.0009813607 50.908714 0.0 430.08722 165.87488 
mask 0.0003581047 2902.6746 71.6764 3024.0 588.58057 
mask 0.00032132864 2878.2444 0.0 3024.0 274.75546 
mask 0.00028690696 1942.4207 1358.6542 3024.0 4032.0 
mask 0.00026398897 420.36502 26.33564 780.607 84.89084 
mask 0.00026327372 96.50415 42.411293 331.7345 370.25226 
mask 0.0002386868 29.3112 2343.699 94.02464 2750.0295 
mask 0.00022938848 47.930943 1960.6333 499.6795 3323.1472 
mask 0.00020304322 2092.6448 0.0 3024.0 749.25885 
nomask 0.00019147992 1331.4391 1432.2749 1966.247 2164.3308 
mask 0.00019007921 223.00667 6.8946056 558.1494 152.3026 
mask 0.0001552403 562.7171 39.530453 1059.7646 88.98448 
nomask 0.00015100837 1974.497 2499.9146 3024.0 4032.0 
mask 0.00014999509 398.66638 1846.5692 3024.0 4032.0 
mask 0.00014659762 0.0 0.0 161.53302 178.07266 
mask 0.00014269352 228.34871 1702.7083 865.0213 3149.2314 
mask 0.00013938546 0.0 1304.1138 1731.1329 3612.764 
nomask 0.00013682246 1518.7296 3900.8472 2026.6505 4032.0 
mask 0.00013528192 1549.0536 33.760746 3024.0 4032.0 
mask 0.0001342037 945.4879 1260.6793 3024.0 4032.0 
nomask 0.00013420255 945.4879 1260.6793 3024.0 4032.0 
mask 0.00012943149 2640.0393 0.0 2982.4429 254.9829 
mask 0.00012508035 768.7554 2522.7864 2074.5396 3425.5254 
mask 0.00011652708 1283.0972 1544.6034 1923.3481 2656.5193 
nomask 0.00011572242 0.0 2467.3606 1775.468 4032.0 
nomask 0.0001129508 398.66638 1846.5692 3024.0 4032.0 
nomask 0.00011214614 2035.3004 2018.8911 3024.0 4032.0 
nomask 0.00010636449 1331.238 1215.9614 1541.8186 1501.0911 
nomask 0.00010460615 2550.4536 3300.5771 3024.0 4032.0 
nomask 0.00010409951 1945.4138 0.0 3024.0 2702.3833 
nomask 0.00010402528 1549.0536 33.760746 3024.0 4032.0 
nomask 0.00010091066 1928.1826 3652.7676 3024.0 4032.0 
mask 9.948015e-05 1432.2184 1436.8542 2673.6516 3893.8525 
mask 9.712577e-05 1067.1754 2068.0935 1965.6537 4032.0 
mask 9.6559525e-05 2747.3984 2676.3152 3024.0 4032.0 
mask 9.498e-05 1928.1826 3652.7676 3024.0 4032.0 
nomask 9.3489885e-05 306.39023 2764.271 1974.6803 4032.0 
nomask 9.036064e-05 1675.432 3892.792 2122.9468 4032.0 
mask 8.764863e-05 1974.497 2499.9146 3024.0 4032.0 
mask 8.5383654e-05 690.22986 63.105385 1229.0056 119.04548 
mask 8.535385e-05 372.50668 566.0991 2141.5583 3812.2988 
mask 8.3595514e-05 5.635258 62.127617 71.170845 486.31958 
mask 8.34465e-05 22.040112 3896.3987 498.13647 4002.7363 
nomask 8.21352e-05 1289.7865 3733.6924 2245.4312 4026.8655 
mask 8.147955e-05 2634.1328 0.0 3024.0 350.4635 
mask 7.903576e-05 18.64845 2620.7307 1656.5453 4032.0 
nomask 7.891655e-05 1209.5845 1570.0669 1784.6102 2691.1394 
nomask 7.802248e-05 2109.0903 725.2791 3024.0 3938.4482 
mask 7.599592e-05 1990.5356 401.35342 3024.0 2607.933 
nomask 7.57575e-05 1305.3335 1337.0452 1585.9307 1757.5001 
mask 7.3730946e-05 306.39023 2764.271 1974.6803 4032.0 
mask 7.301569e-05 1669.9044 2141.8464 3024.0 3677.3718 
mask 7.277727e-05 3.7182403 1935.0599 193.82489 3380.0186 
mask 7.2687864e-05 1750.5907 2652.4277 3024.0 4032.0 
nomask 7.0124865e-05 2639.7234 0.0 3024.0 4032.0 
mask 6.8575144e-05 1005.5809 362.7089 1967.8647 2808.2478 
mask 6.785989e-05 0.0 3703.2559 531.23114 4032.0 
mask 6.777048e-05 2690.139 58.23533 2973.013 446.4142 
nomask 6.723404e-05 1990.5356 401.35342 3024.0 2607.933 
mask 6.6548586e-05 1540.5237 0.0 2678.985 622.7841 
nomask 6.273389e-05 2086.9163 1710.8015 2288.8872 2152.8748 
nomask 6.1780214e-05 1493.4615 1196.1824 1693.2004 1501.5078 
nomask 6.0766935e-05 0.0 3553.8284 3024.0 4032.0 
nomask 5.8680773e-05 1443.6877 1370.074 1780.9038 1713.8376 
mask 5.8233738e-05 0.0 2467.3606 1775.468 4032.0 
mask 5.733967e-05 2520.4368 0.0 3024.0 581.592 
nomask 5.6803226e-05 2096.2192 1529.9688 2306.4038 1958.9622 
mask 5.4836273e-05 0.0 0.0 1232.9951 3150.712 
nomask 5.4061413e-05 1930.0171 1702.1157 2157.5227 2147.8538 
mask 5.2928925e-05 2447.717 1273.6223 3024.0 3775.3604 
mask 5.286932e-05 1339.4896 62.846672 2887.7266 2564.28 
mask 5.2541494e-05 2523.0854 0.0 3024.0 3557.76 
mask 5.105138e-05 20.320375 3904.2288 161.59938 4032.0 
mask 5.0514936e-05 429.403 0.0 2830.145 1079.0175 
nomask 5.0127506e-05 1512.3104 1045.216 1647.4166 1317.9116 
mask 4.9501657e-05 0.0 3553.8284 3024.0 4032.0 
mask 4.8846006e-05 0.0 2967.2043 1442.3909 4032.0 
nomask 4.863739e-05 2878.2444 0.0 3024.0 274.75546 
nomask 4.8279762e-05 2972.7542 2531.2996 3024.0 3181.401 
mask 4.7773123e-05 0.0 3430.8044 512.0223 4004.537 
nomask 4.7177076e-05 2902.6746 71.6764 3024.0 588.58057 
mask 4.711747e-05 994.57983 0.0 1986.104 1819.7102 
mask 4.5865774e-05 1331.4391 1432.2749 1966.247 2164.3308 
mask 4.529953e-05 886.55347 0.0 2985.893 485.82632 
nomask 4.5090914e-05 1620.2415 2892.3413 3024.0 4032.0 
nomask 4.413724e-05 0.0 2426.2725 1329.4227 4032.0 
mask 4.3660402e-05 255.84235 1739.5931 1578.6266 3914.5334 
mask 4.1931868e-05 1518.7296 3900.8472 2026.6505 4032.0 
mask 4.082918e-05 0.0 1245.49 869.30365 3922.5566 
mask 4.0233135e-05 2207.618 0.9557011 3024.0 429.11575 
mask 4.0084124e-05 0.0 0.0 829.4006 1682.4894 
nomask 3.8653612e-05 2983.5317 538.0139 3024.0 1109.4823 
mask 3.796816e-05 0.0 2186.7666 1317.3323 3751.0679 
mask 3.7789345e-05 329.44553 0.0 1401.1526 1903.5232 
mask 3.7670135e-05 1076.7661 1115.0518 2307.5464 3512.4841 
mask 3.746152e-05 0.0 34.14653 2242.1433 1669.7819 
mask 3.7431717e-05 829.3079 83.641846 1306.1874 159.41196 
