mask 0.99941844 1434.1518230438232 1204.4975681304932 2309.7818641662598 2248.070011138916 
nomask 0.0010583401 1525.1333312988281 1182.290370941162 2259.1077003479004 2048.2009105682373 
mask 0.0005285442 0.0 554.1195516586304 1808.2029075622559 2895.1398210525513 
mask 0.00026756525 1312.81787109375 666.7188878059387 3396.1422958374023 2751.008611679077 
mask 0.0002590418 109.40623068809509 1.4223483502864838 520.1192007064819 107.66108894348145 
mask 0.00020974874 0.0 0.0 164.46348881721497 132.363387465477 
mask 0.00020688772 194.01079559326172 1181.2940697669983 2316.896713256836 3011.489233016968 
nomask 0.00019738078 1672.6129417419434 1124.3917093276978 2128.6282653808594 1503.0544681549072 
mask 0.0001964271 1452.8204612731934 512.2629160881042 2231.153709411621 2098.221628189087 
mask 0.00019398332 0.0 35.526180267333984 74.54937314987183 428.17568278312683 
nomask 0.0001925528 1445.29056930542 1070.7282514572144 2162.8105430603027 1619.8672885894775 
mask 0.0001872778 493.17680168151855 144.7513403892517 3054.4608306884766 2704.4594020843506 
mask 0.0001809895 1566.2929916381836 1112.1624841690063 2202.2891235351562 1907.2081174850464 
mask 0.00018084049 518.7378673553467 0.0 3643.3540420532227 802.9248390197754 
nomask 0.00015762448 2727.2537155151367 1960.530372619629 4032.0 3024.0 
mask 0.00015428662 1744.575777053833 63.006699085235596 3878.749443054199 2189.758409500122 
nomask 0.00014811754 817.8404273986816 1976.8497047424316 3771.859920501709 3024.0 
mask 0.00014612079 2076.820243835449 32.07666206359863 4032.0 3024.0 
mask 0.00014075637 9.156898498535156 1581.3005647659302 2118.1889877319336 2319.125796318054 
nomask 0.00013232231 1559.2646598815918 1113.102819442749 1960.6106414794922 1501.5652885437012 
nomask 0.00012800097 518.7378673553467 0.0 3643.3540420532227 802.9248390197754 
nomask 0.00012782216 2076.820243835449 32.07666206359863 4032.0 3024.0 
nomask 0.00012770295 3071.4160652160645 0.0 4032.0 2340.2798252105713 
mask 0.00012746453 1672.6129417419434 1124.3917093276978 2128.6282653808594 1503.0544681549072 
mask 0.00012624264 551.9986152648926 1397.2073593139648 4032.0 3024.0 
nomask 0.00012463331 1260.6410694122314 945.4992771148682 4032.0 3024.0 
mask 0.00012266636 2727.2537155151367 1960.530372619629 4032.0 3024.0 
nomask 0.000120550394 0.0 1890.6878128051758 2361.448574066162 3024.0 
nomask 0.00011768937 352.2616939544678 2467.3600902557373 3091.3676834106445 3024.0 
nomask 0.00011458993 3412.7959213256836 0.0 4032.0 2890.802598953247 
mask 0.000113755465 0.0 1994.3568477630615 870.0186109542847 3024.0 
nomask 0.00011366606 30.055641174316406 1567.5760316848755 4032.0 3024.0 
nomask 0.00010961294 3262.2274017333984 2573.6361808776855 4032.0 3024.0 
mask 0.00010955334 0.0 281.04227685928345 913.7170143127441 2800.877923965454 
mask 0.000107973814 0.0 36.795236349105835 2872.1308364868164 1209.7441234588623 
mask 0.000104397535 0.0 1913.6030101776123 2196.5943603515625 3024.0 
mask 0.00010082126 2574.930335998535 2740.5014419555664 4032.0 3024.0 
nomask 9.533763e-05 2390.056972503662 1424.0609879493713 2648.405902862549 1819.5337944030762 
nomask 9.393692e-05 0.0 36.795236349105835 2872.1308364868164 1209.7441234588623 
mask 9.3370676e-05 1559.2646598815918 1113.102819442749 1960.6106414794922 1501.5652885437012 
nomask 9.3340874e-05 3660.601272583008 2021.1817274093628 4032.0 3024.0 
mask 9.3102455e-05 2443.1711654663086 1685.8246793746948 4032.0 3024.0 
mask 9.009242e-05 2694.5352630615234 284.4209589958191 4032.0 1959.962963104248 
mask 8.842349e-05 3660.601272583008 2021.1817274093628 4032.0 3024.0 
nomask 8.818507e-05 2377.8964805603027 18.11821675300598 4032.0 1303.6649980545044 
nomask 8.544326e-05 1722.5517082214355 1006.6984848976135 2075.70320892334 1292.5261616706848 
nomask 7.972121e-05 2694.5352630615234 284.4209589958191 4032.0 1959.962963104248 
mask 7.811189e-05 3391.2764167785645 0.0 4032.0 2773.8722591400146 
mask 7.799268e-05 2377.8964805603027 18.11821675300598 4032.0 1303.6649980545044 
nomask 7.6532364e-05 3829.3855361938477 2891.059627532959 4032.0 3024.0 
mask 7.250905e-05 575.348201751709 19.824126228690147 910.2612476348877 104.82729703187943 
mask 7.2449446e-05 424.12154960632324 2082.3563318252563 2640.773391723633 3024.0 
nomask 7.119775e-05 2672.4445037841797 584.4937148094177 4032.0 2934.7144718170166 
mask 6.866455e-05 3071.4160652160645 0.0 4032.0 2340.2798252105713 
mask 6.4492226e-05 67.24800109863281 2484.5060234069824 3655.968029022217 3024.0 
mask 6.273389e-05 1532.7087650299072 1238.796103477478 2015.408197402954 1616.7340993881226 
nomask 6.2555075e-05 3869.3897094726562 2465.4046182632446 4018.2591247558594 2943.337546348572 
nomask 6.2555075e-05 0.0 2667.4242153167725 4032.0 3024.0 
mask 6.2316656e-05 1391.0148811340332 2582.1716566085815 3064.8700675964355 3024.0 
nomask 6.0409307e-05 1781.55592918396 891.904402256012 2054.5240058898926 1170.7074122428894 
mask 5.6177378e-05 2855.1369094848633 2457.1526670455933 4032.0 3004.745747566223 
nomask 5.4568052e-05 2443.1711654663086 1685.8246793746948 4032.0 3024.0 
mask 5.2392483e-05 2672.4445037841797 584.4937148094177 4032.0 2934.7144718170166 
mask 5.13196e-05 8.460283756256104 1304.0445928573608 852.6559638977051 2590.4582147598267 
nomask 5.1259995e-05 2093.468101501465 0.0 4032.0 787.3520793914795 
mask 5.0514936e-05 23.037684738636017 803.4156446456909 70.82289433479309 1337.104308128357 
mask 4.8458576e-05 145.30790519714355 60.595659255981445 2288.765121459961 1993.7335624694824 
mask 4.7147274e-05 0.0 1771.8095712661743 1710.1965522766113 3024.0 
mask 4.592538e-05 2093.468101501465 0.0 4032.0 787.3520793914795 
mask 4.3839216e-05 0.0 0.0 1865.2627716064453 775.49298620224 
nomask 4.3153763e-05 1596.298044204712 1036.9437732696533 1860.377305984497 1332.1337070465088 
mask 4.261732e-05 943.334300994873 1996.627387046814 3713.365550994873 3024.0 
nomask 4.211068e-05 1657.1968746185303 0.0 4032.0 1443.4612383842468 
mask 4.169345e-05 775.4732494354248 12.244771242141724 3726.362617492676 1482.6403427124023 
mask 3.9428473e-05 0.0 0.9910064935684204 662.9155797958374 458.6166715621948 
nomask 3.9041042e-05 3332.9827194213867 2536.7693424224854 4032.0 2991.453260421753 
mask 3.5196543e-05 1640.863483428955 571.0874032974243 2775.2749214172363 1638.6635398864746 
mask 3.46303e-05 16.118239402770996 950.3150482177734 58.76491641998291 1516.7932405471802 
nomask 3.349781e-05 3934.751152038574 2325.235001564026 4021.1459197998047 2894.1715478897095 
nomask 3.322959e-05 2564.4047813415527 1445.2444868087769 2837.7409172058105 1794.0470495224 
nomask 3.1799078e-05 1350.8677139282227 562.1166372299194 1617.786907196045 784.8286571502686 
mask 3.117323e-05 178.67064142227173 64.87024641036987 479.1943688392639 295.08924472332 
nomask 3.07858e-05 1954.060317993164 873.3295812606812 2240.975830078125 1148.947491645813 
nomask 3.0487776e-05 0.0 35.526180267333984 74.54937314987183 428.17568278312683 
mask 2.9623508e-05 2142.9495277404785 2207.9126300811768 4032.0 3024.0 
nomask 2.9593706e-05 2402.168918609619 1326.1439137458801 2650.8591499328613 1633.5609998703003 
nomask 2.9444695e-05 2142.9495277404785 2207.9126300811768 4032.0 3024.0 
mask 2.9414892e-05 0.6863201558589935 225.09683418273926 45.639147877693176 686.9060854911804 
nomask 2.899766e-05 575.348201751709 19.824126228690147 910.2612476348877 104.82729703187943 
nomask 2.8669834e-05 0.0 0.0 1611.2719116210938 2382.0276832580566 
nomask 2.8640032e-05 2181.8792037963867 0.0 3631.05704498291 1551.667296409607 
nomask 2.7239323e-05 3017.4047355651855 0.0 4032.0 1554.8451862335205 
nomask 2.6971102e-05 1567.1003665924072 552.1499755382538 1850.7729206085205 802.2142252922058 
mask 2.6911497e-05 0.0 2241.7537050247192 1839.6985816955566 3024.0 
mask 2.5719404e-05 2181.8792037963867 0.0 3631.05704498291 1551.667296409607 
nomask 2.5510788e-05 183.70872902870178 1029.8286237716675 439.8682451248169 1290.6967706680298 
mask 2.4795532e-05 1329.5533275604248 700.4196424484253 3385.4622116088867 1382.738416671753 
mask 2.4706125e-05 0.0 0.0 556.2665033340454 914.4141397476196 
nomask 2.4557114e-05 635.6365442276001 1046.1115465164185 850.7585306167603 1266.7981595993042 
nomask 2.43783e-05 3512.897678375244 2912.5081758499146 4032.0 3019.7399225234985 
