mask 0.99149984 405.79114 381.44165 560.91223 509.6653 
nomask 0.17032507 405.79114 381.44165 560.91223 509.6653 
mask 0.0032888353 62.818924 8.274009 1408.1979 476.5846 
mask 0.0029699802 831.92444 0.0 1440.0 187.51778 
mask 0.0009481907 351.3174 367.84848 728.35046 773.6866 
mask 0.0006685257 893.1988 6.3986497 1440.0 101.76564 
mask 0.00059366226 0.0 0.30009896 1324.9619 270.0335 
mask 0.0005236268 0.0 84.73433 582.319 1005.2965 
mask 0.00045469403 156.76945 238.3765 773.85516 811.6757 
mask 0.00045135617 90.06006 27.280544 739.1667 673.64197 
mask 0.00035866 745.2516 8.682825 1440.0 1080.0 
nomask 0.00035461868 745.2516 8.682825 1440.0 1080.0 
mask 0.00034111738 567.80035 418.67203 657.2553 503.6197 
mask 0.00031360984 0.0 0.0 1224.0443 115.415764 
mask 0.00029462576 0.0 895.80676 542.23956 1080.0 
mask 0.00029441714 557.07544 101.040306 1440.0 901.209 
mask 0.0002848804 0.41790962 562.41754 1440.0 1080.0 
nomask 0.00027003884 0.41790962 562.41754 1440.0 1080.0 
mask 0.00024658456 450.22354 337.67328 1440.0 1080.0 
nomask 0.00024658267 450.22354 337.67328 1440.0 1080.0 
mask 0.00024166703 354.0028 255.54668 1020.3576 800.5593 
nomask 0.00023913383 313.88824 711.43384 1364.2925 1080.0 
mask 0.00023764372 0.0 0.0 677.0664 189.47247 
mask 0.00022661686 473.12103 0.0 957.23206 517.3588 
mask 0.00020095706 1370.8328 5.659193 1440.0 61.701996 
mask 0.00019189715 537.40137 2.4456515 1299.105 181.79877 
mask 0.00017908216 1203.5686 0.0 1440.0 1003.31824 
nomask 0.00015029311 119.47696 888.07794 1116.384 1080.0 
mask 0.00014457107 152.13248 0.0 669.4946 523.3807 
mask 0.00014165044 0.0 11.238265 682.82904 94.392914 
mask 0.00014013052 1233.6393 0.30143672 1427.774 55.66346 
mask 0.00013408065 14.442891 106.79046 361.52542 675.6449 
mask 0.00013050437 997.60657 0.0 1440.0 150.43376 
mask 0.00012820959 89.38498 25.378773 1156.6781 820.87646 
mask 0.00011870265 942.6872 104.4476 1440.0 694.76544 
nomask 0.00011113286 1200.4825 880.8016 1440.0 1080.0 
mask 0.00010749698 38.2053 703.3455 855.5612 1080.0 
nomask 0.00010514259 1206.863 0.0 1440.0 1049.0619 
nomask 9.8884106e-05 910.0998 982.1392 1440.0 1080.0 
mask 9.658933e-05 1173.3229 910.73145 1440.0 1080.0 
nomask 9.1671944e-05 0.0 13.3196945 1223.8386 410.13644 
mask 9.140372e-05 677.70825 0.0 1440.0 276.662 
mask 9.119511e-05 528.7618 12.48571 1262.2587 86.480515 
mask 9.0658665e-05 119.47696 888.07794 1116.384 1080.0 
mask 8.9883804e-05 1308.878 717.7038 1440.0 1080.0 
nomask 8.660555e-05 942.6872 104.4476 1440.0 694.76544 
mask 8.493662e-05 0.0 0.0 740.484 267.72375 
mask 8.3088875e-05 406.2817 36.765007 1089.4502 638.98096 
mask 8.2850456e-05 292.25482 721.3016 1122.2689 1080.0 
mask 8.249283e-05 342.2212 722.1598 1341.7332 1080.0 
mask 8.171797e-05 1253.5879 0.0 1440.0 370.927 
mask 8.1688166e-05 1018.5744 806.47375 1440.0 1064.9321 
mask 8.1300735e-05 1093.4451 0.0 1440.0 570.7992 
nomask 7.852912e-05 0.0 0.0 1224.0443 115.415764 
mask 7.688999e-05 363.5497 367.69855 474.4172 477.17746 
mask 7.212162e-05 558.59296 365.28137 653.88715 480.73773 
mask 7.066131e-05 852.5887 7.7714643 1440.0 466.8686 
nomask 6.842613e-05 997.60657 0.0 1440.0 150.43376 
mask 6.774068e-05 0.0 50.282375 175.17677 735.19507 
mask 6.6161156e-05 790.98694 0.0 1307.2192 565.7925 
mask 6.392598e-05 701.1659 642.11017 1430.6345 1080.0 
mask 6.3210726e-05 1250.5267 0.0 1440.0 701.1351 
nomask 6.0796738e-05 567.80035 418.67203 657.2553 503.6197 
mask 5.915761e-05 1400.989 19.506184 1440.0 164.8719 
mask 5.605817e-05 188.24979 332.44363 1338.583 979.583 
mask 5.453825e-05 1114.4454 855.70447 1440.0 1080.0 
nomask 5.415082e-05 1358.8699 1029.5863 1440.0 1080.0 
mask 5.298853e-05 138.68295 934.57794 705.93134 1080.0 
mask 5.2154064e-05 93.88148 339.29114 837.8349 1069.1895 
mask 5.1945448e-05 97.80319 60.959816 617.32074 459.70575 
mask 5.1021576e-05 22.879845 0.0 953.839 383.2998 
nomask 5.0127506e-05 1370.8328 5.659193 1440.0 61.701996 
mask 4.8696995e-05 981.4231 915.5224 1440.0 1080.0 
mask 4.8577785e-05 1080.8458 6.9109874 1419.4203 29.626253 
nomask 4.8547983e-05 0.0 0.0 740.484 267.72375 
mask 4.7951937e-05 8.0212 513.1367 397.19095 1069.2786 
nomask 4.7445297e-05 0.0 957.3066 1440.0 1080.0 
mask 4.6491623e-05 0.0 824.69586 1049.3755 1080.0 
mask 4.428625e-05 1413.3765 60.640354 1436.9858 245.27026 
mask 4.3213367e-05 0.0 83.83573 634.6405 499.9489 
mask 4.2915344e-05 0.0 0.0 476.7833 158.2186 
mask 4.2825937e-05 343.45355 150.53014 646.2038 659.5198 
mask 4.23491e-05 0.0 0.0 339.19226 527.1567 
nomask 4.196167e-05 0.0 698.44055 862.6716 1080.0 
mask 4.196167e-05 392.5506 470.39926 823.2009 841.0918 
mask 4.1931868e-05 322.062 0.0 665.4808 323.78632 
mask 4.1097403e-05 917.64874 0.0 1440.0 428.05508 
nomask 3.9875507e-05 677.70825 0.0 1440.0 276.662 
mask 3.8713217e-05 1040.0084 892.6677 1440.0 1080.0 
nomask 3.710389e-05 1413.3765 60.640354 1436.9858 245.27026 
nomask 3.6984682e-05 0.0 0.0 476.7833 158.2186 
mask 3.6358833e-05 0.0 957.3066 1440.0 1080.0 
nomask 3.6001205e-05 1253.5879 0.0 1440.0 370.927 
mask 3.5703182e-05 13.063817 302.2509 351.30774 844.64105 
mask 3.5583973e-05 903.3178 151.12216 1440.0 1062.2716 
mask 3.5375357e-05 626.8672 0.0 950.0879 304.24332 
mask 3.4838915e-05 0.0 992.5485 268.60126 1080.0 
mask 3.4689903e-05 144.56311 196.59189 550.4619 585.92365 
nomask 3.4481287e-05 975.3375 691.0472 1440.0 1080.0 
mask 3.427267e-05 1027.3528 78.62778 1439.2617 979.6478 
