mask 0.9999581 0.33809137 0.2162278 0.8657627 0.72631705 
nomask 0.022241354 0.33502233 0.21211424 0.8618858 0.7241037 
mask 0.0008428395 0.9448539 0.31863922 0.9899701 0.68923765 
mask 0.0006880164 0.6145276 0.91294163 0.95306885 0.9960199 
nomask 0.000680387 0.9381786 0.36436525 0.990246 0.6742705 
mask 0.00053325295 0.5670182 0.86035454 0.9248645 1.0 
mask 0.00030753016 0.98037577 0.3556801 0.998098 0.569836 
nomask 0.000295043 0.96311706 0.42078114 0.9926812 0.66743994 
nomask 0.00029352307 0.57677436 0.9179332 0.9326905 0.9957578 
mask 0.0002911985 0.51821035 0.32844138 1.0 0.65864545 
nomask 0.00028657913 0.88720846 0.3562985 0.99398005 0.67469186 
nomask 0.00026533008 0.25157517 0.8282065 0.5054112 0.9883645 
nomask 0.00024950504 0.3080432 0.7162326 0.46336564 0.9870886 
nomask 0.00024145842 0.2517036 0.6691696 0.41584733 0.95920604 
nomask 0.00022390485 0.6347759 0.6138013 1.0 1.0 
mask 0.00021967292 0.9720379 0.38023645 0.99516284 0.6371277 
mask 0.00020518899 0.46405736 0.60632133 0.84780204 0.9374399 
nomask 0.00018066168 0.98037577 0.3556801 0.998098 0.569836 
mask 0.00017052889 0.13294771 0.4586781 1.0 1.0 
nomask 0.00015380979 0.9106414 0.6561498 1.0 1.0 
mask 0.00015035272 0.9106414 0.6561498 1.0 1.0 
mask 0.00014665723 0.0 0.15232822 0.58096 0.95633054 
nomask 0.00014522672 0.63175744 0.9098643 1.0 1.0 
nomask 0.0001449883 0.32849023 0.32938108 1.0 1.0 
mask 0.00014421344 0.0 0.7881768 0.6905656 1.0 
mask 0.00014403462 0.63175744 0.9098643 1.0 1.0 
nomask 0.00014293194 0.3583164 0.713151 0.5127223 0.97542024 
mask 0.00014221668 0.72576165 0.04236293 1.0 0.5934369 
mask 0.00014075928 0.31266007 0.31266725 1.0 1.0 
nomask 0.00013551116 0.0 0.56090546 0.43864185 1.0 
nomask 0.00013059378 0.008321464 0.51448387 1.0 1.0 
nomask 0.00012797117 0.5268733 0.8522643 0.8959426 1.0 
mask 0.00012764335 0.67797697 0.8407987 1.0 0.99903744 
mask 0.00012466311 0.4594597 0.13593477 1.0 1.0 
nomask 0.00011971593 0.0 0.7881768 0.6905656 1.0 
mask 0.00011885166 0.9008095 0.34600583 0.9928391 0.66107357 
nomask 0.00011870265 0.0 0.8914172 1.0 1.0 
nomask 0.00011789799 0.95328915 0.95296335 1.0 1.0 
mask 0.00011512637 0.48749128 0.73623514 1.0 1.0 
nomask 0.00011509657 0.48749128 0.73623514 1.0 1.0 
nomask 0.00011435151 0.0 0.0 0.5565914 0.60418785 
mask 0.00011011958 0.07737726 0.71448344 0.9683855 0.98867613 
mask 0.00010612607 0.33498272 0.27864745 0.7165077 0.93124557 
mask 0.00010511279 0.0 0.8914172 1.0 1.0 
mask 0.00010150671 0.96223843 0.46222305 0.9930347 0.67866135 
mask 0.00010025501 0.59755874 0.97478867 0.83083856 0.9984062 
mask 9.599328e-05 0.8353522 0.0 1.0 0.8812952 
mask 8.8751316e-05 0.3441288 0.27913857 0.57578695 0.80522645 
mask 8.7976456e-05 0.0056065004 0.96230507 0.065840326 1.0 
mask 8.699298e-05 0.54355526 0.08780815 1.0 0.45162743 
nomask 8.657575e-05 0.21127178 0.740713 0.45938683 0.91116476 
mask 8.5383654e-05 0.59130317 0.50033045 1.0 0.9479642 
nomask 8.4370375e-05 0.099218786 0.6735541 0.64695215 1.0 
nomask 8.3744526e-05 0.2995385 0.9608825 0.44718808 1.0 
mask 7.7307224e-05 0.6541758 0.09838542 1.0 0.64940417 
mask 7.581711e-05 0.06515771 0.2655193 0.60245746 0.7146307 
nomask 7.57575e-05 0.96012247 0.8676872 0.99609053 1.0 
mask 7.507205e-05 0.59442973 0.6610966 1.0 1.0 
mask 7.5012445e-05 0.05824113 0.034887433 0.49967217 0.59510964 
nomask 7.355213e-05 0.0056065004 0.96230507 0.065840326 1.0 
mask 7.286668e-05 0.0 0.56090546 0.43864185 1.0 
mask 7.271767e-05 0.099218786 0.6735541 0.64695215 1.0 
nomask 7.170439e-05 0.33519176 0.0 0.66011596 0.47872633 
nomask 7.146597e-05 0.07737726 0.71448344 0.9683855 0.98867613 
mask 7.131696e-05 0.6110189 0.151278 0.8432381 0.6263812 
nomask 7.069111e-05 0.8353522 0.0 1.0 0.8812952 
nomask 7.0393085e-05 0.59755874 0.97478867 0.83083856 0.9984062 
nomask 6.964803e-05 0.11835766 0.0 0.8904457 0.2592915 
nomask 6.958842e-05 0.6541758 0.09838542 1.0 0.64940417 
mask 6.890297e-05 0.061926156 0.00970152 0.9784932 0.66050696 
mask 6.771088e-05 0.9874925 0.32091832 1.0 0.51946783 
nomask 6.7561865e-05 0.0 0.7443001 0.52195543 1.0 
nomask 6.595254e-05 0.0 0.07180759 0.22820705 0.87526655 
mask 6.571412e-05 0.8131841 0.96427184 0.96021026 1.0 
nomask 6.1780214e-05 0.32093772 0.8616642 0.42919722 0.99834645 
nomask 6.118417e-05 0.11874959 0.84666514 0.46283606 0.99776554 
mask 5.877018e-05 0.65422916 0.2348791 1.0 0.77360237 
mask 5.8174133e-05 0.95328915 0.95296335 1.0 1.0 
mask 5.686283e-05 0.0 0.3642473 0.74964523 0.82483506 
mask 5.5879354e-05 0.32300675 0.5542827 0.672412 1.0 
nomask 5.468726e-05 0.83834803 0.71929026 0.9968598 1.0 
nomask 5.3972006e-05 0.0 0.32722342 0.43341035 0.660193 
nomask 5.349517e-05 0.0 0.5466304 0.47628087 0.922292 
nomask 5.2571297e-05 0.0 0.4983191 0.24586618 1.0 
mask 5.173683e-05 0.0 0.9150512 0.1843751 1.0 
nomask 5.13494e-05 0.331768 0.803268 0.4267042 0.95423394 
mask 5.1230192e-05 0.32820758 0.5073815 0.91713357 0.74659246 
mask 5.1170588e-05 0.0 0.32722342 0.43341035 0.660193 
nomask 5.017979e-05 0.51267505 0.010878682 1.0 1.0 
nomask 4.7832727e-05 0.23264399 0.9065912 0.5296296 0.99385095 
nomask 4.762411e-05 0.5637708 0.0 1.0 0.2612843 
nomask 4.6908855e-05 0.9874925 0.32091832 1.0 0.51946783 
nomask 4.681945e-05 0.3688667 0.8630389 0.4711478 1.0 
nomask 4.6670437e-05 0.012163691 0.9739208 0.19499472 0.99645114 
mask 4.6670437e-05 0.11835766 0.0 0.8904457 0.2592915 
nomask 4.6551228e-05 0.32300675 0.5542827 0.672412 1.0 
mask 4.6491623e-05 0.96012247 0.8676872 0.99609053 1.0 
nomask 4.643202e-05 0.7514659 0.0 1.0 0.4426647 
mask 4.6133995e-05 0.0 0.17792958 0.17192337 0.7003613 
nomask 4.5329332e-05 0.6466392 0.0 1.0 0.34373423 
