mask 0.9999862 0.2452524 0.19914117 0.8472322 0.6755514 
nomask 0.014383227 0.2452524 0.19914117 0.8472322 0.6755514 
nomask 0.0017154515 0.8409375 0.31175092 0.9094455 0.45155677 
mask 0.00037190318 0.4937003 0.03249401 0.85817456 0.70294267 
mask 0.00027048588 0.49241728 0.32597196 1.0 0.64986646 
mask 0.00022143126 0.7319728 0.042511284 1.0 0.59001046 
mask 0.00020450354 0.6082955 0.14967056 0.84303075 0.60854906 
mask 0.00019282103 0.0035661059 0.51599944 0.020944044 0.666922 
mask 0.00018692017 0.025218308 0.83279645 0.43838567 0.99351346 
mask 0.00016060472 0.46305192 0.13661766 1.0 1.0 
nomask 0.00014844537 0.46305192 0.13661766 1.0 1.0 
nomask 0.00014233589 0.8626258 0.22565271 0.9636447 0.54432786 
nomask 0.00014200807 0.980734 0.31620878 0.9975616 0.48194408 
mask 0.00012916327 0.66551995 0.0 1.0 0.6145791 
mask 0.00012817979 0.2509603 0.13803168 0.47684926 0.60762304 
mask 0.00012800097 0.52949274 0.10685973 1.0 0.45931566 
nomask 0.00012528896 0.0 0.0 0.46766162 0.62069505 
mask 0.00011616945 0.13555896 0.4626635 1.0 1.0 
nomask 0.000109404325 0.13555896 0.4626635 1.0 1.0 
mask 0.0001013875 0.8409375 0.31175092 0.9094455 0.45155677 
mask 9.7990036e-05 0.9849471 0.1974377 1.0 0.4167297 
mask 9.354949e-05 0.10376766 0.009770334 0.9857087 0.65883696 
nomask 9.325147e-05 0.6594994 0.6064281 1.0 1.0 
mask 9.071827e-05 0.980734 0.31620878 0.9975616 0.48194408 
mask 8.9883804e-05 0.82719994 0.00089639425 1.0 0.89541245 
nomask 8.7201595e-05 0.0014914032 0.014953688 0.03085723 0.15115337 
mask 8.2463026e-05 0.0 0.0 0.41159698 0.70621943 
mask 8.228421e-05 0.9810998 0.16403194 0.9975154 0.34118754 
nomask 7.7694654e-05 0.7334305 0.0 1.0 0.6200923 
nomask 7.584691e-05 0.9760999 0.35394508 0.9983079 0.5283704 
mask 7.3581934e-05 0.0 0.19066018 0.443478 0.9376946 
nomask 7.31647e-05 0.9093215 0.6593666 1.0 1.0 
mask 7.1287155e-05 0.9093215 0.6593666 1.0 1.0 
mask 7.095933e-05 0.8715893 0.28261623 0.9782237 0.5820602 
mask 6.92606e-05 0.0 0.0 0.041179106 0.05734822 
mask 6.908178e-05 0.0 0.35358274 0.07605973 0.76172614 
nomask 6.7830086e-05 0.63157773 0.9090147 1.0 1.0 
nomask 6.762147e-05 0.0 0.0 0.041179106 0.05734822 
nomask 6.6280365e-05 0.0 0.0 0.7197033 0.2577278 
mask 6.4998865e-05 0.63157773 0.9090147 1.0 1.0 
mask 6.4373016e-05 0.0014914032 0.014953688 0.03085723 0.15115337 
nomask 6.341934e-05 0.84482276 0.23219456 0.91268814 0.3285551 
nomask 6.2823296e-05 0.88506943 0.30848378 0.9637125 0.4538828 
nomask 6.2555075e-05 0.9810998 0.16403194 0.9975154 0.34118754 
mask 5.9574842e-05 0.0956568 0.9194711 0.54197603 0.9867639 
nomask 5.620718e-05 0.9849471 0.1974377 1.0 0.4167297 
nomask 5.4836273e-05 0.0 0.9496951 0.058709003 0.9945773 
mask 5.3793192e-05 0.9760999 0.35394508 0.9983079 0.5283704 
mask 5.313754e-05 0.65451366 0.09399295 1.0 0.6515616 
mask 5.1140785e-05 0.0 0.0060005933 0.30758494 0.18564706 
mask 5.0395727e-05 0.71085846 0.40199506 1.0 1.0 
mask 4.9948692e-05 0.0 0.07657841 0.02168401 0.21380371 
nomask 4.9173832e-05 0.21675232 0.5692004 0.96548295 1.0 
nomask 4.759431e-05 0.5561105 0.0 1.0 0.26274323 
nomask 4.7504902e-05 0.0 0.88907397 1.0 1.0 
mask 4.7028065e-05 0.0 0.83330065 0.25467598 0.9972624 
mask 4.6938658e-05 0.15142542 0.22518975 0.68460184 0.48208314 
nomask 4.607439e-05 0.753777 0.0 1.0 0.43926448 
nomask 4.553795e-05 0.68165314 0.2153677 0.8588393 0.4951237 
mask 4.440546e-05 0.9701311 0.39286846 0.99995893 0.5717732 
mask 4.339218e-05 0.71431017 0.23700127 1.0 0.783818 
mask 4.3153763e-05 0.5561105 0.0 1.0 0.26274323 
mask 4.285574e-05 0.113123775 0.0 0.9022951 0.27301013 
nomask 4.2289495e-05 0.046878695 0.0 0.5713879 0.33369508 
mask 4.2021275e-05 0.5744431 0.7900622 1.0 1.0 
mask 4.157424e-05 0.55495566 0.30274576 1.0 0.912635 
nomask 4.145503e-05 0.5358765 0.0 0.86395717 0.47276813 
nomask 4.0888786e-05 0.65451366 0.09399295 1.0 0.6515616 
nomask 4.082918e-05 0.0 0.5590551 0.44382626 1.0 
nomask 3.877282e-05 0.008524731 0.96935594 0.17253216 0.9941324 
nomask 3.874302e-05 0.025626443 0.02028048 0.11750188 0.11991711 
nomask 3.749132e-05 0.11875363 0.0 0.45478153 0.4494229 
mask 3.7401915e-05 0.0 0.9496951 0.058709003 0.9945773 
mask 3.7252903e-05 0.0 0.88907397 1.0 1.0 
nomask 3.695488e-05 0.0 0.46014634 0.25420484 1.0 
mask 3.683567e-05 0.9497735 0.1491642 0.9941078 0.49687898 
nomask 3.656745e-05 0.0019791164 0.22907801 0.015276987 0.37586355 
mask 3.6418438e-05 0.0 0.0023259297 0.17362052 0.16083387 
mask 3.5643578e-05 0.0 0.0 0.15962732 0.08035317 
nomask 3.540516e-05 0.82719994 0.00089639425 1.0 0.89541245 
mask 3.516674e-05 0.753777 0.0 1.0 0.43926448 
nomask 3.501773e-05 0.8468218 0.1898926 0.9185015 0.28007668 
mask 3.4987926e-05 0.004361894 0.7821022 0.01862098 0.93727016 
nomask 3.454089e-05 0.8340029 0.25414896 0.9191621 0.51358575 
mask 3.454089e-05 0.98031384 0.124627315 0.9981807 0.27738225 
nomask 3.439188e-05 0.0 0.0 0.2388499 0.46818876 
mask 3.4213066e-05 0.0 0.007428631 0.72675645 0.414501 
nomask 3.3974648e-05 0.65306735 0.0 1.0 0.3447603 
nomask 3.3706427e-05 0.56888115 0.011254162 1.0 0.459366 
nomask 3.3706427e-05 0.0 0.0 0.3902229 0.2874688 
mask 3.33786e-05 0.51859915 0.5476372 1.0 0.9155309 
mask 3.3169985e-05 0.0 0.782319 0.6912652 1.0 
mask 3.257394e-05 0.005194634 0.002336124 0.16994756 0.035897546 
mask 3.2365322e-05 0.015760124 0.29937458 0.14990991 0.6488726 
nomask 3.1739473e-05 0.0 0.0023259297 0.17362052 0.16083387 
nomask 3.1739473e-05 0.0 0.0 0.15962732 0.08035317 
mask 3.1352043e-05 0.0 0.5590551 0.44382626 1.0 
mask 3.1232834e-05 0.005684073 0.84120417 0.0268167 0.9872359 
nomask 3.1083822e-05 0.0 0.017677546 0.26028365 0.6715689 
mask 3.0219555e-05 0.60491174 0.56730086 1.0 1.0 
