mask 0.999998 328.628488779068 360.0471308231354 793.2497870922089 956.1850853562355 
mask 0.03994757 0.0 444.3596183657646 67.45379857718945 645.3086355924606 
mask 0.03072849 5.649678893387318 398.35442823171616 99.27745923399925 804.0093711018562 
nomask 0.011497676 330.6846487522125 356.20258501172066 797.8426051139832 955.4571677446365 
nomask 0.006411612 0.0 444.3596183657646 67.45379857718945 645.3086355924606 
nomask 0.00063568354 5.649678893387318 398.35442823171616 99.27745923399925 804.0093711018562 
mask 0.0005571842 5.685915993526578 514.7331935465336 35.09369034320116 804.4439463019371 
nomask 0.00055241585 4.162069791927934 331.76530642807484 32.85692684352398 497.94866052269936 
mask 0.0003953576 345.8287909626961 0.0 984.6665072441101 191.83510181307793 
mask 0.0003912151 0.0 399.59953516721725 172.75454938411713 888.996969640255 
mask 0.0003864467 1.1821652762591839 453.8379907608032 58.19010853767395 1026.5629365444183 
mask 0.00024399161 24.856308065354824 501.93676394224167 127.27093428373337 673.0304483175278 
mask 0.00023955107 4.162069791927934 331.76530642807484 32.85692684352398 497.94866052269936 
nomask 0.00023525953 517.7894476056099 0.0 888.3514964580536 187.95653475821018 
mask 0.00022491813 0.0 462.70049354434013 150.80818369984627 713.455656349659 
mask 0.0001848638 17.164832279086113 460.4451279640198 102.40106716752052 610.2809943556786 
mask 0.00015997887 221.57918870449066 0.0 1059.0709000825882 352.0069914460182 
nomask 0.00013703108 319.2224392294884 349.7654917538166 577.1544998884201 600.4930473268032 
nomask 0.00012928247 0.0 257.15881602466106 11.480711670592427 437.4983285665512 
nomask 0.000121444464 221.57918870449066 0.0 1059.0709000825882 352.0069914460182 
mask 0.00012096763 1076.888461112976 450.17615085840225 1121.6543936729431 630.0615555644035 
nomask 0.00010865927 0.0 1327.9031425118446 67.09806818515062 1393.0 
mask 0.00010719895 324.0783727169037 361.01122519373894 573.3538234233856 736.5531538724899 
mask 9.9122524e-05 526.8858742713928 0.0 1130.0 370.73320546746254 
nomask 9.7960234e-05 32.06092931330204 400.51294016838074 238.98441314697266 783.328523516655 
nomask 9.343028e-05 749.5553773641586 0.0 1130.0 836.0391575098038 
mask 9.199977e-05 0.0 257.15881602466106 11.480711670592427 437.4983285665512 
mask 9.089708e-05 0.0 1327.9031425118446 67.09806818515062 1393.0 
mask 9.059906e-05 11.27805732190609 994.2847265601158 218.21516335010529 1388.8097618222237 
nomask 8.735061e-05 571.2684994935989 181.56705878674984 649.5098048448563 302.74337987601757 
nomask 8.5026026e-05 0.0 399.59953516721725 172.75454938411713 888.996969640255 
mask 8.4489584e-05 32.06092931330204 400.51294016838074 238.98441314697266 783.328523516655 
mask 8.097291e-05 81.87320299446583 522.7900218069553 180.5204463005066 662.515330940485 
nomask 7.984042e-05 1095.7446092367172 180.46619445085526 1125.2237790822983 388.08902138471603 
mask 7.966161e-05 29.638014063239098 563.8591633439064 117.83411271870136 739.7219659686089 
mask 7.772446e-05 581.453657746315 14.845384418964386 1130.0 1393.0 
mask 7.736683e-05 0.0 191.74688321352005 70.71532070636749 725.7336096763611 
mask 7.534027e-05 28.88879757374525 390.53008192777634 110.14869451522827 533.6328557133675 
mask 7.414818e-05 353.304058611393 435.54253259301186 1130.0 1393.0 
nomask 7.405877e-05 353.304058611393 435.54253259301186 1130.0 1393.0 
mask 7.399917e-05 32.43233196437359 336.22514064610004 124.44116331636906 447.07488307356834 
nomask 7.1942806e-05 952.2563934326172 1132.5449011921883 1130.0 1393.0 
nomask 6.777048e-05 744.5583724975586 869.3599660396576 1130.0 1393.0 
nomask 6.6906214e-05 716.3545364141464 1264.6666388511658 1130.0 1393.0 
mask 6.67572e-05 9.073358178138733 721.3648585677147 1130.0 1393.0 
nomask 6.5237284e-05 581.453657746315 14.845384418964386 1130.0 1393.0 
nomask 6.4611435e-05 0.0 339.3501132875681 145.8393830060959 589.5979880094528 
mask 6.41346e-05 17.40832269191742 0.0 361.2143608927727 252.05805811285973 
mask 6.335974e-05 716.3545364141464 1264.6666388511658 1130.0 1393.0 
nomask 6.312132e-05 0.0 191.74688321352005 70.71532070636749 725.7336096763611 
nomask 6.3061714e-05 651.5825337171555 26.517470566555858 1130.0 91.9242581576109 
mask 6.112456e-05 338.23582351207733 363.7806249856949 663.5036545991898 598.4802102446556 
mask 6.0796738e-05 0.0 339.3501132875681 145.8393830060959 589.5979880094528 
nomask 6.067753e-05 0.0 0.0 479.58968222141266 362.5077447593212 
nomask 6.0141087e-05 9.073358178138733 721.3648585677147 1130.0 1393.0 
nomask 5.969405e-05 576.8906098604202 19.59590930119157 999.5894950628281 116.00766599178314 
nomask 5.8591366e-05 25.45248955488205 0.0 727.4274778366089 399.50811994075775 
mask 5.8084726e-05 1028.1090158224106 928.2833482027054 1130.0 1393.0 
mask 5.7846308e-05 939.1041898727417 26.61789706349373 1130.0 1245.3480525016785 
nomask 5.725026e-05 0.0 0.0 313.04375529289246 547.1663361489773 
nomask 5.581975e-05 526.8858742713928 0.0 1130.0 370.73320546746254 
nomask 5.51641e-05 1073.9628380537033 1338.1410666704178 1130.0 1393.0 
mask 5.5104494e-05 391.2187850475311 11.20918239839375 910.6042015552521 97.49425598978996 
mask 5.3942204e-05 744.7399568557739 136.89359587430954 1130.0 902.1506326794624 
nomask 5.3584576e-05 0.0 1151.7840285301208 1028.0103433132172 1393.0 
nomask 5.3465366e-05 939.1041898727417 26.61789706349373 1130.0 1245.3480525016785 
mask 5.298853e-05 1051.0336369276047 419.62399485707283 1123.064838051796 798.6480880975723 
nomask 5.143881e-05 0.0 20.165775507688522 320.11739552021027 840.6255283355713 
mask 5.143881e-05 0.0 1072.8945977687836 24.39634010195732 1302.2282503843307 
nomask 5.0604343e-05 129.6270351111889 0.0 515.14364361763 627.7004937231541 
mask 5.0365925e-05 0.0 0.0 465.0808495283127 985.008862555027 
nomask 4.9889088e-05 81.87320299446583 522.7900218069553 180.5204463005066 662.515330940485 
mask 4.9829483e-05 651.5825337171555 26.517470566555858 1130.0 91.9242581576109 
mask 4.8607588e-05 187.74196058511734 113.79468685388565 849.7877204418182 1138.55157071352 
mask 4.8279762e-05 0.0 264.01614117622375 513.087315261364 1260.5510439872742 
mask 4.801154e-05 1.997230090200901 589.5336403250694 17.453807182610035 880.6696320176125 
nomask 4.7922134e-05 17.40832269191742 0.0 361.2143608927727 252.05805811285973 
mask 4.723668e-05 973.2652860879898 0.0 1130.0 405.8940671682358 
mask 4.6938658e-05 0.0 1151.7840285301208 1028.0103433132172 1393.0 
mask 4.670024e-05 1108.7991505861282 551.6231397986412 1126.8874043226242 792.1221535205841 
nomask 4.6640635e-05 371.37645065784454 0.0 750.3304785490036 645.7279749214649 
mask 4.479289e-05 0.0 1013.5537444353104 96.79693169891834 1393.0 
mask 4.476309e-05 371.37645065784454 0.0 750.3304785490036 645.7279749214649 
nomask 4.389882e-05 744.7399568557739 136.89359587430954 1130.0 902.1506326794624 
mask 4.389882e-05 19.387144297361374 1349.837815105915 172.95586824417114 1390.1433779597282 
mask 4.2289495e-05 744.5583724975586 869.3599660396576 1130.0 1393.0 
mask 3.9935112e-05 604.6854770183563 0.0 984.9919581413269 598.2660777568817 
nomask 3.8981438e-05 449.4191312789917 366.9191729128361 791.2927711009979 585.8134723603725 
nomask 3.8713217e-05 0.0 392.9610959291458 403.4236651659012 999.2701360583305 
nomask 3.7521124e-05 111.40422642230988 959.0580641627312 735.6036907434464 1393.0 
mask 3.71933e-05 0.0 0.0 479.58968222141266 362.5077447593212 
mask 3.7014484e-05 37.94136464595795 23.761773198843002 1118.6426931619644 915.1374899148941 
mask 3.6984682e-05 1091.147952079773 489.1426176428795 1125.0294649600983 704.1694136857986 
mask 3.6656857e-05 0.0 1278.018907904625 189.88163858652115 1393.0 
nomask 3.552437e-05 17.164832279086113 460.4451279640198 102.40106716752052 610.2809943556786 
nomask 3.5226345e-05 19.387144297361374 1349.837815105915 172.95586824417114 1390.1433779597282 
nomask 3.4570694e-05 32.43233196437359 336.22514064610004 124.44116331636906 447.07488307356834 
mask 3.4481287e-05 574.2199862003326 374.87105217576027 795.4825472831726 740.5877121686935 
mask 3.4183264e-05 0.0 392.9610959291458 403.4236651659012 999.2701360583305 
mask 3.3825636e-05 0.2650697622448206 918.3264781236649 23.60813871026039 1118.8818535804749 
