mask 0.99999416 449.33707 458.56366 900.92584 963.9433 
nomask 0.0016810298 453.9029 462.7708 903.237 967.2524 
mask 0.0006444752 0.1276567 0.0 64.3998 27.82976 
nomask 0.00050517917 0.1276567 0.0 64.3998 27.82976 
mask 0.00038436055 477.55032 446.22992 857.0749 750.5771 
mask 0.00025832653 187.02213 156.94603 1051.1031 1237.7388 
nomask 0.00019085407 934.55457 320.4616 1183.8096 763.10944 
mask 0.00016060472 922.17487 1105.1295 1350.0804 1342.0 
mask 0.00015875697 0.0 267.11267 636.6317 1265.13 
mask 0.00015804172 294.8738 15.861347 919.6335 82.069466 
nomask 0.0001309812 465.34515 0.0 941.589 613.985 
mask 0.0001308024 656.6786 180.16109 1414.0 1342.0 
nomask 0.00013053417 493.10443 413.56726 859.02814 664.24524 
mask 0.00012898445 0.0 0.0 35.442524 190.38673 
nomask 0.00012544094 442.09714 419.5947 1414.0 1342.0 
mask 0.00012394786 32.861572 7.3414702 1393.6176 886.8088 
nomask 0.0001231134 0.0 856.7764 829.1399 1342.0 
nomask 0.00012254715 908.5263 837.2113 1414.0 1342.0 
mask 0.00012177229 3.5065098 697.67114 1414.0 1342.0 
nomask 0.00011500716 293.4082 0.0 1176.8331 457.53516 
nomask 0.00011479252 729.82263 12.967007 1414.0 1342.0 
nomask 0.0001142323 3.5065098 697.67114 1414.0 1342.0 
nomask 0.00011250377 0.0 12.586597 1048.5857 551.1922 
mask 0.00011152029 563.85944 420.91296 1273.6543 741.81146 
nomask 0.00011128187 118.435875 1092.0837 1089.4922 1342.0 
mask 0.00011014938 0.0 878.5302 771.38873 1342.0 
nomask 0.00010895729 0.0 0.0 35.442524 190.38673 
nomask 0.000108242035 1183.6272 1095.086 1414.0 1342.0 
nomask 0.00010329485 305.9776 869.02496 1335.6719 1342.0 
nomask 0.000102996826 900.60095 1217.0142 1414.0 1342.0 
mask 0.00010114908 9.718923 0.0 291.6356 6.603062 
mask 9.676814e-05 900.60095 1217.0142 1414.0 1342.0 
nomask 9.286404e-05 1022.6469 1298.4867 1206.7073 1335.1453 
mask 9.11057e-05 1192.2954 3.4861395 1414.0 1221.9767 
mask 8.8483095e-05 1282.9087 894.0259 1414.0 1342.0 
nomask 8.636713e-05 1192.2954 3.4861395 1414.0 1221.9767 
nomask 8.234382e-05 953.3378 1302.8993 1125.9185 1339.9512 
mask 8.1151724e-05 144.42838 920.49915 929.7276 1342.0 
mask 7.855892e-05 947.41 126.7323 1414.0 867.53 
mask 7.519126e-05 115.39023 28.503834 721.3142 796.63275 
nomask 7.164478e-05 1002.29626 1118.9762 1082.6649 1252.554 
mask 7.131696e-05 953.3378 1302.8993 1125.9185 1339.9512 
nomask 7.092953e-05 0.0 0.0 549.50366 394.61084 
mask 7.066131e-05 309.9837 8.079702 1216.7578 341.361 
nomask 6.622076e-05 2.772275 1288.232 82.344795 1342.0 
mask 6.5267086e-05 876.8913 1309.231 1080.0695 1342.0 
nomask 6.517768e-05 947.41 126.7323 1414.0 867.53 
mask 6.3210726e-05 0.0 12.586597 1048.5857 551.1922 
nomask 6.303191e-05 0.0 1184.7152 1414.0 1342.0 
mask 6.258488e-05 1022.6469 1298.4867 1206.7073 1335.1453 
nomask 6.1541796e-05 922.17487 1105.1295 1350.0804 1342.0 
nomask 5.838275e-05 866.68024 0.0 1414.0 496.92587 
mask 5.787611e-05 10.363567 1104.9292 1288.0536 1342.0 
mask 5.7697296e-05 908.5263 837.2113 1414.0 1342.0 
mask 5.5283308e-05 488.868 456.0896 1414.0 891.05853 
nomask 5.096197e-05 0.0 0.0 345.5607 610.92993 
mask 5.081296e-05 0.0 82.64917 21.686357 276.98373 
mask 5.0485134e-05 345.2943 889.2723 1307.6208 1342.0 
nomask 4.9740076e-05 1077.5161 0.0 1414.0 967.208 
mask 4.9471855e-05 0.0 450.98245 606.8314 889.35486 
nomask 4.926324e-05 1344.9738 1290.3428 1414.0 1342.0 
mask 4.8577785e-05 257.3123 0.0 1281.7694 160.04388 
nomask 4.824996e-05 0.0 5.7208843 394.21402 843.0424 
nomask 4.7683716e-05 751.05493 0.0 1256.7832 609.18976 
mask 4.6014786e-05 9.434696 850.37897 254.13362 1342.0 
mask 4.5120716e-05 42.773014 13.477309 493.50656 238.49373 
nomask 4.3720007e-05 1247.0518 1206.7395 1371.7522 1310.6792 
nomask 4.3421984e-05 170.68944 0.0 643.4448 607.92896 
nomask 4.2945147e-05 0.0 0.0 579.66876 1020.4073 
mask 4.2438507e-05 7.4105306 47.351566 85.37166 576.5654 
nomask 4.172325e-05 31.450771 7.619993 242.38048 508.80255 
mask 4.130602e-05 0.0 0.0 620.2327 344.8549 
nomask 4.1246414e-05 0.0 82.64917 21.686357 276.98373 
nomask 4.0113926e-05 7.4105306 47.351566 85.37166 576.5654 
nomask 3.9845705e-05 0.0 450.98245 606.8314 889.35486 
mask 3.9577484e-05 465.34515 0.0 941.589 613.985 
nomask 3.799796e-05 729.34644 0.0 1414.0 347.02713 
nomask 3.7312508e-05 1057.9823 1129.7402 1172.854 1260.7412 
nomask 3.7133694e-05 1068.584 0.0 1414.0 598.0862 
mask 3.668666e-05 853.0305 376.16632 1414.0 1245.5828 
mask 3.620982e-05 68.51095 458.83826 991.7038 910.75635 
nomask 3.59118e-05 1085.913 1066.1467 1160.6201 1157.1174 
mask 3.555417e-05 1324.6747 33.499756 1401.0049 600.9171 
mask 3.5494566e-05 1344.9738 1290.3428 1414.0 1342.0 
mask 3.5494566e-05 31.450771 7.619993 242.38048 508.80255 
nomask 3.4332275e-05 20.47506 1304.449 221.84546 1336.9061 
nomask 3.4093857e-05 988.1784 1202.9775 1088.6105 1319.5894 
mask 3.3468008e-05 781.2768 7.561841 1414.0 586.7377 
nomask 3.3318996e-05 9.434696 850.37897 254.13362 1342.0 
nomask 3.284216e-05 648.6847 437.11063 915.67834 779.2438 
mask 3.2812357e-05 0.0 146.9143 13.614376 361.72113 
nomask 3.2156706e-05 1089.5975 1301.9246 1277.0107 1336.5101 
nomask 3.20673e-05 0.0 146.9143 13.614376 361.72113 
mask 3.194809e-05 0.0 0.0 291.4138 295.86295 
nomask 3.1799078e-05 1145.2816 1085.7078 1211.1942 1159.432 
nomask 3.1024218e-05 0.0 124.84339 584.1184 610.81366 
mask 3.0517578e-05 0.0 124.84339 584.1184 610.81366 
mask 3.0338764e-05 0.0 0.0 230.12746 78.08726 
nomask 3.0219555e-05 853.0305 376.16632 1414.0 1245.5828 
mask 2.9861927e-05 514.67163 0.0 1164.7194 1021.2537 
