mask 0.9999765 0.36914527 0.42072544 0.6584809 0.73049617 
nomask 0.005760491 0.15201598 0.75832415 0.18328944 0.8051832 
nomask 0.0052729845 0.76453924 0.7240599 0.7920954 0.7633082 
nomask 0.0035455525 0.76280034 0.74659383 0.79525447 0.7953663 
nomask 0.0028647482 0.0042952113 0.7455396 0.026495215 0.83097917 
mask 0.002116412 0.96976084 0.7358728 0.99665827 0.8286839 
mask 0.0019094348 0.0042952113 0.7455396 0.026495215 0.83097917 
nomask 0.001707077 0.36914527 0.42072544 0.6584809 0.73049617 
nomask 0.001596719 0.72912335 0.70119756 0.7653886 0.75406545 
nomask 0.001514107 0.81158483 0.7215184 0.84470344 0.76318586 
mask 0.0014509559 0.96045315 0.7741198 0.99590385 0.8611272 
nomask 0.001360178 0.8191505 0.67143023 0.8490929 0.7055173 
mask 0.0010626316 0.008878629 0.7714613 0.037490655 0.8659716 
nomask 0.00074735284 0.96976084 0.7358728 0.99665827 0.8286839 
nomask 0.00067287683 0.7697195 0.66935015 0.7983506 0.711244 
mask 0.000665009 0.1151025 0.80357575 0.15488696 0.8532014 
nomask 0.0006336272 0.12262767 0.76492083 0.16092929 0.8174461 
nomask 0.00062456727 0.04888267 0.7587221 0.09059807 0.82073754 
mask 0.0005748272 0.0 0.011416502 0.41875827 0.09520328 
mask 0.0005466938 0.055875786 0.7980266 0.10562923 0.85856634 
nomask 0.0005414486 0.1151025 0.80357575 0.15488696 0.8532014 
mask 0.0005195141 0.02329588 0.7940316 0.30462587 0.96723914 
mask 0.00051155686 0.15201598 0.75832415 0.18328944 0.8051832 
mask 0.0004376769 0.0 0.844793 0.27452525 0.995784 
nomask 0.00042375922 0.81715083 0.7456214 0.85805345 0.7977503 
mask 0.00039556623 0.10417941 0.83465326 0.15735522 0.9009335 
mask 0.0003915429 0.006809734 0.8248494 0.03464701 0.92909557 
mask 0.00038853288 0.0014364496 0.74537325 0.077267975 1.0 
nomask 0.00038820505 0.6137396 0.15551618 0.6498754 0.20702457 
nomask 0.0003347993 0.008878629 0.7714613 0.037490655 0.8659716 
nomask 0.0002745688 0.055875786 0.7980266 0.10562923 0.85856634 
nomask 0.00027355552 0.728485 0.74965996 0.76199114 0.8067376 
mask 0.00023636222 0.0905388 0.44711787 0.50992876 0.9769971 
mask 0.00023573637 0.0 0.79971296 0.14341393 0.96029395 
mask 0.00023046136 0.0077982335 0.6086691 0.018172402 0.6782734 
nomask 0.00018799305 0.12242608 0.65258914 0.15040757 0.6962827 
nomask 0.00018689036 0.85671407 0.7561577 0.89412946 0.8127281 
nomask 0.00018581748 0.10491741 0.55469304 0.14936268 0.62209564 
mask 0.00017341971 0.17019977 0.41946268 0.6112441 0.661327 
mask 0.00016856194 0.40227467 0.41265547 0.8246582 0.6730027 
mask 0.00016841292 0.0 0.001349099 0.34940633 0.17268452 
nomask 0.00016415119 0.16017751 0.7905278 0.19724731 0.84082675 
mask 0.00015619397 0.5175329 0.027147353 0.97853225 0.65562475 
nomask 0.00015485287 0.96045315 0.7741198 0.99590385 0.8611272 
mask 0.0001526773 0.057621963 0.6111965 0.0951378 0.6535224 
mask 0.00015205145 0.04888267 0.7587221 0.09059807 0.82073754 
mask 0.00014901161 0.41837925 0.5061777 0.6634163 0.91642505 
mask 0.00013679266 0.14475717 0.7139175 0.482378 1.0 
mask 0.00012883544 0.0026293397 0.005128445 0.1889271 0.03847889 
mask 0.00012716651 0.05264016 0.84010404 0.115171626 0.9120255 
mask 0.00012713671 0.0 0.18187386 0.45762813 0.9290988 
mask 0.0001256764 0.02577284 0.018731833 0.58778226 0.64554185 
mask 0.00012460351 0.12262767 0.76492083 0.16092929 0.8174461 
mask 0.00011873245 0.97899836 0.70416117 0.9986195 0.787971 
mask 0.0001167655 0.24086997 0.010047527 0.44339016 0.031372644 
mask 0.0001142025 0.0 0.8067177 0.44502473 1.0 
nomask 0.0001116693 0.64220595 0.6191459 1.0 1.0 
mask 0.00010946393 0.3374683 0.49871254 0.5713338 0.9327793 
mask 0.000104635954 0.0061505805 0.64073914 0.018709501 0.71213955 
nomask 0.00010338426 0.90768766 0.7547298 0.95313823 0.82127887 
mask 0.00010177493 0.27796936 0.0 0.65056604 0.15460907 
mask 9.9271536e-05 0.13738233 0.46126953 1.0 1.0 
nomask 9.868873e-05 0.31265926 0.3126644 1.0 1.0 
mask 9.766258e-05 0.5159874 0.009459853 1.0 1.0 
mask 9.474158e-05 0.0015393868 0.75669 0.18024549 0.99309874 
mask 9.4115734e-05 0.13428593 0.0 0.5291451 0.07108471 
nomask 9.101629e-05 0.15995245 0.7174443 0.19103755 0.77676904 
nomask 8.550286e-05 0.0077982335 0.6086691 0.018172402 0.6782734 
mask 8.4519386e-05 0.002028523 0.0 0.046258777 0.05308402 
mask 8.404255e-05 0.10491741 0.55469304 0.14936268 0.62209564 
nomask 8.377433e-05 0.008875847 0.517496 1.0 1.0 
nomask 8.34465e-05 0.6233299 0.16219997 1.0 0.96110857 
mask 8.288026e-05 0.49896383 0.9131229 0.9033271 0.9831735 
nomask 8.204579e-05 0.10977429 0.61545205 0.1448434 0.6600549 
nomask 8.192448e-05 0.5159874 0.009459853 1.0 1.0 
mask 8.1807375e-05 0.31132513 0.61907583 0.79185253 0.8498431 
nomask 8.08835e-05 0.20873252 0.7020623 0.24934086 0.7719417 
nomask 7.879734e-05 0.057621963 0.6111965 0.0951378 0.6535224 
nomask 7.802248e-05 0.15430382 0.5516124 0.194837 0.62179935 
mask 7.465482e-05 0.9140675 0.7936343 0.95414126 0.856143 
mask 7.387996e-05 0.27911806 0.00470867 0.69728476 0.07027439 
nomask 7.364154e-05 0.084183365 0.8162929 0.7663089 1.0 
mask 7.233024e-05 0.005963672 0.88323367 0.03621209 0.9765183 
nomask 7.2062016e-05 0.2011383 0.7521905 0.24695383 0.81074905 
nomask 7.2062016e-05 0.8121768 0.85107946 1.0 1.0 
nomask 7.084012e-05 0.119860366 0.70825875 0.15067352 0.7676208 
nomask 7.009506e-05 0.9097674 0.6640851 1.0 1.0 
mask 6.8217516e-05 0.63640493 0.90745807 1.0 1.0 
nomask 6.818771e-05 0.004601177 0.7036454 0.021453707 0.7916272 
mask 6.7949295e-05 0.9097674 0.6640851 1.0 1.0 
nomask 6.780028e-05 0.05223976 0.70900226 0.08463769 0.7628318 
mask 6.651878e-05 0.5669079 0.7890665 1.0 1.0 
nomask 6.6399574e-05 0.721692 0.66297287 0.7654169 0.7259566 
nomask 6.6399574e-05 0.0 0.61863387 0.5894418 1.0 
nomask 6.586313e-05 0.76083696 0.6017504 0.80524385 0.66594326 
mask 6.389618e-05 0.9577809 0.00084588304 1.0 0.056617443 
mask 6.118417e-05 0.66022533 0.09821764 1.0 0.64652026 
mask 6.097555e-05 0.97319037 0.4858394 1.0 0.5880785 
mask 6.082654e-05 0.90768766 0.7547298 0.95313823 0.82127887 
nomask 6.0111284e-05 0.16421433 0.6489356 0.19324486 0.690489 
