mask 0.9999504 639.89435 508.58145 1221.9602 981.3685 
mask 0.0011870563 39.92901 1142.1451 592.5744 1433.3147 
nomask 0.00073873997 639.89435 508.58145 1221.9602 981.3685 
nomask 0.000692755 1481.3375 634.18976 1565.6492 734.6307 
nomask 0.00036740303 1872.7405 680.2479 1902.8647 851.2949 
mask 0.00034338236 158.50276 645.1708 960.90625 1405.4446 
mask 0.00026470423 249.0085 659.1329 1920.0 1440.0 
mask 0.0002618432 765.34827 462.48895 1691.1997 1008.98224 
mask 0.00024282932 0.0 1095.4894 935.7798 1440.0 
mask 0.00022941828 882.0501 188.16876 1920.0 1440.0 
nomask 0.00022053719 882.0501 188.16876 1920.0 1440.0 
nomask 0.0002143085 0.0 936.5963 1092.6829 1440.0 
mask 0.00021377206 632.6612 500.84918 1127.1523 788.1858 
mask 0.00021368265 0.0 473.72104 1098.2853 1279.4567 
mask 0.00021320097 600.30896 450.24484 1920.0 1440.0 
nomask 0.00021319915 600.30896 450.24484 1920.0 1440.0 
nomask 0.00021144748 1331.3772 0.0 1888.0078 237.08443 
nomask 0.00020903349 1530.0247 55.391777 1838.0483 509.29483 
nomask 0.00020593405 11.115875 739.395 1920.0 1440.0 
mask 0.00020471215 240.5821 177.00511 1424.5228 1312.2744 
nomask 0.00019228458 1245.0416 913.74493 1920.0 1440.0 
nomask 0.00017485023 1234.4285 1300.5908 1920.0 1440.0 
nomask 0.0001745224 1737.4253 964.35114 1920.0 1440.0 
mask 0.00016754866 1737.4253 964.35114 1920.0 1440.0 
mask 0.0001655519 160.21605 42.43645 979.42303 855.78894 
mask 0.00016459823 1234.4285 1300.5908 1920.0 1440.0 
nomask 0.00015643239 463.90268 971.93994 1767.1823 1440.0 
mask 0.00015243888 0.0 957.3427 1022.7968 1440.0 
mask 0.00015237927 14.731164 1049.4478 396.43283 1440.0 
nomask 0.00014942884 0.0 17.281452 1403.166 594.92786 
nomask 0.00014799833 1625.1558 2.5212765 1920.0 1287.9104 
nomask 0.00014665723 0.0 1270.0441 1920.0 1440.0 
nomask 0.00014334917 194.28835 989.2737 1260.7722 1440.0 
mask 0.00012472272 525.64764 852.57153 1409.993 1440.0 
mask 0.00012376904 0.0 1270.0441 1920.0 1440.0 
mask 0.0001232624 49.10734 5.7966185 1893.3589 948.7632 
mask 0.00012102723 630.48395 315.64746 1609.1373 1262.2903 
mask 0.0001193583 1192.975 978.8842 1920.0 1440.0 
mask 0.000114649534 194.28835 989.2737 1260.7722 1440.0 
nomask 0.000113487244 1284.8145 134.87224 1920.0 931.09454 
mask 0.000113487244 1284.8145 134.87224 1920.0 931.09454 
nomask 0.00011047721 1876.15 31.581133 1913.4523 249.0571 
nomask 9.7215176e-05 1468.0352 0.0 1920.0 1038.3623 
nomask 9.635091e-05 1630.6328 11.426425 1890.481 565.8044 
mask 9.6321106e-05 344.8588 461.37943 1186.0104 809.71313 
nomask 9.557605e-05 1823.8132 32.614502 1914.1458 626.8476 
nomask 9.512901e-05 634.03186 0.0 1267.6635 664.1079 
mask 8.922815e-05 0.0 17.281452 1403.166 594.92786 
nomask 8.8870525e-05 153.33585 0.0 1825.325 388.9602 
mask 8.493662e-05 616.371 251.19952 1306.6017 935.6855 
mask 7.6174736e-05 1625.1558 2.5212765 1920.0 1287.9104 
mask 7.581711e-05 106.81057 486.25406 1354.8783 967.05164 
nomask 7.3462725e-05 1468.4393 578.58997 1555.5656 687.16394 
mask 7.221103e-05 164.08664 1171.7444 821.999 1415.3912 
nomask 7.0244074e-05 1478.2195 685.0309 1575.617 792.5862 
mask 6.80089e-05 8.357493 1081.3462 30.392868 1221.6311 
mask 6.714463e-05 463.90268 971.93994 1767.1823 1440.0 
mask 6.574392e-05 0.0 411.85556 469.6701 1440.0 
nomask 6.529689e-05 1174.0956 413.4986 1920.0 1329.2596 
nomask 6.484985e-05 1718.8572 13.83779 1881.6464 176.66855 
nomask 6.425381e-05 717.2637 0.0 1894.1272 532.20654 
mask 6.0796738e-05 0.0 0.0 793.6699 1088.4778 
nomask 5.543232e-05 1539.0228 432.36163 1810.9475 858.9617 
nomask 5.429983e-05 1024.6486 0.0 1728.7126 674.93695 
nomask 5.429983e-05 670.2246 456.8352 1130.9574 703.20776 
nomask 5.3793192e-05 1860.406 18.687841 1920.0 75.388794 
mask 5.272031e-05 0.0 615.98224 695.8803 1431.003 
mask 5.158782e-05 1174.0956 413.4986 1920.0 1329.2596 
mask 5.1259995e-05 8.045208 1145.077 33.7039 1306.1802 
nomask 5.1170588e-05 947.2962 0.0 1920.0 370.4669 
nomask 5.093217e-05 0.0 0.0 897.9232 365.5271 
nomask 5.081296e-05 1888.5907 81.92206 1920.0 320.50208 
nomask 5.057454e-05 222.49155 0.0 874.0253 658.44904 
nomask 5.0485134e-05 0.0 0.0 793.6699 1088.4778 
nomask 4.9620867e-05 1615.3546 0.0 1920.0 351.68228 
mask 4.9620867e-05 1456.7245 857.12103 1920.0 1440.0 
mask 4.8607588e-05 0.0 477.79132 847.0833 954.84735 
mask 4.8279762e-05 0.0 0.0 7.1036577 336.31964 
nomask 4.801154e-05 1453.6743 0.0 1920.0 681.62006 
mask 4.7564507e-05 1331.3772 0.0 1888.0078 237.08443 
nomask 4.7445297e-05 1076.3207 8.409584 1920.0 624.8916 
nomask 4.5359135e-05 0.0 0.0 456.97763 676.695 
mask 4.5210123e-05 13.202326 1049.4845 160.87987 1440.0 
nomask 4.4822693e-05 1412.5596 7.092769 1800.4429 405.18317 
nomask 4.479289e-05 1353.9084 0.0 1920.0 205.80463 
nomask 4.464388e-05 49.10734 5.7966185 1893.3589 948.7632 
mask 4.3332577e-05 995.07477 580.2697 1199.8839 794.636 
mask 4.3153763e-05 929.9503 832.91876 1827.498 1440.0 
nomask 4.2915344e-05 1875.4792 620.3547 1908.9004 823.7329 
mask 4.273653e-05 7.141993 1382.2241 100.891975 1440.0 
mask 4.2706728e-05 1076.3207 8.409584 1920.0 624.8916 
nomask 4.1365623e-05 1836.8499 1383.3727 1920.0 1440.0 
mask 4.1246414e-05 1872.7405 680.2479 1902.8647 851.2949 
nomask 4.0620565e-05 1680.686 12.043842 1909.2513 48.05053 
mask 4.014373e-05 12.391291 1205.5999 47.738857 1386.5898 
nomask 3.9756298e-05 1892.2128 721.28033 1920.0 923.06744 
mask 3.9696693e-05 1468.0352 0.0 1920.0 1038.3623 
mask 3.9488077e-05 1876.15 31.581133 1913.4523 249.0571 
nomask 3.927946e-05 1140.4949 822.1972 1920.0 1440.0 
mask 3.838539e-05 1858.3536 1254.8997 1911.7463 1440.0 
