mask 0.99999124 135.72382 69.30193 372.6107 216.61668 
nomask 0.12760493 472.34006 0.58323926 510.41098 17.928658 
nomask 0.02649048 62.84904 0.0 110.82093 6.9819474 
nomask 0.0075318813 53.62527 1.0125153 106.37173 10.550415 
nomask 0.004590839 495.48227 0.0 520.6588 20.731834 
nomask 0.0030825436 6.5373597 14.533082 78.80797 112.08576 
mask 0.0016764998 472.34006 0.58323926 510.41098 17.928658 
mask 0.001493305 62.84904 0.0 110.82093 6.9819474 
nomask 0.0010403693 127.2012 0.0 170.32822 9.726622 
nomask 0.0009518266 0.0 35.22061 70.79012 145.27274 
nomask 0.0009511411 135.12367 70.84089 370.9347 216.57129 
nomask 0.0007828474 50.532784 0.0 132.32617 77.61058 
nomask 0.0007213652 462.01187 0.0 526.0 27.978006 
mask 0.0005939007 130.84955 96.425545 252.26527 199.77171 
nomask 0.000508368 147.11623 0.8421861 191.75757 10.470629 
mask 0.00047275424 0.0 35.22061 70.79012 145.27274 
nomask 0.00042530894 12.2755165 7.4532986 152.01927 77.618904 
nomask 0.00041663647 2.7972739 25.027576 11.104974 86.93195 
nomask 0.00039598346 447.3179 0.31385908 499.51196 16.027163 
nomask 0.0003735423 3.7740483 57.097015 20.849787 113.139 
nomask 0.00036996603 42.710934 0.0 174.39673 19.788786 
nomask 0.00035655499 513.54956 4.40065 526.0 46.274094 
nomask 0.00035652518 2.0651255 1.610572 8.783302 73.256966 
nomask 0.00034311414 47.423187 0.2281116 84.774994 47.118736 
mask 0.00034090877 2.6701708 70.99891 16.262627 131.60556 
nomask 0.00033339858 2.9429502 40.99277 16.85701 100.17012 
mask 0.00033310056 495.48227 0.0 520.6588 20.731834 
nomask 0.00032958388 20.700727 0.0 103.900505 81.32362 
mask 0.00032901764 6.5373597 14.533082 78.80797 112.08576 
mask 0.00031027198 53.62527 1.0125153 106.37173 10.550415 
mask 0.0002822876 3.7740483 57.097015 20.849787 113.139 
mask 0.00028041005 0.22064932 85.949394 8.763644 154.1702 
mask 0.00026285648 2.0651255 1.610572 8.783302 73.256966 
nomask 0.0002527833 492.3888 0.0 526.0 46.60865 
mask 0.0002515912 442.3461 104.91673 526.0 233.80797 
nomask 0.00024297833 44.064026 118.92976 80.15678 150.03108 
nomask 0.00024008751 4.3333597 2.2186792 33.498005 118.94579 
nomask 0.00023967028 2.6701708 70.99891 16.262627 131.60556 
nomask 0.000238657 12.790974 4.934208 64.04943 51.214165 
nomask 0.00021350384 13.525264 1.2383122 91.21821 10.079918 
nomask 0.00021156669 69.80052 1.1439264 111.84837 37.438072 
mask 0.00020831823 2.2397778 0.4765358 15.591522 16.550535 
mask 0.00020161271 1.3467486 239.5483 31.879473 355.0 
nomask 0.00019878149 0.0 0.0 123.82905 169.95073 
mask 0.00019705296 2.9429502 40.99277 16.85701 100.17012 
mask 0.00019431114 4.6620765 24.484945 41.171898 148.45375 
nomask 0.00018972158 41.475876 102.1857 79.32681 136.61728 
nomask 0.00018885732 90.15007 0.0 146.10553 9.3947525 
mask 0.00017884374 0.0 51.380123 229.82996 325.97903 
mask 0.00016728044 244.21051 47.747658 526.0 355.0 
nomask 0.00016608834 0.22064932 85.949394 8.763644 154.1702 
mask 0.00016188622 2.7972739 25.027576 11.104974 86.93195 
nomask 0.00015878677 13.674946 11.947346 111.323006 160.4114 
mask 0.00015643239 0.97702765 225.75484 72.22001 355.0 
nomask 0.00015464425 64.108604 0.0 156.60042 108.1063 
nomask 0.00015187263 0.0 19.314865 61.6734 211.90068 
nomask 0.00015041232 244.21051 47.747658 526.0 355.0 
mask 0.0001488328 44.064026 118.92976 80.15678 150.03108 
nomask 0.00014275312 500.3886 340.2667 526.0 355.0 
nomask 0.00014173985 415.40445 0.399556 469.2944 10.479735 
nomask 0.00014004111 13.910867 24.871916 65.39116 69.293976 
mask 0.00013664365 13.525264 1.2383122 91.21821 10.079918 
nomask 0.00013649464 0.0 0.0 70.371056 116.3829 
nomask 0.0001359582 2.615454 0.0 75.83448 70.89311 
mask 0.0001334548 1.1112732 184.60156 526.0 355.0 
mask 0.00013205409 500.3886 340.2667 526.0 355.0 
nomask 0.0001309812 519.061 39.18785 525.5522 105.44559 
nomask 0.00012990832 0.0 0.0 205.51451 91.860214 
nomask 0.00012761354 70.81179 164.3451 526.0 355.0 
nomask 0.00012630224 14.852467 0.0 312.25735 99.070404 
nomask 0.00012627244 2.2397778 0.4765358 15.591522 16.550535 
nomask 0.000118494034 77.89558 119.46188 113.25059 152.07927 
nomask 0.00011700392 3.27936 45.74744 33.11261 191.0147 
mask 0.00011202693 90.760826 31.32557 442.63654 270.98804 
mask 0.00010985136 30.94319 329.93958 286.16782 349.94193 
mask 0.00010868907 1.7954727 154.34485 85.9536 291.1069 
mask 0.000107973814 0.0 89.560974 134.09943 355.0 
mask 0.00010764599 41.475876 102.1857 79.32681 136.61728 
nomask 0.000107616186 100.86153 0.0 179.62544 83.332016 
mask 0.00010547042 3.27936 45.74744 33.11261 191.0147 
mask 0.000102609396 0.65872896 309.1882 17.30703 353.48074 
nomask 0.00010022521 0.0 0.0 110.88832 61.851803 
mask 9.9271536e-05 127.2012 0.0 170.32822 9.726622 
mask 9.7721815e-05 381.47537 107.00739 420.20465 159.98361 
mask 9.584427e-05 519.061 39.18785 525.5522 105.44559 
nomask 9.575486e-05 440.61633 4.036449 484.24966 36.74792 
mask 9.533763e-05 14.852467 0.0 312.25735 99.070404 
nomask 9.521842e-05 510.41507 294.43982 522.915 347.59604 
nomask 9.408593e-05 272.80023 0.0 321.51624 11.195295 
nomask 9.405613e-05 505.1207 313.5522 523.62537 353.6728 
mask 9.3340874e-05 39.075745 344.58786 123.27661 351.16763 
mask 9.202957e-05 505.1207 313.5522 523.62537 353.6728 
nomask 9.1701746e-05 474.8715 3.2254698 510.19595 31.02852 
nomask 9.161234e-05 18.635685 80.28623 119.1662 239.85571 
nomask 8.9138746e-05 42.555424 6.9480195 123.73364 107.11634 
mask 8.863211e-05 0.0 326.16986 76.20351 355.0 
mask 8.818507e-05 0.0 326.63556 189.30646 349.9955 
nomask 8.6158514e-05 12.247331 57.52057 59.48652 100.90396 
nomask 8.4757805e-05 12.803149 40.01938 66.174675 85.78039 
mask 8.0645084e-05 0.0 337.75772 26.779743 355.0 
