mask 0.9998463 161.9358959197998 132.15647292137146 296.08523297309875 294.8676155805588 
mask 0.0009114444 382.6261614561081 0.0 459.5487080812454 164.38765048980713 
mask 0.00076955557 87.27826157212257 119.98558610677719 287.87312829494476 258.75632506608963 
nomask 0.00072029233 110.33985936641693 161.36283028125763 137.8312178850174 207.52350914478302 
mask 0.0003453195 234.1964249610901 455.1155917644501 387.93489360809326 549.7569370269775 
mask 0.00032648444 82.00260865688324 93.19167500734329 404.4503892660141 507.11167097091675 
mask 0.00031149387 0.0 459.8993071317673 164.01251471042633 554.0 
mask 0.00028538704 175.58921492099762 122.3923527598381 396.0005546808243 259.46541744470596 
mask 0.0002360642 0.0 0.0 233.77086281776428 307.5727322101593 
nomask 0.00023582578 161.9358959197998 132.15647292137146 296.08523297309875 294.8676155805588 
mask 0.00021886826 449.3325455188751 6.197219401597977 462.0 96.41159963607788 
mask 0.00020769238 407.5142494440079 0.0 454.6916710138321 28.479010574519634 
mask 0.00020220876 429.7699599266052 7.313072383403778 462.0 159.74873208999634 
nomask 0.00019302964 2.1703671030700207 191.29797703027725 10.348255768418312 257.1483687758446 
mask 0.00018534064 0.0 73.44391125440598 218.48548793792725 521.4019594192505 
mask 0.00016719103 408.7573127746582 6.34999506175518 453.5999529361725 77.53643161058426 
nomask 0.00016707182 2.576608140952885 210.19926464557648 7.177032642066479 280.5455939769745 
nomask 0.00016370416 91.35606747865677 369.6698280572891 441.48935866355896 554.0 
mask 0.0001628995 238.4321644306183 5.2520188093185425 462.0 554.0 
mask 0.00016263127 405.4061003923416 2.1376498490571976 462.0 88.02245628833771 
nomask 0.00015702844 238.4321644306183 5.2520188093185425 462.0 554.0 
mask 0.00015455484 13.598619505763054 7.717793941497803 107.0292232632637 157.37820595502853 
mask 0.00014910102 2.113573908805847 538.7154500484467 86.58084386587143 552.3608388900757 
mask 0.00013682246 0.24224603176116943 288.38721656799316 462.0 554.0 
mask 0.00013640523 443.729962348938 1.5446138083934784 462.0 30.45095705240965 
nomask 0.0001295805 0.24224603176116943 288.38721656799316 462.0 554.0 
nomask 0.00012689829 144.4469137787819 173.21389245986938 462.0 554.0 
mask 0.00012683868 144.4469137787819 173.21389245986938 462.0 554.0 
mask 0.00012436509 16.10933357477188 0.0 268.5466754436493 203.97434890270233 
mask 0.00011381507 131.59694176912308 0.0 384.30436992645264 306.29416012763977 
nomask 0.00011122227 0.07844529300928116 532.35679936409 29.71630722284317 554.0 
mask 0.00010815263 450.4356915950775 27.01929162442684 461.3736906051636 128.76394766569138 
nomask 0.00010570884 2.113573908805847 538.7154500484467 86.58084386587143 552.3608388900757 
mask 0.00010535121 4.389514893293381 4.9152544140815735 234.57889115810394 139.63164526224136 
mask 0.00010514259 12.140017926692963 2.517717123031616 453.98817443847656 363.48750936985016 
mask 0.00010353327 0.0 468.60809350013733 84.15098977088928 553.927882194519 
nomask 0.00010251999 316.72436356544495 364.46516132354736 462.0 554.0 
mask 0.0001013875 0.07844529300928116 532.35679936409 29.71630722284317 554.0 
nomask 9.432435e-05 175.07757103443146 118.45048233866692 296.57179033756256 224.85318005084991 
mask 9.0926886e-05 165.01421320438385 117.70213627815247 280.8656998872757 231.0403198003769 
mask 8.98242e-05 269.6679961681366 435.0352077484131 462.0 554.0 
mask 8.803606e-05 0.0 508.5652542114258 81.24082240462303 554.0 
nomask 8.4757805e-05 346.86104214191437 0.0 462.0 417.9641571044922 
nomask 8.46982e-05 0.0 0.0 196.19648480415344 141.7811620235443 
nomask 8.419156e-05 345.5138876438141 50.766819819808006 377.9377906322479 101.48172241449356 
mask 8.299947e-05 12.432615995407104 179.77362436056137 321.5927460193634 554.0 
mask 7.56979e-05 0.0 428.141419172287 357.85557532310486 554.0 
mask 7.4505806e-05 369.279580950737 5.02278308570385 462.0 102.02064120769501 
mask 7.393956e-05 0.0 113.70824956893921 243.0532615184784 251.05515718460083 
nomask 6.848574e-05 71.02749618887901 6.999876707792282 218.52351701259613 111.89638051390648 
nomask 6.809831e-05 16.420863568782806 457.649423122406 383.8923010826111 554.0 
mask 6.785989e-05 2.477744981646538 414.97949039936066 95.73619902133942 551.9872726202011 
mask 6.687641e-05 384.35872864723206 0.0 436.1574676036835 25.35072533786297 
mask 6.633997e-05 0.0 504.949094414711 173.54514527320862 547.2556313276291 
nomask 6.365776e-05 294.6111863851547 502.5751175880432 462.0 554.0 
mask 6.347895e-05 264.3054835796356 2.062201052904129 462.0 242.93288934230804 
nomask 6.219745e-05 389.47158765792847 0.0 462.0 533.3864923715591 
nomask 6.145239e-05 386.0037821531296 452.8447724580765 462.0 554.0 
mask 6.133318e-05 294.6111863851547 502.5751175880432 462.0 554.0 
mask 6.130338e-05 91.35606747865677 369.6698280572891 441.48935866355896 554.0 
nomask 6.097555e-05 0.0 459.8993071317673 164.01251471042633 554.0 
mask 6.055832e-05 346.86104214191437 0.0 462.0 417.9641571044922 
mask 5.978346e-05 294.09574234485626 450.2073212862015 462.0 553.1819714307785 
mask 5.930662e-05 68.44092705845833 50.64613229036331 163.02114272117615 341.8108584880829 
nomask 5.8859587e-05 0.0 428.141419172287 357.85557532310486 554.0 
mask 5.725026e-05 387.8732650279999 0.23595136404037476 462.0 515.8967027664185 
mask 5.635619e-05 308.0413702726364 52.67196899652481 462.0 357.8990068435669 
mask 5.5491924e-05 0.5945407636463642 490.66465067863464 22.391724318265915 542.5841212272644 
mask 5.5253506e-05 306.6819341182709 99.67894238233566 462.0 528.8966636657715 
mask 5.504489e-05 0.0 0.0 147.951701939106 88.56601452827454 
mask 5.3197145e-05 0.0 0.0 170.53189873695374 159.374241232872 
nomask 5.3077936e-05 0.0 0.0 105.03218740224838 122.9968099296093 
nomask 5.3048134e-05 0.5945407636463642 490.66465067863464 22.391724318265915 542.5841212272644 
mask 5.1677227e-05 0.0 475.5795474052429 156.75569432973862 554.0 
mask 5.1528215e-05 419.62134647369385 370.9807937145233 462.0 554.0 
mask 5.045533e-05 454.8980634212494 60.51757474243641 462.0 159.46541213989258 
nomask 5.018711e-05 5.008331548422575 162.12503689527512 14.438412174582481 237.11563402414322 
nomask 4.87566e-05 0.0 0.0 17.596725448966026 29.036466516554356 
mask 4.7504902e-05 110.33985936641693 161.36283028125763 137.8312178850174 207.52350914478302 
nomask 4.607439e-05 26.42887133359909 543.7198776006699 113.84307789802551 553.2250307798386 
mask 4.4941902e-05 0.0 458.18013620376587 426.0635983943939 554.0 
nomask 4.4733286e-05 308.0413702726364 52.67196899652481 462.0 357.8990068435669 
nomask 4.389882e-05 0.0 508.5652542114258 81.24082240462303 554.0 
nomask 4.324317e-05 0.0 0.0 112.24432843923569 253.84321701526642 
nomask 4.2945147e-05 0.0 468.60809350013733 84.15098977088928 553.927882194519 
mask 4.2706728e-05 156.4781178832054 0.0 305.4105348587036 263.8304433822632 
mask 4.2051077e-05 2.1703671030700207 191.29797703027725 10.348255768418312 257.1483687758446 
mask 4.145503e-05 125.71952211856842 204.7832967042923 272.8433550596237 293.95755755901337 
mask 4.145503e-05 0.0003448622301220894 60.55374921858311 6.345539901405573 146.56826204061508 
mask 3.966689e-05 409.1039253473282 33.54027960449457 447.91974198818207 100.69480785727501 
mask 3.901124e-05 213.06967681646347 8.767811357975006 444.9964599609375 144.3491865992546 
nomask 3.8087368e-05 201.8898035287857 0.0 244.8915170431137 12.546497289091349 
mask 3.7252903e-05 0.0 50.40982595086098 196.59910833835602 250.90973281860352 
mask 3.707409e-05 0.0 487.94408571720123 39.050637915730476 554.0 
nomask 3.695488e-05 0.0 10.173363529145718 8.070915542542934 76.16326269507408 
mask 3.6925077e-05 1.8524338155984879 403.38922786712646 38.57582178711891 554.0 
nomask 3.6478043e-05 264.3054835796356 2.062201052904129 462.0 242.93288934230804 
mask 3.644824e-05 112.24356427788734 10.66317394375801 294.87229549884796 157.92752635478973 
mask 3.6150217e-05 325.56864309310913 358.80569672584534 462.0 554.0 
nomask 3.5881996e-05 105.36627048254013 43.7451451420784 236.89717769622803 133.26820653676987 
