mask 0.99996567 363.269 253.36917 1138.8973 840.5758 
nomask 0.013468742 5.650703 515.6612 104.36563 699.4629 
mask 0.012429863 5.650703 515.6612 104.36563 699.4629 
nomask 0.008053362 1540.3549 541.6206 1599.0 735.5403 
mask 0.0043554604 1535.8843 567.9629 1595.9867 782.0146 
nomask 0.0025330186 367.10062 247.59633 1150.4265 848.4177 
nomask 0.0018409789 6.2507577 389.20926 135.01814 720.8163 
mask 0.0013888776 6.2507577 389.20926 135.01814 720.8163 
mask 0.0011215508 0.0 12.999943 596.769 289.91965 
mask 0.00097191334 15.563284 406.2238 64.78927 614.37933 
nomask 0.00083592534 1.8696774 308.42007 230.44131 713.1685 
mask 0.0007855296 1512.7491 553.8541 1594.0275 911.0843 
mask 0.00075751543 1.8696774 308.42007 230.44131 713.1685 
nomask 0.00073966384 15.563284 406.2238 64.78927 614.37933 
mask 0.00068739057 5.436177 320.66907 38.01159 526.41394 
mask 0.00064986944 880.7175 29.040245 1584.3342 545.9556 
nomask 0.0006496608 1564.9646 485.2237 1599.0 669.3334 
nomask 0.00045645237 0.0 12.999943 596.769 289.91965 
nomask 0.000446558 40.09431 313.47128 345.77524 766.93506 
nomask 0.00042277575 99.01295 341.4096 284.31155 714.74 
mask 0.00033405423 1549.024 659.40076 1592.6876 884.1336 
mask 0.00030243397 89.32735 351.08286 297.7286 695.98895 
mask 0.00029179454 1085.1108 1061.0826 1599.0 1249.5939 
nomask 0.0002888441 1535.8301 603.9865 1595.09 820.8363 
nomask 0.00028818846 0.0 0.0 993.789 354.3739 
mask 0.0002657771 0.0 251.25392 712.1104 1154.64 
nomask 0.00026091933 23.0437 473.04825 148.60127 618.38947 
nomask 0.0002592504 1512.7491 553.8541 1594.0275 911.0843 
mask 0.00024861097 42.528866 356.88312 162.46288 466.28455 
mask 0.00022980571 0.0 0.0 993.789 354.3739 
nomask 0.0002284348 172.67882 363.1197 363.6721 728.68604 
mask 0.00021770597 23.0437 473.04825 148.60127 618.38947 
mask 0.0001925528 0.0 0.0 755.5766 772.40826 
mask 0.00017985702 201.20212 272.04605 1028.3925 627.6404 
mask 0.0001731515 741.985 170.1721 1599.0 1257.0 
nomask 0.00017300248 5.436177 320.66907 38.01159 526.41394 
mask 0.00017160177 5.384226 692.22015 26.968216 915.1062 
nomask 0.0001706481 39.641956 425.6612 159.3378 544.5569 
mask 0.00016471744 0.1823477 2.2663844 363.44595 380.87994 
nomask 0.00015705824 741.985 170.1721 1599.0 1257.0 
nomask 0.00015002489 0.0 0.0 755.5766 772.40826 
mask 0.00014615059 270.87228 106.356 1300.3516 668.50696 
nomask 0.00014212728 345.11508 756.14954 1500.4922 1257.0 
mask 0.0001322031 214.40019 582.03705 1599.0 1257.0 
nomask 0.00012895465 14.106184 557.41315 139.42249 721.162 
nomask 0.00012865663 214.40019 582.03705 1599.0 1257.0 
mask 0.00012347102 39.641956 425.6612 159.3378 544.5569 
mask 0.0001155138 0.0 273.9964 32.59784 461.69196 
nomask 0.00010845065 0.0 19.964855 671.03064 106.67214 
nomask 0.00010496378 830.0819 243.8867 1141.3809 565.3518 
nomask 0.000101566315 5.384226 692.22015 26.968216 915.1062 
mask 9.9629164e-05 1412.2244 541.87744 1583.565 922.9411 
mask 9.870529e-05 1128.9324 1148.4778 1599.0 1248.5895 
mask 9.6946955e-05 379.86465 337.84238 793.5666 946.2554 
nomask 9.536743e-05 1577.6766 397.19055 1596.838 592.057 
mask 9.2208385e-05 0.0 19.964855 671.03064 106.67214 
nomask 8.824468e-05 1520.0337 1202.2097 1599.0 1257.0 
mask 8.714199e-05 14.106184 557.41315 139.42249 721.162 
mask 8.711219e-05 236.14125 496.4011 1168.1602 820.89276 
nomask 8.511543e-05 1549.024 659.40076 1592.6876 884.1336 
mask 8.311868e-05 0.0 421.70755 288.54984 655.3545 
mask 8.171797e-05 643.9891 261.37772 1442.6542 589.4185 
nomask 8.1181526e-05 0.0 0.0 628.0145 363.40158 
nomask 8.100271e-05 4.2689643 625.37744 38.292767 819.6067 
nomask 7.82609e-05 0.0 9.5366535 1076.1089 525.1648 
nomask 7.537007e-05 42.528866 356.88312 162.46288 466.28455 
mask 7.399917e-05 0.0 9.5366535 1076.1089 525.1648 
nomask 7.379055e-05 0.0 1046.1476 1461.3202 1257.0 
mask 7.367134e-05 3.0497403 216.55118 102.07336 767.0674 
mask 7.31647e-05 1320.3784 7.7810946 1599.0 1149.3401 
mask 7.149577e-05 3.6589925 0.29029867 40.34397 251.87073 
nomask 6.994605e-05 0.0 421.70755 288.54984 655.3545 
mask 6.863475e-05 683.0053 58.06689 1493.5927 720.0955 
mask 6.809831e-05 172.67882 363.1197 363.6721 728.68604 
mask 6.788969e-05 1171.8118 0.0 1599.0 561.5696 
nomask 6.699562e-05 0.0 494.304 195.2355 687.50037 
nomask 6.67572e-05 1057.6863 0.0 1599.0 775.00195 
mask 6.4730644e-05 188.12578 0.0 731.0463 570.37195 
nomask 6.3955784e-05 1059.4946 774.1971 1599.0 1257.0 
nomask 6.386638e-05 0.0 0.0 392.7258 569.09174 
mask 6.3449144e-05 1057.6863 0.0 1599.0 775.00195 
mask 6.327033e-05 8.872378 567.16095 73.28483 1067.7794 
mask 6.273389e-05 0.0 1046.1476 1461.3202 1257.0 
mask 6.258488e-05 2.7008898 0.0 59.720875 79.25409 
mask 6.175041e-05 514.22815 0.0 1599.0 344.579 
nomask 6.0617924e-05 1336.3539 1018.86084 1599.0 1257.0 
nomask 6.0409307e-05 5.26865 226.24712 27.730963 405.87787 
mask 6.0349703e-05 215.203 409.7924 349.2647 561.8701 
mask 6.005168e-05 94.09775 12.168251 1578.4457 825.4176 
mask 5.9753656e-05 5.26865 226.24712 27.730963 405.87787 
nomask 5.7905912e-05 0.0 273.9964 32.59784 461.69196 
nomask 5.7041645e-05 1015.0162 1140.9639 1599.0 1257.0 
mask 5.6743622e-05 327.25647 417.67645 1214.8276 1174.1719 
mask 5.5760145e-05 1452.8157 833.59625 1599.0 1257.0 
nomask 5.4895878e-05 514.1355 0.0 1065.7269 604.94165 
mask 5.4836273e-05 1015.0162 1140.9639 1599.0 1257.0 
nomask 5.4001808e-05 1412.2244 541.87744 1583.565 922.9411 
mask 5.3703785e-05 0.0 563.8829 221.4272 1061.8909 
mask 5.236268e-05 813.0432 283.90176 1139.9193 610.13574 
mask 5.054474e-05 21.63907 0.0 131.28616 399.9338 
