mask 0.99986935 0.3282166 0.22624706 0.6516691 0.5763319 
nomask 0.1748971 0.9177024 0.21499434 0.9977105 0.5449326 
mask 0.048079133 0.9177024 0.21499434 0.9977105 0.5449326 
mask 0.015740007 0.9794952 0.008535489 1.0 0.15813236 
nomask 0.008717477 0.9794952 0.008535489 1.0 0.15813236 
nomask 0.004816562 0.9527353 0.24881096 0.998667 0.44583845 
nomask 0.0032438636 0.9589043 0.20849186 1.0 0.38390458 
nomask 0.0022798479 0.8939912 0.25532228 0.9702285 0.41941506 
nomask 0.0012916923 0.9810201 0.569078 0.9989085 0.7160391 
mask 0.001259476 0.96087736 0.0058542937 1.0 0.12562321 
nomask 0.0012547374 0.89527816 0.21834558 0.9683649 0.3593266 
mask 0.0010878146 0.9527353 0.24881096 0.998667 0.44583845 
mask 0.001015991 0.9589043 0.20849186 1.0 0.38390458 
nomask 0.001003325 0.96521676 0.170365 0.9998578 0.3090917 
nomask 0.0009025037 0.96087736 0.0058542937 1.0 0.12562321 
nomask 0.00071772933 0.83460844 0.44276088 1.0 0.8251633 
mask 0.0005492866 0.83033204 0.61175776 0.998157 0.9488667 
nomask 0.00050807 0.89607316 0.17938933 0.9620469 0.29086542 
nomask 0.0004963875 0.9739587 0.11175058 0.99819094 0.24318048 
nomask 0.00044220686 0.89168566 0.19949007 1.0 0.3729813 
mask 0.0004312396 0.8907301 0.27445945 1.0 0.9018072 
nomask 0.00042822957 0.9555056 0.3626781 1.0 0.7667176 
nomask 0.00041374564 0.94126093 0.31855556 0.9994279 0.52546364 
mask 0.00036621094 0.89527816 0.21834558 0.9683649 0.3593266 
nomask 0.00036466122 0.33206058 0.2276396 0.6514402 0.57704103 
nomask 0.0003492236 0.8967815 0.12961519 1.0 0.61886096 
mask 0.00033590198 0.96521676 0.170365 0.9998578 0.3090917 
nomask 0.00033470988 0.8090224 0.19781226 1.0 0.377356 
nomask 0.00033128262 0.009110853 0.00036735274 0.16027094 0.04656837 
mask 0.00028052926 0.9702812 0.41424412 0.9949333 0.6301109 
nomask 0.0002747178 0.97826797 0.4896261 0.99648434 0.6874309 
nomask 0.00027433038 0.95247453 0.37224844 0.9952187 0.5645735 
mask 0.00026208162 0.8939912 0.25532228 0.9702285 0.41941506 
nomask 0.0002374053 0.9702812 0.41424412 0.9949333 0.6301109 
nomask 0.00022536516 0.02386104 0.009269509 0.12313281 0.1064201 
mask 0.00021147728 0.06019482 0.03035742 0.5868994 0.6550143 
mask 0.0002092123 0.21423995 0.18316269 0.8463315 0.91134477 
mask 0.000205338 0.97826797 0.4896261 0.99648434 0.6874309 
nomask 0.00020417571 0.8795515 0.2766494 1.0 0.46724674 
mask 0.00019699335 0.94126093 0.31855556 0.9994279 0.52546364 
mask 0.00019276142 0.9810201 0.569078 0.9989085 0.7160391 
nomask 0.00018593669 0.9618972 0.0 1.0 0.2833824 
mask 0.00018119812 0.0 0.08583215 0.41564775 0.91975904 
mask 0.00017935038 0.9739587 0.11175058 0.99819094 0.24318048 
mask 0.00017735362 0.95247453 0.37224844 0.9952187 0.5645735 
nomask 0.00016632676 0.8907301 0.27445945 1.0 0.9018072 
mask 0.00015461445 0.89607316 0.17938933 0.9620469 0.29086542 
nomask 0.00015255809 0.8740716 0.14490776 0.9870174 0.47648257 
nomask 0.00014829636 0.7725265 0.0 1.0 0.73419744 
nomask 0.00014597178 0.5429983 0.012364395 0.9648546 0.25914994 
mask 0.00013762712 0.89168566 0.19949007 1.0 0.3729813 
mask 0.00013715029 0.13569266 0.46012 1.0 1.0 
mask 0.00012886524 0.9555056 0.3626781 1.0 0.7667176 
mask 0.000128299 0.0 0.0116600245 0.70563203 0.42244196 
mask 0.0001257062 0.0 0.42310983 0.07770187 0.77501637 
nomask 0.00012356043 0.6323145 0.0 1.0 0.3512634 
nomask 0.00012302399 0.65876555 0.6355159 1.0 1.0 
mask 0.0001215055 0.31266022 0.31266743 1.0 1.0 
nomask 0.00012150446 0.31266022 0.31266743 1.0 1.0 
nomask 0.00011834502 0.003090566 0.002920352 0.028159255 0.15703815 
nomask 0.00011625886 0.75853306 0.0 1.0 0.4568167 
nomask 0.000115931034 0.70290184 0.00606142 0.9865966 0.20176391 
nomask 0.00011572242 0.009597838 0.5158826 1.0 1.0 
nomask 0.00011384487 0.0 0.0 0.05251184 0.059411585 
mask 0.000112921 0.9618972 0.0 1.0 0.2833824 
nomask 0.000108629465 0.840863 0.0148227215 1.0 0.9014607 
mask 0.000107586384 0.4616079 0.13337636 1.0 1.0 
nomask 0.000106185675 0.8952032 0.13375989 0.9609081 0.2380701 
nomask 0.00010314584 0.6421075 0.9038991 1.0 1.0 
mask 0.000100284815 0.40054333 0.2079362 0.8742194 0.45711216 
mask 0.00010025501 0.72521466 0.7356548 1.0 0.9881421 
nomask 9.9778175e-05 0.037970513 0.82746404 0.8328568 1.0 
nomask 9.9658966e-05 0.7199606 0.19965366 1.0 0.96995413 
nomask 9.7841024e-05 0.4616079 0.13337636 1.0 1.0 
nomask 9.7334385e-05 0.88928086 0.33326897 0.980964 0.50870585 
mask 9.6678734e-05 0.6421075 0.9038991 1.0 1.0 
mask 9.608269e-05 0.86584324 0.26118436 1.0 0.62474716 
nomask 9.462237e-05 0.9074838 0.67198956 1.0 1.0 
nomask 9.343028e-05 0.93553495 0.13001451 1.0 0.45684406 
mask 9.3370676e-05 0.7914011 0.7014081 0.9726334 0.9783824 
nomask 9.301305e-05 0.86878604 0.3758117 1.0 0.5441816 
nomask 9.202957e-05 0.74742705 0.07116665 0.9614019 0.4551881 
nomask 9.1940165e-05 0.0 0.0 0.41669595 0.25895497 
mask 9.009242e-05 0.9074838 0.67198956 1.0 1.0 
nomask 8.830428e-05 0.95215887 0.039775297 1.0 0.37561643 
nomask 8.2701445e-05 0.19076535 0.62988675 0.9494822 1.0 
nomask 7.9900026e-05 0.87876934 0.43324706 1.0 0.5854956 
nomask 7.888675e-05 0.0039549917 0.0 0.3093738 0.08039444 
mask 7.751584e-05 0.16213943 0.21136147 0.62247354 0.46554035 
nomask 7.736683e-05 0.0 0.6300359 0.6130959 1.0 
mask 7.733703e-05 0.7693041 0.4198491 0.98522216 0.9797737 
mask 7.632375e-05 0.66552657 0.095139295 1.0 0.64697516 
mask 7.516146e-05 0.83460844 0.44276088 1.0 0.8251633 
mask 7.43866e-05 0.0 0.8369106 0.14036399 1.0 
mask 7.4237585e-05 0.68043965 0.64124024 1.0 1.0 
nomask 7.200241e-05 0.66552657 0.095139295 1.0 0.64697516 
mask 7.018447e-05 0.0 0.52605546 0.021494552 0.6823679 
mask 6.917119e-05 0.86240274 0.78632045 1.0 0.95797765 
mask 6.827712e-05 0.36911294 0.2976634 0.8459209 0.55897546 
mask 6.607175e-05 0.6916524 0.84779775 1.0 1.0 
