mask 0.99999845 199.52274 174.2061 560.18915 422.70978 
nomask 0.0044905543 204.77075 172.61404 560.77155 421.43497 
mask 0.00018107891 710.6017 0.0 787.654 32.450382 
nomask 0.00018081069 748.9095 524.92334 798.12744 590.18933 
mask 0.0001797378 0.0 0.0 139.13718 181.28535 
nomask 0.00016230345 763.5748 496.62424 800.0 576.05676 
mask 0.00014942884 0.0 124.816826 353.0712 554.41327 
mask 0.0001347363 780.9833 49.754044 800.0 115.79658 
nomask 0.00012114644 749.0503 571.0322 800.0 600.0 
mask 0.00012111664 779.9587 69.823616 800.0 143.24646 
mask 0.00010320544 670.36035 447.2982 795.6731 600.0 
mask 0.000101447105 759.6303 0.61509645 800.0 34.374565 
mask 9.8884106e-05 6.333947 0.0 126.824905 23.267776 
mask 9.512901e-05 601.5653 70.83957 782.0364 498.79037 
mask 9.474158e-05 748.9095 524.92334 798.12744 590.18933 
mask 8.85427e-05 677.9099 475.32043 800.0 574.6854 
nomask 8.6426735e-05 502.23584 587.02356 614.4203 597.5896 
mask 8.1032515e-05 749.0503 571.0322 800.0 600.0 
mask 8.070469e-05 6.0047507 0.0 53.10474 332.3084 
nomask 7.8976154e-05 702.5758 577.6472 800.0 599.55493 
mask 7.41033e-05 250.12509 187.59763 800.0 600.0 
nomask 7.4102594e-05 250.12509 187.59763 800.0 600.0 
mask 7.104874e-05 676.2324 0.0 800.0 81.38179 
mask 7.066131e-05 1.7364547 0.0 28.04293 35.384007 
mask 6.980723e-05 412.8607 5.9185266 800.0 600.0 
nomask 6.8962574e-05 0.0 0.0 139.13718 181.28535 
mask 6.824732e-05 2.1633513 0.0 15.730551 122.79595 
mask 6.714463e-05 763.5748 496.62424 800.0 576.05676 
mask 6.663799e-05 727.1206 451.12534 800.0 595.08124 
mask 6.446242e-05 1.4661789 311.9453 800.0 600.0 
mask 6.2674284e-05 133.49695 62.067677 584.5009 477.2513 
nomask 6.142426e-05 412.8607 5.9185266 800.0 600.0 
mask 6.0886145e-05 0.0 0.0 184.12485 106.39404 
nomask 6.03199e-05 1.4661789 311.9453 800.0 600.0 
mask 5.7071447e-05 45.96296 0.70736337 164.5974 17.763496 
mask 5.6266785e-05 587.13495 491.50797 800.0 600.0 
nomask 5.5760145e-05 600.49426 0.0 800.0 436.46954 
mask 5.51641e-05 772.6568 19.792326 800.0 82.14077 
mask 5.272031e-05 19.856056 4.965728 100.09431 71.668015 
nomask 5.2571297e-05 683.51917 456.7841 796.1745 600.0 
mask 5.2541494e-05 720.62476 12.104619 776.9367 60.22838 
nomask 5.0753355e-05 1.1513247 574.6038 38.488476 600.0 
nomask 4.8995018e-05 1.7364547 0.0 28.04293 35.384007 
nomask 4.7296286e-05 270.48987 146.0222 337.78876 194.00752 
nomask 4.5984983e-05 667.52246 504.7119 800.0 596.195 
nomask 4.476309e-05 530.73834 587.1899 646.4449 599.83325 
nomask 4.4107437e-05 551.39105 139.35225 598.7699 197.9193 
mask 4.4047832e-05 702.5758 577.6472 800.0 599.55493 
mask 4.3988228e-05 667.08307 0.83942413 800.0 546.86957 
nomask 4.211068e-05 521.74567 371.3981 800.0 600.0 
nomask 4.1782856e-05 509.72784 544.0237 800.0 600.0 
mask 4.172325e-05 661.10767 581.49194 765.6478 599.3296 
mask 4.169345e-05 618.33093 421.38095 775.5536 592.0773 
nomask 4.1544437e-05 672.70966 487.91742 800.0 600.0 
nomask 4.0978193e-05 661.10767 581.49194 765.6478 599.3296 
nomask 4.0769577e-05 2.1633513 0.0 15.730551 122.79595 
nomask 3.9845705e-05 783.62933 472.95914 800.0 549.58966 
mask 3.9607286e-05 509.72784 544.0237 800.0 600.0 
nomask 3.8146973e-05 167.11108 368.40073 757.93994 600.0 
mask 3.8146973e-05 727.1945 400.42792 800.0 600.0 
nomask 3.8087368e-05 0.0 497.2252 726.71124 600.0 
nomask 3.7819147e-05 381.8189 206.74615 616.9148 307.215 
nomask 3.772974e-05 0.0 0.0 110.79111 101.208786 
mask 3.749132e-05 0.0 331.8166 353.3288 600.0 
mask 3.734231e-05 502.23584 587.02356 614.4203 597.5896 
mask 3.734231e-05 500.8685 0.0 627.9442 9.08195 
mask 3.6656857e-05 433.51556 199.20667 800.0 396.39923 
nomask 3.606081e-05 0.0 331.8166 353.3288 600.0 
nomask 3.5464764e-05 6.333947 0.0 126.824905 23.267776 
mask 3.543496e-05 89.58229 25.697618 418.80356 365.311 
mask 3.4570694e-05 1.1513247 574.6038 38.488476 600.0 
nomask 3.388524e-05 549.2201 113.705864 800.0 583.95337 
mask 3.376603e-05 529.5629 58.489662 800.0 389.11563 
mask 3.3557415e-05 600.49426 0.0 800.0 436.46954 
nomask 3.3468008e-05 714.30164 533.8616 785.6665 594.16034 
mask 3.3468008e-05 0.0 0.0 567.4919 156.77898 
mask 3.2633543e-05 0.0 497.2252 726.71124 600.0 
mask 3.2365322e-05 0.0 0.0 236.60576 45.209198 
nomask 3.156066e-05 683.4289 550.00165 800.0 600.0 
mask 3.1352043e-05 31.932259 9.599554 790.5455 393.86032 
mask 3.117323e-05 0.0 0.0 322.66754 428.63327 
mask 3.0517578e-05 730.1956 85.77695 781.219 131.81088 
mask 3.0040741e-05 365.2978 197.83238 583.6407 389.0025 
mask 2.938509e-05 537.0474 328.47864 800.0 600.0 
nomask 2.9355288e-05 667.08307 0.83942413 800.0 546.86957 
mask 2.8580427e-05 0.0 0.0 63.930614 195.37907 
nomask 2.7954578e-05 576.36597 586.1064 675.5023 600.0 
nomask 2.7775764e-05 729.17664 525.4661 800.0 600.0 
nomask 2.7537346e-05 537.0474 328.47864 800.0 600.0 
nomask 2.7507544e-05 617.3473 586.2023 713.0815 600.0 
mask 2.6494265e-05 0.0 0.0 328.3149 154.73059 
mask 2.6345253e-05 748.1598 29.569807 800.0 201.22673 
nomask 2.6285648e-05 529.5629 58.489662 800.0 389.11563 
mask 2.6166439e-05 177.564 187.02104 484.80927 288.93164 
nomask 2.5868416e-05 113.235405 0.0 727.7015 161.47386 
mask 2.4914742e-05 462.23965 469.0949 800.0 600.0 
mask 2.4408102e-05 464.79376 486.93723 726.4342 600.0 
nomask 2.4288893e-05 0.0 0.0 236.60576 45.209198 
mask 2.4110079e-05 0.0 31.759354 7.1734033 171.35475 
mask 2.399087e-05 683.4289 550.00165 800.0 600.0 
