mask 0.99994147 924.9406042098999 1309.4508361816406 1713.781777381897 2335.097053527832 
nomask 0.010985851 911.7907075881958 1293.8001022338867 1708.5998525619507 2334.984214782715 
nomask 0.0006906986 2349.6943016052246 3126.31143951416 2448.0 3264.0 
mask 0.00041130185 2079.4048461914062 952.6693153381348 2448.0 2081.129722595215 
nomask 0.00029024482 2048.6888751983643 893.0854969024658 2448.0 1973.477279663086 
mask 0.00022998452 281.6868739128113 195.1852512359619 1898.3888339996338 2849.367416381836 
nomask 0.00022634864 1644.4205303192139 2094.7775688171387 2448.0 3264.0 
mask 0.00020682812 0.0 626.3667068481445 1318.2814407348633 3160.2669525146484 
mask 0.00020292401 950.0946950912476 1516.8478660583496 2257.821141242981 3079.1446495056152 
nomask 0.0001783073 0.0 34.265625 1825.05717086792 1363.8036060333252 
nomask 0.00017777085 183.98853492736816 0.0 2285.373882293701 899.244255065918 
mask 0.00017133355 2355.2075929641724 1588.2296562194824 2445.7522230148315 2205.005069732666 
mask 0.00016608834 797.6484317779541 963.7766361236572 2017.5051097869873 2774.655715942383 
mask 0.00016316772 330.7092046737671 1500.5044384002686 2448.0 3264.0 
nomask 0.00015899539 818.4175701141357 0.0 1610.0539827346802 1505.5734272003174 
mask 0.00015416741 1511.2604999542236 2214.0323638916016 2448.0 3264.0 
nomask 0.00014841557 0.0 2034.2545623779297 1462.347822189331 3264.0 
nomask 0.00014466047 804.9050087928772 1075.6277503967285 2448.0 3264.0 
mask 0.00014358759 765.3941087722778 1020.5481433868408 2448.0 3264.0 
nomask 0.00013715029 2403.5637617111206 2680.151321411133 2446.2392778396606 3209.4868240356445 
mask 0.00013634562 0.0 2085.1576766967773 1355.4719724655151 3264.0 
mask 0.00013622642 1129.192837715149 433.20934295654297 2448.0 3264.0 
nomask 0.00013613701 2058.7198991775513 2665.8196334838867 2448.0 3264.0 
nomask 0.00013241172 22.958112716674805 1682.520824432373 2448.0 3264.0 
nomask 0.00013157725 199.96817922592163 2654.664161682129 1880.4565200805664 3264.0 
nomask 0.0001309216 0.0 0.0 1193.7659039497375 847.8306427001953 
nomask 0.00013065338 2371.975235939026 2877.458038330078 2432.2500944137573 3264.0 
nomask 0.00012883544 1567.7381401062012 2953.3370361328125 2448.0 3264.0 
nomask 0.00012305379 1857.3180599212646 0.0 2448.0 2447.6735458374023 
mask 0.000120162964 1567.7381401062012 2953.3370361328125 2448.0 3264.0 
mask 0.000118881464 2221.853207588196 2178.7916564941406 2448.0 3264.0 
nomask 0.000115484 2140.35994720459 0.0 2448.0 3264.0 
nomask 0.00010731816 1256.2569494247437 33.36797332763672 2448.0 3264.0 
mask 0.00010702014 1628.8433847427368 310.73202896118164 2448.0 2112.2611541748047 
mask 0.00010514259 2349.6943016052246 3126.31143951416 2448.0 3264.0 
nomask 0.00010365248 1888.1745443344116 1107.5855312347412 2243.8666849136353 2054.0515365600586 
mask 0.00010031462 0.0 0.0 1193.7659039497375 847.8306427001953 
nomask 9.614229e-05 1727.4756345748901 581.1306266784668 2448.0 3131.335681915283 
nomask 9.36985e-05 1628.8433847427368 310.73202896118164 2448.0 2112.2611541748047 
mask 8.800626e-05 2068.97212600708 5.156730651855469 2448.0 2955.0858421325684 
mask 8.4877014e-05 249.95914793014526 2241.7440032958984 1599.8630390167236 3264.0 
mask 8.368492e-05 911.4650316238403 0.0 2000.6529836654663 2381.531753540039 
nomask 8.198619e-05 0.0 2878.928638458252 2448.0 3264.0 
nomask 8.073449e-05 236.4464406967163 0.0 1098.2577066421509 1579.5289134979248 
mask 7.772446e-05 0.0 0.0 1009.3474388122559 2541.1071395874023 
mask 7.760525e-05 0.0 34.265625 1825.05717086792 1363.8036060333252 
mask 7.611513e-05 1213.2805624008179 1337.9052658081055 2345.5881872177124 2109.9907608032227 
mask 7.301569e-05 2012.2586917877197 445.19593048095703 2448.0 1931.6236381530762 
nomask 7.2449446e-05 0.0 0.0 888.4897012710571 1194.0896587371826 
nomask 7.2300434e-05 531.4520316123962 2139.4901161193848 2314.2960090637207 3264.0 
nomask 7.131696e-05 1436.692377090454 21.81002712249756 2448.0 1432.567440032959 
mask 6.866455e-05 183.98853492736816 0.0 2285.373882293701 899.244255065918 
mask 6.738305e-05 35.972092151641846 2675.3354415893555 2218.4956226348877 3264.0 
mask 6.687641e-05 771.7696681022644 279.4453468322754 1718.0160026550293 2093.1307067871094 
mask 6.684661e-05 2259.158718109131 1130.4202995300293 2441.0755920410156 2287.710422515869 
mask 6.568432e-05 1541.6029357910156 1956.282211303711 2448.0 3264.0 
mask 6.490946e-05 1436.692377090454 21.81002712249756 2448.0 1432.567440032959 
nomask 6.452203e-05 1639.8423900604248 1898.5850372314453 2448.0 3264.0 
mask 6.055832e-05 0.0 1609.629524230957 430.0222806930542 3010.3587341308594 
mask 6.0528517e-05 1235.4282789230347 2359.417304992676 2448.0 3264.0 
nomask 6.0349703e-05 0.0 0.0 1009.3474388122559 2541.1071395874023 
mask 5.8233738e-05 1857.3180599212646 0.0 2448.0 2447.6735458374023 
mask 5.7309866e-05 638.4652576446533 1916.3427429199219 1841.5434951782227 3264.0 
mask 5.5462122e-05 236.4464406967163 0.0 1098.2577066421509 1579.5289134979248 
mask 5.3733587e-05 384.77911162376404 1349.6541137695312 1542.7483463287354 2154.297866821289 
mask 5.3673983e-05 592.5170774459839 2189.844795227051 2257.4268865585327 3264.0 
mask 5.325675e-05 254.95266366004944 2668.7427406311035 994.0135288238525 3264.0 
mask 5.197525e-05 1861.394700050354 0.0 2448.0 1679.9611358642578 
nomask 5.0395727e-05 1235.4282789230347 2359.417304992676 2448.0 3264.0 
mask 4.9591064e-05 818.4175701141357 0.0 1610.0539827346802 1505.5734272003174 
nomask 4.9352646e-05 2355.2075929641724 1588.2296562194824 2445.7522230148315 2205.005069732666 
nomask 4.8965216e-05 2143.239815711975 3167.9267578125 2448.0 3264.0 
nomask 4.848838e-05 2221.1237926483154 1028.3716621398926 2445.934175491333 2096.945629119873 
mask 4.759431e-05 1502.649055480957 875.483528137207 2448.0 2967.2951889038086 
nomask 4.7296286e-05 0.0 167.40717315673828 856.0012621879578 1706.9340705871582 
mask 4.670024e-05 1850.740777015686 1928.7495574951172 2448.0 3264.0 
nomask 4.6044588e-05 0.0 0.0 610.5004606246948 1674.2141418457031 
mask 4.479289e-05 2272.4727659225464 1466.848337173462 2448.0 2599.5323181152344 
nomask 4.4465065e-05 0.0 1609.629524230957 430.0222806930542 3010.3587341308594 
mask 4.413724e-05 730.4469037055969 2015.5672988891602 2012.8356285095215 2810.4224853515625 
mask 4.258752e-05 1124.5977716445923 1901.1134033203125 2304.6700372695923 3264.0 
nomask 3.874302e-05 1315.7974319458008 0.0 2208.0973377227783 1598.2152042388916 
mask 3.734231e-05 0.0 1914.799186706543 1550.5909795761108 3264.0 
mask 3.6895275e-05 1808.7932167053223 740.7881126403809 2393.5365314483643 1930.3174324035645 
mask 3.412366e-05 0.0 637.345624923706 634.3492212295532 3264.0 
mask 3.412366e-05 1248.367624282837 0.0 2448.0 845.6944885253906 
mask 3.4034252e-05 1245.4823570251465 1700.7794952392578 2448.0 2940.934501647949 
nomask 3.3915043e-05 1248.367624282837 0.0 2448.0 845.6944885253906 
mask 3.1352043e-05 1314.703966140747 1117.6055145263672 2448.0 2152.753921508789 
mask 2.9921532e-05 0.0 2723.5107765197754 659.0741844177246 3264.0 
mask 2.965331e-05 0.0 0.0 888.4897012710571 1194.0896587371826 
mask 2.938509e-05 2391.729992866516 1938.1708145141602 2446.8774976730347 2541.8837814331055 
nomask 2.8580427e-05 61.42515707015991 13.963502883911133 2416.726936340332 2155.853096008301 
mask 2.8371811e-05 2118.447441101074 1773.2258605957031 2448.0 2262.1347427368164 
nomask 2.8342009e-05 2371.764392852783 1147.2252960205078 2448.0 1747.762435913086 
mask 2.720952e-05 1315.7974319458008 0.0 2208.0973377227783 1598.2152042388916 
mask 2.6643276e-05 1261.8901805877686 1063.273853302002 2435.710401535034 1824.931297302246 
nomask 2.5987625e-05 2396.893970489502 1071.82177734375 2448.0 1562.2757720947266 
nomask 2.5808811e-05 2429.145083427429 2513.427989959717 2448.0 3093.0288734436035 
mask 2.5600195e-05 2403.5637617111206 2680.151321411133 2446.2392778396606 3209.4868240356445 
