mask 0.9899332 0.44083863 0.37412974 0.5014383 0.45324865 
mask 0.033701062 0.56792444 0.5271927 0.6255941 0.60917497 
mask 0.012407571 0.5299676 0.37162143 0.6179839 0.4623819 
mask 0.00958246 0.5613551 0.49935144 0.6259005 0.5797172 
mask 0.0042705536 0.29049245 0.44084772 0.3340918 0.49451753 
nomask 0.0022974908 0.56792444 0.5271927 0.6255941 0.60917497 
mask 0.0019139647 0.29496256 0.34596923 0.34213367 0.40845063 
nomask 0.001058042 0.63321936 0.34208775 0.71889067 0.4261816 
mask 0.00087979436 0.0 0.12775719 0.3926972 1.0 
mask 0.00079897046 0.4585644 0.4127039 0.5183866 0.48988608 
nomask 0.00076681376 0.5613551 0.49935144 0.6259005 0.5797172 
mask 0.0007264018 0.9750169 0.42692047 0.99251956 0.55821955 
nomask 0.0007196963 0.44083863 0.37412974 0.5014383 0.45324865 
mask 0.000587523 0.51897526 0.33912274 0.6253164 0.43129238 
nomask 0.0005775392 0.6379618 0.37673905 0.7176128 0.46205458 
mask 0.00052946806 0.4086454 0.34297442 0.46824932 0.42697704 
nomask 0.000510931 0.21684328 0.6993576 0.95275867 1.0 
nomask 0.0005078018 0.28420514 0.44076928 0.3195073 0.49515548 
mask 0.00046178699 0.038613826 0.6656145 0.4378392 1.0 
mask 0.0004579723 0.4172873 0.37936488 0.47175217 0.46137747 
mask 0.00039741397 0.48527324 0.33527875 0.5655234 0.42981076 
mask 0.00038596988 0.29478127 0.0 0.8819347 0.52091604 
mask 0.0003655851 0.5804363 0.58474225 0.6398192 0.66983694 
mask 0.00034347177 0.54438084 0.43112516 0.61421293 0.5112793 
mask 0.00034287572 0.19689101 0.6609099 0.81317455 1.0 
mask 0.0003284216 0.18297547 0.0 0.8499828 0.29873136 
mask 0.000313133 0.45077255 0.34070218 0.6054762 0.5568943 
mask 0.00030848384 0.12078038 0.4552945 0.97743523 0.9932655 
mask 0.00028321147 0.2264111 0.701133 0.9312624 1.0 
mask 0.00027164817 0.014755368 0.40502864 0.31184945 1.0 
mask 0.00025689602 0.59274745 0.62208796 0.6558821 0.7011217 
mask 0.00024804473 0.9744621 0.3322955 1.0 0.4154984 
nomask 0.00023701787 0.3263774 0.32746947 1.0 1.0 
nomask 0.00023534894 0.0 0.5114213 0.95297873 0.994112 
mask 0.00023299456 0.2721284 0.409745 0.30668765 0.46147695 
nomask 0.00023004413 0.9750169 0.42692047 0.99251956 0.55821955 
mask 0.00022685528 0.4947406 0.38493803 0.6358422 0.57271206 
mask 0.00022407236 0.31265944 0.31266862 1.0 1.0 
mask 0.00021022558 0.56595236 0.5654015 0.62004036 0.66244036 
mask 0.00020682812 0.0 0.015473992 0.7706364 0.3991927 
nomask 0.00020420551 0.0069717467 0.7031028 0.6542449 1.0 
nomask 0.00020182133 0.19689101 0.6609099 0.81317455 1.0 
mask 0.0001951456 0.45779422 0.1274207 1.0 1.0 
nomask 0.00019171834 0.0 0.8420958 0.32071388 1.0 
mask 0.00019004941 0.34829253 0.43980813 0.39261454 0.49929756 
nomask 0.00018459558 0.0 0.4270648 0.26290745 1.0 
nomask 0.00017499924 0.0 0.73501605 0.47391075 1.0 
mask 0.0001744628 0.29383677 0.4012604 0.33688426 0.4646432 
nomask 0.00017353892 0.08006257 0.8106312 0.77568454 1.0 
nomask 0.0001694262 0.0 0.64716554 0.589645 1.0 
mask 0.0001617074 0.018297821 0.37061945 0.55644834 1.0 
nomask 0.00015851855 0.5299676 0.37162143 0.6179839 0.4623819 
mask 0.00015804172 0.9735617 0.38308057 0.99266 0.5007923 
mask 0.00015681982 0.61884016 0.3584111 1.0 0.9959719 
mask 0.00015375018 0.0 0.0 0.22739542 0.21679194 
mask 0.00015360117 0.0 0.8420958 0.32071388 1.0 
mask 0.00015172362 0.0 0.0 0.15430453 0.30358866 
mask 0.00014799833 0.43836617 0.34734562 0.6485574 0.66393375 
nomask 0.00014767051 0.6402436 0.90390944 1.0 1.0 
nomask 0.0001475215 0.8807625 0.78823423 1.0 1.0 
nomask 0.00014695525 0.645246 0.30463487 0.71996784 0.3724677 
nomask 0.000143677 0.8325572 0.014502317 1.0 0.88173306 
mask 0.00014269352 0.25800458 0.27701828 0.76886666 0.6975527 
mask 0.00014153123 0.56871736 0.3674994 0.6588503 0.4619112 
mask 0.00013920665 0.6402436 0.90390944 1.0 1.0 
mask 0.00013801455 0.0 0.6544193 0.5511146 1.0 
mask 0.00013789535 0.9096322 0.66844815 1.0 1.0 
mask 0.0001334548 0.49998525 0.43322915 0.56062424 0.51279855 
nomask 0.00013330579 0.5693401 0.33893934 0.66976535 0.43351242 
mask 0.00013139844 0.0 0.0 0.3105498 0.15357313 
nomask 0.00012817979 0.683503 0.6483362 1.0 1.0 
mask 0.0001269579 0.9718334 0.2980886 0.9972723 0.37719393 
nomask 0.00012665987 0.56871736 0.3674994 0.6588503 0.4619112 
mask 0.00011846423 0.10292131 0.68299305 0.6573352 1.0 
mask 0.000115931034 0.40260038 0.6277664 0.998621 1.0 
nomask 0.000114142895 0.0095369965 0.6463607 0.3212412 1.0 
nomask 0.00011357665 0.0 0.6347679 0.1429809 1.0 
nomask 0.00011277199 0.51897526 0.33912274 0.6253164 0.43129238 
mask 0.00011238456 0.0 0.8320724 0.45509362 1.0 
mask 0.000110179186 0.8275011 0.004836589 1.0 0.87602425 
nomask 0.00010883808 0.0 0.79652476 0.21832925 1.0 
nomask 0.00010585785 0.07919468 0.51480716 0.46144855 1.0 
nomask 0.0001052022 0.29496256 0.34596923 0.34213367 0.40845063 
mask 0.00010308623 0.0 0.7337211 0.33049083 0.98334306 
mask 0.00010052323 0.6379618 0.37673905 0.7176128 0.46205458 
nomask 9.9003315e-05 0.0 0.8831283 1.0 1.0 
mask 9.804964e-05 0.7123807 0.021337688 1.0 0.60144407 
mask 9.75728e-05 0.6548155 0.098448396 1.0 0.6446384 
mask 9.715557e-05 0.67572826 0.84694576 1.0 1.0 
nomask 9.533763e-05 0.0 0.8320724 0.45509362 1.0 
nomask 9.262562e-05 0.7103842 0.18916872 1.0 0.9616332 
mask 9.23872e-05 0.0 0.6347679 0.1429809 1.0 
mask 9.2059374e-05 0.031493098 0.0 0.9887017 0.6389332 
mask 9.2059374e-05 0.683503 0.6483362 1.0 1.0 
mask 9.11355e-05 0.0 0.33202127 0.16427791 1.0 
nomask 8.839369e-05 0.6548155 0.098448396 1.0 0.6446384 
mask 8.7201595e-05 0.54265094 0.0 1.0 0.27718902 
mask 8.675456e-05 0.4868074 0.2527577 0.93669957 0.7943313 
mask 8.651614e-05 0.35498872 0.39814365 0.39819142 0.46643245 
mask 8.5413456e-05 0.4778821 0.7923444 0.97134775 1.0 
