mask 0.96926093 0.30530792 0.37097552 0.38094133 0.46288803 
mask 0.10520393 0.71757025 0.2999741 1.0 1.0 
nomask 0.064668715 0.30530792 0.37097552 0.38094133 0.46288803 
mask 0.0036465228 0.61966425 0.68025196 0.9445836 1.0 
mask 0.001362145 0.21079734 0.1570723 0.79825604 0.8175211 
mask 0.001065433 0.0 0.7466042 0.16100907 1.0 
mask 0.0009896755 0.34583464 0.74961704 0.9246942 1.0 
mask 0.0009075105 0.3041647 0.04693079 0.72077924 0.63185686 
mask 0.0007083118 0.22642785 0.6661746 0.78091615 1.0 
mask 0.00059622526 0.71422124 0.72507393 1.0 0.98026955 
nomask 0.00059464574 0.7051518 0.19583148 1.0 0.9948966 
nomask 0.0004440844 0.0 0.31310233 0.021723118 0.47715858 
mask 0.00040993094 0.0 0.22802505 0.22650528 0.9946687 
mask 0.00039625168 0.7540472 0.6252698 1.0 0.9995301 
mask 0.00035873055 0.0 0.15854055 0.42493376 0.9648141 
mask 0.0003388822 0.5176598 0.6318268 1.0 0.91168827 
nomask 0.00032889843 0.44653568 0.40968895 0.5007223 0.46366304 
mask 0.0003261268 0.7434983 0.18523106 0.985042 0.7529764 
mask 0.00032162666 0.21215442 0.4123291 0.7722243 0.9839722 
mask 0.00031408668 0.7047627 0.83661485 1.0 1.0 
mask 0.0002887547 0.06620748 0.7980642 0.4502222 1.0 
mask 0.00027889013 0.0 0.31310233 0.021723118 0.47715858 
mask 0.0002682507 0.71068376 0.0 0.99917775 0.17172797 
mask 0.00025957823 0.8281425 0.47079983 0.99649215 1.0 
nomask 0.00024801493 0.26285025 0.68093425 0.9180474 1.0 
mask 0.00024080276 0.08759636 0.37537187 0.53188676 0.9909416 
mask 0.00024017692 0.7829049 0.7654893 1.0 1.0 
mask 0.00022661686 0.26790398 0.80687594 0.75760347 1.0 
mask 0.00021311641 0.32645246 0.32755095 1.0 1.0 
nomask 0.00020951033 0.32645246 0.32755095 1.0 1.0 
mask 0.00020325184 0.0 0.7959031 0.20711873 1.0 
nomask 0.00019907951 0.0 0.51148325 0.9629218 0.9954315 
mask 0.00018626451 0.26285025 0.68093425 0.9180474 1.0 
mask 0.00018197298 0.7189864 0.6191858 1.0 0.88411033 
mask 0.00016385317 0.49366713 0.14088804 0.9317366 0.8301906 
mask 0.00014513731 0.004521101 0.46348536 0.029003195 0.5890876 
mask 0.00014427304 0.8460129 0.6301936 1.0 1.0 
nomask 0.0001348257 0.8299645 0.007978499 1.0 0.89584786 
nomask 0.0001335144 0.88279057 0.7910068 1.0 1.0 
mask 0.00013297796 0.0067585837 0.33335435 0.060532123 0.67688155 
nomask 0.00013193488 0.64356416 0.9030292 1.0 1.0 
mask 0.0001282692 0.49166542 0.8341146 1.0 1.0 
nomask 0.00012680888 0.016581476 0.13963066 0.28088102 0.5225835 
mask 0.00012621284 0.014964163 0.6180775 0.22172382 0.9981446 
mask 0.00012341142 0.64356416 0.9030292 1.0 1.0 
nomask 0.000119805336 0.08210072 0.81206065 0.77514374 1.0 
mask 0.000118762255 0.9096593 0.6742851 1.0 1.0 
mask 0.00011396408 0.7695514 0.037050992 0.97152877 0.59839845 
mask 0.000113874674 0.0 0.865474 0.57527316 1.0 
nomask 0.000111311674 0.7164407 0.41977233 1.0 1.0 
mask 0.00010636449 0.0 0.20497137 0.117320254 0.93562347 
mask 0.00010582805 0.683468 0.21044365 1.0 0.9721892 
nomask 0.00010249019 0.32374227 0.048715264 0.73446655 0.5172949 
mask 0.000100940466 0.0061547393 0.39907745 0.030304588 0.5644201 
mask 9.346008e-05 0.8299645 0.007978499 1.0 0.89584786 
mask 8.973479e-05 0.0054254234 0.74707043 0.75159466 0.9966011 
mask 8.85725e-05 0.6599779 0.09764153 1.0 0.6456236 
nomask 8.749962e-05 0.0 0.88194907 1.0 1.0 
nomask 8.574128e-05 0.57105094 0.7966794 1.0 1.0 
mask 8.460879e-05 0.725125 0.51293325 1.0 0.78767955 
mask 8.3595514e-05 0.17369862 0.9722239 0.34447932 0.9976847 
mask 8.204579e-05 0.57105094 0.7966794 1.0 1.0 
mask 8.1926584e-05 0.08210072 0.81206065 0.77514374 1.0 
nomask 8.127093e-05 0.6599779 0.09764153 1.0 0.6456236 
nomask 8.061528e-05 0.770926 0.57222843 1.0 1.0 
mask 7.870793e-05 0.5587107 0.4019099 0.95900095 0.99349505 
mask 7.7575445e-05 0.0 0.9495098 0.058355805 1.0 
mask 7.516146e-05 0.55097777 0.4738051 0.7737408 1.0 
mask 7.507205e-05 0.0 0.88194907 1.0 1.0 
nomask 7.3969364e-05 0.98288107 0.07971527 1.0 0.19850345 
mask 7.31051e-05 0.029307991 0.003605336 0.9833412 0.6493858 
nomask 7.209182e-05 0.0 0.643268 0.57719785 1.0 
mask 7.086992e-05 0.5685959 0.32801443 1.0 0.6760996 
mask 6.9499016e-05 0.114763945 0.31019187 0.85852146 0.674025 
mask 6.0349703e-05 0.0 0.015729308 0.7264154 0.4140008 
nomask 5.9753656e-05 0.0 0.015729308 0.7264154 0.4140008 
mask 5.930662e-05 0.2135749 0.97532576 0.38413358 1.0 
mask 5.90384e-05 0.0 0.9016381 0.14746757 1.0 
mask 5.8948994e-05 0.016581476 0.13963066 0.28088102 0.5225835 
nomask 5.877018e-05 0.23478904 0.2955291 0.2986808 0.383284 
mask 5.5462122e-05 0.0 0.7668012 0.7133403 1.0 
mask 5.531311e-05 0.9453276 0.0081613455 1.0 0.049415857 
nomask 5.468726e-05 0.0480105 0.057534337 0.38615113 0.44591504 
nomask 5.3793192e-05 0.55659944 0.7409495 1.0 1.0 
mask 5.173683e-05 0.0 0.0 0.26573452 0.63453984 
nomask 5.1259995e-05 0.0 0.9495098 0.058355805 1.0 
nomask 5.1230192e-05 0.0 0.0 0.26573452 0.63453984 
mask 4.8607588e-05 0.2936643 0.07660198 0.62456214 0.45676613 
mask 4.798174e-05 0.15789017 0.91625154 0.4776328 0.9951371 
nomask 4.553795e-05 0.0 0.7466042 0.16100907 1.0 
mask 4.3720007e-05 0.75425714 0.0 1.0 0.47075108 
mask 4.1604042e-05 0.770926 0.57222843 1.0 1.0 
nomask 4.1007996e-05 0.66393036 0.0 1.0 0.66696566 
mask 4.091859e-05 0.83258736 0.21019688 1.0 0.8999002 
mask 3.954768e-05 0.5604099 0.0 1.0 0.25816393 
mask 3.927946e-05 0.5071472 0.51242924 1.0 0.7891437 
mask 3.8921833e-05 0.07103722 0.9651716 0.19385056 0.99862015 
mask 3.8653612e-05 0.1338686 0.9673404 0.2712025 0.9883986 
mask 3.8653612e-05 0.5524702 0.082184866 1.0 0.45910102 
mask 3.8295984e-05 0.07223143 0.22753796 0.562721 0.7818754 
