mask 0.9999981 0.28799197 0.24381433 0.6392338 0.613623 
nomask 0.0011560619 0.28991172 0.25177968 0.6387572 0.6201486 
mask 0.00039198995 0.0009994591 0.13618338 0.017510865 0.25158107 
nomask 0.00036740303 0.0 0.68760717 0.20700216 0.9736955 
mask 0.0003322363 0.0042428332 0.16287762 0.018747384 0.2975606 
nomask 0.00022566319 0.0009994591 0.13618338 0.017510865 0.25158107 
mask 0.00020134449 0.0033269809 0.2248928 0.012550628 0.36091346 
mask 0.00018292665 0.9558313 0.002416743 1.0 0.05045879 
mask 0.00016650558 0.037116103 0.17655748 0.1189839 0.26407883 
mask 0.00015035272 0.0 0.14871854 0.44855338 0.9133511 
nomask 0.00013133883 0.20162326 0.64088607 0.94841844 1.0 
mask 0.00011911988 0.13069877 0.11720893 0.7444378 0.90948296 
mask 0.00011730194 0.0 0.68760717 0.20700216 0.9736955 
mask 0.00011640787 0.39759153 0.00019781664 0.69961005 0.07564786 
mask 0.0001136761 0.5163431 0.009433329 1.0 1.0 
mask 0.00010845065 0.0070814714 0.042913154 0.21017939 0.31830013 
nomask 0.00010710518 0.5163431 0.009433329 1.0 1.0 
mask 0.00010091066 0.0006210804 0.5203862 1.0 1.0 
mask 9.721566e-05 0.312656 0.3126616 1.0 1.0 
nomask 9.721483e-05 0.312656 0.3126616 1.0 1.0 
nomask 9.5397234e-05 0.0006210804 0.5203862 1.0 1.0 
nomask 8.568168e-05 0.9558313 0.002416743 1.0 0.05045879 
mask 7.9751015e-05 0.027196497 0.0074825585 0.9840225 0.6595931 
mask 7.915497e-05 0.78645015 0.0 1.0 0.3502311 
nomask 7.888675e-05 0.68058324 0.65291154 1.0 1.0 
mask 7.715821e-05 0.9613581 0.34305358 0.9877095 0.46245182 
mask 7.340312e-05 0.83978856 0.004077852 1.0 0.91649354 
nomask 7.301569e-05 0.9463438 0.95764744 1.0 1.0 
nomask 7.274747e-05 0.8362241 0.81708074 1.0 1.0 
nomask 7.241964e-05 0.07820463 0.8168249 0.77325386 1.0 
mask 7.158518e-05 0.1722916 0.22734728 0.6212543 0.48655882 
mask 6.893277e-05 0.9791269 0.010535546 1.0 0.15783724 
mask 6.890297e-05 0.4617054 0.0038451059 0.64045066 0.034469225 
mask 6.4611435e-05 0.6388652 0.906003 1.0 1.0 
nomask 6.315112e-05 0.0038456838 0.7754833 0.019225733 0.93626994 
mask 6.097555e-05 0.5860737 0.78482026 1.0 1.0 
nomask 6.0498714e-05 0.8446915 0.0 1.0 0.9523023 
mask 5.8591366e-05 0.00055582845 0.26246953 0.0064611174 0.42970288 
nomask 5.8472157e-05 0.0042428332 0.16287762 0.018747384 0.2975606 
mask 5.468726e-05 0.9078878 0.6719779 1.0 1.0 
mask 5.4478645e-05 0.0 0.8274474 0.9215543 1.0 
mask 5.3972006e-05 0.010504035 0.6105845 0.048804022 1.0 
mask 5.3733587e-05 0.49668774 0.008263191 0.6695577 0.04299587 
mask 5.3703785e-05 0.15534532 0.5971745 0.84554327 1.0 
mask 5.298853e-05 0.8758896 0.0035330374 0.99719995 0.043105528 
nomask 5.2034855e-05 0.012286263 0.6798557 0.070222855 1.0 
mask 5.2005053e-05 0.03096896 0.13884816 0.12026745 0.23892209 
mask 5.1409006e-05 0.0 0.76778424 0.74581003 1.0 
mask 5.1259995e-05 0.6680585 0.09523666 1.0 0.6464708 
mask 5.0872564e-05 0.30226934 0.0 0.8426186 0.5722831 
mask 4.670024e-05 0.55407465 0.006769806 1.0 0.44612378 
nomask 4.6044588e-05 0.5339 0.55256605 0.6352136 0.66895497 
mask 4.5657158e-05 0.53988165 0.0062361667 0.7207064 0.0319343 
mask 4.518032e-05 0.0063100085 0.02472268 0.063510865 0.36192912 
mask 4.467368e-05 0.6642163 0.1868991 1.0 0.95574427 
mask 4.3809414e-05 0.0 0.011037841 0.68575317 0.41837853 
mask 4.3690205e-05 0.0 0.9601732 0.048001684 1.0 
nomask 4.36306e-05 0.6659789 0.0 1.0 0.63810885 
nomask 4.312396e-05 0.9791269 0.010535546 1.0 0.15783724 
nomask 4.261732e-05 0.0 0.48394337 0.2538259 1.0 
nomask 4.1782856e-05 0.0 0.8801726 1.0 1.0 
nomask 4.172325e-05 0.0 0.6372732 0.6061758 1.0 
nomask 4.091859e-05 0.6680585 0.09523666 1.0 0.6464708 
mask 4.0888786e-05 0.09698662 0.6905396 0.6570847 1.0 
nomask 3.811717e-05 0.8673299 0.9667915 1.0 1.0 
mask 3.6656857e-05 0.0 0.0 0.44348225 0.5975822 
nomask 3.582239e-05 0.0 0.9601732 0.048001684 1.0 
mask 3.552437e-05 0.8790551 0.0 1.0 0.07651166 
mask 3.388524e-05 0.0 0.74068177 0.4961127 1.0 
mask 3.3706427e-05 0.0 0.8530203 0.32458398 1.0 
nomask 3.325939e-05 0.82756644 0.7172248 1.0 1.0 
mask 3.2693148e-05 0.00018919213 0.724615 0.01001041 0.89328575 
nomask 3.2633543e-05 0.6642163 0.1868991 1.0 0.95574427 
mask 3.2365322e-05 0.036073834 0.0 0.5782318 0.358195 
mask 3.1232834e-05 0.0 0.48394337 0.2538259 1.0 
mask 3.0755997e-05 0.38479808 0.82792467 0.83576787 1.0 
mask 2.989173e-05 0.0 0.47725344 0.008624673 0.6127738 
nomask 2.8640032e-05 0.0068832636 0.8001965 0.26704198 0.99820983 
nomask 2.8520823e-05 0.4227144 0.16474429 0.54276925 0.2947556 
nomask 2.8342009e-05 0.0 0.74068177 0.4961127 1.0 
nomask 2.8163195e-05 0.0 0.09314445 0.009830545 0.22728395 
mask 2.7865171e-05 0.0 0.13895074 0.13883592 0.30100253 
mask 2.759695e-05 0.0 0.0 0.4362349 0.2590526 
nomask 2.7149916e-05 0.9127067 0.86538464 1.0 1.0 
mask 2.6732683e-05 0.10636559 0.05791825 0.5972396 0.61978877 
nomask 2.670288e-05 0.78645015 0.0 1.0 0.3502311 
mask 2.6494265e-05 0.0038456838 0.7754833 0.019225733 0.93626994 
mask 2.6404858e-05 0.0068832636 0.8001965 0.26704198 0.99820983 
nomask 2.6285648e-05 0.46071136 0.25651023 0.73278594 0.4135662 
nomask 2.6255846e-05 0.8790551 0.0 1.0 0.07651166 
nomask 2.5391579e-05 0.8454162 0.9151879 1.0 1.0 
nomask 2.5242567e-05 0.0033269809 0.2248928 0.012550628 0.36091346 
mask 2.5242567e-05 0.0 0.37179065 0.6796876 0.8644333 
nomask 2.5004148e-05 0.059696905 0.97284824 0.21960822 0.99849457 
mask 2.4586916e-05 0.5339 0.55256605 0.6352136 0.66895497 
nomask 2.4318695e-05 0.00018919213 0.724615 0.01001041 0.89328575 
mask 2.4139881e-05 0.5501734 0.0 1.0 0.25559193 
mask 2.3573637e-05 0.0 0.5420141 0.45738196 0.9184189 
mask 2.3514032e-05 0.6994153 0.6404127 1.0 1.0 
nomask 2.3394823e-05 0.81954575 0.9752853 0.96249926 0.9997108 
