mask 0.99971557 271.23615 308.75266 548.3199 497.2468 
nomask 0.01940015 277.24728 307.24927 544.46045 494.51337 
mask 0.011072606 305.9501 306.16626 527.3569 421.75723 
mask 0.0026944578 322.937 300.81503 692.90106 535.6065 
mask 0.00058326125 455.4908 468.40497 772.203 600.0 
mask 0.00043091178 76.51694 309.25098 490.59296 553.278 
mask 0.0003759563 0.0 383.35254 439.08673 600.0 
nomask 0.00036880374 0.0 373.05423 473.27612 600.0 
mask 0.00035524368 576.4114 285.28296 800.0 590.83466 
mask 0.00030460954 245.62805 445.41 645.0516 590.71515 
mask 0.0003030002 395.6598 350.65512 741.247 600.0 
mask 0.00028422475 238.0238 348.15167 565.68835 600.0 
mask 0.0002693832 4.2962313 384.75845 420.67212 600.0 
mask 0.00025260448 29.138588 12.937027 573.15314 381.36887 
nomask 0.00025057793 196.35345 329.20743 253.4508 386.02255 
mask 0.0002475977 269.30692 7.8083935 784.7678 392.17535 
nomask 0.00022947788 537.2752 115.548225 800.0 570.0797 
mask 0.00022220612 252.90927 316.01657 419.4724 474.43134 
nomask 0.0002219975 68.157265 486.24905 615.2242 600.0 
nomask 0.00021496415 321.01398 304.6413 537.75287 414.62067 
mask 0.00020462275 105.40915 275.0199 800.0 600.0 
nomask 0.00020235777 539.7972 385.80087 800.0 600.0 
mask 0.0001904747 409.80368 5.1778436 800.0 600.0 
nomask 0.00017932057 675.3662 491.83002 800.0 600.0 
nomask 0.00017532706 696.20715 0.0 800.0 600.0 
nomask 0.00017499924 262.67838 197.51695 800.0 600.0 
mask 0.00017434359 435.4692 312.40817 549.42737 386.4278 
mask 0.00017276831 250.12915 187.60143 800.0 600.0 
nomask 0.0001718998 484.4367 318.6766 571.20197 387.16687 
nomask 0.0001681149 513.4536 542.7033 800.0 600.0 
mask 0.00016337633 449.93958 477.09604 800.0 600.0 
nomask 0.00016093254 5.719757 308.44946 800.0 600.0 
mask 0.00015753508 726.9187 402.7569 800.0 600.0 
mask 0.00015616417 513.4536 542.7033 800.0 600.0 
mask 0.00014483929 534.1898 56.185894 800.0 388.05515 
mask 0.00014260411 81.42808 410.76617 522.7008 600.0 
nomask 0.00013026595 534.1898 56.185894 800.0 388.05515 
nomask 0.00012806058 197.38507 381.1306 741.3309 600.0 
mask 0.00012657046 386.3008 310.98236 554.72217 447.9615 
mask 0.00012519956 696.20715 0.0 800.0 600.0 
mask 0.000118047 0.0 71.2828 331.07324 564.57837 
mask 0.00011482835 555.84375 443.62164 800.0 588.6243 
nomask 0.00011450052 535.9547 0.0 800.0 404.3726 
nomask 0.00011065602 0.0 528.4974 800.0 600.0 
mask 0.00010535121 537.2752 115.548225 800.0 570.0797 
nomask 9.933114e-05 549.0018 342.97894 595.31934 410.2199 
mask 9.673834e-05 190.86803 419.70514 510.62827 577.05023 
mask 9.474158e-05 41.146896 452.04974 478.60046 594.25305 
mask 8.8870525e-05 0.0 528.4974 800.0 600.0 
mask 8.586049e-05 38.447334 113.75025 479.54483 496.81863 
mask 8.440018e-05 484.4367 318.6766 571.20197 387.16687 
mask 8.255243e-05 594.8176 92.86018 800.0 528.3616 
mask 8.2165e-05 768.1767 0.0 800.0 34.513218 
mask 8.004904e-05 612.7805 471.34766 800.0 600.0 
mask 7.763505e-05 605.99805 355.87213 800.0 600.0 
mask 7.405877e-05 206.67632 387.9411 729.5764 600.0 
mask 7.328391e-05 349.05667 118.5006 741.78015 503.56967 
mask 6.735325e-05 466.5886 405.2108 800.0 600.0 
mask 6.559491e-05 415.77472 359.69397 800.0 531.2389 
mask 5.7905912e-05 400.41327 256.23233 570.983 542.9357 
mask 5.787611e-05 405.2659 309.8902 800.0 461.57047 
nomask 5.7309866e-05 761.02344 576.181 800.0 600.0 
nomask 5.7041645e-05 0.0 3.8092642 629.16815 243.91122 
mask 5.659461e-05 495.963 339.6351 570.7118 410.98672 
mask 5.5521727e-05 0.0 328.34738 345.86676 558.4862 
mask 5.507469e-05 537.96344 241.13322 700.12354 544.5633 
mask 5.4746866e-05 182.99292 283.51886 574.0056 428.74854 
mask 5.3167343e-05 0.0 7.007509 375.30396 42.448044 
mask 5.1230192e-05 458.595 3.1320243 800.0 260.92075 
nomask 5.0991774e-05 495.963 339.6351 570.7118 410.98672 
nomask 5.054474e-05 13.353467 1.356858 793.88416 396.74612 
nomask 4.9352646e-05 222.34793 336.63235 286.44577 424.03683 
nomask 4.8607588e-05 0.0 575.70886 41.737682 600.0 
mask 4.839897e-05 0.0 575.70886 41.737682 600.0 
mask 4.503131e-05 541.7514 510.70972 800.0 600.0 
nomask 4.4047832e-05 458.595 3.1320243 800.0 260.92075 
mask 4.351139e-05 560.7561 366.4458 800.0 530.46844 
nomask 4.3183565e-05 391.89615 328.98718 580.6234 416.03708 
mask 4.068017e-05 0.0 441.6523 368.50122 600.0 
mask 4.0203333e-05 362.57983 289.49417 483.1397 357.63675 
nomask 3.8713217e-05 224.03676 327.03177 284.32043 386.1794 
mask 3.8176775e-05 661.1605 500.40222 800.0 594.54333 
mask 3.6656857e-05 0.0 245.35135 265.48514 593.2926 
mask 3.6358833e-05 315.37045 274.14938 714.14764 407.5043 
mask 3.4928322e-05 0.0 510.867 138.87193 599.20276 
nomask 3.412366e-05 435.4692 312.40817 549.42737 386.4278 
mask 3.412366e-05 696.35834 0.0 793.77997 29.550554 
mask 3.400445e-05 638.27045 424.89346 794.69116 599.1266 
nomask 3.325939e-05 0.0 0.0 245.08484 88.159706 
mask 3.2395124e-05 277.863 6.8764844 723.00793 39.281612 
mask 3.221631e-05 0.0 200.9585 336.80316 399.54703 
nomask 3.1739473e-05 4.2962313 384.75845 420.67212 600.0 
mask 3.117323e-05 0.0 0.0 245.08484 88.159706 
nomask 2.9951334e-05 661.1605 500.40222 800.0 594.54333 
nomask 2.849102e-05 0.0 0.0 324.47864 475.2727 
nomask 2.8133392e-05 582.7977 295.59235 800.0 600.0 
mask 2.8133392e-05 511.46072 0.8882873 800.0 49.877636 
mask 2.7745962e-05 290.5272 141.25914 459.9356 459.695 
mask 2.7745962e-05 0.0 551.82556 138.76114 600.0 
mask 2.7656555e-05 263.3171 0.0 532.5895 280.12863 
