mask 0.84802675 0.45892558 0.35541278 0.60294163 0.56427014 
nomask 0.008348286 0.45892558 0.35541278 0.60294163 0.56427014 
nomask 0.0015260279 0.4893788 0.2963338 0.5638461 0.3841583 
mask 0.0013685226 0.0 0.0 0.2611969 0.16961576 
mask 0.0012517273 0.37828052 0.002305342 0.5074677 0.033867016 
nomask 0.0011998713 0.9722238 0.1387024 0.9911836 0.23199928 
mask 0.0011917651 0.44988668 0.32772613 0.6471592 0.6557066 
mask 0.0011505187 0.34071967 0.0062143616 0.47974107 0.025617454 
mask 0.0010937452 0.9714305 0.17550005 0.99597996 0.2705167 
mask 0.0010890663 0.41940385 0.005180264 0.5639419 0.042865135 
mask 0.00093871355 0.75759774 0.0 1.0 0.16267142 
mask 0.00088712573 0.9722238 0.1387024 0.9911836 0.23199928 
mask 0.00088241696 0.5411531 0.27091625 1.0 0.81248736 
mask 0.00084504485 0.48589915 0.005605884 0.9849915 0.23250252 
nomask 0.00077849627 0.4795026 0.32906204 0.5785083 0.44244707 
nomask 0.00070363283 0.64059544 0.32699066 0.7006457 0.40438163 
mask 0.0005938411 0.1298273 0.0 0.2302825 0.035785735 
mask 0.0005300641 0.44917518 0.011894349 0.6167236 0.047953457 
nomask 0.00049719214 0.9714305 0.17550005 0.99597996 0.2705167 
nomask 0.00048449636 0.51704633 0.32422432 0.6105757 0.44582567 
nomask 0.00047054887 0.4597141 0.2515249 0.5911985 0.5141916 
mask 0.00045651197 0.28882933 0.0 0.9017229 0.124549195 
mask 0.00045204163 0.4795026 0.32906204 0.5785083 0.44244707 
mask 0.00039458275 0.503939 0.34849128 0.6116902 0.5051303 
mask 0.00039324164 0.97577494 0.22497848 1.0 0.32951823 
mask 0.0003643632 0.01948373 0.002200732 0.13525511 0.047555126 
mask 0.00036230683 0.004034966 0.6273401 0.5978974 1.0 
mask 0.00033584237 0.51704633 0.32422432 0.6105757 0.44582567 
mask 0.00031107664 0.9702567 0.013060145 0.994944 0.18416354 
nomask 0.00030520558 0.53736776 0.29407638 0.6053296 0.38096625 
mask 0.0002989471 0.14807442 0.016792431 1.0 0.40537912 
nomask 0.00029826164 0.75759774 0.0 1.0 0.16267142 
mask 0.0002972905 0.5143855 0.01062268 1.0 1.0 
mask 0.00029444695 0.0 0.23365185 0.49842155 0.9467937 
mask 0.0002847016 0.46494943 0.03166026 0.96784097 0.61411864 
nomask 0.0002797544 0.45332277 0.2948651 0.5050115 0.38379958 
mask 0.0002629459 0.6443392 0.3678102 1.0 0.9875619 
nomask 0.00025587564 0.5143855 0.01062268 1.0 1.0 
mask 0.00025331974 0.95360893 0.0 1.0 0.067681134 
mask 0.0002528727 0.16375652 0.0 0.9332665 0.24630703 
mask 0.00025197864 0.37585917 0.0031586885 0.6521331 0.07331592 
mask 0.0002296567 0.0065503996 0.0 0.060401164 0.052367195 
mask 0.00022605062 0.00936842 0.51749897 1.0 1.0 
nomask 0.0002233684 0.95360893 0.0 1.0 0.067681134 
mask 0.00021106005 0.0088872835 0.0 0.17728144 0.23944996 
mask 0.00020742416 0.009117489 0.01646822 0.036400527 0.13377321 
nomask 0.00020545721 0.00936842 0.51749897 1.0 1.0 
mask 0.00020179152 0.32865286 0.32914475 1.0 1.0 
nomask 0.00020054626 0.31266043 0.31266758 1.0 1.0 
mask 0.00019207597 0.9700327 0.079378895 0.9913871 0.2135165 
nomask 0.00019168854 0.0 0.6621113 0.60650015 1.0 
nomask 0.00018826127 0.5957928 0.31560227 0.66861475 0.42263266 
nomask 0.00018671155 0.44988668 0.32772613 0.6471592 0.6557066 
mask 0.00017350912 0.67514837 0.010259569 1.0 0.24569538 
nomask 0.00017154217 0.081104726 0.81046927 0.77183795 1.0 
nomask 0.00016891956 0.21983531 0.6595645 0.92494416 1.0 
mask 0.00016781688 0.43790582 0.6316944 0.9717351 1.0 
mask 0.00016197562 0.017403137 0.0019931793 0.080627725 0.35254645 
mask 0.0001552403 0.09069237 0.024533723 0.16132298 0.10840613 
nomask 0.00015094876 0.6993364 0.14800039 0.74808455 0.20640561 
mask 0.00014844537 0.0 0.6621113 0.60650015 1.0 
mask 0.00014683604 0.64059544 0.32699066 0.7006457 0.40438163 
mask 0.00014346838 0.0 0.0 0.39608964 0.748597 
nomask 0.00013902783 0.9702567 0.013060145 0.994944 0.18416354 
mask 0.00013899803 0.86265796 0.0 0.99838084 0.055094443 
mask 0.00013834238 0.19832379 0.66897255 0.75827193 1.0 
mask 0.00013402104 0.087101236 0.0 0.19375362 0.053536974 
mask 0.00013235211 0.4643942 0.07574032 0.6489291 0.5266276 
mask 0.00012600422 0.0 0.0 0.21224023 0.201265 
mask 0.00012421608 0.33542627 0.032996923 0.6579385 0.6694113 
mask 0.00012266636 0.0 0.47847307 0.3935028 0.9481628 
mask 0.00012224913 0.2817364 0.0 0.46922657 0.009606939 
mask 0.00011739135 0.0 0.80481726 0.4987504 1.0 
mask 0.000115185976 0.4476412 0.34946924 0.5371802 0.5291084 
mask 0.000113874674 0.9822409 0.5514351 0.993804 0.77169573 
mask 0.00011098385 0.038914338 0.025667872 0.10847318 0.11359662 
mask 0.00010967255 0.32971853 0.30879533 0.6808112 0.9932867 
nomask 0.00010958314 0.753896 0.30447736 0.7968912 0.35181066 
mask 0.000109404325 0.0 0.0 0.6392623 0.45020562 
mask 0.00010877848 0.49475312 0.025783826 0.57042694 0.088948786 
nomask 0.000105410814 0.9822409 0.5514351 0.993804 0.77169573 
nomask 0.00010496378 0.8088866 0.85364664 1.0 1.0 
mask 0.00010302663 0.0 0.21653086 0.16080034 0.8335356 
nomask 0.000102967024 0.90722895 0.67212915 1.0 1.0 
mask 0.000102221966 0.081104726 0.81046927 0.77183795 1.0 
nomask 0.000100940466 0.6555469 0.100923285 0.7103847 0.16181134 
mask 9.909272e-05 0.8267219 0.0046922565 1.0 0.9017797 
mask 9.8109245e-05 0.11324388 0.1161311 0.75038576 0.92846656 
mask 9.790063e-05 0.6418963 0.9043776 1.0 1.0 
mask 9.724498e-05 0.90722895 0.67212915 1.0 1.0 
nomask 9.6827745e-05 0.5589754 0.10431082 0.5963128 0.15630615 
mask 9.611249e-05 0.09632088 0.0 0.4546082 0.45642453 
nomask 9.6052885e-05 0.8086635 0.21282162 0.84663975 0.26312044 
mask 9.5039606e-05 0.33518684 0.0 0.661603 0.45250815 
nomask 9.11355e-05 0.4448072 0.33256394 0.52832735 0.44918662 
nomask 9.036064e-05 0.8267219 0.0046922565 1.0 0.9017797 
mask 8.544326e-05 0.0 0.74682456 0.3280121 0.9897612 
mask 8.517504e-05 0.54021496 0.0 0.8901065 0.42203072 
mask 8.4638596e-05 0.7113706 0.12562037 1.0 0.8774804 
mask 8.4638596e-05 0.8208617 0.019144826 0.99398446 0.25491986 
