mask 0.99999917 436.79224 258.33624 944.39325 609.31946 
nomask 0.008231431 443.24426 257.8879 948.3817 610.3811 
mask 0.00054863095 651.09937 305.76547 956.42993 586.36127 
mask 0.00023418665 7.925391 419.18564 55.749313 849.66016 
mask 0.00021606684 0.07139385 466.93127 16.814478 571.468 
nomask 0.00018936396 23.889961 797.51025 445.4396 956.24976 
nomask 0.00018909574 255.5278 286.24213 331.84033 353.92435 
mask 0.000179708 396.1044 259.12848 1064.3011 807.0551 
nomask 0.00016665459 892.7228 195.70659 1280.0 924.78644 
nomask 0.00016480684 1245.9425 264.28564 1277.8981 390.33838 
mask 0.0001578331 151.49387 56.913185 1018.67615 858.89594 
nomask 0.00013202429 841.0108 603.81274 1280.0 960.0 
nomask 0.00011238456 1244.5598 300.16156 1273.2571 431.21765 
mask 0.00011137128 0.0 425.96533 25.550373 510.28906 
nomask 0.00010839105 17.42257 156.86644 33.000065 275.8507 
mask 0.000104904175 172.15375 440.84656 1280.0 960.0 
nomask 0.000100165606 934.52026 0.0 1280.0 604.70154 
mask 9.5278025e-05 9.944333 481.4553 22.672646 677.5132 
mask 9.424102e-05 400.20612 300.1618 1280.0 960.0 
nomask 9.424021e-05 400.20612 300.1618 1280.0 960.0 
nomask 9.1552734e-05 1089.3967 204.53362 1272.017 648.28955 
mask 8.958578e-05 0.0 304.05 790.26825 870.30695 
mask 8.666515e-05 799.9255 653.6443 1280.0 960.0 
nomask 8.46982e-05 1061.3739 30.825691 1280.0 500.64417 
nomask 8.401275e-05 820.8629 868.0068 1280.0 960.0 
mask 8.299947e-05 590.1502 126.970024 1280.0 960.0 
nomask 8.264184e-05 172.15375 440.84656 1280.0 960.0 
nomask 8.225441e-05 253.42465 594.0446 1225.9636 960.0 
nomask 7.9870224e-05 1161.4519 643.0786 1280.0 960.0 
mask 7.802248e-05 820.8629 868.0068 1280.0 960.0 
nomask 7.7039e-05 156.23523 0.0 1185.9718 254.70079 
mask 7.650256e-05 1161.4519 643.0786 1280.0 960.0 
nomask 7.516146e-05 590.1502 126.970024 1280.0 960.0 
nomask 7.504225e-05 309.21594 276.85178 388.8877 364.6873 
nomask 6.979704e-05 1079.3943 5.2695465 1280.0 859.05035 
nomask 6.9230795e-05 786.7362 322.6473 1280.0 960.0 
mask 6.8217516e-05 1.2796551 16.351719 13.006473 193.37436 
mask 6.663799e-05 20.83725 7.1865873 52.83949 49.303265 
nomask 6.446242e-05 98.02956 780.55426 987.1817 960.0 
nomask 6.315112e-05 0.0 842.8361 1280.0 960.0 
nomask 6.249547e-05 0.07139385 466.93127 16.814478 571.468 
mask 6.1929226e-05 856.7776 90.14706 1280.0 621.6089 
mask 5.8054924e-05 0.0 746.356 935.3148 960.0 
mask 5.77271e-05 0.0 678.92615 246.03351 925.5913 
nomask 5.7518482e-05 856.7776 90.14706 1280.0 621.6089 
nomask 5.632639e-05 416.58557 0.0 1280.0 112.43966 
mask 5.5998564e-05 805.4597 7.44411 1280.0 70.11909 
mask 5.3346157e-05 4.565611 556.78174 22.271204 766.86804 
mask 5.0902367e-05 438.5979 5.676813 1123.1536 287.38928 
nomask 5.0723553e-05 0.0 746.356 935.3148 960.0 
mask 5.0634146e-05 0.0 842.8361 1280.0 960.0 
nomask 4.929304e-05 1193.0079 167.78575 1278.8835 527.73285 
mask 4.9054623e-05 0.0 90.22239 530.4792 920.6629 
mask 4.8965216e-05 1244.5598 300.16156 1273.2571 431.21765 
nomask 4.8279762e-05 968.8032 0.0 1280.0 463.7177 
nomask 4.8071146e-05 1.2796551 16.351719 13.006473 193.37436 
mask 4.7177076e-05 0.0 805.3497 196.5197 952.7924 
mask 4.6938658e-05 123.89183 665.69543 835.26465 960.0 
nomask 4.6521425e-05 7.925391 419.18564 55.749313 849.66016 
mask 4.580617e-05 1245.9425 264.28564 1277.8981 390.33838 
nomask 4.544854e-05 0.0 560.0296 576.463 960.0 
nomask 4.5388937e-05 446.42676 0.0 1045.2548 362.57877 
nomask 4.4971704e-05 9.944333 481.4553 22.672646 677.5132 
nomask 4.4733286e-05 20.83725 7.1865873 52.83949 49.303265 
nomask 4.4554472e-05 940.1163 348.9747 1054.9976 484.3741 
mask 4.4465065e-05 1079.3943 5.2695465 1280.0 859.05035 
nomask 4.2915344e-05 253.60191 317.4443 344.64496 400.68423 
mask 4.2915344e-05 962.7737 563.73035 1280.0 960.0 
mask 4.258752e-05 416.58557 0.0 1280.0 112.43966 
mask 4.211068e-05 17.42257 156.86644 33.000065 275.8507 
nomask 4.1782856e-05 188.59885 289.70844 267.95956 344.51328 
nomask 4.1484833e-05 2.6098871 215.27937 16.916126 351.41418 
nomask 4.0471554e-05 1234.1465 147.98657 1270.2632 265.2893 
nomask 3.9339066e-05 944.15 319.2915 1059.1456 430.24295 
nomask 3.913045e-05 736.6649 4.57283 1280.0 424.7344 
mask 3.8027763e-05 189.996 811.3625 645.177 958.31775 
mask 3.6507845e-05 50.977135 308.1289 930.1647 628.1659 
nomask 3.6269426e-05 1223.6372 924.01556 1280.0 960.0 
mask 3.5226345e-05 289.9273 610.6858 1192.7949 960.0 
mask 3.5226345e-05 656.4619 793.75885 1208.0566 955.9771 
mask 3.4987926e-05 689.16956 48.208965 947.8234 503.6826 
nomask 3.3944845e-05 36.701572 170.45067 112.45605 245.28522 
mask 3.260374e-05 12.256088 781.9515 375.06625 960.0 
nomask 3.2365322e-05 128.72653 507.02106 599.6681 960.0 
mask 3.2275915e-05 670.01434 315.45605 1280.0 624.69714 
nomask 3.2156706e-05 937.6311 487.28943 1280.0 960.0 
mask 3.1232834e-05 255.5278 286.24213 331.84033 353.92435 
nomask 3.0577183e-05 4.113056 272.75397 23.56736 409.1943 
mask 3.0487776e-05 108.188286 42.54856 640.8502 588.81396 
mask 2.989173e-05 0.0 560.0296 576.463 960.0 
nomask 2.9683113e-05 805.4597 7.44411 1280.0 70.11909 
nomask 2.9444695e-05 309.84393 312.14517 394.603 417.09753 
mask 2.926588e-05 4.143118 78.73687 16.203571 241.69589 
nomask 2.8789043e-05 0.0 0.0 579.6482 611.5839 
mask 2.849102e-05 736.6649 4.57283 1280.0 424.7344 
nomask 2.82228e-05 4.143118 78.73687 16.203571 241.69589 
nomask 2.8073788e-05 0.0 713.3273 614.34766 960.0 
mask 2.7924776e-05 0.0 701.5258 1009.2964 960.0 
mask 2.69413e-05 0.81284523 0.0 276.301 6.3970866 
mask 2.670288e-05 0.0 713.3273 614.34766 960.0 
