mask 0.99999356 281.98780059814453 480.3010559082031 641.0556221008301 927.9484558105469 
nomask 0.031280845 280.63456535339355 476.9477844238281 636.8944931030273 928.0685424804688 
nomask 0.0034630299 0.0 1022.8400421142578 257.37470626831055 1280.0 
mask 0.0030296147 0.0 1022.8400421142578 257.37470626831055 1280.0 
nomask 0.002005279 0.0 1089.3779754638672 168.69709968566895 1280.0 
mask 0.001311779 843.6348724365234 0.0 945.8724975585938 61.97988510131836 
mask 0.0010532737 801.0380172729492 0.0 904.694938659668 39.90185260772705 
nomask 0.0010365248 4.667809009552002 1210.9736633300781 84.9917721748352 1280.0 
nomask 0.00090160966 8.532857894897461 1210.508041381836 155.1560926437378 1279.938735961914 
nomask 0.0007766485 2.841222882270813 731.7740631103516 16.180593967437744 916.0451507568359 
mask 0.0007419288 896.019115447998 0.0 960.0 72.17484474182129 
mask 0.0006931722 0.0 854.0947723388672 58.22420954704285 1280.0 
nomask 0.0006275177 0.0 1076.7572021484375 313.64850997924805 1280.0 
nomask 0.00053837895 896.019115447998 0.0 960.0 72.17484474182129 
mask 0.0005208552 0.0 1089.3779754638672 168.69709968566895 1280.0 
nomask 0.0005168021 0.0 854.0947723388672 58.22420954704285 1280.0 
nomask 0.00050491095 0.0 1118.2056427001953 47.65908122062683 1275.9798431396484 
mask 0.00049829483 456.6517639160156 538.1982421875 660.6296539306641 893.1675720214844 
nomask 0.0004670918 0.0 1046.3836669921875 34.03772592544556 1243.690185546875 
mask 0.00046402216 8.532857894897461 1210.508041381836 155.1560926437378 1279.938735961914 
nomask 0.0004018247 0.0 1117.682113647461 95.35791635513306 1280.0 
mask 0.00037375093 683.3598518371582 15.889090299606323 813.0465888977051 48.196940422058105 
mask 0.00035396218 4.667809009552002 1210.9736633300781 84.9917721748352 1280.0 
mask 0.00032564998 0.0 1046.3836669921875 34.03772592544556 1243.690185546875 
mask 0.0003208518 2.841222882270813 731.7740631103516 16.180593967437744 916.0451507568359 
nomask 0.0003168285 843.6348724365234 0.0 945.8724975585938 61.97988510131836 
mask 0.0003130436 926.2363243103027 18.98695945739746 959.241886138916 190.45005798339844 
nomask 0.00027048588 98.41576337814331 944.8799133300781 290.040807723999 1277.6614379882812 
nomask 0.00026842952 8.331584930419922 794.9949645996094 258.1969356536865 1262.9048156738281 
mask 0.00026628375 747.4296569824219 4.5822834968566895 869.956169128418 33.8668155670166 
mask 0.00026500225 0.0 882.2450256347656 171.6129970550537 1280.0 
nomask 0.00026354194 801.0380172729492 0.0 904.694938659668 39.90185260772705 
nomask 0.00025203824 11.524457931518555 452.17857360839844 257.34578132629395 940.0188446044922 
nomask 0.00023946166 0.0 1015.1884460449219 162.04730987548828 1238.9704895019531 
mask 0.000233531 5.060957372188568 965.95458984375 27.648603916168213 1231.0595703125 
nomask 0.00022932887 747.4296569824219 4.5822834968566895 869.956169128418 33.8668155670166 
mask 0.00022083521 0.0 1118.2056427001953 47.65908122062683 1275.9798431396484 
nomask 0.00020956993 1.9797058403491974 667.7949523925781 11.578377485275269 876.42822265625 
mask 0.00020498037 11.524457931518555 452.17857360839844 257.34578132629395 940.0188446044922 
nomask 0.0001860559 5.060957372188568 965.95458984375 27.648603916168213 1231.0595703125 
mask 0.00018423796 579.7392082214355 2.0837557315826416 767.2978019714355 30.434436798095703 
nomask 0.00018393993 0.0 904.7403717041016 395.30920028686523 1280.0 
nomask 0.00018283725 5.6643372774124146 0.0 45.56721210479736 39.76961612701416 
mask 0.00018033385 0.9137570858001709 558.4603118896484 38.25734853744507 1117.8398895263672 
mask 0.00017735362 99.79268074035645 1222.2927856445312 235.39727210998535 1280.0 
nomask 0.00017157197 616.2359046936035 783.2835388183594 960.0 1280.0 
nomask 0.00017029047 4.3144360184669495 777.9168701171875 19.79008913040161 955.2415466308594 
mask 0.00016966462 5.6643372774124146 0.0 45.56721210479736 39.76961612701416 
nomask 0.00016653538 0.0 882.2450256347656 171.6129970550537 1280.0 
mask 0.00015828013 0.0 1117.682113647461 95.35791635513306 1280.0 
mask 0.0001579225 127.94943809509277 587.2397994995117 960.0 1280.0 
nomask 0.00015738606 0.0 27.228384017944336 14.060846865177155 177.39185333251953 
mask 0.00015357137 0.0 1015.1884460449219 162.04730987548828 1238.9704895019531 
nomask 0.00014975667 0.0 696.7068481445312 233.00228118896484 1280.0 
nomask 0.00014907122 0.0 630.6698226928711 129.84878540039062 1280.0 
mask 0.00014650822 0.0 27.228384017944336 14.060846865177155 177.39185333251953 
nomask 0.0001462698 0.0 556.7868423461914 354.31408882141113 1265.7307434082031 
mask 0.00014513731 491.2558364868164 12.14324951171875 960.0 1280.0 
nomask 0.00014153123 315.33634185791016 421.5269088745117 960.0 1280.0 
mask 0.00014016032 300.1552677154541 400.2162551879883 960.0 1280.0 
nomask 0.00013661385 0.0 829.2176055908203 298.3418941497803 1136.5343475341797 
nomask 0.00013315678 0.0 727.93701171875 416.6018486022949 1280.0 
mask 0.0001282394 945.2022171020508 101.27477645874023 960.0 252.66359329223633 
mask 0.00012719631 4.3144360184669495 777.9168701171875 19.79008913040161 955.2415466308594 
mask 0.00012713671 0.0 1076.7572021484375 313.64850997924805 1280.0 
nomask 0.00012603402 99.79268074035645 1222.2927856445312 235.39727210998535 1280.0 
nomask 0.0001257062 869.6002578735352 855.6066131591797 960.0 1280.0 
mask 0.00012388825 1.9797058403491974 667.7949523925781 11.578377485275269 876.42822265625 
nomask 0.000123173 617.9902839660645 1155.8695220947266 960.0 1280.0 
mask 0.00012111664 869.6002578735352 855.6066131591797 960.0 1280.0 
nomask 0.00012046099 7.892131805419922 658.6000823974609 960.0 1280.0 
nomask 0.00011882186 80.20077466964722 1084.5648956298828 233.43595504760742 1280.0 
nomask 0.000118643045 0.9137570858001709 558.4603118896484 38.25734853744507 1117.8398895263672 
mask 0.00011616945 0.0 952.6165771484375 441.7536163330078 1280.0 
mask 0.000114411116 617.9902839660645 1155.8695220947266 960.0 1280.0 
nomask 0.000113248825 0.0 273.63868713378906 9.199113249778748 446.15684509277344 
nomask 0.00010859966 838.3440971374512 0.0 960.0 1277.0154571533203 
nomask 0.00010642409 0.0 381.3101577758789 226.68538570404053 1280.0 
nomask 0.00010415912 0.0 1123.8788604736328 960.0 1280.0 
nomask 0.000102341175 0.0 1008.4648132324219 93.44913482666016 1280.0 
nomask 0.00010073185 91.96194648742676 883.4482574462891 631.5173721313477 1280.0 
nomask 9.9897385e-05 4.299495220184326 1136.6632080078125 139.27239418029785 1261.1160278320312 
nomask 9.88543e-05 198.7470817565918 807.2803497314453 902.3856925964355 1280.0 
nomask 9.402633e-05 0.0 916.939697265625 142.32982635498047 1280.0 
mask 9.3996525e-05 0.0 273.63868713378906 9.199113249778748 446.15684509277344 
mask 8.824468e-05 0.0 1123.8788604736328 960.0 1280.0 
mask 8.684397e-05 107.28243827819824 131.00704193115234 822.6107025146484 1077.4249267578125 
mask 8.556247e-05 523.1220817565918 0.0 760.9453010559082 17.72578477859497 
mask 8.5383654e-05 616.2359046936035 783.2835388183594 960.0 1280.0 
mask 8.46982e-05 80.20077466964722 1084.5648956298828 233.43595504760742 1280.0 
mask 8.407235e-05 457.0850944519043 1.8132615089416504 808.4476661682129 76.93828582763672 
nomask 8.3208084e-05 0.0 915.9208679199219 582.3768997192383 1280.0 
mask 8.058548e-05 643.1002807617188 120.81806182861328 960.0 827.7665710449219 
mask 8.058548e-05 702.6917839050293 33.85227680206299 776.1247444152832 128.58802795410156 
mask 7.814169e-05 91.96194648742676 883.4482574462891 631.5173721313477 1280.0 
mask 7.7307224e-05 505.47672271728516 6.021757125854492 776.0222625732422 167.2351837158203 
mask 7.593632e-05 64.17656421661377 26.619873046875 484.47641372680664 758.6048126220703 
nomask 7.477403e-05 643.1002807617188 120.81806182861328 960.0 827.7665710449219 
mask 7.370114e-05 858.2389640808105 0.8536767959594727 934.2935371398926 139.68011856079102 
nomask 7.221103e-05 25.278353691101074 1150.4368591308594 287.31536865234375 1280.0 
