mask 0.996219 0.16303492 0.25639522 0.59020764 0.7231459 
mask 0.0026435852 0.021541655 0.21378583 0.5562226 0.9198405 
mask 0.0020343363 0.2803258 0.289287 0.65459216 0.9851041 
mask 0.0008241236 0.25723943 0.11343229 0.67539155 0.67880785 
mask 0.00074639916 0.15639201 0.32952222 0.8198943 0.8833302 
mask 0.00063845515 0.19709633 0.23691523 0.6687541 0.4941597 
nomask 0.0005096793 0.18428719 0.2524671 0.61327136 0.74896437 
mask 0.00047278404 0.0 0.0 0.48671836 0.5937016 
mask 0.0004438758 0.44994995 0.39418185 0.9666667 1.0 
mask 0.00041991472 0.39810964 0.29643703 0.64024574 0.82967114 
mask 0.00041243434 0.0054701567 0.51352584 1.0 1.0 
mask 0.00039467216 0.66579264 0.39242107 1.0 0.9979264 
mask 0.00039243698 0.2589509 0.3064041 0.7591967 0.58255976 
nomask 0.0003901422 0.88455904 0.0 1.0 1.0 
nomask 0.000379771 0.8440497 0.81654686 1.0 1.0 
mask 0.00036525726 0.12739325 0.0 0.8776711 0.10705201 
mask 0.00036090612 0.2697335 0.6965467 0.61107844 1.0 
nomask 0.00035363436 0.2140187 0.61333954 0.93482995 1.0 
mask 0.0003440678 0.00066669285 0.035203695 0.26628947 0.4578651 
nomask 0.00033947825 0.6398506 0.90549576 1.0 1.0 
nomask 0.0003312528 0.0054701567 0.51352584 1.0 1.0 
mask 0.0003309846 0.6398506 0.90549576 1.0 1.0 
mask 0.00032919645 0.38511533 0.52270716 0.67480844 0.9916319 
mask 0.00032758713 0.9073765 0.6614173 1.0 1.0 
nomask 0.00031998754 0.32803783 0.32894936 1.0 1.0 
mask 0.00030965518 0.31266108 0.31266794 1.0 1.0 
nomask 0.00028982759 0.058224916 0.81066203 0.8401542 1.0 
nomask 0.0002696514 0.68845445 0.18132204 1.0 0.95398957 
mask 0.00026616454 0.09313607 0.0 0.9580376 0.2507861 
mask 0.000248762 0.5123824 0.00897038 1.0 1.0 
mask 0.00023072958 0.018120885 0.8279264 0.8998214 1.0 
mask 0.00022986531 0.88455904 0.0 1.0 1.0 
mask 0.00022953749 0.124005824 0.056050017 0.8543565 0.4717899 
nomask 0.00022685528 0.0 0.0 0.48671836 0.5937016 
mask 0.0002206564 0.087173164 0.48601055 0.668356 0.7441683 
nomask 0.00021716952 0.76782966 0.5953616 1.0 1.0 
mask 0.00021669269 0.29427445 0.32017773 1.0 0.67118317 
mask 0.0002142191 0.030569464 0.0 0.6015825 0.3604489 
mask 0.00020861626 0.0 0.3277247 0.4502117 0.6559511 
nomask 0.00019931793 0.0 0.54093087 0.46526426 1.0 
nomask 0.00019830465 0.58158046 0.79736745 1.0 1.0 
nomask 0.00019663572 0.658799 0.09929919 1.0 0.64755315 
mask 0.00019198656 0.43308792 0.031943828 0.96926033 0.6342896 
mask 0.0001911819 0.658799 0.09929919 1.0 0.64755315 
mask 0.00018641353 0.0 0.0 0.27856618 0.4016508 
nomask 0.00018411875 0.6828383 0.0 1.0 0.64421725 
mask 0.00017264485 0.11216357 0.0 0.45079032 0.47401306 
nomask 0.00017109513 0.0 0.7066309 0.6061579 1.0 
mask 0.00016778708 0.58158046 0.79736745 1.0 1.0 
mask 0.00016003847 0.0089821 0.18111299 0.13661087 0.5496353 
mask 0.00015577674 0.5109929 0.7253591 0.7978159 1.0 
mask 0.0001553595 0.32929957 0.0 0.65450066 0.47092503 
mask 0.00015345216 0.0 0.7848339 0.6909672 1.0 
mask 0.00015303493 0.765192 0.0 1.0 0.713055 
mask 0.00014972687 0.102388114 0.6820955 0.6581807 1.0 
mask 0.00014933944 0.4274938 0.14095034 0.6438612 0.6310311 
mask 0.00014567375 0.0 0.54093087 0.46526426 1.0 
nomask 0.00014165044 0.0 0.7392826 0.7338072 1.0 
mask 0.00013929605 0.14655232 0.6261414 0.7466161 0.88908434 
mask 0.00013437867 0.2471708 0.6430914 0.9143412 1.0 
mask 0.00013175607 0.68845445 0.18132204 1.0 0.95398957 
mask 0.0001296699 0.76782966 0.5953616 1.0 1.0 
mask 0.00012862682 0.0 0.26745346 0.11468667 0.94644964 
mask 0.00012680888 0.5557208 0.0057569146 1.0 0.4420187 
mask 0.00012177229 0.0 0.0 0.45357025 0.26129147 
mask 0.0001180172 0.54189026 0.0 0.9004215 0.48170906 
mask 0.0001128912 0.2768522 0.55405796 0.72283536 1.0 
mask 0.00011193752 0.028022036 0.22155285 0.5068856 0.4683162 
nomask 0.00011152029 0.0 0.47456995 0.2517409 1.0 
mask 0.00011074543 0.28502053 0.7125996 0.46664166 0.9959 
mask 0.000108629465 0.21459353 0.32706076 0.49686974 0.8417414 
mask 0.000106960535 0.48779646 0.6866193 0.682305 0.97454345 
mask 0.00010436773 0.095244616 0.7368183 0.86250985 1.0 
nomask 0.00010403991 0.0 0.008195415 0.71648324 0.4314071 
mask 9.819865e-05 0.16243348 0.55859756 0.5432073 0.9655806 
mask 9.49502e-05 0.0 0.22370866 0.30442175 0.75457704 
mask 9.4503164e-05 0.5302117 0.53221095 1.0 0.9334607 
mask 9.11057e-05 0.5351119 0.7330061 1.0 1.0 
mask 8.943677e-05 0.48931012 0.23024547 0.9282932 0.8176496 
nomask 8.4877014e-05 0.5557208 0.0057569146 1.0 0.4420187 
nomask 8.431077e-05 0.0 0.5787934 0.6102798 1.0 
mask 8.377433e-05 0.32509178 0.8277886 0.6189675 0.9756056 
mask 7.966161e-05 0.1727757 0.81651515 0.6528571 1.0 
mask 7.6681376e-05 0.7360005 0.28035632 1.0 0.86452484 
mask 7.5012445e-05 0.43611485 0.6843065 0.6702364 1.0 
nomask 7.4625015e-05 0.29902408 0.235586 0.8006835 0.4747622 
nomask 7.390976e-05 0.021541655 0.21378583 0.5562226 0.9198405 
mask 7.095933e-05 0.0 0.09805095 0.42000324 0.45541185 
nomask 7.0631504e-05 0.4096184 0.38427836 0.6969987 0.560832 
mask 7.021427e-05 0.063053995 0.07385214 0.394888 0.43316692 
mask 7.015467e-05 0.66219425 0.7395355 1.0 1.0 
nomask 6.92904e-05 0.15639201 0.32952222 0.8198943 0.8833302 
mask 6.80089e-05 0.005936419 0.3742813 0.020228462 0.5138529 
mask 6.625056e-05 0.6828383 0.0 1.0 0.64421725 
nomask 6.583333e-05 0.33105186 0.49502444 0.66215396 1.0 
nomask 6.133318e-05 0.09313607 0.0 0.9580376 0.2507861 
nomask 5.9992075e-05 0.11216357 0.0 0.45079032 0.47401306 
nomask 5.978346e-05 0.0 0.7083399 0.44221625 1.0 
mask 5.9574842e-05 0.339106 0.0 0.5560849 0.2780432 
nomask 5.9127808e-05 0.12739325 0.0 0.8776711 0.10705201 
