mask 0.9883892 271.7333738207817 442.40129470825195 356.03567057847977 564.2562675476074 
nomask 0.09358862 271.7333738207817 442.40129470825195 356.03567057847977 564.2562675476074 
mask 0.0007056892 26.094495564699173 2.1781539916992188 444.0091185569763 664.083194732666 
mask 0.00043997169 235.95729526877403 492.74539947509766 303.6291651427746 606.5049362182617 
mask 0.00042751431 291.82283744215965 417.9250717163086 370.6421494483948 542.3650360107422 
mask 0.00034821033 47.21830388903618 290.916051864624 465.5238140821457 960.0 
mask 0.00026148558 141.89809656143188 27.208728790283203 569.9589230418205 592.3012733459473 
mask 0.00025737286 370.95833909511566 9.694976806640625 719.0 960.0 
nomask 0.00023978949 370.95833909511566 9.694976806640625 719.0 960.0 
mask 0.0002360344 153.7902857363224 720.2396392822266 486.5492684841156 960.0 
mask 0.00023567677 0.0 121.31704330444336 330.6226884126663 908.2513618469238 
mask 0.00023430586 11.206454485654831 703.4967613220215 343.1085367202759 960.0 
nomask 0.0001963377 391.39859837293625 546.7047500610352 436.9475640654564 634.749755859375 
mask 0.0001950264 49.73496434092522 0.0 663.453733086586 257.138614654541 
mask 0.00018721819 349.24712857604027 217.9672336578369 716.2745463848114 809.0161514282227 
mask 0.00018432736 1.9744067788124084 499.1560363769531 719.0 960.0 
nomask 0.00017985702 224.80119627714157 300.1566696166992 719.0 960.0 
mask 0.00017985702 224.80119627714157 300.1566696166992 719.0 960.0 
nomask 0.00017488003 1.9744067788124084 499.1560363769531 719.0 960.0 
nomask 0.0001693368 62.376400411129 791.0478401184082 551.1743095517159 960.0 
mask 0.0001476109 0.0 10.660600662231445 538.5998784303665 393.513879776001 
mask 0.00013503432 243.76261112093925 447.5379467010498 311.7656701505184 576.3338470458984 
mask 0.00013497472 218.25710341334343 507.8844451904297 276.20132037997246 611.4163970947266 
nomask 0.00012180209 171.48220643401146 620.8213806152344 673.5062325000763 960.0 
mask 0.000119924545 239.11317050457 0.0 476.2915757894516 453.4816360473633 
mask 0.00011771917 173.7150976061821 169.9940586090088 637.2847756743431 902.7168273925781 
mask 0.000115305185 454.7307674884796 294.7690200805664 719.0 942.1739959716797 
nomask 0.000109910965 603.2342191934586 786.2686729431152 719.0 960.0 
nomask 0.00010600686 627.4973818659782 0.0 719.0 960.0 
mask 0.00010365248 478.34950840473175 91.15631103515625 719.0 620.7913970947266 
nomask 0.00010085106 458.70443737506866 870.7209777832031 719.0 960.0 
mask 9.781122e-05 62.376400411129 791.0478401184082 551.1743095517159 960.0 
mask 9.608269e-05 458.70443737506866 870.7209777832031 719.0 960.0 
mask 9.551644e-05 603.5276952981949 0.0 719.0 881.6132926940918 
nomask 9.4652176e-05 0.0 10.660600662231445 538.5998784303665 393.513879776001 
nomask 9.435415e-05 49.73496434092522 0.0 663.453733086586 257.138614654541 
mask 9.2417e-05 205.98913368582726 383.8615322113037 522.6621717214584 918.4420394897461 
mask 9.152293e-05 0.0 69.68124389648438 174.3783758878708 861.9114303588867 
nomask 9.030104e-05 548.0237698554993 0.0 719.0 733.0133056640625 
mask 8.863211e-05 652.9832187891006 642.8053665161133 719.0 960.0 
nomask 8.7291e-05 0.0 0.0 219.43017214536667 142.3317003250122 
nomask 8.636713e-05 478.34950840473175 91.15631103515625 719.0 620.7913970947266 
mask 8.5145235e-05 374.6613749861717 0.0 719.0 248.80165100097656 
nomask 8.121133e-05 473.0617958307266 603.4996032714844 719.0 960.0 
mask 7.754564e-05 228.9696240723133 219.64960098266602 488.43946373462677 787.6491737365723 
nomask 7.742643e-05 0.0 612.062873840332 437.46071869134903 960.0 
mask 7.659197e-05 247.11684414744377 310.89757919311523 379.80590653419495 718.7266731262207 
nomask 7.510185e-05 0.0 0.0 335.7062790989876 241.8398094177246 
nomask 7.495284e-05 0.0 0.0 153.6635291725397 196.15586757659912 
mask 7.2062016e-05 231.59828799962997 434.8040199279785 416.0281347632408 800.7700538635254 
mask 7.176399e-05 268.166404902935 83.68317604064941 719.0 519.8664093017578 
mask 7.161498e-05 353.7252748012543 462.0086860656738 390.6546655893326 560.5036354064941 
nomask 7.0899725e-05 388.2031030058861 515.8697891235352 433.52613323926926 597.4551773071289 
nomask 6.863475e-05 0.0 0.0 94.01322521269321 299.895544052124 
mask 6.827712e-05 73.25249071419239 0.0 333.11886382102966 475.9043598175049 
nomask 6.747246e-05 240.9121687412262 0.0 415.05860936641693 269.94335174560547 
mask 6.607175e-05 19.07031663507223 622.1816825866699 152.02540066838264 889.2786598205566 
mask 6.452203e-05 0.0 303.43008041381836 500.7797739505768 646.9486999511719 
nomask 6.4492226e-05 374.6613749861717 0.0 719.0 248.80165100097656 
mask 6.234646e-05 292.03655901551247 731.6522598266602 638.2615865468979 960.0 
mask 6.2286854e-05 0.0 0.0 219.43017214536667 142.3317003250122 
nomask 6.1661005e-05 89.28612999618053 0.0 250.15448039770126 306.212854385376 
mask 6.0915947e-05 293.7316106557846 277.7668762207031 486.9286274909973 608.3843421936035 
nomask 5.8710575e-05 167.46016313135624 0.0 335.5576553940773 291.34005546569824 
mask 5.7816505e-05 180.96742442250252 630.1161575317383 659.6587716341019 960.0 
nomask 5.6147575e-05 0.0 0.0 172.91776657104492 474.6793270111084 
mask 5.5789948e-05 405.56503450870514 754.8590469360352 719.0 960.0 
mask 5.4955482e-05 417.17345440387726 8.201022148132324 719.0 417.0940589904785 
mask 5.00679e-05 211.97640192508698 189.25556659698486 413.5891289114952 513.3258247375488 
mask 5.00381e-05 0.0 611.8215179443359 269.33235958218575 960.0 
nomask 4.938245e-05 0.0 845.4436111450195 719.0 960.0 
nomask 4.9203634e-05 0.0 919.7513580322266 48.17736177146435 960.0 
mask 4.8458576e-05 394.64989191293716 0.0 637.9504967331886 508.0385971069336 
mask 4.5746565e-05 0.0 0.0 94.01322521269321 299.895544052124 
mask 4.541874e-05 73.67229482531548 0.0 591.5728296041489 111.10683917999268 
mask 4.503131e-05 548.0237698554993 0.0 719.0 733.0133056640625 
mask 4.4703484e-05 544.0524998903275 0.0 719.0 489.51438903808594 
mask 4.3720007e-05 0.0 612.062873840332 437.46071869134903 960.0 
mask 4.3541193e-05 12.5529670920223 4.664120078086853 33.470075488090515 43.79308462142944 
nomask 4.1991472e-05 417.17345440387726 8.201022148132324 719.0 417.0940589904785 
mask 4.1157007e-05 0.0 919.7513580322266 48.17736177146435 960.0 
mask 4.10676e-05 268.1699405014515 391.0158348083496 403.5708712339401 552.4427032470703 
mask 4.091859e-05 313.96305534243584 597.996940612793 707.6799992322922 960.0 
mask 4.079938e-05 446.7721138000488 159.37119483947754 719.0 943.3832931518555 
nomask 4.0113926e-05 0.0 0.0 454.6945972442627 119.4068956375122 
nomask 4.0113926e-05 2.1769322901964188 0.0 198.87527376413345 264.11258697509766 
mask 3.939867e-05 0.0 316.12627029418945 314.27907356619835 638.170280456543 
mask 3.9041042e-05 167.46016313135624 0.0 335.5576553940773 291.34005546569824 
nomask 3.874302e-05 544.0524998903275 0.0 719.0 489.51438903808594 
mask 3.796816e-05 0.0 845.4436111450195 719.0 960.0 
nomask 3.761053e-05 417.2661085128784 698.2736778259277 465.5032433271408 800.8582878112793 
mask 3.7372112e-05 0.0 0.0 335.7062790989876 241.8398094177246 
mask 3.71933e-05 279.9541332125664 805.5097389221191 530.2935361266136 951.2829780578613 
mask 3.6746264e-05 249.26346671581268 417.1416664123535 308.9118421673775 511.6236877441406 
nomask 3.644824e-05 0.0 0.0 320.26771318912506 635.1799392700195 
mask 3.6269426e-05 301.8676442503929 441.6354560852051 399.01783460378647 564.429759979248 
nomask 3.4928322e-05 12.5529670920223 4.664120078086853 33.470075488090515 43.79308462142944 
mask 3.4600496e-05 384.67144721746445 469.6738529205322 432.5116521716118 556.4310264587402 
mask 3.415346e-05 700.7197128534317 0.6311702728271484 719.0 63.92158269882202 
mask 3.3915043e-05 0.0 82.9775619506836 318.6019963026047 445.87663650512695 
