mask 0.99999636 687.4316596984863 748.7544250488281 1338.098373413086 1578.9887237548828 
nomask 0.0011723936 690.1143264770508 743.6800575256348 1341.4136123657227 1586.2770080566406 
mask 0.00024083257 250.70171356201172 137.8022003173828 1497.9296493530273 1682.0825958251953 
nomask 0.00023433566 1261.8136596679688 1232.4266052246094 1920.0 1920.0 
nomask 0.0002322495 1366.2944412231445 375.36266326904297 1920.0 1877.0115280151367 
nomask 0.0002296269 0.0 1217.6201248168945 1030.5551147460938 1920.0 
nomask 0.0002259016 1283.6515045166016 0.0 1920.0 1265.830078125 
mask 0.00018197298 0.0 1217.6201248168945 1030.5551147460938 1920.0 
mask 0.0001667738 0.0 409.5831298828125 1025.6022262573242 1865.2933502197266 
nomask 0.00016453862 1618.8908386230469 1564.358024597168 1920.0 1920.0 
mask 0.0001603961 1163.1307983398438 1310.2349853515625 1920.0 1920.0 
nomask 0.00015851855 1224.3268203735352 1739.9090194702148 1920.0 1920.0 
mask 0.00015580654 247.30613708496094 877.793025970459 1920.0 1920.0 
nomask 0.00015082955 1088.0926895141602 12.009172439575195 1920.0 844.9449920654297 
nomask 0.00015065074 0.0 16.196279525756836 1315.1322555541992 803.8744354248047 
mask 0.0001502335 1743.5316467285156 1272.0832443237305 1920.0 1920.0 
mask 0.00014793873 1224.3268203735352 1739.9090194702148 1920.0 1920.0 
nomask 0.00014689565 196.91762924194336 1311.397819519043 1253.6922454833984 1920.0 
nomask 0.00013330579 629.1069030761719 631.0066223144531 1920.0 1920.0 
mask 0.00012993813 600.3093338012695 600.3244972229004 1920.0 1920.0 
nomask 0.00012806058 206.44495010375977 0.0 1803.5838317871094 527.1244812011719 
nomask 0.00012609363 1683.9169692993164 0.0 1920.0 1920.0 
mask 0.00012400746 0.0 1052.4627685546875 326.83362007141113 1762.9007720947266 
mask 0.000117242336 1277.4609375 183.61810684204102 1920.0 1243.0274963378906 
mask 0.00011688471 882.0641899108887 249.2120361328125 1920.0 1920.0 
nomask 0.00011661649 0.0 33.77260208129883 709.0888595581055 1163.796615600586 
nomask 0.00011450052 1277.4609375 183.61810684204102 1920.0 1243.0274963378906 
mask 0.000112980604 196.91762924194336 1311.397819519043 1253.6922454833984 1920.0 
nomask 0.00011226535 8.899154663085938 984.8714447021484 1920.0 1920.0 
mask 0.0001103282 0.0 1410.6212997436523 890.6793594360352 1920.0 
nomask 0.000100553036 0.0 1693.2025909423828 1920.0 1920.0 
mask 9.793043e-05 7.352751195430756 1087.2268295288086 31.27000093460083 1493.6561965942383 
mask 9.560585e-05 672.6375961303711 995.8860397338867 1273.2123184204102 1920.0 
mask 9.435415e-05 0.0 461.2587547302246 511.6310691833496 1920.0 
mask 9.11355e-05 720.5687141418457 741.8981552124023 1288.490982055664 1135.8900833129883 
mask 8.791685e-05 0.0 1125.0933837890625 806.6765213012695 1920.0 
mask 8.520484e-05 0.0 1693.2025909423828 1920.0 1920.0 
mask 8.4877014e-05 933.9213180541992 814.8295211791992 1349.4013595581055 1419.1352462768555 
nomask 7.751584e-05 969.5761871337891 0.0 1920.0 501.0819625854492 
nomask 7.7307224e-05 634.9168395996094 0.0 1273.1632232666016 882.4525451660156 
mask 7.644296e-05 1683.9169692993164 0.0 1920.0 1920.0 
mask 7.56979e-05 0.0 1043.855323791504 828.5036087036133 1766.722068786621 
mask 7.560849e-05 13.376280069351196 987.8657913208008 108.08990478515625 1815.391502380371 
mask 7.4625015e-05 97.4923038482666 51.21368408203125 951.4883422851562 1151.524772644043 
mask 7.459521e-05 96.83778762817383 936.4934349060059 1148.9900207519531 1803.5188293457031 
nomask 7.44462e-05 0.0 1410.6212997436523 890.6793594360352 1920.0 
nomask 7.286668e-05 1154.740104675293 1068.1406021118164 1920.0 1920.0 
nomask 6.991625e-05 0.0 0.0 860.335693359375 489.1252326965332 
nomask 6.4611435e-05 1443.871078491211 0.0 1920.0 1018.3000946044922 
mask 6.1154366e-05 1154.740104675293 1068.1406021118164 1920.0 1920.0 
mask 6.1154366e-05 969.5761871337891 0.0 1920.0 501.0819625854492 
nomask 5.9872866e-05 439.09984588623047 1272.1600341796875 1839.5522689819336 1920.0 
nomask 5.2899122e-05 179.24039840698242 1054.4226837158203 884.2521858215332 1920.0 
mask 5.2124262e-05 1443.871078491211 0.0 1920.0 1018.3000946044922 
nomask 5.00679e-05 1866.9831848144531 1559.0248489379883 1915.7732391357422 1881.445426940918 
mask 4.9978495e-05 206.44495010375977 0.0 1803.5838317871094 527.1244812011719 
mask 4.9859285e-05 0.0 16.196279525756836 1315.1322555541992 803.8744354248047 
nomask 4.8547983e-05 0.0 0.0 407.84351348876953 388.53675842285156 
mask 4.8220158e-05 1088.0926895141602 12.009172439575195 1920.0 844.9449920654297 
nomask 4.696846e-05 7.352751195430756 1087.2268295288086 31.27000093460083 1493.6561965942383 
mask 4.6908855e-05 0.0 1646.1773300170898 643.9059448242188 1920.0 
nomask 4.6551228e-05 0.0 0.0 477.79380798339844 880.9457015991211 
nomask 4.6133995e-05 0.0 245.1877784729004 472.5420570373535 1786.5442657470703 
mask 4.595518e-05 1428.3606719970703 0.0 1920.0 1436.2660217285156 
nomask 4.5895576e-05 0.0 643.3383178710938 827.5201606750488 1274.143180847168 
mask 4.4047832e-05 0.0 643.3383178710938 827.5201606750488 1274.143180847168 
nomask 4.3720007e-05 0.0 1052.4627685546875 326.83362007141113 1762.9007720947266 
nomask 4.3720007e-05 1835.453224182129 1831.1369705200195 1920.0 1920.0 
mask 4.3600798e-05 18.245004415512085 870.6194114685059 36.2725567817688 1263.3641052246094 
nomask 4.3302774e-05 0.0 903.7831878662109 514.4115829467773 1920.0 
nomask 4.2647123e-05 197.89057731628418 0.0 884.0302276611328 904.5366096496582 
mask 4.258752e-05 1012.789306640625 1390.9415817260742 1920.0 1920.0 
mask 4.196167e-05 1438.223648071289 1133.686180114746 1920.0 1920.0 
mask 4.157424e-05 143.1778907775879 534.3119430541992 1150.6171417236328 1429.9297714233398 
mask 4.014373e-05 281.94345474243164 1390.4322052001953 1645.6537628173828 1920.0 
nomask 4.005432e-05 790.4276275634766 128.53952407836914 1861.0670471191406 977.3499298095703 
nomask 3.990531e-05 758.9349174499512 724.7601699829102 1257.9830932617188 1016.1923217773438 
nomask 3.9041042e-05 1012.789306640625 1390.9415817260742 1920.0 1920.0 
mask 3.8683414e-05 454.43100929260254 1186.7071151733398 1358.4619903564453 1619.7723770141602 
nomask 3.8444996e-05 0.0 1043.855323791504 828.5036087036133 1766.722068786621 
nomask 3.8206577e-05 1888.0621719360352 1469.417495727539 1918.4148788452148 1892.8031158447266 
nomask 3.796816e-05 0.0 0.0 568.967170715332 287.81078338623047 
nomask 3.71933e-05 0.0 166.3952350616455 846.4064025878906 877.9140472412109 
mask 3.6656857e-05 634.8232269287109 151.38067245483398 1275.9328079223633 1336.0192108154297 
nomask 3.5375357e-05 1043.609962463379 0.0 1723.9621353149414 926.7395210266113 
mask 3.3318996e-05 1366.2944412231445 375.36266326904297 1920.0 1877.0115280151367 
nomask 3.3199787e-05 46.91413879394531 20.620880126953125 1893.9452362060547 1269.1193389892578 
mask 3.296137e-05 0.0 0.0 860.335693359375 489.1252326965332 
mask 3.233552e-05 0.0 1279.6899032592773 277.8384017944336 1920.0 
nomask 3.2246113e-05 0.0 0.0 246.73078536987305 606.3516998291016 
mask 3.182888e-05 1280.1651763916016 1620.750961303711 1920.0 1920.0 
mask 3.0338764e-05 0.0 721.0139465332031 73.45275163650513 1641.8971252441406 
mask 2.9861927e-05 0.0 0.0 568.967170715332 287.81078338623047 
mask 2.9206276e-05 320.6216239929199 71.33033752441406 1698.6900329589844 889.449577331543 
nomask 2.69413e-05 0.0 1195.1908493041992 743.5321426391602 1920.0 
mask 2.5808811e-05 504.79969024658203 1298.7538146972656 1790.2573013305664 1920.0 
mask 2.5063753e-05 634.9168395996094 0.0 1273.1632232666016 882.4525451660156 
mask 2.4139881e-05 0.0 0.0 246.73078536987305 606.3516998291016 
mask 2.3275614e-05 0.0 166.3952350616455 846.4064025878906 877.9140472412109 
mask 2.2411346e-05 0.0 0.0 407.84351348876953 388.53675842285156 
