mask 0.9956758 835.7682609558105 1200.3318786621094 1156.6392431259155 1769.3003883361816 
nomask 0.012847215 835.7682609558105 1200.3318786621094 1156.6392431259155 1769.3003883361816 
mask 0.003962308 207.2465057373047 25.16224479675293 2079.9785470962524 1079.7049655914307 
mask 0.0030393898 620.9624383449554 107.79326820373535 1881.2493124008179 1687.3286991119385 
mask 0.00082442164 231.8660044670105 1275.3587493896484 1603.811113357544 4032.0 
mask 0.0006928146 0.0 0.0 1246.0472474098206 3032.8016967773438 
mask 0.0005354285 195.10469913482666 78.50150299072266 1719.6780109405518 2359.1431274414062 
mask 0.0005276203 1376.1151542663574 3732.3587493896484 2632.2001247406006 3963.318214416504 
mask 0.0004711151 2058.1873540878296 3390.172840118408 3024.0 4032.0 
mask 0.0003437698 2613.966055870056 7.099040150642395 2984.0039377212524 243.97512674331665 
mask 0.0003387928 24.227917671203613 2074.982711791992 3024.0 4032.0 
mask 0.0003272295 270.652446269989 72.70153713226318 2693.087059020996 1561.5967826843262 
nomask 0.00031608343 22.811196327209473 2353.630771636963 448.4142050743103 4032.0 
mask 0.00029248 1263.847017288208 3488.0792198181152 2501.2121601104736 4023.2124824523926 
nomask 0.0002784431 24.227917671203613 2074.982711791992 3024.0 4032.0 
mask 0.00027656555 993.7182712554932 1328.122667312622 3024.0 4032.0 
nomask 0.000271976 993.7182712554932 1328.122667312622 3024.0 4032.0 
nomask 0.00026521087 2959.0380992889404 3167.1366806030273 2989.6594676971436 3840.386215209961 
nomask 0.00026464462 2940.2256259918213 3393.3439407348633 3010.0844078063965 3962.4328536987305 
mask 0.0002477765 2069.1460361480713 0.0 2998.2358589172363 553.3004608154297 
mask 0.00022801757 1482.136739730835 3286.2186584472656 2963.175790786743 4032.0 
mask 0.00021895766 976.9874410629272 0.0 1994.4565229415894 1721.7183780670166 
mask 0.00021791458 703.1826095581055 1441.1185111999512 1020.1011915206909 1947.623908996582 
mask 0.00021490455 626.1488370895386 1446.5496368408203 1366.5047006607056 3188.368034362793 
mask 0.00021484494 2837.373278617859 10.97291386127472 3024.0 233.6576042175293 
nomask 0.00016924739 2424.845111846924 3443.9356727600098 3024.0 4032.0 
mask 0.00016713142 2949.723967552185 988.9845714569092 3011.9302911758423 1280.6698322296143 
mask 0.00016647577 722.8425922393799 0.0 1947.0626878738403 874.5175123214722 
mask 0.00016516447 2293.255311012268 598.7390041351318 3024.0 3882.298095703125 
nomask 0.00016129017 2750.4365158081055 2679.5956420898438 3024.0 4032.0 
mask 0.00015896559 1926.8816184997559 3655.9807662963867 3024.0 4032.0 
nomask 0.00015762448 257.0539040565491 3318.1202430725098 2321.404266357422 4032.0 
mask 0.00015178323 2750.4365158081055 2679.5956420898438 3024.0 4032.0 
mask 0.00014930964 1988.4516792297363 0.0 3024.0 1451.5662002563477 
mask 0.00014480948 1780.5013189315796 3952.818374633789 2403.6197061538696 4032.0 
nomask 0.00014165044 2562.764196395874 0.0 3024.0 3818.612205505371 
mask 0.00014144182 905.1110029220581 0.0 3017.611596107483 1025.4531898498535 
nomask 0.00013577938 2184.8406200408936 627.6622295379639 3024.0 3943.2077407836914 
mask 0.00013378263 1716.385305404663 0.0 3024.0 1022.0480117797852 
mask 0.00012943149 301.9132318496704 250.1949119567871 2038.7036504745483 3872.505054473877 
nomask 0.00012764335 2762.451971054077 836.3189678192139 2914.4409370422363 1067.0816059112549 
mask 0.00012686849 1962.8558864593506 417.10343170166016 3024.0 2596.630325317383 
nomask 0.00012362003 428.26377725601196 2307.1663970947266 934.594398021698 3720.2953491210938 
mask 0.00012257695 11.387168169021606 192.3585548400879 829.1871757507324 1894.259536743164 
mask 0.00011816621 33.85405254364014 0.0 2029.9401655197144 574.4945640563965 
mask 0.000118047 1344.6397876739502 3978.653652191162 2166.2073097229004 4015.002468109131 
nomask 0.00011762977 2984.7631273269653 2934.5345878601074 3005.4613180160522 3615.613941192627 
nomask 0.000117361546 2949.723967552185 988.9845714569092 3011.9302911758423 1280.6698322296143 
nomask 0.00011602044 1962.8558864593506 417.10343170166016 3024.0 2596.630325317383 
nomask 0.00011357665 661.2604551315308 2763.449203491211 2840.585955619812 4032.0 
mask 0.000113487244 0.0 313.57126235961914 723.4391112327576 3867.3745765686035 
nomask 0.000110536814 27.16373920440674 0.0 2178.306037902832 1080.2624015808105 
mask 0.000109016895 257.0539040565491 3318.1202430725098 2321.404266357422 4032.0 
mask 0.00010704994 1226.858784198761 2577.443183898926 2935.197166442871 4032.0 
nomask 0.0001064837 2214.1645889282227 3371.574016571045 3024.0 4032.0 
nomask 0.0001026392 2946.5624799728394 832.9370412826538 3006.06405544281 1173.5534420013428 
mask 0.00010231137 2527.233690261841 63.85796356201172 3024.0 3604.208553314209 
nomask 0.00010037422 0.0 3571.1836853027344 3024.0 4032.0 
nomask 9.4264746e-05 1497.978964805603 1578.3763389587402 1678.5071153640747 1869.9991149902344 
mask 9.2983246e-05 944.7700080871582 1148.2758407592773 1218.8125820159912 1628.7051544189453 
mask 9.295344e-05 26.92689800262451 37.40757179260254 2985.818278312683 2591.0725479125977 
mask 9.289384e-05 22.811196327209473 2353.630771636963 448.4142050743103 4032.0 
mask 9.2089176e-05 2311.062921524048 3117.384407043457 3024.0 4032.0 
mask 8.800626e-05 2479.0384883880615 1045.6481380462646 2599.7593688964844 1246.2419414520264 
mask 8.717179e-05 646.3651442527771 1343.6625022888184 1090.1942009925842 2091.940830230713 
mask 8.717179e-05 0.0 3351.967987060547 421.8398652076721 4006.326461791992 
mask 8.702278e-05 362.80539321899414 0.0 1437.2423543930054 1875.67777633667 
mask 8.633733e-05 576.665923833847 1661.4057025909424 815.8485460281372 2092.0571479797363 
mask 8.5383654e-05 613.8387722969055 1559.8419227600098 818.4263119697571 1958.1333618164062 
nomask 8.508563e-05 1327.3674130439758 1570.6217422485352 1547.0036516189575 1850.79683303833 
nomask 8.431077e-05 327.1834806203842 3076.778938293457 447.8610348701477 3515.232925415039 
mask 8.431077e-05 1239.6345105171204 0.0 2050.2881412506104 968.9782791137695 
mask 8.419156e-05 0.0 3571.1836853027344 3024.0 4032.0 
mask 8.34465e-05 705.2023386955261 1642.8877487182617 1008.4993071556091 2102.084747314453 
nomask 8.112192e-05 849.1212201118469 1006.2075891494751 1116.7836813926697 1388.7954711914062 
mask 8.004904e-05 2586.2610425949097 0.0 3024.0 1230.37646484375 
nomask 7.9631805e-05 2287.8099460601807 0.0 3024.0 3068.213722229004 
nomask 7.894635e-05 0.0 49.12451219558716 82.42848873138428 562.8030681610107 
mask 7.8856945e-05 1973.3284492492676 40.978214263916016 3024.0 3416.8319549560547 
mask 7.82907e-05 2063.9717588424683 43.113104581832886 3024.0 333.99794483184814 
mask 7.760525e-05 2209.2192220687866 0.0 3024.0 660.065975189209 
mask 7.504225e-05 2166.1240367889404 2988.6237831115723 3024.0 3981.811534881592 
mask 7.325411e-05 758.115348815918 1142.5441875457764 994.7979354858398 1572.8604984283447 
mask 7.3224306e-05 5.61962753534317 5.308394193649292 179.0035416483879 169.6746711730957 
mask 7.3224306e-05 1146.7603154182434 1399.2948303222656 1360.5104012489319 1707.2458305358887 
mask 7.113814e-05 0.0 852.7033081054688 333.99106550216675 3715.635429382324 
mask 7.048249e-05 968.5834536552429 61.50385093688965 1969.852975845337 2585.6339721679688 
mask 6.970763e-05 2786.279746055603 998.454794883728 2911.4479780197144 1199.0297927856445 
nomask 6.908178e-05 5.61962753534317 5.308394193649292 179.0035416483879 169.6746711730957 
nomask 6.7949295e-05 2265.251452445984 1764.4282608032227 3024.0 4032.0 
mask 6.780028e-05 0.0 2351.2034797668457 37.093743681907654 2916.786518096924 
mask 6.559491e-05 787.880916595459 1551.2505111694336 1170.7844667434692 2262.7248458862305 
nomask 6.5386295e-05 1803.7573585510254 3209.338394165039 3024.0 4032.0 
nomask 6.347895e-05 1973.3284492492676 40.978214263916016 3024.0 3416.8319549560547 
mask 6.341934e-05 2959.0380992889404 3167.1366806030273 2989.6594676971436 3840.386215209961 
mask 6.198883e-05 0.0 49.12451219558716 82.42848873138428 562.8030681610107 
nomask 6.186962e-05 2179.643091201782 2613.996997833252 3024.0 4032.0 
nomask 6.106496e-05 255.32544994354248 1155.0497875213623 1477.9056816101074 4032.0 
mask 6.1005354e-05 419.9006152153015 1712.032522201538 645.6728253364563 2113.081100463867 
mask 6.082654e-05 43.91428363323212 0.0 545.3285794258118 93.35197806358337 
