mask 0.9973005 0.36546016 0.33634484 0.5969594 0.71744585 
nomask 0.0013458133 0.0 0.5987837 0.008073242 0.65957826 
nomask 0.0010243952 0.036654994 0.64498335 0.09215279 0.70761484 
mask 0.0007099211 0.3742931 0.021029633 0.5304867 0.04475284 
mask 0.00056651235 0.34456527 0.37549323 0.64851105 0.87286717 
nomask 0.0005593598 0.3632793 0.34458664 0.5890243 0.7184751 
nomask 0.0005482137 0.00031030597 0.56384027 0.009115979 0.6308768 
mask 0.00042942166 0.0 0.17320067 0.45580995 0.9505426 
mask 0.00038459897 0.3605376 0.23859957 0.8251825 0.8910103 
mask 0.00033181906 0.2671125 0.013430878 0.42487985 0.04287464 
nomask 0.00028055906 0.0027903751 0.63796276 0.014718195 0.71503276 
mask 0.00024449825 0.39636138 0.47985196 0.60728896 0.70070565 
nomask 0.00023725629 0.54684395 0.30725527 0.5975676 0.372912 
mask 0.00022304058 0.007396046 0.697543 0.07575904 1.0 
nomask 0.00021594763 0.0 0.6415385 0.5846671 1.0 
mask 0.00020501018 0.020939738 0.63884807 0.5695555 1.0 
mask 0.00019985437 0.37481445 0.34506562 0.6235256 0.5450099 
nomask 0.00019481778 0.6682426 0.6323044 1.0 1.0 
mask 0.00019210577 0.25865915 0.6009098 0.70491064 1.0 
mask 0.00018498302 0.036654994 0.64498335 0.09215279 0.70761484 
mask 0.00018152595 0.44406533 0.027059436 0.952427 0.69011545 
mask 0.00017780066 0.32021922 0.018262642 0.4652844 0.0438065 
mask 0.00016489625 0.004237011 0.65752584 0.13806847 1.0 
mask 0.00016051531 0.6208893 0.16776696 1.0 0.97739756 
nomask 0.00015828013 0.9785704 0.22754441 0.9965368 0.3352521 
nomask 0.00015804172 0.47237366 0.33298886 0.57869846 0.4406321 
mask 0.00015515089 0.4576788 0.33345 0.970783 0.96838224 
nomask 0.00015386939 0.106348604 0.67867327 0.6600934 1.0 
mask 0.00015366077 0.0 0.034110453 0.020391405 0.12590203 
mask 0.00015127659 0.13499522 0.45958197 1.0 1.0 
nomask 0.00014963746 0.9822859 0.17090735 1.0 0.27250013 
nomask 0.0001372695 0.9795265 0.13690616 0.9997802 0.2477708 
mask 0.0001348659 0.31266138 0.31266773 1.0 1.0 
nomask 0.00013486475 0.31266138 0.31266773 1.0 1.0 
mask 0.00013364016 0.5133723 0.009826601 1.0 1.0 
mask 0.00013247132 0.6682426 0.6323044 1.0 1.0 
nomask 0.00013232231 0.8059221 0.8545743 1.0 1.0 
mask 0.00013104081 0.0 0.6415385 0.5846671 1.0 
nomask 0.00012806058 0.90913177 0.6635254 1.0 1.0 
mask 0.00012686849 0.46880528 0.35532874 0.5747934 0.50421816 
mask 0.00012335181 0.63768256 0.9066819 1.0 1.0 
mask 0.00012302399 0.90913177 0.6635254 1.0 1.0 
mask 0.00012278557 0.11155391 0.12120825 0.68862116 0.92198426 
nomask 0.00012272596 0.03725183 0.6162691 0.08626844 0.66469014 
mask 0.00012218952 0.0070953444 0.0 0.16135353 0.030672476 
nomask 0.00012210011 0.009270966 0.5153978 1.0 1.0 
mask 0.00012075901 0.0 0.0 0.5010756 0.5655076 
mask 0.00011894107 0.106348604 0.67867327 0.6600934 1.0 
nomask 0.00011309981 0.3742931 0.021029633 0.5304867 0.04475284 
mask 0.00011205673 0.8391238 0.6955003 0.9758379 0.9932261 
nomask 0.000111311674 0.49750063 0.30227238 0.56643766 0.37152338 
mask 0.000110685825 0.019510686 0.0054350495 0.9836468 0.6578464 
nomask 0.00010795986 0.5133723 0.009826601 1.0 1.0 
mask 0.00010570884 0.085185364 0.42481688 0.51372445 0.98140943 
mask 9.88245e-05 0.66166884 0.09775001 1.0 0.6459991 
mask 9.8377466e-05 0.2236624 0.010339786 0.39428946 0.036875103 
nomask 9.739399e-05 0.0 0.01151073 0.7290343 0.41295075 
nomask 9.7334385e-05 0.25177982 0.68319297 0.911515 1.0 
nomask 9.196997e-05 0.87618446 0.0 1.0 1.0 
mask 9.1820955e-05 0.0 0.8410364 0.14065205 0.99964947 
mask 8.919835e-05 0.84044087 0.0012508929 1.0 0.9023863 
mask 8.687377e-05 0.0 0.5987837 0.008073242 0.65957826 
nomask 8.544326e-05 0.53034323 0.3322538 0.6014125 0.4317053 
nomask 8.493662e-05 0.37481445 0.34506562 0.6235256 0.5450099 
nomask 8.33869e-05 0.66166884 0.09775001 1.0 0.6459991 
mask 8.183718e-05 0.32618505 0.63381004 0.8556146 0.8723631 
nomask 8.112192e-05 0.6208893 0.16776696 1.0 0.97739756 
mask 8.037686e-05 0.4738614 0.39669374 0.56809515 0.5593577 
nomask 7.7039e-05 0.0 0.8846871 1.0 1.0 
mask 7.3850155e-05 0.33787066 0.33048952 0.7555124 0.59365267 
mask 7.3581934e-05 0.39035872 0.7475911 0.97265923 1.0 
mask 7.274747e-05 0.18212475 0.8175864 0.66675276 1.0 
nomask 7.224083e-05 0.32021922 0.018262642 0.4652844 0.0438065 
mask 7.113814e-05 0.00031030597 0.56384027 0.009115979 0.6308768 
mask 7.009506e-05 0.0015635323 0.95600444 0.050863832 1.0 
mask 6.9230795e-05 0.9785704 0.22754441 0.9965368 0.3352521 
mask 6.878376e-05 0.048071235 0.79641956 0.47049335 1.0 
mask 6.848574e-05 0.0 0.0 0.040121473 0.047476627 
mask 6.702542e-05 0.50828135 0.82393414 0.8529991 0.9809938 
mask 6.374717e-05 0.0 0.8846871 1.0 1.0 
mask 6.2823296e-05 0.9822859 0.17090735 1.0 0.27250013 
mask 6.1273575e-05 0.25177982 0.68319297 0.911515 1.0 
mask 5.7816505e-05 0.9795265 0.13690616 0.9997802 0.2477708 
mask 5.760789e-05 0.41976 0.37019855 0.54519093 0.49264795 
nomask 5.7578087e-05 0.4353239 0.2914346 0.5106581 0.36829567 
nomask 5.7309866e-05 0.9454102 0.9632258 1.0 1.0 
mask 5.4180622e-05 0.9847717 0.26632214 0.9954504 0.40032738 
mask 5.3793192e-05 0.0129939765 0.96710414 0.15784346 0.9909627 
mask 5.3465366e-05 0.40490156 0.4030671 0.8932546 0.67964697 
mask 5.1170588e-05 0.74430007 0.65469927 0.804964 0.72640747 
mask 5.0842762e-05 0.0067547625 0.87219805 0.036403954 1.0 
mask 4.991889e-05 0.58712065 0.543066 1.0 1.0 
nomask 4.965067e-05 0.2671125 0.013430878 0.42487985 0.04287464 
nomask 4.8607588e-05 0.0 0.67786133 0.003789086 0.7931106 
mask 4.801154e-05 0.9454102 0.9632258 1.0 1.0 
mask 4.7266483e-05 0.0 0.22346413 0.25523597 1.0 
mask 4.553795e-05 0.6368217 0.6354942 0.9862984 0.9982124 
nomask 4.4703484e-05 0.10856858 0.0 0.92028904 0.28414938 
nomask 4.36306e-05 0.32619226 0.0 0.6604358 0.44968194 
mask 4.300475e-05 0.10856858 0.0 0.92028904 0.28414938 
