nomask 0.9983058 48.189816 37.221775 195.22467 122.734505 
mask 0.016847849 47.459843 36.79279 194.66351 123.47449 
nomask 0.0015058517 2.1559546 80.8535 56.806908 151.15126 
nomask 0.0010738671 42.5532 28.030815 127.15218 86.359795 
nomask 0.0010631979 91.4509 120.72123 166.5182 150.45155 
nomask 0.0010197759 140.08105 41.41791 225.0 111.15826 
mask 0.0009281635 97.182724 128.82614 170.02548 152.58199 
nomask 0.00085520744 29.097126 24.96926 112.15477 132.45557 
nomask 0.00083488226 176.829 0.0 225.0 103.30628 
mask 0.0007916987 1.7659396 79.223946 225.0 154.0 
nomask 0.0007391274 0.0 0.0 104.520325 94.18124 
mask 0.0007035136 183.65111 0.0 225.0 134.25113 
nomask 0.0006302893 0.0 91.97556 119.307945 154.0 
nomask 0.0006273985 1.7659396 79.223946 225.0 154.0 
nomask 0.0006252825 0.0 50.645016 166.50014 133.38348 
nomask 0.0006174743 112.591125 6.9845862 196.98091 110.67454 
mask 0.00058579445 73.90351 50.716568 225.0 154.0 
nomask 0.00058084726 73.90351 50.716568 225.0 154.0 
nomask 0.0005791187 0.0 28.25989 57.532738 131.44627 
mask 0.0005457401 0.0 132.13338 101.42591 152.91307 
nomask 0.0005365312 68.963524 100.39123 203.18944 154.0 
nomask 0.00051924586 0.0 112.306335 173.56071 154.0 
mask 0.0005173683 0.0 112.306335 173.56071 154.0 
nomask 0.0004913509 59.687397 35.38368 189.38623 76.20077 
nomask 0.00048834085 177.33424 90.15845 225.0 154.0 
nomask 0.00048175454 0.0 122.67007 158.714 154.0 
mask 0.0004684925 162.7293 130.98453 225.0 154.0 
nomask 0.00046226382 135.74075 0.2959645 225.0 68.52186 
nomask 0.0004607439 197.47592 118.99327 225.0 154.0 
nomask 0.00044557452 0.0 32.611523 32.062153 112.129005 
mask 0.00043222308 127.56059 122.951324 225.0 154.0 
mask 0.00042909384 0.0 25.891907 23.776436 126.97297 
nomask 0.00042819977 127.56059 122.951324 225.0 154.0 
nomask 0.00041884184 0.0 0.8017521 160.99167 64.39429 
mask 0.000415951 177.33424 90.15845 225.0 154.0 
mask 0.00040856004 197.47592 118.99327 225.0 154.0 
nomask 0.00039690733 152.36058 13.215627 225.0 99.313324 
nomask 0.0003862679 0.0 108.71894 101.3667 154.0 
nomask 0.0003798008 145.25238 139.61676 225.0 154.0 
mask 0.00037765503 145.25238 139.61676 225.0 154.0 
mask 0.00037154555 0.0 134.7483 225.0 154.0 
nomask 0.00036874413 5.353535 5.010535 221.85446 103.19683 
nomask 0.00035363436 0.0 61.850018 80.9461 153.40245 
nomask 0.00035196543 21.365908 110.766846 149.44904 154.0 
mask 0.00034803152 186.7881 0.0 225.0 47.191254 
nomask 0.0003478229 24.575928 85.72234 104.7328 154.0 
nomask 0.00034728646 35.663586 30.331573 83.08926 115.709595 
mask 0.0003451705 0.0 83.93835 104.43424 154.0 
nomask 0.00034490228 144.6789 60.464275 225.0 152.87988 
nomask 0.00034320354 0.0 134.7483 225.0 154.0 
nomask 0.00033462048 44.09287 75.0773 168.78133 143.35162 
nomask 0.00033262372 169.94164 53.67425 225.0 154.0 
mask 0.00032919645 118.904495 112.98573 225.0 154.0 
mask 0.00032103062 176.829 0.0 225.0 103.30628 
nomask 0.00031641126 186.7881 0.0 225.0 47.191254 
mask 0.00031402707 3.5604362 68.48136 52.882942 144.74115 
nomask 0.00031143427 0.0 53.59454 43.029686 119.00275 
nomask 0.00030764937 212.83794 146.03487 225.0 154.0 
nomask 0.0003026724 118.904495 112.98573 225.0 154.0 
mask 0.00030052662 0.0 108.71894 101.3667 154.0 
nomask 0.00029957294 0.0 51.790325 100.483025 102.15331 
nomask 0.00029924512 32.845486 94.53985 193.41496 134.18645 
nomask 0.00029310584 0.0 54.230053 29.583069 149.30539 
nomask 0.0002898872 199.10016 0.0 225.0 154.0 
mask 0.00028976303 115.42005 1.7331822 225.0 154.0 
nomask 0.00028410554 9.098584 44.809647 48.03239 138.8238 
mask 0.00028279424 0.0 122.67007 158.714 154.0 
mask 0.00027483702 147.52896 101.690796 225.0 154.0 
mask 0.00027409196 21.365908 110.766846 149.44904 154.0 
nomask 0.00027245283 50.927605 75.21462 105.95907 154.0 
nomask 0.0002706647 193.02974 147.53526 224.55882 154.0 
nomask 0.00026997924 100.57249 132.70746 225.0 154.0 
nomask 0.00026968122 189.82906 120.63649 225.0 154.0 
nomask 0.00026875734 130.04549 119.948616 215.03683 154.0 
nomask 0.00026863813 147.52896 101.690796 225.0 154.0 
nomask 0.00026766115 115.42005 1.7331822 225.0 154.0 
nomask 0.0002618134 119.459045 87.73684 225.0 138.1683 
mask 0.00025820732 0.65409344 1.2072464 3.7781608 27.0168 
mask 0.00025627017 154.04958 0.76272595 225.0 9.988082 
mask 0.00025364757 60.875046 104.29164 202.25197 154.0 
nomask 0.00024941564 215.69006 130.53323 224.40898 154.0 
nomask 0.00024861097 0.0 85.76115 103.06481 139.62213 
mask 0.00024703145 0.0 54.230053 29.583069 149.30539 
mask 0.00024470687 42.5532 28.030815 127.15218 86.359795 
nomask 0.00024312735 72.56441 85.398346 152.36592 154.0 
nomask 0.0002425611 0.0 88.42491 68.250916 154.0 
nomask 0.00024223328 23.178802 76.015 76.86896 154.0 
nomask 0.00024095178 126.80143 59.71836 225.0 129.00983 
mask 0.00023964047 156.80779 0.0 224.07512 25.095196 
mask 0.00023889542 27.895885 2.40832 105.25293 105.05815 
nomask 0.00023725629 214.8769 35.924458 224.93973 95.91618 
nomask 0.0002347529 143.92079 11.172909 225.0 78.15164 
mask 0.00023368001 0.63016385 0.0 7.600238 8.712615 
nomask 0.00022599101 162.7293 130.98453 225.0 154.0 
nomask 0.00022268295 0.63016385 0.0 7.600238 8.712615 
nomask 0.00022006035 218.34541 123.32765 224.26395 153.93852 
nomask 0.00021100044 110.56283 44.687138 194.83987 148.19461 
nomask 0.00021013618 68.716866 47.1379 195.99002 96.22777 
nomask 0.00020855665 65.08737 86.212685 141.95798 141.12518 
mask 0.0002066493 135.74075 0.2959645 225.0 68.52186 
