nomask 0.9999783 59.62750434875488 98.72964572906494 257.2705841064453 377.3878962993622 
mask 0.0401392 59.78715896606445 99.25588738918304 256.61834716796875 377.6699866056442 
mask 0.00024786592 237.33612060546875 0.0 320.0 31.650806583464146 
nomask 0.0002452135 312.91263580322266 37.38675357401371 320.0 79.65913446247578 
mask 0.00024425983 276.17462158203125 0.0 318.1627655029297 19.169780019670725 
nomask 0.00022491813 75.06772041320801 0.0 287.6688003540039 307.34120839834213 
mask 0.00021225214 0.0 0.0 151.2942600250244 268.4827138185501 
mask 0.00021088123 0.0 0.8972997777163982 119.13629531860352 29.775515779852867 
nomask 0.00019794703 0.0 249.69204103946686 169.23967361450195 433.0 
nomask 0.00019779801 228.5464859008789 250.91930162906647 320.0 433.0 
mask 0.00019001961 43.19952964782715 198.93561998009682 320.0 433.0 
mask 0.00018551946 264.48158264160156 0.0 311.91638946533203 12.643497869372368 
mask 0.00018283725 282.76256561279297 0.0 320.0 433.0 
nomask 0.0001809597 253.62571716308594 0.0 320.0 299.66664868593216 
mask 0.00018060207 0.0 0.0 94.53191757202148 65.2229694724083 
nomask 0.00016772747 105.21134376525879 142.72366788983345 320.0 433.0 
mask 0.00016352534 100.05056381225586 135.38383555412292 320.0 433.0 
nomask 0.00015932322 192.93241500854492 1.7575348764657974 320.0 193.8934428691864 
mask 0.00015616417 228.5464859008789 250.91930162906647 320.0 433.0 
nomask 0.00014701486 33.45283031463623 267.422823369503 155.8869171142578 433.0 
nomask 0.00014090538 3.0080032348632812 223.06354200839996 320.0 433.0 
nomask 0.00014060736 53.386993408203125 304.13023096323013 263.542423248291 433.0 
nomask 0.00013974309 312.50728607177734 56.03472298383713 319.44862365722656 102.99850052595139 
nomask 0.00013902783 71.57302856445312 0.0 257.8877258300781 143.60385158658028 
nomask 0.00013688207 0.0 0.0 151.2942600250244 268.4827138185501 
nomask 0.00013515353 185.06507873535156 344.5446871519089 320.0 433.0 
nomask 0.0001322031 231.57466888427734 16.18489906191826 320.0 265.9368294477463 
mask 0.00013202429 183.80401611328125 318.2427470088005 320.0 433.0 
mask 0.0001308322 185.06507873535156 344.5446871519089 320.0 433.0 
nomask 0.00012552738 39.25478935241699 261.32900172472 140.42485237121582 347.2777628302574 
nomask 0.00012287498 289.41110610961914 279.04339545965195 320.0 433.0 
nomask 0.000121593475 282.76256561279297 0.0 320.0 433.0 
mask 0.00012123585 147.23753929138184 59.20874220132828 320.0 433.0 
nomask 0.00011506677 183.80401611328125 318.2427470088005 320.0 433.0 
mask 0.00011461973 289.41110610961914 279.04339545965195 320.0 433.0 
mask 0.00011330843 205.39958953857422 393.2826398015022 320.0 433.0 
nomask 0.00011327863 253.43170166015625 262.7045855522156 320.0 433.0 
nomask 0.00011256337 205.39958953857422 393.2826398015022 320.0 433.0 
nomask 0.00011140108 0.0 319.87884497642517 135.21411895751953 433.0 
nomask 0.00011104345 218.1614875793457 36.934008955955505 320.0 279.0827022790909 
nomask 0.00010946393 88.88247489929199 264.17491352558136 228.9029312133789 433.0 
nomask 0.00010687113 0.0 288.37880378961563 104.62972640991211 433.0 
mask 9.7453594e-05 218.1614875793457 36.934008955955505 320.0 279.0827022790909 
mask 9.5397234e-05 0.0 319.87884497642517 135.21411895751953 433.0 
mask 9.432435e-05 253.43170166015625 262.7045855522156 320.0 433.0 
nomask 9.357929e-05 0.0 0.0 76.44392013549805 294.43850618600845 
nomask 9.301305e-05 0.0 2.6096966564655304 231.11539840698242 185.0083208680153 
nomask 9.223819e-05 312.19554901123047 15.973061952739954 320.0 64.30109164118767 
nomask 8.958578e-05 210.8285140991211 139.05703589320183 320.0 396.18342113494873 
nomask 8.833408e-05 67.16265678405762 332.10200119018555 298.7366485595703 433.0 
nomask 8.636713e-05 3.783993721008301 62.97302183508873 132.41521835327148 378.40827345848083 
mask 8.547306e-05 304.70287322998047 3.023540137335658 320.0 25.14275674521923 
mask 8.302927e-05 1.3265490531921387 0.4245009068399668 58.56712341308594 17.152384288609028 
mask 8.288026e-05 0.0 2.6096966564655304 231.11539840698242 185.0083208680153 
nomask 8.019805e-05 0.0 143.85697150230408 142.29397773742676 286.4034231901169 
nomask 7.921457e-05 15.251989364624023 0.0 195.64292907714844 152.82562372088432 
nomask 7.855892e-05 105.43755531311035 0.0 214.3069839477539 192.84418565034866 
mask 7.7962875e-05 192.93241500854492 1.7575348764657974 320.0 193.8934428691864 
nomask 7.7188015e-05 36.94294452667236 0.0 148.9530372619629 195.44976580142975 
nomask 7.4356794e-05 48.82418155670166 159.4501906633377 160.43529510498047 433.0 
nomask 7.3611736e-05 187.3493194580078 140.8318949341774 320.0 286.60568684339523 
mask 7.31051e-05 0.0 376.11139249801636 320.0 433.0 
nomask 6.970763e-05 211.62813186645508 85.5156247317791 320.0 352.80175173282623 
mask 6.848574e-05 253.62571716308594 0.0 320.0 299.66664868593216 
nomask 6.7293644e-05 246.11028671264648 156.98546209931374 320.0 433.0 
nomask 6.407499e-05 198.51980209350586 0.0 320.0 167.39748498797417 
nomask 6.392598e-05 171.17225646972656 0.0 284.09488677978516 198.18077677488327 
nomask 6.347895e-05 249.61090087890625 50.13773223757744 320.0 415.06117284297943 
nomask 6.28531e-05 0.0 343.1894922852516 223.7506103515625 433.0 
nomask 6.2555075e-05 0.0 80.42570132017136 84.18960571289062 348.08676582574844 
mask 6.0796738e-05 41.43434524536133 248.0129972100258 148.4026336669922 433.0 
nomask 5.877018e-05 31.714248657226562 319.1709867119789 214.1614532470703 433.0 
nomask 5.8621168e-05 0.0 0.0 142.94849395751953 111.42021241784096 
nomask 5.8591366e-05 164.33876037597656 4.8276413679122925 320.0 433.0 
nomask 5.8412552e-05 0.0 0.0 87.26001739501953 174.53781521320343 
mask 5.826354e-05 312.19554901123047 15.973061952739954 320.0 64.30109164118767 
nomask 5.596876e-05 251.54705047607422 282.2743231058121 320.0 428.55071580410004 
nomask 5.5462122e-05 0.0 214.7502400279045 113.08297157287598 409.45180839300156 
mask 5.4955482e-05 231.63202285766602 0.8403046475723386 280.22512435913086 9.74491673707962 
nomask 5.429983e-05 184.29279327392578 241.90531623363495 320.0 385.50321888923645 
mask 5.2034855e-05 41.15327835083008 309.83405566215515 269.02544021606445 433.0 
nomask 4.9710274e-05 0.0 41.69158585369587 140.34296035766602 197.63239115476608 
mask 4.968047e-05 39.25478935241699 261.32900172472 140.42485237121582 347.2777628302574 
mask 4.87864e-05 0.0 288.37880378961563 104.62972640991211 433.0 
mask 4.8041344e-05 2.080981135368347 0.0 13.943054676055908 22.51134681329131 
mask 4.6640635e-05 0.0 143.85697150230408 142.29397773742676 286.4034231901169 
mask 4.6133995e-05 0.0 249.69204103946686 169.23967361450195 433.0 
nomask 4.5120716e-05 6.562254428863525 48.558529794216156 71.1943244934082 184.9678526520729 
mask 4.4196844e-05 31.714248657226562 319.1709867119789 214.1614532470703 433.0 
nomask 4.300475e-05 0.0 144.32534980773926 80.02914428710938 433.0 
mask 4.2676926e-05 251.54705047607422 282.2743231058121 320.0 428.55071580410004 
nomask 4.2408705e-05 127.00254440307617 120.66366395354271 227.76372909545898 199.40748247504234 
mask 4.172325e-05 248.93802642822266 0.0 301.86668395996094 10.034758558496833 
nomask 4.1365623e-05 152.179536819458 108.29568159580231 239.12464141845703 183.13604646921158 
mask 4.1127205e-05 36.94294452667236 0.0 148.9530372619629 195.44976580142975 
mask 3.8951635e-05 43.35649490356445 0.0 286.6958808898926 116.87187212705612 
nomask 3.8564205e-05 165.27118682861328 146.171441167593 272.1221160888672 433.0 
nomask 3.606081e-05 269.58112716674805 203.61128616333008 289.3861961364746 257.3556578159332 
mask 3.5077333e-05 312.91263580322266 37.38675357401371 320.0 79.65913446247578 
nomask 3.4421682e-05 223.27606201171875 325.42355835437775 320.0 433.0 
