nomask 0.99999183 109.35435 52.284683 358.81036 282.94058 
mask 0.012002796 107.8591 53.20135 360.0708 285.121 
mask 0.0004898608 284.72028 281.93552 419.27316 327.0 
nomask 0.00037157536 261.66458 281.3399 400.53854 327.0 
nomask 0.00035825372 267.47552 301.68448 412.98236 323.01984 
mask 0.00029098988 267.47552 301.68448 412.98236 323.01984 
nomask 0.00026884675 309.63382 199.72142 433.0 327.0 
mask 0.0002514124 309.63382 199.72142 433.0 327.0 
nomask 0.00024467707 259.63483 133.90466 351.6737 246.79874 
mask 0.00020250678 246.31918 237.9089 433.0 327.0 
nomask 0.00019523501 265.9923 231.38474 433.0 327.0 
nomask 0.000164181 282.66934 0.0 433.0 162.70114 
nomask 0.00015667081 77.32646 0.0 369.6532 90.20331 
mask 0.00015443563 54.76053 149.28763 433.0 327.0 
mask 0.00014823675 416.47882 2.5001562 433.0 12.902922 
nomask 0.00014805794 123.176704 195.08124 308.27414 327.0 
nomask 0.0001475513 416.47882 2.5001562 433.0 12.902922 
nomask 0.0001360476 277.24985 316.44095 367.82825 325.72363 
nomask 0.0001309216 313.74905 62.026794 433.0 259.99902 
mask 0.00012996793 296.6356 316.5536 388.37772 325.63968 
nomask 0.00012671947 141.62698 107.329735 433.0 327.0 
mask 0.00012013316 366.76627 4.1302395 433.0 293.90997 
mask 0.0001180172 198.14392 43.946182 433.0 327.0 
mask 0.00011696395 135.38155 102.24188 433.0 327.0 
nomask 0.00011578202 126.00855 0.0 312.9955 131.4415 
nomask 0.00011271238 409.25305 311.30832 433.0 327.0 
nomask 0.00010916591 254.40405 260.54297 433.0 327.0 
nomask 0.000107735395 54.97675 186.03424 206.14995 327.0 
mask 0.00010764599 321.11365 273.7811 433.0 326.19296 
nomask 0.000103741884 1.4004377 167.48727 433.0 327.0 
nomask 0.00010359287 302.12317 253.78162 433.0 327.0 
nomask 0.00010192394 380.23834 254.80342 433.0 327.0 
nomask 0.00010085106 299.29413 26.584162 433.0 211.11703 
nomask 0.00010073185 0.0 3.7596962 309.6614 142.76692 
mask 9.9658966e-05 254.40405 260.54297 433.0 327.0 
nomask 9.921193e-05 278.93533 296.574 433.0 327.0 
nomask 9.870529e-05 44.696808 232.33772 282.297 327.0 
nomask 9.697676e-05 0.0 251.3057 270.54886 327.0 
mask 9.649992e-05 278.93533 296.574 433.0 327.0 
nomask 9.196997e-05 0.0 2.8705637 114.48644 208.2712 
nomask 9.185076e-05 310.0097 0.0 433.0 135.55905 
mask 9.012222e-05 392.0176 213.6339 433.0 327.0 
mask 8.773804e-05 409.25305 311.30832 433.0 327.0 
nomask 8.5532665e-05 0.0 238.59541 296.5118 327.0 
mask 8.4102154e-05 299.29413 26.584162 433.0 211.11703 
nomask 7.9125166e-05 245.53734 127.51342 433.0 284.0912 
nomask 7.864833e-05 257.81332 106.17249 433.0 216.07596 
nomask 7.6293945e-05 367.54166 141.6587 389.72263 174.70601 
mask 7.5131655e-05 44.696808 232.33772 282.297 327.0 
mask 7.5012445e-05 411.2665 284.86133 433.0 323.10114 
nomask 7.480383e-05 121.91791 235.16391 307.46875 289.5122 
nomask 7.4118376e-05 0.0 0.0 180.97623 83.04833 
mask 7.4118376e-05 121.91791 235.16391 307.46875 289.5122 
nomask 7.137656e-05 38.84514 0.0 219.20657 130.47818 
nomask 7.131696e-05 351.53894 208.0543 430.19592 327.0 
nomask 7.0899725e-05 0.0 285.4205 433.0 327.0 
mask 7.033348e-05 0.0 3.7596962 309.6614 142.76692 
mask 6.920099e-05 0.0 285.4205 433.0 327.0 
nomask 6.8336725e-05 321.13437 316.94025 406.8895 326.48047 
nomask 6.762147e-05 413.19986 266.80078 432.72046 311.82748 
mask 6.4879656e-05 239.96808 281.05264 375.58258 326.01538 
mask 6.41644e-05 413.19986 266.80078 432.72046 311.82748 
mask 6.341934e-05 420.1594 254.08281 433.0 299.55667 
nomask 6.312132e-05 9.401156 11.175813 417.41196 211.09103 
nomask 6.252527e-05 78.462685 146.33412 106.22362 190.18204 
mask 6.246567e-05 0.0 112.857635 3.0301085 148.82742 
nomask 6.181002e-05 0.0 239.84348 191.1425 327.0 
nomask 6.1035156e-05 365.28217 10.374047 433.0 158.1466 
nomask 6.0379505e-05 298.5998 17.325348 433.0 185.40756 
nomask 6.017089e-05 72.39474 25.457115 371.88953 152.84164 
nomask 5.9962273e-05 157.57599 285.8451 420.62787 327.0 
nomask 5.9634447e-05 0.0 0.0 117.8152 133.68604 
nomask 5.9604645e-05 343.41626 196.91173 433.0 327.0 
nomask 5.9604645e-05 105.785965 141.17479 194.95184 248.23972 
mask 5.8680773e-05 0.0 238.59541 296.5118 327.0 
nomask 5.814433e-05 259.25467 0.0 433.0 93.33408 
nomask 5.8054924e-05 0.0 175.80095 108.040085 327.0 
mask 5.8054924e-05 266.5122 1.7230526 433.0 146.0488 
nomask 5.7429075e-05 94.7072 251.4406 404.86 327.0 
mask 5.7429075e-05 0.0 251.3057 270.54886 327.0 
nomask 5.5640936e-05 237.48378 0.0 380.1315 152.61978 
nomask 5.4568052e-05 177.7181 0.0 427.52234 121.77009 
mask 5.427003e-05 350.37454 315.83893 422.21326 326.95526 
nomask 5.4240227e-05 44.219322 320.98044 144.3881 325.61926 
mask 5.3673983e-05 343.41626 196.91173 433.0 327.0 
mask 5.2899122e-05 157.57599 285.8451 420.62787 327.0 
nomask 5.2303076e-05 0.0 112.857635 3.0301085 148.82742 
nomask 5.2064657e-05 338.00223 0.0 433.0 224.06659 
mask 5.00679e-05 0.0 0.0 302.34222 83.79231 
nomask 4.902482e-05 411.2665 284.86133 433.0 323.10114 
nomask 4.798174e-05 381.6514 0.0 433.0 327.0 
nomask 4.7653913e-05 365.86807 151.39175 390.6269 194.4267 
nomask 4.6759844e-05 0.0 32.035305 180.86368 149.09604 
nomask 4.670024e-05 0.0 91.15659 156.2652 236.79947 
nomask 4.6521425e-05 175.88763 36.422775 409.06656 186.72475 
nomask 4.5835972e-05 132.16608 224.6505 374.58203 271.19342 
nomask 4.5657158e-05 238.40717 181.72098 369.63522 327.0 
nomask 4.374981e-05 0.0 277.37665 148.98897 327.0 
nomask 4.3660402e-05 372.52423 314.5155 433.0 326.483 
mask 4.3094158e-05 81.55375 228.38776 358.37164 327.0 
