nomask 0.9999174 0.19811463 0.16708246 0.83073187 0.8453251 
mask 0.0036002398 0.18752706 0.16304821 0.8317137 0.84862167 
mask 0.000821352 0.8248214 0.6359972 1.0 0.93624663 
nomask 0.00056126714 0.0 0.14042969 0.004554465 0.2240958 
nomask 0.000330925 0.16324484 0.7172394 0.8304434 1.0 
nomask 0.00031918287 0.71929556 0.583006 1.0 1.0 
nomask 0.0002990663 0.19364774 0.42475796 0.3880592 0.705086 
nomask 0.00029799342 0.0 0.31377655 0.69473505 0.8617045 
mask 0.00027021766 0.71929556 0.583006 1.0 1.0 
nomask 0.0002580881 0.096950054 0.6065464 0.49311024 1.0 
mask 0.00023236871 0.5674096 0.72801805 1.0 1.0 
nomask 0.00021335483 0.09608264 0.14562885 0.14932768 0.21217157 
nomask 0.00021311641 0.8248214 0.6359972 1.0 0.93624663 
mask 0.00021070242 0.0 0.0 0.4749232 0.6185176 
nomask 0.0002091229 0.5674096 0.72801805 1.0 1.0 
nomask 0.00020870566 0.82711667 0.8444838 1.0 0.9845931 
nomask 0.00020846725 0.28730986 0.60214376 0.7106408 1.0 
mask 0.00020065904 0.0 0.02690288 0.016822938 0.14235613 
nomask 0.00019645691 0.0 0.6427342 0.5758258 1.0 
nomask 0.0001859963 0.0 0.089827456 0.009121772 0.18897113 
nomask 0.00018027425 0.6709508 0.40782142 1.0 1.0 
nomask 0.00017914176 0.727976 0.21410325 1.0 0.80218136 
nomask 0.00017368793 0.0 0.24293862 0.15477328 0.6433081 
mask 0.00016835332 0.1359039 0.46018377 1.0 1.0 
nomask 0.00016534328 0.6229732 0.003565237 1.0 0.44587213 
mask 0.00015741587 0.0 0.011914298 0.70097375 0.42933983 
nomask 0.00015184283 0.17621319 0.61975986 0.574878 0.795495 
nomask 0.00015085936 0.0 0.17360747 0.005078838 0.26758394 
nomask 0.00014993548 0.32893583 0.32969522 1.0 1.0 
nomask 0.00014856458 0.091748245 0.1828339 0.15656382 0.26746684 
nomask 0.00014513731 0.5927572 0.3251056 1.0 0.66340303 
mask 0.00014458569 0.31265554 0.31266522 1.0 1.0 
mask 0.000135988 0.89178854 0.0 1.0 1.0 
nomask 0.00012987852 0.009709299 0.5157701 1.0 1.0 
nomask 0.00012856722 0.17544088 0.0 0.8215251 0.2811149 
mask 0.00012469292 0.4603014 0.13716173 1.0 1.0 
nomask 0.00012403727 0.0 0.73529184 0.44287935 1.0 
nomask 0.00012284517 0.5689721 0.7962625 1.0 1.0 
mask 0.00011950731 0.16324484 0.7172394 0.8304434 1.0 
mask 0.00011879206 0.5689721 0.7962625 1.0 1.0 
nomask 0.0001180768 0.030570775 0.0 0.5793978 0.35083205 
nomask 0.0001167357 0.6707208 0.4778922 0.8647623 0.7909517 
nomask 0.00011613965 0.5479264 0.54886484 0.85721135 1.0 
nomask 0.000115305185 0.06338656 0.8878852 0.1786161 0.992149 
nomask 0.00011202693 0.57509565 0.3870828 1.0 0.86073434 
nomask 0.00010821223 0.15020335 0.79765165 1.0 1.0 
mask 0.0001077652 0.7837713 0.8357178 1.0 0.9905714 
nomask 0.00010430813 0.0 0.02690288 0.016822938 0.14235613 
nomask 0.000102579594 0.14326507 0.14766973 0.19835311 0.20910192 
nomask 0.000101685524 0.9440423 0.9541578 1.0 1.0 
mask 0.00010025501 0.0 0.73529184 0.44287935 1.0 
mask 9.9509954e-05 0.8758164 0.7365083 1.0 0.9095585 
nomask 9.933114e-05 0.7918644 0.0 1.0 0.66675425 
mask 9.831786e-05 0.97953176 0.7107419 0.99903166 0.88693655 
nomask 9.778142e-05 0.6474035 0.08114442 1.0 0.50821495 
nomask 9.584427e-05 0.028392103 0.8854498 0.13543436 0.9881831 
mask 9.453297e-05 0.096950054 0.6065464 0.49311024 1.0 
nomask 9.1433525e-05 0.0 0.5543076 0.16418743 0.990466 
nomask 9.125471e-05 0.36526102 0.64855856 0.8612141 1.0 
mask 9.1165304e-05 0.0 0.089827456 0.009121772 0.18897113 
nomask 8.98242e-05 0.0 0.57027555 0.25050437 1.0 
nomask 8.893013e-05 0.0 0.011914298 0.70097375 0.42933983 
nomask 8.612871e-05 0.28680104 0.0 0.71925753 0.40028757 
nomask 8.60095e-05 0.564832 0.56550896 1.0 0.8854277 
nomask 8.4638596e-05 0.14412028 0.35546514 0.47953504 1.0 
nomask 8.457899e-05 0.97953176 0.7107419 0.99903166 0.88693655 
nomask 8.383393e-05 0.79542935 0.6032816 1.0 1.0 
nomask 8.377433e-05 0.14717141 0.5074652 0.840546 0.86137766 
nomask 8.276105e-05 0.0047734976 0.0 0.4221105 0.73937535 
mask 8.273125e-05 0.0061320662 0.545164 0.45766386 1.0 
nomask 7.915497e-05 0.0 0.0025340319 0.2594382 0.5817814 
mask 7.7813864e-05 0.79542935 0.6032816 1.0 1.0 
nomask 7.665157e-05 0.9586482 0.8350931 0.9979453 0.9578033 
nomask 7.483363e-05 0.0 0.42586228 0.34225366 1.0 
nomask 7.480383e-05 0.12976626 0.07233909 0.84202266 0.48690882 
nomask 7.3462725e-05 0.33172145 0.8686432 0.9431306 1.0 
mask 7.0631504e-05 0.0 0.7962258 0.71498716 1.0 
nomask 6.937981e-05 0.117352635 0.0 0.45870796 0.44873732 
nomask 6.824732e-05 0.0 0.46766123 0.19402453 0.8311764 
nomask 6.765127e-05 0.71722806 0.069166094 1.0 0.6430532 
mask 6.699562e-05 0.6229732 0.003565237 1.0 0.44587213 
nomask 6.6667795e-05 0.0 0.13344964 0.23590556 0.8509642 
nomask 6.6161156e-05 0.86723185 0.9554926 0.9932538 0.9973718 
mask 6.613135e-05 0.97685003 0.5435142 0.99077976 0.74558824 
nomask 6.493926e-05 0.0 0.4796341 0.008522972 0.593888 
nomask 6.28531e-05 0.0 0.029527128 0.1721153 0.49160945 
nomask 6.264448e-05 0.05225438 0.9650446 0.24318516 0.9903563 
nomask 6.130338e-05 0.013381936 0.96075815 0.17940903 0.99446267 
nomask 6.0796738e-05 0.97182715 0.7703083 0.99806523 0.9199527 
nomask 6.0498714e-05 0.0 0.3335093 0.4232226 0.6594782 
nomask 5.644456e-05 0.5131597 0.011563003 1.0 1.0 
mask 5.6177378e-05 0.70030403 0.8451454 1.0 1.0 
mask 5.567074e-05 0.71722806 0.069166094 1.0 0.6430532 
mask 5.567074e-05 0.92931235 0.6819525 1.0 0.9830103 
nomask 5.4836273e-05 0.16159403 0.57060313 0.4588487 0.7625537 
nomask 5.4746866e-05 0.74720037 0.6682218 0.98982656 1.0 
nomask 5.3942204e-05 0.027641632 0.8359076 0.11587294 0.950196 
nomask 5.3793192e-05 0.9735112 0.083891 0.9910537 0.18463212 
mask 5.3793192e-05 0.0 0.44763827 0.16374913 0.86632156 
nomask 5.310774e-05 0.8758164 0.7365083 1.0 0.9095585 
