nomask 0.9719374 389.44751596450806 336.12330436706543 558.2086038589478 544.2684173583984 
mask 0.002815783 0.0 797.9603576660156 299.87841534614563 960.0 
mask 0.0026607513 389.44751596450806 336.12330436706543 558.2086038589478 544.2684173583984 
nomask 0.0010150075 941.4497499465942 524.3760681152344 956.0 598.5595321655273 
nomask 0.0009139478 0.0 801.2939071655273 315.550613284111 958.4531021118164 
nomask 0.0008484721 246.3283747434616 359.6264934539795 375.6622782945633 683.5093688964844 
mask 0.0007854998 31.318098664283752 371.43845558166504 684.0511608123779 960.0 
nomask 0.00071567297 943.6201388835907 469.43427085876465 954.0389630794525 567.0670509338379 
nomask 0.0006349087 570.4565515518188 402.42533683776855 624.9572520256042 500.24242401123047 
mask 0.00051763654 923.9695973396301 618.1026649475098 956.0 703.4124183654785 
nomask 0.0004056096 646.7385799884796 615.2285385131836 956.0 960.0 
nomask 0.0003632307 653.7679414749146 182.3488712310791 956.0 917.3284149169922 
nomask 0.00036296248 176.9300047159195 613.7961959838867 904.073634147644 960.0 
nomask 0.00036239624 501.2360224723816 391.5795421600342 569.3582797050476 508.5416793823242 
mask 0.00036114454 488.52082204818726 5.565376281738281 956.0 960.0 
mask 0.00034925342 19.4390527009964 873.559627532959 345.56741309165955 952.1250343322754 
mask 0.0003440082 263.02311539649963 269.87792015075684 807.8094856739044 885.2511978149414 
mask 0.0003168285 543.1489913463593 0.0 865.0786015987396 160.74219703674316 
nomask 0.00031498075 60.92836010456085 203.01358222961426 561.3909368515015 797.3872375488281 
nomask 0.00030836463 1.7616852521896362 492.0233917236328 955.0951251983643 960.0 
mask 0.00030320883 313.01496946811676 315.23717880249023 956.0 960.0 
nomask 0.00029808283 313.01496946811676 315.23717880249023 956.0 960.0 
mask 0.00029343367 646.7385799884796 615.2285385131836 956.0 960.0 
nomask 0.00029161572 488.52082204818726 5.565376281738281 956.0 960.0 
mask 0.00026860833 651.5241026878357 800.7546615600586 956.0 952.910270690918 
nomask 0.0002680421 570.4674921035767 366.1292839050293 630.113214969635 466.7487144470215 
mask 0.00024563074 798.2454490661621 16.046133041381836 950.4737677574158 309.20599937438965 
nomask 0.00023424625 833.4133968353271 0.0 956.0 955.5682182312012 
mask 0.00023320317 0.0 658.8290977478027 213.03684556484222 955.5113410949707 
nomask 0.00023087859 19.4390527009964 873.559627532959 345.56741309165955 952.1250343322754 
nomask 0.00021782517 806.6263675689697 786.002082824707 956.0 960.0 
nomask 0.00021007657 285.86630368232727 378.24405670166016 341.0177390575409 468.8250160217285 
nomask 0.00020992756 0.0 882.4991226196289 193.49192023277283 960.0 
mask 0.00020420551 283.1217352151871 0.0 848.1446218490601 490.2673530578613 
nomask 0.00019934773 248.1080948114395 36.57351493835449 727.2522087097168 581.8791961669922 
mask 0.00019931793 0.0 124.84416961669922 445.78300964832306 910.6278991699219 
mask 0.00019460917 864.5794389247894 646.3430213928223 956.0 960.0 
mask 0.00019437075 653.7679414749146 182.3488712310791 956.0 917.3284149169922 
nomask 0.0001925826 289.2584445476532 414.1889476776123 349.2254321575165 501.9573783874512 
mask 0.0001924038 616.7043151855469 865.671501159668 956.0 960.0 
nomask 0.00019177794 73.83080351352692 776.1149597167969 743.0264329910278 960.0 
nomask 0.00019007921 139.1021922826767 313.77233505249023 545.1178917884827 544.5936584472656 
nomask 0.00018978119 628.4682574272156 0.0 956.0 626.3845252990723 
mask 0.00018137693 0.0 882.4991226196289 193.49192023277283 960.0 
nomask 0.00017854571 0.0 685.8523178100586 618.0523393154144 960.0 
mask 0.00017809868 19.446716785430908 926.9027709960938 194.03815007209778 953.0147552490234 
nomask 0.00016513467 0.0 843.9309883117676 956.0 960.0 
nomask 0.00015801191 0.0 452.4005699157715 7.730117715895176 568.6140632629395 
mask 0.00015696883 678.6738226413727 882.4938583374023 956.0 957.3379898071289 
mask 0.00015440583 151.55282509326935 677.7151107788086 928.7411594390869 960.0 
nomask 0.00015291572 0.0 10.470185279846191 755.8670508861542 388.2794380187988 
mask 0.00014838576 0.0 751.8500518798828 725.6995620727539 960.0 
nomask 0.0001450181 378.4460219144821 491.54640197753906 452.991636633873 608.0029678344727 
mask 0.00014322996 943.6201388835907 469.43427085876465 954.0389630794525 567.0670509338379 
mask 0.00014275312 0.0 843.9309883117676 956.0 960.0 
nomask 0.00014212728 934.8835954666138 268.54528427124023 956.0 374.5480728149414 
nomask 0.00014004111 781.4050908088684 40.31209945678711 956.0 760.642032623291 
mask 0.00013720989 634.3959851264954 91.7552375793457 956.0 619.6752548217773 
mask 0.00013488531 0.0 705.9808731079102 779.5018336772919 958.318977355957 
nomask 0.00013449788 415.5775423049927 494.1042709350586 504.4116885662079 598.0200576782227 
nomask 0.00013431907 0.0 564.8555374145508 427.7882807254791 960.0 
mask 0.00013005733 833.4133968353271 0.0 956.0 955.5682182312012 
mask 0.00012904406 93.05500543117523 665.2776718139648 627.96692943573 960.0 
mask 0.00012677908 18.428704142570496 6.170940399169922 945.8514986038208 623.9749145507812 
nomask 0.00012654066 450.493714928627 495.0395965576172 540.4269592761993 601.1492156982422 
nomask 0.00012430549 232.41338896751404 506.19266510009766 296.288204908371 608.8452529907227 
mask 0.00012397766 107.97572422027588 0.0 875.9802346229553 255.0278663635254 
mask 0.00011971593 0.0 398.56398582458496 143.20999908447266 960.0 
mask 0.00011783838 504.58958649635315 8.709440231323242 956.0 430.80848693847656 
nomask 0.00011694431 279.87116622924805 492.98206329345703 353.54951429367065 611.9552993774414 
nomask 0.00011616945 928.2551596164703 575.1696968078613 956.0 663.3733177185059 
mask 0.00011438131 720.2145848274231 943.6942863464355 931.1740646362305 957.6925849914551 
nomask 0.00011134148 200.15463078022003 345.00743865966797 339.71179616451263 703.6417007446289 
nomask 0.00010985136 401.20393657684326 418.3391761779785 516.2460606098175 555.2062797546387 
nomask 0.000109523535 136.52344155311584 563.012866973877 197.81896543502808 652.2675132751465 
nomask 0.00010949373 4.04708531498909 846.0308647155762 41.16052459180355 946.9948768615723 
nomask 0.00010943413 381.6354206800461 385.3359889984131 459.019367814064 521.0868072509766 
mask 0.00010719895 0.0 10.470185279846191 755.8670508861542 388.2794380187988 
nomask 0.000105917454 438.6917941570282 407.3646354675293 547.1501562595367 560.5671501159668 
mask 0.00010484457 0.0 17.326791286468506 10.984677225351334 153.84346961975098 
nomask 0.00010153651 18.525518409907818 927.0867919921875 76.4872136414051 960.0 
nomask 0.000101059675 618.0528521537781 400.869197845459 672.9950494766235 507.4677085876465 
mask 0.000100404024 616.0361437797546 153.86630058288574 956.0 822.7460861206055 
nomask 9.945035e-05 40.83973707258701 511.7053413391113 94.88267588615417 586.1401176452637 
nomask 9.918213e-05 100.918954372406 358.85647773742676 384.79561614990234 685.5456161499023 
mask 9.518862e-05 0.0 818.4524345397949 185.82148230075836 960.0 
mask 9.295344e-05 763.9636290073395 722.7779388427734 956.0 960.0 
nomask 9.23574e-05 402.1789277791977 325.70271492004395 525.6189794540405 423.36710929870605 
mask 9.1671944e-05 0.0 564.8555374145508 427.7882807254791 960.0 
nomask 9.140372e-05 504.58958649635315 8.709440231323242 956.0 430.80848693847656 
mask 9.0777874e-05 0.0 411.65722846984863 8.275362834334373 555.3468704223633 
mask 9.0390444e-05 945.4119961261749 414.3625831604004 955.1049830913544 554.3498039245605 
nomask 8.967519e-05 95.5733836889267 514.2135429382324 454.50268638134 960.0 
mask 8.9496374e-05 858.8264751434326 14.38467264175415 932.3908591270447 106.32566213607788 
nomask 8.8870525e-05 606.6034507751465 365.3583526611328 663.8719968795776 460.80636978149414 
nomask 8.8214874e-05 40.434705168008804 476.7344856262207 92.04727092385292 548.122615814209 
nomask 8.812547e-05 348.69111156463623 396.7658042907715 539.8798177242279 564.1031455993652 
mask 8.648634e-05 928.2551596164703 575.1696968078613 956.0 663.3733177185059 
mask 8.496642e-05 18.525518409907818 927.0867919921875 76.4872136414051 960.0 
mask 8.442998e-05 0.0 718.1574440002441 467.4776394367218 960.0 
