nomask 0.9999966 0.2901233 0.2340287 0.8449631 0.8749087 
mask 0.0127337575 0.28486717 0.23245424 0.8493266 0.8789901 
nomask 0.00022295117 0.84219474 0.042542934 1.0 0.37963182 
mask 0.00021442771 0.78751504 0.0 0.9164504 0.033466462 
nomask 0.00020861626 0.25188184 0.0 0.9103745 0.70765734 
nomask 0.00020194054 0.7206213 0.0 1.0 0.5592107 
nomask 0.00019323826 0.19951111 0.6995162 0.82141715 1.0 
nomask 0.00019013882 0.3710537 0.6812867 0.8185775 0.84749115 
nomask 0.00018280745 0.0 0.0076307654 0.737306 0.4152393 
mask 0.0001603961 0.82770324 0.032062694 1.0 0.3478303 
nomask 0.00015109777 0.5884999 0.32414314 1.0 0.66636145 
nomask 0.00014388561 0.6096889 0.7044029 1.0 1.0 
nomask 0.00014054775 0.0 0.61228174 0.60521173 1.0 
nomask 0.00013378263 0.7159793 0.597532 1.0 1.0 
nomask 0.0001334548 0.7847775 0.7694513 1.0 1.0 
mask 0.00011244416 0.99185747 0.21934724 1.0 0.37245595 
mask 0.00011193752 0.0 0.64074767 0.3538872 1.0 
nomask 0.0001103878 0.99185747 0.21934724 1.0 0.37245595 
nomask 0.00011011958 0.8189293 0.6171024 1.0 1.0 
mask 0.000109523535 0.11724922 0.4537775 0.94604564 0.98374194 
nomask 9.9003315e-05 0.65033376 0.06760037 1.0 0.50643957 
mask 9.599328e-05 0.5722916 0.72806287 1.0 1.0 
nomask 9.402633e-05 0.8817468 0.7749305 1.0 1.0 
nomask 9.2059374e-05 0.0 0.0 0.46668217 0.59873664 
mask 8.901954e-05 0.66696936 0.64067525 1.0 1.0 
nomask 8.884072e-05 0.6624088 0.18983695 1.0 0.8146769 
nomask 8.696318e-05 0.9549447 0.0 1.0 0.04500197 
nomask 8.633733e-05 0.32511038 0.32639155 1.0 1.0 
mask 8.4370375e-05 0.9549447 0.0 1.0 0.04500197 
nomask 8.434057e-05 0.09385362 0.6805843 0.64270735 1.0 
mask 8.291006e-05 0.0 0.73321927 0.68243766 1.0 
mask 8.133054e-05 0.8817468 0.7749305 1.0 1.0 
mask 8.1247155e-05 0.31266156 0.3126661 1.0 1.0 
nomask 8.067489e-05 0.21462709 0.0 0.82275623 0.35141218 
nomask 8.0525875e-05 0.857298 0.4380224 0.9168581 0.5359109 
nomask 8.028746e-05 0.108545065 0.55945784 0.47633666 1.0 
nomask 7.972121e-05 0.32118112 0.56315666 0.6887074 1.0 
nomask 7.733703e-05 0.00053340103 0.027592435 0.020030145 0.15523745 
nomask 7.6144934e-05 0.8600475 0.31884104 0.9919655 0.6754966 
nomask 7.6025724e-05 0.0 0.73321927 0.68243766 1.0 
nomask 7.426739e-05 0.32650512 0.0 0.6638568 0.46447212 
nomask 7.370114e-05 0.6442177 0.90497583 1.0 1.0 
mask 7.030368e-05 0.09385362 0.6805843 0.64270735 1.0 
nomask 7.006526e-05 0.0 0.5100881 0.9212462 0.9898852 
mask 6.970763e-05 0.6442177 0.90497583 1.0 1.0 
mask 6.952882e-05 0.00053340103 0.027592435 0.020030145 0.15523745 
nomask 6.893277e-05 0.9941353 0.26643467 1.0 0.40785307 
nomask 6.866455e-05 0.6654775 0.0 1.0 0.36538386 
mask 6.8604946e-05 0.815594 0.0003670156 1.0 0.8671595 
nomask 6.741285e-05 0.6653145 0.09126705 1.0 0.6477116 
nomask 6.723404e-05 0.8510602 0.46160805 0.91954726 0.59140635 
mask 6.482005e-05 0.6653145 0.09126705 1.0 0.6477116 
mask 5.850196e-05 0.69274724 0.65912175 1.0 1.0 
nomask 5.6266785e-05 0.5968543 0.79367596 1.0 1.0 
nomask 5.570054e-05 0.95294654 0.30348575 0.99566257 0.7585677 
mask 5.4836273e-05 0.45704332 0.12847683 1.0 1.0 
mask 5.4121017e-05 0.0 0.85154843 0.16560957 0.9914713 
nomask 5.4061413e-05 0.7494028 0.0 1.0 0.6580451 
nomask 5.3822994e-05 0.815594 0.0003670156 1.0 0.8671595 
mask 5.340576e-05 0.7847775 0.7694513 1.0 1.0 
nomask 5.3077936e-05 0.2781431 0.28908002 0.5656318 0.47423452 
nomask 5.248189e-05 0.0051242113 0.0 0.6687656 0.27917576 
mask 5.1677227e-05 0.98826605 0.1572522 1.0 0.3326041 
mask 5.0723553e-05 0.85120404 0.52956206 0.99794745 0.95975083 
nomask 4.9889088e-05 0.0 0.88017327 0.999665 1.0 
nomask 4.7832727e-05 0.87811124 0.46873686 0.9668664 0.59432137 
nomask 4.774332e-05 0.5372449 0.56850857 1.0 0.8866828 
nomask 4.7415495e-05 0.5076008 0.04238844 0.8552331 0.7153268 
nomask 4.6014786e-05 0.7550015 0.06267477 0.9930535 0.26093832 
nomask 4.5359135e-05 0.88082963 0.43140715 0.9601566 0.5379169 
mask 4.4822693e-05 0.6120602 0.004074469 1.0 0.44569242 
nomask 4.4614077e-05 0.0 0.2901283 0.3526718 0.72475094 
nomask 4.4196844e-05 0.121768594 0.0 0.45961952 0.44479328 
mask 4.4107437e-05 0.8945277 0.10602349 1.0 0.6249359 
mask 4.3183565e-05 0.4979267 0.8306373 0.84484816 1.0 
nomask 4.2915344e-05 0.78923005 0.59578717 1.0 1.0 
nomask 4.2378902e-05 0.28644016 0.59836185 0.8631642 0.8628677 
mask 4.2259693e-05 0.0 0.88017327 0.999665 1.0 
nomask 4.1633844e-05 0.0 0.0 0.4388574 0.25435263 
mask 4.0471554e-05 0.72582304 0.0 1.0 0.17248383 
nomask 4.0233135e-05 0.950299 0.1249077 0.99925804 0.4776635 
mask 3.9875507e-05 0.0 0.0076307654 0.737306 0.4152393 
mask 3.9577484e-05 0.7550015 0.06267477 0.9930535 0.26093832 
mask 3.9339066e-05 0.0 0.187375 0.010857507 0.2897461 
nomask 3.927946e-05 0.0 0.187375 0.010857507 0.2897461 
nomask 3.9190054e-05 0.4787234 0.2666445 0.77619517 0.41567323 
nomask 3.749132e-05 0.54855776 0.5441091 0.8571272 1.0 
nomask 3.734231e-05 0.55048716 0.0 1.0 0.26654792 
nomask 3.72231e-05 0.53944576 0.0 0.8809904 0.45156515 
mask 3.6895275e-05 0.0 0.7374489 0.43154207 1.0 
mask 3.671646e-05 0.950299 0.1249077 0.99925804 0.4776635 
mask 3.656745e-05 0.108545065 0.55945784 0.47633666 1.0 
mask 3.6239624e-05 0.78329515 0.0 1.0 0.68794113 
nomask 3.5881996e-05 0.5328766 0.58554554 0.6241101 0.66057134 
nomask 3.5613775e-05 0.8945277 0.10602349 1.0 0.6249359 
mask 3.5375357e-05 0.0 0.65454173 0.56881195 1.0 
mask 3.4213066e-05 0.0 0.0833599 0.016291648 0.1908294 
nomask 3.4093857e-05 0.4912974 0.59659475 0.57978636 0.6648322 
nomask 3.3944845e-05 0.76828086 0.36691904 1.0 1.0 
nomask 3.3944845e-05 0.0 0.6772059 0.0073217945 0.8306329 
