nomask 0.9999937 73.9738655090332 101.4662253856659 253.08080673217773 375.5547435283661 
mask 0.009143621 73.98838996887207 99.27694058418274 253.6688995361328 371.8243520259857 
mask 0.00069123507 263.1088638305664 301.00806283950806 317.92015075683594 419.1270418167114 
mask 0.00027009845 238.45598220825195 360.3294460773468 320.0 425.4941008090973 
nomask 0.0002439022 0.0 2.2927501797676086 235.45555114746094 179.77179312705994 
nomask 0.00018820167 0.0 0.0 150.35099029541016 257.6245188713074 
nomask 0.0001821518 2.7414751052856445 139.49278450012207 43.663039207458496 295.3042588233948 
nomask 0.00017607212 189.69600677490234 2.3044468760490417 320.0 191.29677629470825 
nomask 0.00017136335 290.3091812133789 277.03889179229736 320.0 428.0 
nomask 0.00017121434 94.13541793823242 291.7268555164337 237.85844802856445 364.07876658439636 
nomask 0.00016927719 0.7994621992111206 204.93810892105103 5.908999443054199 259.4640507698059 
mask 0.00016820431 41.412363052368164 195.7031399011612 320.0 428.0 
nomask 0.0001642704 146.84847831726074 55.9804904460907 320.0 428.0 
mask 0.00016394258 290.3091812133789 277.03889179229736 320.0 428.0 
mask 0.00016337633 146.84847831726074 55.9804904460907 320.0 428.0 
nomask 0.00016206503 149.69141006469727 356.2409596443176 263.4799003601074 428.0 
nomask 0.00015798211 28.389487266540527 263.8738965988159 155.17953872680664 428.0 
mask 0.00015589595 281.50264739990234 0.0 320.0 428.0 
mask 0.00015568733 149.69141006469727 356.2409596443176 263.4799003601074 428.0 
nomask 0.00014686584 253.54061126708984 365.7449016571045 320.0 428.0 
nomask 0.00014314055 100.05158424377441 133.82171082496643 320.0 428.0 
nomask 0.00014314055 281.50264739990234 0.0 320.0 428.0 
mask 0.00014308095 100.05158424377441 133.82171082496643 320.0 428.0 
mask 0.00013801455 206.01863861083984 387.8755102157593 320.0 428.0 
nomask 0.00013518333 228.4969711303711 248.97182083129883 320.0 428.0 
mask 0.00013282895 183.1600570678711 313.9769821166992 320.0 428.0 
nomask 0.00012877584 0.0 181.2149384021759 3.437625467777252 250.11161732673645 
nomask 0.00012746453 187.0313835144043 340.52468156814575 320.0 428.0 
nomask 0.00012612343 250.96172332763672 0.0 320.0 297.90987968444824 
nomask 0.00012409687 41.412363052368164 195.7031399011612 320.0 428.0 
nomask 0.00012329221 214.53554153442383 38.64315485954285 320.0 277.2937955856323 
nomask 0.000121206045 73.17961692810059 0.0 290.7394027709961 304.2098197937012 
mask 0.00011998415 187.0313835144043 340.52468156814575 320.0 428.0 
nomask 0.00011828542 0.0 314.0795865058899 218.04664611816406 428.0 
mask 0.0001180172 228.4969711303711 248.97182083129883 320.0 428.0 
nomask 0.00011435151 64.56925392150879 0.0 267.37266540527344 147.8050410747528 
mask 0.000114262104 214.53554153442383 38.64315485954285 320.0 277.2937955856323 
nomask 0.00011065602 0.0 274.1707139015198 192.6399803161621 428.0 
nomask 0.00011026859 183.1600570678711 313.9769821166992 320.0 428.0 
nomask 0.00010955334 79.58261489868164 258.73681473731995 244.55087661743164 428.0 
nomask 0.000100553036 0.0 266.8312602043152 118.85872840881348 428.0 
nomask 9.906292e-05 253.50112915039062 260.0469722747803 320.0 428.0 
nomask 9.858608e-05 0.0 314.58832263946533 137.98194885253906 428.0 
mask 9.599328e-05 268.4299087524414 338.70150208473206 320.0 407.9591076374054 
mask 9.125471e-05 295.223331451416 297.1035602092743 317.7237129211426 428.0 
nomask 9.086728e-05 30.10955810546875 297.3419075012207 209.20516967773438 428.0 
mask 8.916855e-05 0.0 314.58832263946533 137.98194885253906 428.0 
mask 8.806586e-05 0.0 2.2927501797676086 235.45555114746094 179.77179312705994 
nomask 8.773804e-05 0.0 166.03043270111084 85.6717300415039 428.0 
nomask 8.5413456e-05 0.0 98.72339475154877 1.6960231959819794 164.5258446931839 
mask 8.362532e-05 0.0 376.2952961921692 320.0 428.0 
mask 8.3357096e-05 189.69600677490234 2.3044468760490417 320.0 191.29677629470825 
mask 8.302927e-05 308.3218193054199 344.89661836624146 318.5968208312988 417.4814429283142 
nomask 8.293986e-05 0.0 376.2952961921692 320.0 428.0 
nomask 8.291006e-05 0.0 115.21370840072632 1.833682358264923 191.06682205200195 
mask 8.267164e-05 253.50112915039062 260.0469722747803 320.0 428.0 
nomask 8.127093e-05 236.89702987670898 74.2022340297699 320.0 348.70782804489136 
nomask 8.1032515e-05 11.638554334640503 202.90790939331055 32.234063148498535 248.35609245300293 
mask 7.939339e-05 310.33546447753906 316.3887720108032 318.44860076904297 402.3714542388916 
mask 7.659197e-05 0.0 314.0795865058899 218.04664611816406 428.0 
nomask 7.6413155e-05 0.9499329328536987 142.5346908569336 15.663385391235352 327.0114641189575 
mask 7.635355e-05 205.2183723449707 4.962066695094109 320.0 33.62955158948898 
nomask 7.3730946e-05 302.4491500854492 410.34191727638245 320.0 428.0 
mask 7.215142e-05 30.10955810546875 297.3419075012207 209.20516967773438 428.0 
nomask 7.1942806e-05 0.0 221.35537242889404 5.871506929397583 280.18779039382935 
nomask 7.033348e-05 178.64463806152344 168.08699762821198 320.0 371.81402015686035 
nomask 7.033348e-05 32.043185234069824 201.0597803592682 52.993454933166504 251.2375614643097 
nomask 6.92904e-05 104.62151527404785 0.0 212.7273178100586 201.59300684928894 
mask 6.54459e-05 307.6079750061035 3.793871909379959 320.0 18.593914091587067 
mask 6.508827e-05 0.0 181.2149384021759 3.437625467777252 250.11161732673645 
mask 6.425381e-05 302.4491500854492 410.34191727638245 320.0 428.0 
nomask 6.386638e-05 18.47140669822693 151.2328746318817 57.01159477233887 284.8702189922333 
nomask 6.28531e-05 248.3021354675293 45.1226909160614 320.0 413.7399032115936 
nomask 6.142259e-05 69.05412673950195 330.33118295669556 296.23701095581055 428.0 
mask 6.0647726e-05 250.96172332763672 0.0 320.0 297.90987968444824 
mask 5.9902668e-05 0.0 0.0 150.35099029541016 257.6245188713074 
mask 5.9753656e-05 0.7994621992111206 204.93810892105103 5.908999443054199 259.4640507698059 
mask 5.9068203e-05 39.401187896728516 245.06739473342896 150.25989532470703 428.0 
nomask 5.8323145e-05 2.0777082443237305 61.867257833480835 128.53187561035156 374.8809015750885 
nomask 5.635619e-05 248.22731018066406 142.3153873682022 320.0 428.0 
mask 5.6177378e-05 305.0120735168457 371.3068401813507 320.0 428.0 
nomask 5.6147575e-05 0.6584006547927856 304.54554176330566 4.719732403755188 389.769278049469 
nomask 5.593896e-05 0.0 8.100606322288513 89.46587562561035 263.3001079559326 
nomask 5.3077936e-05 172.17395782470703 0.0 284.6857452392578 199.97822499275208 
nomask 5.2511692e-05 39.538254737854004 0.0 148.60652923583984 194.26852798461914 
mask 5.108118e-05 0.0 266.8312602043152 118.85872840881348 428.0 
nomask 4.979968e-05 0.0 0.0 138.63256454467773 109.44227528572083 
nomask 4.9620867e-05 307.6079750061035 3.793871909379959 320.0 18.593914091587067 
nomask 4.9501657e-05 0.0 143.2611105442047 134.94224548339844 282.4224588871002 
nomask 4.914403e-05 313.12387466430664 282.7626197338104 320.0 371.48664021492004 
nomask 4.8965216e-05 0.35373255610466003 285.8981251716614 5.256611704826355 358.3548855781555 
nomask 4.8726797e-05 0.0 134.35100865364075 1.741359829902649 217.58258199691772 
nomask 4.851818e-05 190.81975936889648 0.0 320.0 171.18247663974762 
nomask 4.5835972e-05 184.83375549316406 139.67988061904907 320.0 281.581036567688 
nomask 4.5269728e-05 310.8928871154785 305.18675541877747 319.63586807250977 384.1267764568329 
nomask 4.506111e-05 183.68091583251953 239.06136441230774 320.0 381.7210581302643 
nomask 4.258752e-05 159.21738624572754 0.0 320.0 112.0123723745346 
mask 4.2140484e-05 275.77808380126953 413.53844451904297 320.0 426.65644884109497 
mask 4.172325e-05 214.0624237060547 362.49329662323 320.0 428.0 
mask 4.1395426e-05 0.19679486751556396 243.36564660072327 8.318760395050049 296.4903829097748 
