nomask 0.70130885 453.53323 190.67528 577.32556 282.60947 
mask 0.14164409 453.53323 190.67528 577.32556 282.60947 
mask 0.0017293394 464.2995 16.82319 935.3238 364.84317 
mask 0.001278609 86.73286 16.615995 916.5071 312.5385 
mask 0.0010462403 9.568033 251.27307 31.189827 299.74783 
mask 0.0005580187 0.0 60.313267 367.87424 690.0129 
nomask 0.0005425811 189.30786 219.11742 230.7018 256.7728 
nomask 0.0005147755 9.568033 251.27307 31.189827 299.74783 
mask 0.0004324615 148.66345 288.32907 830.4475 720.0 
nomask 0.0004248023 149.07883 214.68837 196.54768 259.03146 
mask 0.0004197657 0.0 0.0 734.5088 189.68504 
nomask 0.00037148595 551.9079 207.30418 629.89746 260.33582 
mask 0.0003104806 100.16117 217.92468 150.11249 261.8486 
mask 0.00030487776 5.358932 270.94464 32.182625 316.60397 
nomask 0.00027909875 100.16117 217.92468 150.11249 261.8486 
nomask 0.00027662516 430.358 170.34383 497.90195 240.24452 
nomask 0.00026988983 466.81815 149.67355 548.63824 199.1764 
mask 0.00026142597 189.30786 219.11742 230.7018 256.7728 
mask 0.00024938583 3.8384628 374.16455 960.0 720.0 
mask 0.00024870038 103.2632 0.0 446.3189 333.38364 
nomask 0.00022915006 3.8384628 374.16455 960.0 720.0 
mask 0.00022901403 300.15125 225.11778 960.0 720.0 
nomask 0.00022901225 300.15125 225.11778 960.0 720.0 
mask 0.00021642206 497.7792 5.680704 960.0 720.0 
mask 0.00020584464 942.29816 20.546856 959.7184 106.62203 
nomask 0.00020131469 122.01376 493.84302 922.55707 720.0 
nomask 0.00019906674 497.7792 5.680704 960.0 720.0 
nomask 0.0001949966 437.81894 151.16824 493.22452 191.50256 
mask 0.00019463897 953.1531 193.32693 960.0 306.9499 
nomask 0.00018063188 429.68262 191.65637 517.10565 273.06964 
nomask 0.00017696619 793.00195 6.308384 960.0 650.2051 
mask 0.00017523766 319.15823 0.0 634.45654 311.36914 
mask 0.000174582 0.0 0.0 488.85016 375.991 
nomask 0.00017431378 36.486084 597.80585 799.8919 720.0 
nomask 0.00017392635 922.2142 690.81335 960.0 719.40955 
mask 0.00017026067 0.0 239.15044 587.1626 647.56433 
mask 0.00016728044 556.78455 608.13055 860.511 720.0 
mask 0.00016447902 149.07883 214.68837 196.54768 259.03146 
mask 0.00016281009 2.5652304 181.45099 15.277303 252.14034 
nomask 0.00016134977 3.429847 215.32425 21.18124 279.07346 
nomask 0.00015732646 609.7263 241.88983 660.1625 284.811 
mask 0.00015643239 792.44775 0.0 960.0 650.87463 
nomask 0.00015607476 953.1531 193.32693 960.0 306.9499 
nomask 0.00015544891 774.30884 609.2141 960.0 720.0 
nomask 0.00015509129 923.68475 633.6059 955.2061 705.61566 
mask 0.00015425682 98.27532 243.24644 156.54921 309.54865 
mask 0.00015348196 868.272 563.18915 933.57855 620.43665 
nomask 0.00015091896 148.64882 192.54744 194.47409 231.5074 
mask 0.00014692545 3.429847 215.32425 21.18124 279.07346 
mask 0.00014525652 0.0 0.0 235.20233 325.01184 
nomask 0.00014197826 942.29816 20.546856 959.7184 106.62203 
nomask 0.00014099479 868.272 563.18915 933.57855 620.43665 
mask 0.00014021993 277.84808 153.77937 670.49835 561.76996 
mask 0.0001399219 0.0 0.0 132.81123 210.35503 
mask 0.00013646483 613.5025 651.5489 960.0 720.0 
mask 0.00013563037 5.373287 597.4353 882.3199 720.0 
mask 0.00013539195 0.0 0.0 423.5614 210.78152 
nomask 0.00013130903 561.11365 233.13327 628.1336 289.73364 
mask 0.00013110042 86.76112 141.7829 504.83484 591.2175 
mask 0.00013053417 0.0 614.4667 270.84387 710.90015 
nomask 0.00012403727 869.0378 481.238 960.0 720.0 
mask 0.000121086836 106.64429 189.66576 150.08315 232.2655 
mask 0.00011745095 869.0378 481.238 960.0 720.0 
mask 0.00011599064 39.165787 250.44876 93.177666 303.66876 
nomask 0.00011566281 415.15356 0.0 509.75995 48.017235 
mask 0.000114530325 551.9079 207.30418 629.89746 260.33582 
mask 0.00011411309 106.93078 271.64703 163.94612 328.93 
mask 0.0001128912 148.64882 192.54744 194.47409 231.5074 
mask 0.000108242035 135.28102 271.04984 203.41394 340.32306 
nomask 0.000107616186 393.86096 205.56628 571.94977 312.66702 
mask 0.00010704994 922.2142 690.81335 960.0 719.40955 
nomask 0.000106960535 920.06995 565.7794 951.20807 637.7498 
nomask 0.000106692314 425.64832 220.2241 506.4942 307.27933 
mask 0.000105232 85.773636 0.0 815.42334 83.580635 
mask 0.00010508299 479.90787 98.516014 909.41595 552.93976 
nomask 0.00010302663 616.1549 217.40901 658.3251 254.05228 
mask 0.0001026988 630.83734 70.78457 960.0 464.29984 
nomask 0.000101953745 2.5652304 181.45099 15.277303 252.14034 
mask 0.000100404024 0.0 220.57129 153.99088 652.9623 
nomask 0.000100016594 821.0939 575.4321 878.7268 625.40936 
mask 9.9122524e-05 110.7502 50.03852 860.98376 525.8238 
nomask 9.7841024e-05 924.6081 0.0 958.7415 42.94739 
mask 9.5039606e-05 122.01376 493.84302 922.55707 720.0 
mask 9.4383955e-05 0.0 0.0 345.17035 104.80154 
mask 9.36389e-05 65.540855 702.1436 225.6926 716.0593 
mask 9.319186e-05 358.80334 6.842594 717.5577 213.80339 
nomask 9.0926886e-05 486.98553 172.75229 588.89655 255.71971 
mask 8.761883e-05 950.8206 225.52455 960.0 343.70486 
nomask 8.645654e-05 630.83734 70.78457 960.0 464.29984 
mask 8.5651875e-05 924.6081 0.0 958.7415 42.94739 
nomask 8.493662e-05 5.358932 270.94464 32.182625 316.60397 
mask 8.4131956e-05 96.38463 497.3069 626.68634 720.0 
nomask 8.389354e-05 690.418 457.411 960.0 720.0 
mask 8.34167e-05 939.31714 295.83014 953.8914 418.97998 
mask 8.0764294e-05 920.06995 565.7794 951.20807 637.7498 
nomask 7.918477e-05 689.6036 125.75781 960.0 707.6034 
mask 7.8588724e-05 524.45197 5.9171247 960.0 327.7873 
mask 7.7068806e-05 0.0 557.68536 730.97205 720.0 
mask 7.387996e-05 0.0 695.5172 55.05255 720.0 
mask 7.3730946e-05 317.0279 15.235591 626.0666 453.60492 
