nomask 0.99992096 70.65648 41.89453 128.88704 179.69246 
mask 0.057700306 69.16431 44.99395 130.96967 175.00151 
nomask 0.0004924536 139.81906 42.288322 194.0 249.30324 
nomask 0.0004042387 91.551254 39.09958 127.493835 125.55303 
nomask 0.00039234757 70.80514 126.58687 128.83994 185.01016 
nomask 0.00038033724 65.85846 0.0 125.98508 141.90407 
nomask 0.0003439486 74.86286 42.391815 114.395515 122.80746 
nomask 0.00030881166 123.077126 10.407235 194.0 188.1056 
nomask 0.0002978742 132.11179 167.9961 194.0 260.0 
nomask 0.0002695918 50.193058 109.49136 133.69183 176.61284 
nomask 0.00026685 23.514961 73.062096 121.52754 184.96562 
nomask 0.00026103854 100.165695 0.0 191.409 10.385883 
mask 0.00020733476 132.11179 167.9961 194.0 260.0 
nomask 0.00018662214 130.7365 0.0 194.0 160.17078 
mask 0.00018194318 100.165695 0.0 191.409 10.385883 
nomask 0.00018137693 112.75647 0.22124286 174.13528 2.4798787 
nomask 0.00017052889 14.307672 22.4491 124.08865 145.70126 
nomask 0.00017023087 0.0 162.67632 103.092285 260.0 
nomask 0.00016987324 169.33371 204.09886 194.0 260.0 
nomask 0.00015494227 0.0 227.8067 194.0 260.0 
mask 0.00015252829 112.75647 0.22124286 174.13528 2.4798787 
mask 0.00015065074 169.33371 204.09886 194.0 260.0 
mask 0.00014695525 23.84806 118.438965 192.56331 259.43768 
nomask 0.00014385581 124.83227 234.78162 194.0 260.0 
nomask 0.00013840199 0.0 0.0 120.75573 74.860176 
mask 0.00013747811 0.0 227.8067 194.0 260.0 
mask 0.00013703108 124.83227 234.78162 194.0 260.0 
mask 0.00012744441 98.670204 1.1978257 194.0 260.0 
nomask 0.00012302399 63.326122 85.15771 194.0 260.0 
nomask 0.00012245774 63.2551 139.48999 129.04625 260.0 
mask 0.000118679614 60.65617 81.29414 194.0 260.0 
nomask 0.00011858344 17.030788 180.78418 127.07348 260.0 
mask 0.00011345744 136.70724 221.33537 194.0 257.58817 
nomask 0.00010937452 74.94566 93.79583 120.02418 178.26872 
nomask 0.00010475516 71.205215 0.0 193.82204 73.03808 
nomask 0.000103354454 0.0 132.94208 187.75505 258.9791 
nomask 0.00010225177 80.98074 23.33523 173.99028 137.26485 
nomask 0.00010192394 171.34619 0.0 194.0 260.0 
nomask 9.9304314e-05 98.670204 1.1978257 194.0 260.0 
nomask 9.831786e-05 110.70384 21.387957 194.0 98.48865 
mask 9.521842e-05 94.60385 191.55579 194.0 260.0 
nomask 9.3609095e-05 129.00166 25.199823 194.0 168.3312 
mask 9.357929e-05 17.030788 180.78418 127.07348 260.0 
mask 9.3370676e-05 0.0 166.77019 116.17517 260.0 
nomask 9.196997e-05 94.60385 191.55579 194.0 260.0 
mask 8.973479e-05 129.00166 25.199823 194.0 168.3312 
mask 8.85725e-05 129.52995 240.75691 194.0 260.0 
nomask 8.431077e-05 0.0 0.0 73.09624 74.51243 
nomask 8.240342e-05 0.0 203.44058 130.80571 260.0 
nomask 8.031726e-05 185.16138 249.68562 194.0 260.0 
nomask 7.927418e-05 115.549164 154.17104 194.0 260.0 
mask 7.748604e-05 115.549164 154.17104 194.0 260.0 
nomask 7.534027e-05 24.727604 21.821362 135.01599 249.13919 
nomask 7.301569e-05 71.0005 35.232986 118.2212 86.12433 
mask 7.224083e-05 6.677367 191.38644 186.70122 260.0 
nomask 7.215142e-05 127.65727 50.38654 154.53221 135.72531 
nomask 6.9856644e-05 106.74174 99.79787 194.0 232.98065 
nomask 6.952882e-05 84.17754 0.0 160.9384 9.690687 
nomask 6.943941e-05 193.41728 62.72906 194.0 123.23515 
nomask 6.940961e-05 143.80362 135.59251 194.0 260.0 
mask 6.9111586e-05 171.34619 0.0 194.0 260.0 
nomask 6.878376e-05 0.0 13.648964 47.62619 240.96663 
mask 6.839633e-05 24.727604 21.821362 135.01599 249.13919 
mask 6.7561865e-05 185.16138 249.68562 194.0 260.0 
mask 6.699562e-05 0.034292415 250.77486 11.727268 260.0 
nomask 6.592274e-05 0.0 71.39071 71.613594 188.87637 
nomask 6.574392e-05 0.034292415 250.77486 11.727268 260.0 
nomask 6.365776e-05 0.0 24.958368 84.25469 119.25179 
mask 6.335974e-05 11.211233 226.11978 88.78761 260.0 
nomask 6.2555075e-05 0.0 0.0 46.8114 126.04948 
mask 6.240606e-05 165.41849 252.8134 194.0 260.0 
nomask 6.106496e-05 66.49392 151.05225 162.63673 260.0 
mask 6.1005354e-05 0.0 45.841522 4.222919 223.33696 
nomask 6.043911e-05 106.058266 0.0 194.0 67.13425 
nomask 6.0141087e-05 110.89113 83.079254 194.0 172.72324 
nomask 5.90384e-05 0.0 1.6787312 129.28143 109.95232 
mask 5.763769e-05 0.42938042 97.44006 5.817126 238.9601 
nomask 5.7399273e-05 99.74014 0.47973835 142.33372 3.710698 
nomask 5.6177378e-05 45.410175 53.926353 133.92722 127.89377 
nomask 5.5342913e-05 16.485226 0.0 98.26914 105.302086 
nomask 5.51641e-05 103.002716 24.075933 120.86557 43.560738 
nomask 5.4121017e-05 106.20821 21.797167 194.0 120.23564 
nomask 5.38826e-05 0.0 127.84562 49.60614 260.0 
nomask 5.2690506e-05 0.0 36.141075 104.89726 255.35632 
nomask 5.248189e-05 0.0 1.3982588 71.42687 168.73003 
mask 5.0395727e-05 0.43894556 43.224163 1.3090931 128.16531 
nomask 5.0008297e-05 127.305954 0.7655093 194.0 2.729541 
mask 4.9561262e-05 143.80362 135.59251 194.0 260.0 
mask 4.902482e-05 0.0 78.08101 0.9072508 169.45534 
nomask 4.851818e-05 108.176476 0.0 136.07391 68.47245 
mask 4.7266483e-05 0.18157554 56.251823 1.0755771 139.3598 
nomask 4.6879053e-05 165.41849 252.8134 194.0 260.0 
mask 4.5210123e-05 0.77357596 3.4900408 5.375706 185.05054 
nomask 4.479289e-05 136.70724 221.33537 194.0 257.58817 
nomask 4.4554472e-05 128.03514 93.544815 194.0 257.25684 
mask 4.374981e-05 1.1912541 244.51204 97.70857 256.49228 
nomask 4.3541193e-05 0.0 140.37361 90.00382 238.5394 
mask 4.339218e-05 63.2551 139.48999 129.04625 260.0 
mask 4.336238e-05 12.792408 256.05185 72.30059 258.18967 
nomask 4.2676926e-05 18.470089 139.02296 92.42199 260.0 
