nomask 0.99992615 53.582462 39.419712 203.31482 156.54956 
mask 0.0051704347 51.03745 39.894485 203.47928 157.58517 
mask 0.0002861321 213.30606 0.19677544 262.0 55.432354 
nomask 0.00028550625 178.24094 0.0 262.0 115.534424 
nomask 0.0002668202 206.11075 115.06025 262.0 192.0 
mask 0.00025597215 232.33778 0.0 262.0 192.0 
mask 0.00023937225 0.0 97.23549 37.328884 176.37732 
nomask 0.00023639202 0.0 119.84269 155.46896 192.0 
nomask 0.00023576617 0.0 0.0 70.84856 72.987625 
nomask 0.00023066998 0.0 1.3347988 43.799225 66.11447 
nomask 0.00022858381 167.74638 75.998436 262.0 192.0 
nomask 0.0002283454 24.05684 0.0 131.87978 75.59987 
mask 0.0002272129 206.11075 115.06025 262.0 192.0 
mask 0.00022110343 0.59672284 105.95131 18.313871 192.0 
nomask 0.00021588802 93.88603 119.431206 224.77693 192.0 
nomask 0.00021189451 147.31665 153.26546 262.0 192.0 
mask 0.0002090931 147.31665 153.26546 262.0 192.0 
nomask 0.000207901 0.0 0.0 122.55772 118.74117 
mask 0.0002027154 188.85904 0.2551632 262.0 30.731855 
mask 0.00019586086 0.0 0.0 122.55772 118.74117 
mask 0.00018873811 35.648064 88.36089 262.0 192.0 
nomask 0.00018531084 167.61209 59.818336 262.0 176.98965 
nomask 0.00017750263 32.861774 153.12085 262.0 192.0 
mask 0.00017127585 81.91649 60.031128 262.0 192.0 
nomask 0.00017127454 81.91649 60.031128 262.0 192.0 
nomask 0.00016340613 20.577776 114.51228 130.53455 192.0 
nomask 0.00015687943 232.33778 0.0 262.0 192.0 
nomask 0.00015515089 186.97961 108.50308 262.0 192.0 
nomask 0.0001539588 35.648064 88.36089 262.0 192.0 
mask 0.0001462996 246.67761 0.046176195 262.0 14.495012 
nomask 0.0001412332 147.96315 62.53641 262.0 126.12334 
mask 0.00013510545 134.79219 2.0062752 262.0 192.0 
nomask 0.0001347363 0.0 1.3711395 70.808945 112.96463 
mask 0.00013408065 0.0 1.3347988 43.799225 66.11447 
nomask 0.00013145804 165.9319 15.315594 262.0 96.594894 
nomask 0.00013113022 192.75157 35.52197 262.0 158.04 
nomask 0.00012972951 236.76968 122.618195 262.0 192.0 
nomask 0.00012632945 134.79219 2.0062752 262.0 192.0 
nomask 0.00012612343 142.38243 107.019585 262.0 173.1541 
nomask 0.0001193881 178.40952 16.34452 262.0 123.853134 
nomask 0.00011828542 40.768646 0.0 234.45744 51.805832 
mask 0.000118047 151.40309 0.8822651 262.0 86.74194 
mask 0.00011757016 236.76968 122.618195 262.0 192.0 
mask 0.00011059642 205.9062 0.0 262.0 131.20178 
nomask 0.0001103282 216.70007 4.644293 262.0 63.490093 
nomask 0.000108242035 0.0 0.0 106.99972 49.377014 
nomask 0.000107347965 0.0 1.1634235 181.0166 84.30925 
mask 0.00010728836 178.40952 16.34452 262.0 123.853134 
nomask 0.000106692314 86.92285 0.0 174.19237 89.62364 
nomask 0.00010421872 143.20789 140.75235 262.0 192.0 
nomask 0.00010177493 168.7487 174.22418 262.0 192.0 
mask 0.000101715326 168.7487 174.22418 262.0 192.0 
nomask 9.801984e-05 86.393936 106.79597 175.72218 192.0 
nomask 9.712577e-05 246.67761 0.046176195 262.0 14.495012 
mask 9.62019e-05 0.40444177 102.68273 120.01694 192.0 
nomask 9.211898e-05 235.53638 35.63815 262.0 141.95822 
nomask 8.994341e-05 28.916216 135.08734 226.66824 192.0 
nomask 8.9645386e-05 202.43037 22.740887 262.0 187.94145 
nomask 8.9377165e-05 0.0 23.266188 43.598194 109.29758 
mask 8.8363886e-05 251.23802 2.1135921 261.4332 31.060009 
nomask 8.7291e-05 63.333885 0.0 232.00883 135.5969 
mask 8.633733e-05 167.61209 59.818336 262.0 176.98965 
mask 8.562207e-05 0.0 0.0 175.34769 49.453514 
mask 8.4728e-05 28.916216 135.08734 226.66824 192.0 
nomask 8.377433e-05 197.55283 59.69649 234.68645 130.0443 
nomask 8.3595514e-05 0.0 19.212845 111.428696 87.18024 
mask 8.201599e-05 0.0 1.1634235 181.0166 84.30925 
mask 8.004904e-05 0.0 166.27347 262.0 192.0 
mask 7.984042e-05 0.0 152.8357 189.08867 192.0 
nomask 7.83205e-05 192.94334 4.508629 262.0 115.342285 
nomask 7.82907e-05 3.7863798 0.0 160.67676 52.95436 
mask 7.754564e-05 143.20789 140.75235 262.0 192.0 
mask 7.6144934e-05 142.38243 107.019585 262.0 173.1541 
nomask 7.5638294e-05 250.32939 90.339294 260.52393 191.2159 
mask 7.510185e-05 0.0 0.0 106.99972 49.377014 
nomask 7.465482e-05 141.20212 0.0 230.31982 85.6493 
mask 7.3611736e-05 240.01686 2.0394402 262.0 52.403587 
nomask 7.277727e-05 0.0 24.684849 62.595776 169.12682 
nomask 7.143617e-05 164.37529 0.0 262.0 65.95993 
nomask 7.0005655e-05 0.0 53.91457 96.65416 138.00656 
nomask 6.937981e-05 212.71402 117.31167 262.0 192.0 
nomask 6.893277e-05 67.058876 48.19713 152.35588 83.266716 
nomask 6.866455e-05 39.014153 16.251316 225.08485 91.8365 
nomask 6.851554e-05 56.325577 0.0 160.59622 8.609747 
nomask 6.741285e-05 240.01686 2.0394402 262.0 52.403587 
mask 6.7323446e-05 0.0 125.65373 49.7372 188.04944 
nomask 6.490946e-05 224.2708 22.944872 262.0 109.72728 
nomask 6.4730644e-05 25.816591 142.35107 176.30325 192.0 
nomask 6.4730644e-05 251.23802 2.1135921 261.4332 31.060009 
mask 6.41346e-05 250.32939 90.339294 260.52393 191.2159 
mask 6.312132e-05 225.29868 0.0 262.0 17.468578 
mask 6.249547e-05 147.96315 62.53641 262.0 126.12334 
mask 6.249547e-05 24.05684 0.0 131.87978 75.59987 
mask 6.237626e-05 20.577776 114.51228 130.53455 192.0 
mask 6.207824e-05 235.53638 35.63815 262.0 141.95822 
mask 6.124377e-05 8.807027 0.9051161 101.813805 27.057522 
mask 6.0230494e-05 221.02335 8.430671 262.0 86.8495 
mask 5.7786703e-05 256.35953 37.73192 261.18436 76.94029 
mask 5.77271e-05 5.126436 1.0278264 112.24386 11.562729 
mask 5.7071447e-05 258.72336 46.259323 262.0 88.58891 
