nomask 0.9999528 76.42329 37.682873 153.15193 122.672714 
mask 0.011133879 75.82494 38.11537 153.30096 123.97193 
nomask 0.0019822717 222.31062 174.99829 232.01297 203.0 
nomask 0.0012781322 220.54387 190.431 233.0 203.0 
mask 0.0012144446 222.31062 174.99829 232.01297 203.0 
nomask 0.001144737 199.90019 152.70744 233.0 203.0 
nomask 0.00066682696 218.49886 159.47908 233.0 203.0 
nomask 0.0006480515 19.339209 14.208038 141.67857 113.79287 
mask 0.0006477535 220.54387 190.431 233.0 203.0 
nomask 0.00050097704 203.17676 194.30437 233.0 203.0 
mask 0.00036269426 218.49886 159.47908 233.0 203.0 
nomask 0.00036150217 202.04808 171.00162 233.0 203.0 
nomask 0.00031894445 160.0942 33.897884 233.0 195.39333 
nomask 0.00031420588 216.55766 176.30002 233.0 203.0 
nomask 0.00030693412 202.67123 186.28648 233.0 203.0 
mask 0.0002785623 194.95107 80.546486 233.0 154.4632 
mask 0.00026583672 199.90019 152.70744 233.0 203.0 
nomask 0.00021606684 203.67476 160.05856 233.0 203.0 
nomask 0.00021201372 0.0 0.0 99.53051 52.22249 
nomask 0.0002117455 147.75809 7.1328287 233.0 140.13472 
nomask 0.0002116859 149.5768 183.43074 233.0 203.0 
mask 0.00020262599 211.00128 135.41974 233.0 203.0 
mask 0.00020095706 149.5768 183.43074 233.0 203.0 
nomask 0.00018575788 0.0 4.309505 90.461235 130.35294 
mask 0.00018408895 202.04808 171.00162 233.0 203.0 
nomask 0.00018045306 17.043606 163.57022 178.27557 203.0 
mask 0.00018045306 28.641348 92.49107 231.33853 202.57791 
nomask 0.00017994642 206.11392 0.0 233.0 203.0 
nomask 0.00017645955 0.0 178.79819 233.0 203.0 
nomask 0.00016188622 147.4815 141.44373 233.0 203.0 
mask 0.00015828013 216.55766 176.30002 233.0 203.0 
nomask 0.00015819073 88.33579 0.0 233.0 58.04545 
nomask 0.00015637279 0.0 0.0 142.6465 61.650635 
mask 0.00015258789 147.4815 141.44373 233.0 203.0 
mask 0.00015097857 0.0 178.79819 233.0 203.0 
nomask 0.00014948845 176.81221 121.841095 233.0 203.0 
nomask 0.0001474917 76.07012 66.49998 233.0 203.0 
mask 0.00014746189 27.273537 15.733901 162.79105 194.33418 
mask 0.00014653802 0.0 0.0 99.53051 52.22249 
mask 0.0001462996 106.74787 25.666235 233.0 203.0 
nomask 0.00014624 50.059956 133.71494 219.14792 203.0 
mask 0.00014358759 202.67123 186.28648 233.0 203.0 
nomask 0.00014320016 131.51274 1.0447705 233.0 89.80112 
nomask 0.00014254451 190.13942 194.70203 224.27147 203.0 
mask 0.0001411736 203.17676 194.30437 233.0 203.0 
mask 0.00014048828 72.84997 63.47205 233.0 203.0 
nomask 0.00013801455 0.0 20.526413 103.11584 93.34698 
nomask 0.00013619661 155.44978 19.56336 233.0 131.43811 
nomask 0.00013330579 44.24053 67.43995 82.34121 137.03714 
mask 0.00013318658 0.0 1.6078063 3.1662111 42.46703 
mask 0.0001322627 155.44978 19.56336 233.0 131.43811 
nomask 0.00013062358 220.0609 131.4259 231.16382 203.0 
mask 0.00012996793 176.33069 169.74109 233.0 202.60602 
nomask 0.00012919307 0.0 103.81644 226.13048 202.27556 
mask 0.00012880564 17.043606 163.57022 178.27557 203.0 
nomask 0.00012549758 0.0 0.0 58.380524 96.99831 
nomask 0.00012505054 10.208871 35.46664 139.32681 160.78226 
nomask 0.0001244247 0.0 128.12698 138.99583 203.0 
nomask 0.00012388825 228.35774 155.11723 232.38423 196.47563 
nomask 0.0001205802 128.05544 0.03218456 229.21693 11.098284 
nomask 0.00011983514 206.12141 177.67152 229.7467 202.84253 
nomask 0.0001181066 174.17868 0.0 233.0 148.40288 
nomask 0.00011321902 78.03891 0.0 151.33273 107.987206 
mask 0.00011315942 0.0 24.543379 105.89748 188.89136 
nomask 0.00011155009 0.0 0.0 76.40289 31.787376 
nomask 0.000111192465 0.0 1.6078063 3.1662111 42.46703 
mask 0.0001090467 220.0609 131.4259 231.16382 203.0 
mask 0.00010749698 128.05544 0.03218456 229.21693 11.098284 
nomask 0.000107467175 101.29691 17.902166 216.53284 105.06702 
nomask 0.00010576844 0.0 2.173758 156.51793 87.16961 
mask 0.000104904175 190.13942 194.70203 224.27147 203.0 
mask 0.000104665756 206.11392 0.0 233.0 203.0 
nomask 0.00010291108 118.51172 1.1458819 233.0 203.0 
nomask 0.00010049343 144.56766 52.62494 233.0 203.0 
nomask 9.9629164e-05 0.0 66.678795 104.834145 134.13278 
mask 9.816885e-05 0.0 20.526413 103.11584 93.34698 
nomask 9.7543e-05 75.19296 95.2011 152.63513 125.081924 
nomask 9.474158e-05 32.710876 55.894478 71.24434 131.39194 
mask 9.000301e-05 0.0 128.12698 138.99583 203.0 
nomask 8.666515e-05 131.09386 12.300592 233.0 77.365555 
nomask 8.583069e-05 176.33069 169.74109 233.0 202.60602 
mask 8.544326e-05 176.81221 121.841095 233.0 203.0 
mask 8.428097e-05 222.79535 1.2461313 233.0 8.97945 
mask 8.291006e-05 216.85764 79.05075 230.53932 156.65436 
mask 8.0019236e-05 228.35774 155.11723 232.38423 196.47563 
nomask 7.882714e-05 0.0 0.0 68.38886 1.6936165 
nomask 7.69496e-05 2.089076 42.725075 43.86717 117.45979 
mask 7.56681e-05 0.0 66.678795 104.834145 134.13278 
mask 7.495284e-05 0.0 0.0 119.32574 115.54812 
mask 7.471442e-05 5.368597 2.2148035 228.95087 133.59512 
nomask 7.426739e-05 0.07174697 195.27689 13.5852375 203.0 
nomask 7.3581934e-05 5.4587507 1.1246718 12.143351 9.323668 
nomask 7.349253e-05 174.97298 0.0 233.0 99.90103 
nomask 7.271767e-05 125.42239 79.79389 157.24664 143.06445 
nomask 7.227063e-05 0.0 0.0 70.07017 29.775454 
nomask 7.075071e-05 0.0 17.764261 59.601192 185.22147 
nomask 6.920099e-05 0.0 0.0 83.69515 77.41389 
nomask 6.7949295e-05 0.0 0.0 93.67534 11.112032 
mask 6.747246e-05 0.0 0.0 70.07017 29.775454 
nomask 6.6399574e-05 174.09175 186.73254 233.0 203.0 
