nomask 0.9999869 115.25105 40.563538 379.33923 257.43365 
mask 0.022543699 113.60942 42.80818 377.9836 253.85745 
nomask 0.00048792362 40.656586 46.15141 60.240562 70.55675 
nomask 0.00026118755 0.0 207.89166 254.13617 320.0 
mask 0.00022295117 365.29938 8.177834 428.0 292.0322 
nomask 0.00021135807 44.633335 73.333374 99.62715 158.83582 
mask 0.0001706183 0.0 199.16891 183.27873 320.0 
nomask 0.00016793609 238.43964 106.31973 428.0 212.15965 
nomask 0.00015223026 24.892107 189.37386 216.26495 320.0 
nomask 0.00012061 0.0 66.985794 154.14507 258.30182 
mask 0.00011959672 233.94498 229.8234 428.0 320.0 
mask 0.00011768937 0.0 219.41837 239.64574 320.0 
nomask 0.00011667609 69.78415 68.086 122.68807 169.82277 
nomask 0.0001154542 92.55691 67.875 149.87317 178.4566 
nomask 0.000114530325 76.41504 26.672882 367.60666 152.03642 
mask 0.00011172891 55.09973 146.34015 428.0 320.0 
nomask 0.00011122227 80.65703 0.0 350.91797 88.85959 
nomask 0.000107795 43.35479 10.704455 103.31204 122.20694 
nomask 0.00010660291 7.7457976 12.882757 52.467255 170.41267 
nomask 0.0001064837 16.907661 19.508633 77.63842 152.30757 
mask 0.000104635954 286.1366 207.64621 428.0 320.0 
nomask 0.000103741884 196.00069 43.01452 428.0 320.0 
nomask 0.00010326505 233.94498 229.8234 428.0 320.0 
nomask 0.00010281801 20.198586 79.80603 40.687122 102.84591 
nomask 0.0001026988 0.0 0.0 111.47228 187.50125 
mask 0.00010165572 246.29584 254.19406 428.0 320.0 
mask 9.8884106e-05 91.75613 311.33386 170.53773 320.0 
mask 9.8109245e-05 196.00069 43.01452 428.0 320.0 
mask 9.7095966e-05 114.93638 309.05225 178.46054 320.0 
nomask 9.202957e-05 293.3677 0.0 428.0 104.23721 
nomask 9.0420246e-05 38.892937 54.58397 60.329556 84.90442 
nomask 9.012222e-05 0.0 170.7008 118.83632 320.0 
nomask 8.9138746e-05 307.0045 193.00017 428.0 320.0 
nomask 8.767843e-05 246.29584 254.19406 428.0 320.0 
mask 8.7573535e-05 133.818 100.05328 428.0 320.0 
nomask 8.75727e-05 133.818 100.05328 428.0 320.0 
nomask 8.696318e-05 112.405815 191.79105 306.08215 320.0 
nomask 8.159876e-05 55.09973 146.34015 428.0 320.0 
mask 8.1419945e-05 339.32352 186.34262 428.0 320.0 
nomask 8.0794096e-05 339.32352 186.34262 428.0 320.0 
nomask 7.918477e-05 0.0 43.70083 2.8716614 80.82867 
nomask 7.909536e-05 360.42084 6.9366407 428.0 148.93233 
nomask 7.6919794e-05 378.25253 250.76605 428.0 320.0 
mask 7.647276e-05 0.0 278.92334 428.0 320.0 
nomask 7.426739e-05 0.0 278.92334 428.0 320.0 
nomask 7.241964e-05 0.0 38.73288 100.19342 279.15784 
mask 7.107854e-05 0.0 95.024704 110.48259 320.0 
nomask 7.033348e-05 127.82444 0.0 305.67776 131.58473 
nomask 7.030368e-05 273.26614 1.8342876 428.0 140.86458 
nomask 7.030368e-05 0.0 78.96689 5.2413206 113.58772 
nomask 6.9886446e-05 44.230106 228.90283 281.1101 320.0 
nomask 6.660819e-05 277.98578 289.68802 428.0 320.0 
nomask 6.580353e-05 31.185383 9.366512 413.82062 208.18056 
nomask 6.5654516e-05 14.581214 0.0 249.5875 117.22378 
nomask 6.517768e-05 0.0 106.17372 185.38417 212.41609 
nomask 6.514788e-05 0.0 234.39333 200.23685 320.0 
mask 6.490946e-05 277.98578 289.68802 428.0 320.0 
mask 6.464124e-05 0.0 227.92732 301.17178 320.0 
nomask 6.425381e-05 284.57288 70.56245 428.0 240.0459 
mask 6.425381e-05 378.25253 250.76605 428.0 320.0 
nomask 6.338954e-05 293.41922 250.73167 428.0 320.0 
nomask 6.219745e-05 298.64386 24.914417 428.0 207.26752 
nomask 6.201863e-05 273.5075 23.138609 428.0 162.22308 
mask 6.198883e-05 217.70282 267.18555 410.3985 320.0 
nomask 6.189942e-05 24.598003 47.078796 43.421318 69.28156 
nomask 6.175041e-05 217.70282 267.18555 410.3985 320.0 
nomask 5.954504e-05 0.0 3.5633135 300.91068 137.56647 
nomask 5.930662e-05 71.12552 226.29524 357.50278 320.0 
mask 5.814433e-05 298.64386 24.914417 428.0 207.26752 
nomask 5.8084726e-05 87.05547 12.1274185 150.11978 110.817795 
nomask 5.8054924e-05 0.0 0.0 284.06226 82.92406 
mask 5.7667494e-05 38.496902 179.72073 203.25822 320.0 
nomask 5.4448843e-05 91.75613 311.33386 170.53773 320.0 
nomask 5.4359436e-05 0.0 63.337723 2.716897 100.516624 
nomask 5.427003e-05 54.046505 0.0 196.55809 145.31126 
nomask 5.4061413e-05 354.37354 203.43918 428.0 320.0 
nomask 5.352497e-05 233.82382 185.99998 368.9735 320.0 
mask 5.2809715e-05 44.230106 228.90283 281.1101 320.0 
nomask 5.2511692e-05 58.66086 43.830112 85.89952 71.553246 
nomask 5.2303076e-05 330.3165 40.769814 428.0 278.86365 
mask 5.2183867e-05 0.0 13.038961 5.829788 46.749058 
nomask 5.1259995e-05 0.0 88.38196 6.914776 130.58865 
mask 5.1230192e-05 5.3614492 0.0 259.11465 88.560326 
nomask 5.0902367e-05 57.31275 47.180824 210.4821 272.22934 
nomask 5.081296e-05 82.47887 0.0 193.2581 52.41233 
nomask 5.0783157e-05 63.355328 6.594639 127.95409 112.29236 
nomask 4.9054623e-05 110.559586 217.6596 374.79504 320.0 
mask 4.839897e-05 116.98166 223.30722 428.0 320.0 
mask 4.824996e-05 0.0 174.69353 189.0479 290.2554 
mask 4.7028065e-05 293.41922 250.73167 428.0 320.0 
mask 4.5776367e-05 354.37354 203.43918 428.0 320.0 
mask 4.553795e-05 133.30276 310.6513 192.31564 320.0 
nomask 4.4882298e-05 209.61212 0.0 392.6635 137.51694 
nomask 4.464388e-05 250.63078 0.0 428.0 86.02248 
nomask 4.3958426e-05 104.30406 2.0871353 174.14938 92.196594 
nomask 4.249811e-05 0.0 174.69353 189.0479 290.2554 
nomask 4.23491e-05 332.99725 0.0 428.0 209.80186 
nomask 4.220009e-05 0.0 30.377235 177.79037 143.47002 
mask 4.196167e-05 0.0 118.46489 75.23135 236.8823 
nomask 4.1782856e-05 0.0 118.46489 75.23135 236.8823 
