nomask 0.9999831 86.684814 71.46889 351.83762 274.98663 
mask 0.0074290633 86.479454 72.85782 351.27878 274.17923 
nomask 0.00024229288 101.25919 0.0 387.74918 225.04483 
nomask 0.00020071864 70.93568 226.60373 356.1257 320.0 
mask 0.00019297004 56.986317 146.74564 428.0 320.0 
nomask 0.00018882751 306.31686 191.27484 428.0 320.0 
mask 0.00018304586 353.85938 9.673071 428.0 140.84874 
mask 0.00018250942 306.31686 191.27484 428.0 320.0 
nomask 0.00017786026 340.66223 0.0 428.0 215.5347 
nomask 0.00016617775 140.58698 105.40738 428.0 320.0 
mask 0.00016084568 133.81761 100.05255 428.0 320.0 
nomask 0.00014299154 0.0 181.63608 228.34724 320.0 
mask 0.0001335144 0.0 0.0 200.14229 193.64037 
mask 0.00013327599 245.10785 235.38983 428.0 320.0 
nomask 0.00013139844 259.15778 1.2154341 428.0 143.87396 
nomask 0.00012761354 54.14087 181.19171 199.51326 320.0 
nomask 0.00012591481 276.83078 87.09155 428.0 226.89664 
mask 0.000117987394 261.1001 0.0 382.4033 50.686375 
mask 0.00011473894 300.38678 243.80481 428.0 320.0 
mask 0.000108122826 0.0 0.0 311.45734 81.30548 
mask 0.00010699034 375.00848 0.0 428.0 320.0 
nomask 0.000105798244 3.7331977 0.0 180.4527 228.06862 
mask 0.00010547042 196.6802 43.763733 428.0 320.0 
nomask 0.00010320544 119.13585 193.53989 305.83047 320.0 
mask 0.00010320544 0.0 0.0 192.17473 81.710754 
nomask 0.0001026392 245.10785 235.38983 428.0 320.0 
nomask 9.3758106e-05 0.0 63.214577 110.58243 260.97455 
nomask 9.2983246e-05 246.7185 254.41028 428.0 320.0 
mask 9.214878e-05 17.100378 7.2586575 43.406166 31.194515 
mask 9.10759e-05 246.7185 254.41028 428.0 320.0 
nomask 8.928776e-05 387.24387 207.08533 428.0 320.0 
nomask 8.800626e-05 290.9769 27.01706 428.0 206.461 
mask 8.6188316e-05 0.0 0.0 104.94138 135.96758 
mask 8.547306e-05 274.7913 290.6268 428.0 320.0 
nomask 8.520484e-05 274.7913 290.6268 428.0 320.0 
nomask 8.445978e-05 339.85114 89.30342 428.0 202.28622 
mask 8.404255e-05 93.795586 1.7136788 277.16904 26.535145 
mask 8.2433224e-05 387.24387 207.08533 428.0 320.0 
mask 7.772446e-05 290.9769 27.01706 428.0 206.461 
nomask 7.623434e-05 66.69334 117.95558 208.19061 320.0 
mask 7.557869e-05 0.0 236.15662 183.78668 320.0 
nomask 7.548928e-05 0.0 236.15662 183.78668 320.0 
nomask 7.5399876e-05 338.91388 193.19542 428.0 320.0 
nomask 7.516146e-05 53.12043 0.0 196.24416 140.43927 
nomask 7.4476004e-05 0.0 2.2647858 308.9288 135.90283 
nomask 7.328391e-05 89.26593 279.81906 369.6455 317.3562 
nomask 7.200241e-05 111.55528 271.05798 278.69363 320.0 
nomask 7.125735e-05 331.833 118.250854 428.0 320.0 
nomask 7.066131e-05 0.0 210.97339 143.89258 320.0 
nomask 6.940961e-05 91.23639 247.16968 403.89777 320.0 
nomask 6.878376e-05 64.61746 0.0 370.6062 87.75847 
mask 6.869435e-05 259.15778 1.2154341 428.0 143.87396 
mask 6.708503e-05 1.0240119 0.0 12.305993 23.032034 
nomask 6.571412e-05 20.55339 0.0 259.23822 107.0029 
nomask 6.482005e-05 0.0 106.93779 185.23024 211.64442 
mask 6.41942e-05 1.7730992 6.6867566 8.411946 55.14244 
mask 6.347895e-05 338.91388 193.19542 428.0 320.0 
mask 6.2286854e-05 53.12043 0.0 196.24416 140.43927 
mask 5.9247017e-05 132.63026 278.75842 401.5337 319.62823 
nomask 5.8710575e-05 0.0 1.6667557 114.40212 179.9335 
nomask 5.850196e-05 375.00848 0.0 428.0 320.0 
mask 5.7518482e-05 5.167899 164.9595 196.03922 320.0 
nomask 5.6773424e-05 0.0 253.75517 298.83997 320.0 
nomask 5.671382e-05 239.86942 179.78409 428.0 285.713 
mask 5.468726e-05 0.0 278.49542 428.0 320.0 
mask 5.4240227e-05 70.93568 226.60373 356.1257 320.0 
nomask 5.2779913e-05 246.64192 124.559235 428.0 274.6792 
nomask 5.275011e-05 372.88428 32.12159 428.0 199.64099 
nomask 5.2124262e-05 41.959595 232.79645 281.05756 320.0 
mask 5.1140785e-05 7.5004873 0.0 63.860302 10.082936 
mask 5.0902367e-05 372.88428 32.12159 428.0 199.64099 
nomask 5.0258812e-05 219.694 3.4459114 428.0 320.0 
mask 4.8339367e-05 5.995778 310.85516 67.43393 319.1716 
mask 4.8160553e-05 26.720432 0.0 330.02133 36.117992 
nomask 4.7951937e-05 0.0 28.924652 182.05093 144.35738 
mask 4.7922134e-05 3.777974 194.11078 55.10485 304.07922 
nomask 4.7713518e-05 0.0 84.37286 77.27129 200.75406 
nomask 4.720688e-05 378.23734 92.92792 428.0 263.62836 
nomask 4.6610832e-05 118.95146 289.4815 283.87643 315.25146 
nomask 4.5776367e-05 300.38678 243.80481 428.0 320.0 
nomask 4.529953e-05 0.0 128.16827 148.82433 320.0 
mask 4.5239925e-05 0.0 210.97339 143.89258 320.0 
nomask 4.506111e-05 216.50648 103.28517 363.0229 315.83728 
nomask 4.476309e-05 139.77562 0.0 285.3753 145.40479 
mask 4.4465065e-05 340.66223 0.0 428.0 215.5347 
nomask 4.36306e-05 181.02097 268.6606 334.9269 319.74283 
nomask 4.133582e-05 0.0 176.2536 180.04224 291.75635 
nomask 4.1007996e-05 0.0 0.0 192.17473 81.710754 
nomask 3.9964914e-05 335.89487 37.4255 428.0 301.83685 
mask 3.9696693e-05 41.959595 232.79645 281.05756 320.0 
nomask 3.913045e-05 95.75606 93.217575 234.63675 152.28696 
mask 3.9041042e-05 353.16217 0.0 404.25394 14.932895 
mask 3.8951635e-05 413.12015 0.6309658 428.0 18.93426 
mask 3.796816e-05 0.0 13.267565 71.62017 148.29375 
mask 3.5703182e-05 331.833 118.250854 428.0 320.0 
nomask 3.5375357e-05 333.12323 48.144016 428.0 256.69406 
mask 3.46303e-05 0.0 106.93779 185.23024 211.64442 
mask 3.4570694e-05 239.86942 179.78409 428.0 285.713 
mask 3.376603e-05 2.921969 308.82376 26.933084 320.0 
nomask 3.20673e-05 234.38603 172.45282 362.93332 320.0 
