nomask 0.9999375 82.79476606845856 39.149368554353714 187.13885259628296 209.336319565773 
mask 0.013547182 82.27455854415894 39.441117346286774 186.94979619979858 207.13564574718475 
nomask 0.0009839833 8.192897498607635 236.971977353096 87.18293523788452 280.80844581127167 
mask 0.0008342862 133.297532081604 232.11606591939926 202.24794721603394 285.0 
nomask 0.00060740113 130.8612928390503 21.01990632712841 228.9303035736084 114.82649445533752 
nomask 0.0005786121 162.60528254508972 0.0 236.0 159.53507512807846 
nomask 0.00043338537 155.0695424079895 9.947606921195984 236.0 178.04838716983795 
nomask 0.00041860342 83.5346953868866 167.721249461174 198.19160437583923 285.0 
nomask 0.00041735172 137.72831630706787 0.0 224.18546628952026 66.18896663188934 
mask 0.00035905838 8.192897498607635 236.971977353096 87.18293523788452 280.80844581127167 
mask 0.00034880638 45.82217836380005 274.67717707157135 90.05467939376831 285.0 
nomask 0.00033903122 118.15719532966614 17.885078340768814 180.12954449653625 174.1391283273697 
nomask 0.0002747178 151.39646077156067 108.45676615834236 236.0 285.0 
nomask 0.0002644658 35.979246854782104 276.03237479925156 86.52340412139893 283.92845660448074 
mask 0.0002565682 155.79213452339172 236.02556258440018 228.57088541984558 281.1420598626137 
mask 0.00023552775 147.2197070121765 204.1614881157875 236.0 285.0 
nomask 0.00023344159 155.79213452339172 236.02556258440018 228.57088541984558 281.1420598626137 
nomask 0.0002105236 79.79159677028656 0.0 157.62824630737305 144.04701858758926 
nomask 0.00020900369 0.0 185.6288105249405 144.32992935180664 285.0 
nomask 0.00020802021 138.53973960876465 0.0 236.0 82.11074352264404 
nomask 0.00020551682 108.71449649333954 0.0 229.33317375183105 99.86080661416054 
nomask 0.00020036101 171.8697633743286 185.16828417778015 236.0 285.0 
nomask 0.00019982457 207.35815286636353 223.34729433059692 236.0 285.0 
nomask 0.00019356608 43.145082116127014 0.0 206.61247730255127 76.41784965991974 
mask 0.00019267201 137.72831630706787 0.0 224.18546628952026 66.18896663188934 
nomask 0.00019037724 47.0183961391449 26.412150040268898 197.40659832954407 139.91249084472656 
mask 0.00018960238 71.88904643058777 275.2089312672615 109.53249597549438 285.0 
nomask 0.00018951297 58.09005355834961 274.72193866968155 99.24339699745178 285.0 
nomask 0.00018790364 115.4101243019104 0.0 236.0 40.192916840314865 
nomask 0.00018754601 54.09187650680542 0.0 189.5501937866211 115.65974816679955 
nomask 0.00018447638 71.88904643058777 275.2089312672615 109.53249597549438 285.0 
nomask 0.00017762184 0.0 251.22585386037827 236.0 285.0 
mask 0.00017699599 29.425228476524353 129.94521260261536 236.0 285.0 
mask 0.00017532706 207.35815286636353 223.34729433059692 236.0 285.0 
mask 0.00016909838 0.0 251.22585386037827 236.0 285.0 
nomask 0.0001617074 134.9424774646759 92.69384622573853 236.0 188.1538063287735 
nomask 0.00015738606 0.0 107.76501685380936 150.8810851573944 235.2796831727028 
nomask 0.0001540482 152.8382830619812 59.28757756948471 236.0 278.93048018217087 
nomask 0.0001540482 0.0 0.0 145.21196746826172 79.9945816397667 
nomask 0.00015166402 151.78451871871948 257.9586946964264 236.0 285.0 
nomask 0.00015041232 77.09427261352539 93.41934084892273 236.0 285.0 
mask 0.0001462102 151.78451871871948 257.9586946964264 236.0 285.0 
mask 0.00014466047 115.4101243019104 0.0 236.0 40.192916840314865 
mask 0.00014460087 73.78793787956238 89.11041274666786 236.0 285.0 
mask 0.0001423955 108.20538055896759 36.2825708091259 236.0 285.0 
nomask 0.00014010072 134.00970077514648 23.39854784309864 236.0 128.5249364376068 
nomask 0.00013819337 168.13326907157898 12.531667649745941 231.83469653129578 144.4859540462494 
nomask 0.00013628602 9.102077305316925 260.4823485016823 98.57310485839844 278.4847328066826 
nomask 0.00013521314 132.2181522846222 226.089269220829 236.0 285.0 
nomask 0.00013515353 8.34034812450409 23.56631465256214 144.06902027130127 150.86917877197266 
mask 0.00012925267 200.0252685546875 0.0 236.0 268.86679887771606 
nomask 0.00012901425 177.78796005249023 39.99563455581665 236.0 240.26316940784454 
nomask 0.00012585521 20.714497208595276 197.63040572404861 153.92088413238525 285.0 
nomask 0.00012248755 93.76471424102783 56.55821576714516 207.74819421768188 146.2945944070816 
nomask 0.00012129545 0.16909575462341309 145.8575275540352 233.05050921440125 284.62007850408554 
nomask 0.00011715293 223.00375127792358 271.0519802570343 236.0 285.0 
mask 0.00011590123 0.0 0.0 130.09938430786133 164.0603792667389 
mask 0.0001154542 180.98661422729492 168.10740530490875 236.0 285.0 
nomask 0.000115156174 174.66080689430237 151.43609672784805 236.0 285.0 
nomask 0.00011467934 24.150621831417084 277.7809140086174 81.5385046005249 282.158445417881 
nomask 0.00011438131 0.0 3.2061025500297546 85.25832986831665 169.2496159672737 
nomask 0.00011143088 165.5331950187683 0.0 236.0 118.88950556516647 
mask 0.000106841326 122.21823644638062 209.422105550766 236.0 285.0 
nomask 0.00010678172 194.24693703651428 273.1844159960747 227.39308094978333 284.80812817811966 
mask 0.0001065433 131.96361541748047 0.0 236.0 76.87878370285034 
nomask 0.00010636449 122.21823644638062 209.422105550766 236.0 285.0 
mask 0.0001039803 20.714497208595276 197.63040572404861 153.92088413238525 285.0 
nomask 0.00010070205 149.86169981956482 5.785500258207321 204.79580569267273 162.166428565979 
mask 9.9122524e-05 0.0 185.6288105249405 144.32992935180664 285.0 
mask 9.712577e-05 31.52121192216873 261.16989344358444 102.5616180896759 283.03862661123276 
nomask 9.4771385e-05 78.76042354106903 35.552039444446564 188.17644023895264 109.17177110910416 
nomask 9.420514e-05 129.80319595336914 160.55251389741898 236.0 260.7546553015709 
nomask 9.101629e-05 14.223392128944397 79.39214318990707 144.69979906082153 201.40181243419647 
nomask 8.946657e-05 0.0 0.8478373289108276 150.91968417167664 120.18788918852806 
nomask 8.9108944e-05 155.80482268333435 27.63911470770836 236.0 185.0332009792328 
nomask 8.830428e-05 80.13202488422394 10.373876206576824 143.91724061965942 59.838595390319824 
mask 8.8095665e-05 155.80482268333435 27.63911470770836 236.0 185.0332009792328 
nomask 8.460879e-05 0.0 0.0 49.05266547203064 63.240986466407776 
mask 8.2165e-05 151.38591074943542 0.0 236.0 103.58756214380264 
nomask 8.121133e-05 0.0 0.0 65.32760083675385 114.10814300179482 
mask 7.900596e-05 84.23306465148926 276.7213976383209 119.42831826210022 285.0 
nomask 7.840991e-05 84.23306465148926 276.7213976383209 119.42831826210022 285.0 
nomask 7.721782e-05 41.4477664232254 262.31604516506195 113.55829298496246 284.66117084026337 
mask 7.6144934e-05 156.03764057159424 275.38773983716965 191.7530665397644 285.0 
nomask 7.477403e-05 77.24015128612518 155.0228852033615 160.363121509552 285.0 
nomask 7.364154e-05 90.16954100131989 2.4095117300748825 131.8930287361145 84.23543304204941 
mask 7.197261e-05 5.377483427524567 189.08100843429565 52.51545000076294 285.0 
nomask 7.0899725e-05 153.6424057483673 0.0 206.73169255256653 86.13328233361244 
nomask 7.084012e-05 193.10700011253357 192.39943116903305 236.0 285.0 
mask 7.0244074e-05 83.5346953868866 167.721249461174 198.19160437583923 285.0 
nomask 6.991625e-05 195.07055616378784 239.78660702705383 236.0 281.56465351581573 
nomask 6.952882e-05 0.0 0.0 99.51170516014099 72.62932822108269 
nomask 6.92904e-05 203.8829755783081 271.50983959436417 234.19653701782227 283.6734089255333 
nomask 6.851554e-05 0.0 0.0 56.30230659246445 215.75321316719055 
nomask 6.7323446e-05 0.0 95.33074602484703 104.10723149776459 188.02945911884308 
nomask 6.660819e-05 193.45295643806458 0.12007489800453186 236.0 254.09645676612854 
mask 6.625056e-05 43.145082116127014 0.0 206.61247730255127 76.41784965991974 
mask 6.604195e-05 169.31872582435608 104.12165209650993 236.0 285.0 
nomask 6.425381e-05 183.82199597358704 221.35481715202332 236.0 285.0 
mask 6.276369e-05 24.150621831417084 277.7809140086174 81.5385046005249 282.158445417881 
