nomask 0.99999714 106.16174 70.10174 364.31705 270.30597 
mask 0.007476747 104.19251 70.50438 364.34378 268.17163 
mask 0.005135715 14.5197935 4.097452 56.707127 36.74404 
mask 0.001653552 220.2537 1.705308 287.8221 17.858555 
mask 0.001222223 181.85695 1.6488171 303.99472 50.647827 
mask 0.00044831634 37.011925 8.984157 67.66052 39.136856 
nomask 0.00043705106 37.011925 8.984157 67.66052 39.136856 
mask 0.00032281876 0.0 0.0 63.43602 45.772697 
mask 0.0002246201 282.74448 204.00314 428.0 320.0 
mask 0.00021624565 229.37975 6.588911 275.9929 36.149235 
nomask 0.00019812584 303.49344 190.05963 428.0 320.0 
mask 0.00018081069 1.2719791 216.13043 11.988639 258.89304 
mask 0.00017675757 242.11238 230.35312 428.0 320.0 
mask 0.000174582 4.630743 200.41304 12.835521 249.11218 
mask 0.00017377734 55.104362 146.17784 428.0 320.0 
nomask 0.00015890598 14.5197935 4.097452 56.707127 36.74404 
nomask 0.00015550852 32.175613 0.0 79.24042 16.345928 
nomask 0.00014838576 140.14557 105.13534 428.0 320.0 
mask 0.00014347819 133.8186 100.05242 428.0 320.0 
nomask 0.00014042854 260.39105 223.83438 428.0 320.0 
mask 0.00013935566 269.7373 1.4244094 314.25812 9.852792 
nomask 0.00013902783 82.16433 224.2062 354.0136 320.0 
mask 0.00013810396 279.8611 2.470075 362.29276 10.955478 
mask 0.00013703108 0.0 157.10869 26.361576 314.14484 
mask 0.00013646483 0.1885311 4.2628837 7.1611586 47.57064 
nomask 0.0001295805 249.8333 104.23981 428.0 212.56152 
nomask 0.00012916327 337.51465 0.0 428.0 214.70572 
mask 0.00012174249 128.78253 0.0 229.45903 38.412216 
nomask 0.000114530325 0.0 0.0 63.43602 45.772697 
nomask 0.000113517046 168.14203 0.0 306.99658 49.951668 
nomask 0.00011315942 53.92397 0.6945133 103.75265 13.620237 
nomask 0.00011241436 2.105686 164.13652 428.0 320.0 
nomask 0.0001077652 125.51101 97.19379 244.25334 151.24693 
mask 0.0001052022 5.3238845 0.0 69.46536 17.194048 
mask 0.000104665756 0.0 198.00266 164.99625 320.0 
nomask 0.00010085106 60.469795 6.974554 86.66132 31.258663 
mask 9.948015e-05 346.89334 204.7225 428.0 320.0 
mask 9.88245e-05 0.0 0.0 10.42119 18.349411 
nomask 9.6440315e-05 46.512238 176.25323 201.18248 320.0 
mask 9.393692e-05 408.92343 0.8928251 428.0 19.06131 
nomask 9.217858e-05 355.14777 35.65578 428.0 178.60512 
nomask 9.083748e-05 284.86188 0.0 428.0 159.94382 
mask 8.922815e-05 168.85616 0.01693368 310.9146 25.58743 
nomask 8.884072e-05 136.2214 182.67004 293.39148 320.0 
mask 8.85725e-05 288.53925 4.460411 332.77423 31.491657 
mask 8.755922e-05 196.32922 43.117847 428.0 320.0 
nomask 8.60095e-05 250.7454 20.978016 286.5973 51.653618 
nomask 8.568168e-05 130.35326 0.0 302.33328 120.72931 
nomask 8.442998e-05 313.90796 67.9362 428.0 244.77844 
mask 8.3088875e-05 5.9228044 0.15709639 94.75852 50.638027 
mask 7.4625015e-05 32.175613 0.0 79.24042 16.345928 
nomask 6.946921e-05 243.65907 8.118949 283.62903 37.103508 
nomask 6.791949e-05 0.0 188.78659 234.76338 320.0 
mask 6.67274e-05 352.27124 0.5165148 426.86978 86.873566 
mask 6.535649e-05 4.939292 169.87347 11.100315 218.3382 
nomask 6.28531e-05 114.41289 194.86235 374.21304 269.0875 
mask 5.915761e-05 5.3369875 4.900093 74.36176 100.48227 
mask 5.9068203e-05 150.6717 2.2821612 219.68544 13.458759 
nomask 5.90384e-05 314.34027 15.773058 428.0 179.22523 
mask 5.8799982e-05 289.95038 1.8821973 381.5833 8.309328 
nomask 5.7309866e-05 0.0 0.0 197.48988 186.36534 
nomask 5.605817e-05 37.04775 0.0 139.53178 46.04686 
nomask 5.5462122e-05 0.0 2.6532936 301.60028 133.09068 
nomask 5.5372715e-05 1.2719791 216.13043 11.988639 258.89304 
mask 5.51641e-05 0.0 93.84779 114.16943 320.0 
mask 5.5134296e-05 248.31927 254.13507 428.0 320.0 
nomask 5.438924e-05 248.31927 254.13507 428.0 320.0 
mask 5.3673983e-05 60.469795 6.974554 86.66132 31.258663 
mask 5.352497e-05 205.4924 3.5768323 273.9896 12.277856 
nomask 5.310774e-05 1.223924 44.213654 6.3193116 82.01413 
nomask 5.1617622e-05 376.45517 246.19525 428.0 320.0 
mask 5.0634146e-05 53.92397 0.6945133 103.75265 13.620237 
nomask 4.9591064e-05 325.8837 117.33574 428.0 320.0 
mask 4.938245e-05 0.0 233.46481 291.09467 320.0 
mask 4.7832727e-05 1.223924 44.213654 6.3193116 82.01413 
nomask 4.7653913e-05 0.0 0.0 10.42119 18.349411 
mask 4.7653913e-05 376.45517 246.19525 428.0 320.0 
nomask 4.7028065e-05 0.0 92.07442 152.83215 231.98943 
nomask 4.681945e-05 338.81552 86.45787 428.0 195.3265 
nomask 4.61936e-05 274.61145 290.5371 428.0 320.0 
mask 4.5388937e-05 274.61145 290.5371 428.0 320.0 
nomask 4.518032e-05 5.9228044 0.15709639 94.75852 50.638027 
nomask 4.476309e-05 407.0066 307.59555 428.0 320.0 
mask 4.428625e-05 146.12106 0.4179299 188.3535 31.765991 
mask 4.4226646e-05 347.53238 269.38553 428.0 318.1446 
mask 4.389882e-05 364.84058 7.0302677 428.0 160.8432 
nomask 4.3570995e-05 285.2332 28.799791 428.0 206.84143 
nomask 4.2796135e-05 233.95831 183.64743 428.0 284.84402 
mask 4.2557716e-05 46.512238 176.25323 201.18248 320.0 
nomask 4.172325e-05 231.2354 176.56822 269.31683 201.55682 
nomask 4.0858984e-05 0.0 233.46481 291.09467 320.0 
mask 4.053116e-05 285.2332 28.799791 428.0 206.84143 
mask 4.053116e-05 3.7328947 183.45511 10.685223 234.6044 
nomask 4.044175e-05 22.938465 0.0 144.45628 24.162428 
nomask 4.029274e-05 4.630743 200.41304 12.835521 249.11218 
mask 3.913045e-05 0.0 25.820343 4.310831 65.9417 
mask 3.886223e-05 295.34177 245.52835 428.0 320.0 
nomask 3.8653612e-05 338.2713 189.38629 428.0 320.0 
nomask 3.8176775e-05 266.55283 97.03835 356.84448 265.68527 
mask 3.784895e-05 69.82434 0.22416592 127.03328 13.106632 
