nomask 0.99999547 84.04582977294922 113.33731341362 272.2740173339844 359.2937591075897 
mask 0.0025646687 87.0560073852539 116.77365481853485 276.13067626953125 364.2433876991272 
nomask 0.0003489256 76.00292205810547 0.0 292.5437545776367 299.5725963115692 
nomask 0.00029239058 252.85480499267578 0.0 320.0 292.03783202171326 
nomask 0.00022259355 60.54583549499512 296.16810512542725 266.70230865478516 428.0 
mask 0.00020453334 39.58775520324707 194.9487348794937 318.15406799316406 427.3296275138855 
nomask 0.00019559264 0.0 0.0 149.72173690795898 258.2649416923523 
nomask 0.00017738342 34.55494403839111 237.5440592765808 150.12033462524414 428.0 
nomask 0.0001656115 104.4987678527832 140.26772570610046 320.0 428.0 
nomask 0.00016179681 180.3191375732422 140.78314566612244 320.0 285.5238564014435 
nomask 0.00016108155 83.31029891967773 257.07101130485535 279.67966079711914 362.5576093196869 
mask 0.00015896559 100.05160331726074 133.82034599781036 320.0 428.0 
nomask 0.00015330315 0.0 245.05785369873047 175.87553024291992 428.0 
nomask 0.00014936924 0.0 3.300298750400543 234.10058975219727 177.15596795082092 
nomask 0.00013497472 0.11114120483398438 219.04480934143066 314.3782615661621 427.15462350845337 
nomask 0.00012645125 173.2038688659668 250.79461765289307 198.55371475219727 283.54409170150757 
nomask 0.00012123585 227.79516220092773 253.03068923950195 320.0 428.0 
nomask 0.000117093325 195.51048278808594 1.0723268389701843 320.0 188.24836468696594 
nomask 0.00011447072 282.3686218261719 329.79354310035706 320.0 428.0 
nomask 0.00010755658 100.60295104980469 242.01849842071533 220.96275329589844 428.0 
mask 0.00010699034 1.106783002614975 137.62219321727753 5.052416920661926 209.03094494342804 
nomask 0.00010532141 1.106783002614975 137.62219321727753 5.052416920661926 209.03094494342804 
mask 0.00010251999 282.3686218261719 329.79354310035706 320.0 428.0 
mask 0.000101834536 180.55103302001953 308.173583984375 320.0 428.0 
mask 9.88543e-05 200.91304779052734 261.3965950012207 320.0 428.0 
mask 9.191036e-05 146.64227485656738 56.39997708797455 320.0 428.0 
mask 8.9854e-05 260.9008026123047 0.0 320.0 371.4919719696045 
mask 8.7827444e-05 0.0 312.8895082473755 220.55126190185547 428.0 
nomask 8.633733e-05 205.64142227172852 388.1161279678345 320.0 428.0 
mask 8.389354e-05 205.64142227172852 388.1161279678345 320.0 428.0 
nomask 8.326769e-05 180.55103302001953 308.173583984375 320.0 428.0 
nomask 8.293986e-05 68.12255859375 0.0 262.5302505493164 146.26417672634125 
mask 8.279085e-05 34.55494403839111 237.5440592765808 150.12033462524414 428.0 
nomask 8.144975e-05 28.87547492980957 291.6598641872406 204.44015502929688 428.0 
mask 8.049607e-05 0.0 0.0 149.72173690795898 258.2649416923523 
nomask 7.972121e-05 212.15608596801758 39.26022255420685 320.0 276.8928680419922 
mask 7.712841e-05 212.15608596801758 39.26022255420685 320.0 276.8928680419922 
mask 7.066131e-05 219.1588592529297 277.9494228363037 320.0 428.0 
nomask 7.06017e-05 231.75481796264648 17.16448724269867 320.0 254.17607259750366 
mask 6.982684e-05 28.87547492980957 291.6598641872406 204.44015502929688 428.0 
nomask 6.824732e-05 234.30564880371094 84.42639660835266 320.0 330.66218543052673 
nomask 6.7561865e-05 60.30204772949219 203.34036827087402 78.46553802490234 251.30524158477783 
nomask 6.5505505e-05 1.5337362885475159 115.91716837882996 5.215283632278442 188.84115886688232 
nomask 6.431341e-05 0.0 312.8895082473755 220.55126190185547 428.0 
nomask 6.392598e-05 0.0 377.6126732826233 320.0 428.0 
nomask 6.327033e-05 184.85488891601562 339.25235652923584 320.0 428.0 
nomask 6.303191e-05 160.29279708862305 22.03498136997223 277.6202964782715 303.58740758895874 
mask 6.246567e-05 252.85480499267578 0.0 320.0 292.03783202171326 
mask 6.181002e-05 0.0 119.22652983665466 80.42744636535645 428.0 
mask 5.978346e-05 0.0 377.6126732826233 320.0 428.0 
nomask 5.90384e-05 251.72941207885742 251.08283853530884 320.0 428.0 
nomask 5.7458878e-05 0.0 336.69956851005554 210.0235366821289 428.0 
nomask 5.6624413e-05 104.22351837158203 0.0 213.0745506286621 193.41922283172607 
mask 5.6177378e-05 60.54583549499512 296.16810512542725 266.70230865478516 428.0 
mask 5.6147575e-05 0.0 3.300298750400543 234.10058975219727 177.15596795082092 
mask 5.5462122e-05 1.5337362885475159 115.91716837882996 5.215283632278442 188.84115886688232 
nomask 5.492568e-05 62.97290802001953 218.13659977912903 84.4265365600586 269.539000749588 
mask 5.465746e-05 22.167658805847168 419.47750902175903 77.04344272613525 425.79193925857544 
mask 5.3197145e-05 60.32285690307617 181.14705419540405 115.32796859741211 325.81556940078735 
nomask 5.221367e-05 198.71967315673828 0.0 320.0 164.57261872291565 
nomask 5.054474e-05 158.24092864990234 251.66297936439514 186.61540985107422 283.2022216320038 
mask 5.0365925e-05 0.0 358.966685295105 93.49656105041504 426.423433303833 
nomask 5.015731e-05 0.0 0.0 80.29739379882812 312.0878572463989 
nomask 4.9173832e-05 60.32285690307617 181.14705419540405 115.32796859741211 325.81556940078735 
mask 4.5120716e-05 0.0 245.05785369873047 175.87553024291992 428.0 
nomask 4.425645e-05 45.36921501159668 185.2313313484192 66.59772872924805 234.24163675308228 
mask 4.3928623e-05 0.0 130.60744082927704 47.31729507446289 342.1821174621582 
nomask 4.3183565e-05 0.0 121.71745419502258 112.95562744140625 307.7879374027252 
mask 4.3153763e-05 195.51048278808594 1.0723268389701843 320.0 188.24836468696594 
nomask 4.2825937e-05 260.9008026123047 0.0 320.0 371.4919719696045 
nomask 4.0858984e-05 175.17417907714844 231.99168729782104 276.2644577026367 428.0 
nomask 3.9219856e-05 1.7191319167613983 92.87357974052429 5.788201689720154 159.15675497055054 
nomask 3.8594007e-05 48.273868560791016 199.11874103546143 67.85282135009766 251.4365200996399 
nomask 3.6984682e-05 172.16381072998047 0.0 283.70521545410156 197.4614199399948 
nomask 3.567338e-05 174.77092742919922 165.57822847366333 320.0 362.40640687942505 
mask 3.5375357e-05 5.292997360229492 418.5969786643982 59.201836585998535 424.8025288581848 
nomask 3.46601e-05 0.0 0.0 144.19113159179688 110.16884803771973 
mask 3.454089e-05 1.3017761707305908 416.37889218330383 15.432220697402954 428.0 
mask 3.412366e-05 0.12633517384529114 301.2281188964844 3.0444198846817017 338.2198328971863 
nomask 3.3587217e-05 36.01681709289551 0.0 147.30006217956543 200.05042052268982 
nomask 3.3468008e-05 168.7220573425293 243.08714532852173 320.0 377.4960889816284 
nomask 3.322959e-05 69.11839485168457 329.63216185569763 304.42081451416016 428.0 
mask 3.167987e-05 0.0 216.03828644752502 53.833627700805664 422.7237823009491 
mask 3.1530857e-05 0.0 259.81956911087036 124.33990478515625 428.0 
nomask 3.1352043e-05 0.0 37.723828971385956 138.26638221740723 197.20392680168152 
mask 3.0964613e-05 0.0 315.5130887031555 135.0866985321045 428.0 
mask 3.0755997e-05 239.99059677124023 238.78204679489136 320.0 428.0 
nomask 3.0636787e-05 2.687447667121887 76.90056109428406 7.238102555274963 140.19979047775269 
nomask 3.0606985e-05 0.0 324.9752185344696 2.2497712075710297 353.47775864601135 
mask 3.0368567e-05 2.687447667121887 76.90056109428406 7.238102555274963 140.19979047775269 
nomask 2.9861927e-05 166.77669525146484 0.0 320.0 115.33733367919922 
nomask 2.9832125e-05 0.0 0.0 78.75097274780273 202.32011532783508 
mask 2.9802322e-05 1.7191319167613983 92.87357974052429 5.788201689720154 159.15675497055054 
mask 2.9027462e-05 0.0 143.78043365478516 137.97432899475098 283.46151328086853 
mask 2.8908253e-05 0.0 336.69956851005554 210.0235366821289 428.0 
mask 2.8342009e-05 34.53099966049194 420.8925669193268 90.82525253295898 427.78915333747864 
mask 2.8342009e-05 0.0 232.50067853927612 134.25474166870117 389.75499200820923 
mask 2.7686357e-05 0.0 0.0 144.19113159179688 110.16884803771973 
mask 2.7358532e-05 0.0 174.71782541275024 3.083285391330719 252.59259247779846 
nomask 2.7298927e-05 0.0 174.71782541275024 3.083285391330719 252.59259247779846 
