nomask 0.99959254 0.2641543 0.0050168037 0.8273848 0.95459086 
mask 0.032677203 0.2641543 0.0050168037 0.8273848 0.95459086 
nomask 0.00052565336 0.031855136 0.8157165 0.77388716 1.0 
nomask 0.00050756335 0.2782143 0.6077462 0.67991304 1.0 
nomask 0.0005028546 0.59380424 0.14334336 0.75258374 0.45062515 
nomask 0.00048092008 0.0 0.0 0.7233398 0.42383477 
nomask 0.00045871735 0.70993817 0.17879423 1.0 0.9526626 
nomask 0.0004453361 0.0 0.7243091 0.58023334 1.0 
mask 0.00042420626 0.050786883 0.80254996 0.76935375 1.0 
nomask 0.00039884448 0.22619453 0.004219502 0.9450152 0.4281066 
nomask 0.00038820505 0.5964545 0.8035635 1.0 1.0 
nomask 0.00034588575 0.58951914 0.7090838 1.0 1.0 
mask 0.00034323335 0.65154135 0.63183963 1.0 1.0 
nomask 0.000333637 0.73003477 0.09448531 1.0 0.88949454 
nomask 0.00033003092 0.6390587 0.0 1.0 0.49429613 
nomask 0.00032114983 0.2980438 0.0 0.726199 0.513231 
mask 0.00030636787 0.5964545 0.8035635 1.0 1.0 
nomask 0.0002924204 0.17263758 0.7366924 0.8470316 1.0 
mask 0.00028279424 0.56438863 0.7505953 1.0 1.0 
mask 0.00027817488 0.9115609 0.0 1.0 1.0 
nomask 0.00027555227 0.70846355 0.5633452 1.0 1.0 
nomask 0.0002670288 0.28225175 0.79018116 0.62027097 1.0 
nomask 0.0002591014 0.5395391 0.40159804 1.0 0.89066833 
nomask 0.00024428964 0.1800701 0.0 0.84909993 0.26536226 
mask 0.00022408366 0.57210326 0.0 1.0 0.2534154 
mask 0.00022089481 0.6390587 0.0 1.0 0.49429613 
nomask 0.00022044778 0.791854 0.84570765 1.0 1.0 
nomask 0.00021868944 0.46055403 0.13069731 1.0 1.0 
nomask 0.00021341443 0.43739355 0.6393204 0.81881094 0.98858345 
nomask 0.00020855665 0.0 0.03162834 0.96792793 0.6492715 
nomask 0.00020721555 0.57210326 0.0 1.0 0.2534154 
mask 0.00020647049 0.46055403 0.13069731 1.0 1.0 
mask 0.00020322204 0.0 0.7695266 0.6251539 1.0 
nomask 0.00020182133 0.9080926 0.6626464 1.0 1.0 
nomask 0.00019708276 0.79618007 0.6259985 1.0 1.0 
nomask 0.00018927455 0.067849755 0.0 0.63750565 0.13227491 
mask 0.0001886189 0.791854 0.84570765 1.0 1.0 
mask 0.00018650293 0.0 0.0 0.648369 0.48838174 
nomask 0.00018522143 0.30006066 0.8478884 0.8109907 1.0 
nomask 0.00018388033 0.26771423 0.19683737 0.41686693 0.5779597 
mask 0.00017869473 0.9080926 0.6626464 1.0 1.0 
mask 0.00017619133 0.0 0.86654556 0.9982102 1.0 
nomask 0.0001731515 0.6229054 0.2694971 0.8022349 0.6465616 
mask 0.00016853213 0.067849755 0.0 0.63750565 0.13227491 
nomask 0.00016698241 0.24582693 0.77152073 0.91082335 1.0 
mask 0.00016313791 0.6085489 0.29462153 1.0 0.91508704 
mask 0.00016105175 0.7634002 0.6890591 1.0 1.0 
mask 0.00014671683 0.75489384 0.0 1.0 0.46768564 
nomask 0.00014331937 0.32525587 0.0 0.78776145 0.179587 
mask 0.0001424551 0.13505882 0.4599315 1.0 1.0 
nomask 0.00014033914 0.9115609 0.0 1.0 1.0 
mask 0.00014004111 0.6699327 0.0 1.0 0.3398015 
nomask 0.00013920665 0.7157392 0.07588139 1.0 0.6420803 
mask 0.00013843179 0.31347272 0.7529665 1.0 1.0 
nomask 0.00013822317 0.47378796 0.80163586 0.81491333 1.0 
nomask 0.00013518333 0.6437712 0.6942472 0.7930219 1.0 
nomask 0.00013184547 0.40059105 0.0 0.9886298 0.30088037 
mask 0.0001295805 0.72277284 0.0 1.0 0.7232862 
nomask 0.00012645125 0.7736012 0.0 1.0 0.70662826 
mask 0.0001245141 0.0 0.0 0.6936152 0.25409132 
nomask 0.00012415648 0.656293 0.044247717 0.78316814 0.40030202 
mask 0.00012356826 0.3126605 0.31266806 1.0 1.0 
nomask 0.00012356731 0.3126605 0.31266806 1.0 1.0 
mask 0.00012168288 0.7544066 0.50953275 1.0 1.0 
nomask 0.00012165308 0.5549003 0.33409286 1.0 0.66930175 
mask 0.00012123585 0.32525587 0.0 0.78776145 0.179587 
nomask 0.00011983514 0.75489384 0.0 1.0 0.46768564 
nomask 0.00011968613 0.0 0.7255378 0.6159154 1.0 
mask 0.00011751056 0.83303285 0.056363344 1.0 0.83665127 
mask 0.000116199255 0.0 0.7531264 0.70017856 1.0 
nomask 0.00011587143 0.13505882 0.4599315 1.0 1.0 
nomask 0.00011521578 0.31352472 0.0 0.5950662 0.31371725 
nomask 0.00011488795 0.6699327 0.0 1.0 0.3398015 
nomask 0.000113874674 0.5566915 0.017631054 0.70601034 0.4121681 
mask 0.00011241436 0.77367336 0.1827968 1.0 1.0 
nomask 0.000111699104 0.2989521 0.7274908 0.7498175 0.9393797 
nomask 0.00011140108 0.643098 0.17792962 0.78901255 0.53843963 
nomask 0.00010943413 0.58646137 0.6926952 0.744415 0.9879171 
nomask 0.000103503466 0.004639238 0.0 0.61935496 0.27910006 
mask 0.00010320544 0.77365017 0.06573659 1.0 0.9642193 
mask 0.000102669 0.04920301 0.0 0.5551845 0.32643333 
mask 0.00010043383 0.06248647 0.0 0.42761406 0.22417736 
nomask 9.9778175e-05 0.0 0.0 0.27499098 0.41456813 
nomask 9.614229e-05 0.5405178 0.4994312 0.85646343 1.0 
nomask 9.2417e-05 0.6629947 0.35741952 1.0 0.9926219 
nomask 9.196997e-05 0.50045675 0.078566074 1.0 0.35813546 
mask 9.149313e-05 0.5606173 0.5560631 1.0 0.9062105 
mask 9.056926e-05 0.48523077 0.85920024 1.0 1.0 
nomask 8.916855e-05 0.0 0.0 0.42150718 0.25476682 
nomask 8.752942e-05 0.17847374 0.84632814 0.50913715 0.99448 
mask 8.663535e-05 0.5914623 0.0 0.92822665 0.21711448 
nomask 8.636713e-05 0.5025847 0.8452734 0.8016739 0.99350536 
nomask 8.59499e-05 0.0 0.012164891 0.3493394 0.62697715 
mask 8.4638596e-05 0.501443 0.0 1.0 0.14295788 
nomask 8.431077e-05 0.8245802 0.0 1.0 0.5430688 
nomask 8.395314e-05 0.25835225 0.9777842 0.44027176 1.0 
nomask 8.34167e-05 0.10986735 0.56813717 0.47706026 1.0 
nomask 7.984042e-05 0.23071718 0.49318177 0.7930765 1.0 
nomask 7.921457e-05 0.30969006 0.20678903 0.48520195 0.5477356 
mask 7.921457e-05 0.40059105 0.0 0.9886298 0.30088037 
