nomask 0.9999964 107.64171 69.80595 342.46466 283.905 
mask 0.0055178404 103.95532 70.99865 342.5389 287.8053 
nomask 0.0024737418 291.55478 1.8072643 336.23718 8.312181 
nomask 0.0008456409 410.31815 25.69745 426.72958 61.291245 
nomask 0.0007086098 366.82516 127.95147 421.69086 250.52899 
nomask 0.0004621446 310.72556 6.701174 421.8123 141.69522 
nomask 0.00045457482 0.0 0.0 116.89579 51.16889 
nomask 0.00040599704 104.572 146.44934 189.8692 241.92809 
nomask 0.0003710091 285.2069 12.201653 428.0 192.10623 
nomask 0.00032669306 366.50735 23.891544 428.0 215.69452 
mask 0.00030839443 410.31815 25.69745 426.72958 61.291245 
nomask 0.0003028512 5.9852614 98.112854 61.09742 216.88666 
nomask 0.00025463104 419.09857 177.95403 425.87653 232.70088 
nomask 0.00024309754 272.0881 0.0 315.02368 6.3228917 
nomask 0.00024300814 251.40083 3.0987263 428.0 145.29971 
nomask 0.0002412498 311.11667 2.0960333 358.83826 7.7365055 
nomask 0.0002373159 0.0 2.4007082 312.13348 136.35376 
nomask 0.00022661686 349.07355 120.474014 403.85553 226.38766 
nomask 0.00021919608 278.51166 0.0 428.0 127.35111 
nomask 0.0002026856 420.8038 167.00682 426.18427 219.82687 
mask 0.00020110607 291.55478 1.8072643 336.23718 8.312181 
nomask 0.00019085407 0.0 0.0 202.17712 190.68742 
nomask 0.0001860559 330.49066 38.394375 428.0 258.7116 
nomask 0.00017079711 196.13588 41.075268 428.0 320.0 
nomask 0.00016853213 28.085554 0.0 88.81937 7.9528785 
mask 0.00016838312 196.13588 41.075268 428.0 320.0 
mask 0.00016200542 316.5747 2.8017497 428.0 59.14933 
nomask 0.00015878677 0.8116929 134.23132 6.361313 181.00252 
nomask 0.00015547872 232.78577 143.71808 330.08813 253.84895 
nomask 0.00015467405 388.4711 207.76367 428.0 320.0 
mask 0.00014799833 388.4711 207.76367 428.0 320.0 
mask 0.00014615059 54.422764 146.09148 428.0 320.0 
nomask 0.00014275312 88.00114 162.7196 160.10027 260.46887 
nomask 0.00014060736 22.805325 100.37106 79.88264 209.226 
nomask 0.00013843179 410.62225 10.101075 426.11786 50.466633 
nomask 0.00013616681 256.0101 226.10788 428.0 320.0 
nomask 0.00013270974 335.6705 0.0 428.0 219.89697 
mask 0.00013235211 0.0 4.2954874 2.7449331 65.8228 
nomask 0.00013136864 252.07643 103.49178 428.0 211.96397 
nomask 0.0001295209 0.0 0.0 185.34889 81.81857 
nomask 0.00012937188 204.28561 273.36795 344.06262 319.39844 
nomask 0.00012856722 338.59302 273.5949 428.0 320.0 
mask 0.00012543797 28.085554 0.0 88.81937 7.9528785 
mask 0.00012299903 133.81917 100.05414 428.0 320.0 
nomask 0.00012299798 133.81917 100.05414 428.0 320.0 
mask 0.00012257695 275.35153 289.9501 428.0 320.0 
mask 0.00011628866 245.37689 235.52365 428.0 320.0 
mask 0.00011381507 361.0547 0.0 428.0 293.78662 
mask 0.000111073256 251.40083 3.0987263 428.0 145.29971 
nomask 0.000110954046 0.0 237.90358 289.6465 320.0 
mask 0.000110358 410.62225 10.101075 426.11786 50.466633 
nomask 0.00010970235 252.42853 254.97922 428.0 320.0 
nomask 0.00010612607 316.5747 2.8017497 428.0 59.14933 
nomask 0.00010597706 54.422764 146.09148 428.0 320.0 
nomask 0.000105291605 0.0 0.0 104.29702 228.363 
nomask 0.00010249019 416.32993 188.11353 424.86337 252.64377 
nomask 0.00010237098 34.76206 3.4549367 78.10583 37.438488 
nomask 9.968877e-05 0.0 244.95354 265.33835 320.0 
nomask 9.6172094e-05 263.67062 19.933773 398.2857 132.79417 
mask 9.584427e-05 252.42853 254.97922 428.0 320.0 
nomask 9.331107e-05 285.6444 29.595041 428.0 207.09679 
nomask 9.256601e-05 43.923714 150.41309 69.151695 189.84618 
nomask 9.1671944e-05 42.66891 220.30327 279.88394 320.0 
nomask 9.098649e-05 375.88892 0.0 428.0 320.0 
nomask 9.050965e-05 278.02985 100.8327 428.0 291.45322 
mask 8.997321e-05 332.50864 2.0073285 390.81967 8.728758 
nomask 8.830428e-05 0.0 0.0 122.656586 25.107101 
nomask 8.794665e-05 95.72322 0.0 336.65402 114.212524 
mask 8.699298e-05 285.6444 29.595041 428.0 207.09679 
nomask 8.6426735e-05 404.08636 2.5505729 428.0 20.716036 
nomask 8.4877014e-05 17.865625 0.0 240.17754 112.59126 
nomask 8.416176e-05 302.00616 0.956223 428.0 24.087608 
nomask 8.291006e-05 248.06654 0.0 428.0 87.771454 
nomask 8.177757e-05 306.38547 67.63159 428.0 147.59737 
mask 8.1688166e-05 0.0 0.0 273.35596 154.92494 
nomask 8.124113e-05 404.68362 139.96507 423.9682 264.41464 
mask 8.0645084e-05 301.3965 0.0 428.0 131.63354 
nomask 8.058548e-05 303.5409 193.10367 428.0 320.0 
nomask 8.010864e-05 332.50864 2.0073285 390.81967 8.728758 
nomask 7.95722e-05 0.0 121.39683 5.740459 169.177 
nomask 7.906556e-05 0.0 29.665852 186.18124 148.16306 
nomask 7.838011e-05 106.83368 191.0506 328.0401 320.0 
nomask 7.5787306e-05 0.0 0.0 125.07346 49.734634 
nomask 7.5519085e-05 197.69241 74.67794 333.5201 229.98344 
nomask 7.510185e-05 52.958195 185.54079 201.90561 320.0 
nomask 7.507205e-05 96.21484 0.0 383.38153 163.25015 
nomask 7.465482e-05 175.11148 206.22702 332.62616 277.3931 
nomask 7.4505806e-05 298.71646 29.815678 428.0 112.63666 
nomask 7.399917e-05 0.0 282.28918 428.0 320.0 
mask 7.158518e-05 0.0 282.28918 428.0 320.0 
mask 7.095933e-05 42.66891 220.30327 279.88394 320.0 
nomask 7.0244074e-05 141.41614 0.0 285.7297 147.19006 
mask 6.997585e-05 320.09824 0.84894776 428.0 28.569193 
mask 6.937981e-05 0.0 305.75677 21.575426 320.0 
mask 6.92606e-05 0.0 237.90358 289.6465 320.0 
mask 6.7174435e-05 373.9675 2.2234178 428.0 19.63196 
nomask 6.7055225e-05 337.7284 82.23511 428.0 208.57748 
nomask 6.6787004e-05 214.50983 295.35822 364.4502 318.701 
mask 6.636977e-05 0.0 0.0 116.89579 51.16889 
nomask 6.613135e-05 339.04123 195.39452 428.0 320.0 
