nomask 0.9999907 339.17206 338.4156 1513.1973 881.7711 
mask 0.29271823 339.17206 338.4156 1513.1973 881.7711 
mask 0.019896358 1288.8574 7.3763094 1452.4795 89.55372 
mask 0.0011168122 1971.8773 127.31485 2008.76 315.91324 
nomask 0.00095552206 0.0 644.0595 926.28973 1196.0 
nomask 0.00080910325 4.3239365 259.38214 68.249565 511.31592 
nomask 0.00059196353 0.0 0.0 881.5447 752.39185 
mask 0.00057947636 1482.0015 4.805496 1668.4521 38.557396 
mask 0.00057291985 1340.5186 0.0 1533.5822 65.10553 
nomask 0.0005468726 1356.3229 0.0 2011.0 727.35455 
mask 0.00052565336 1198.3423 0.0 1656.6998 92.15363 
nomask 0.00042065978 11.424196 214.09427 101.39428 569.54486 
mask 0.0004017651 1964.1935 159.9177 1999.859 378.92288 
nomask 0.00038337708 16.39288 178.06253 199.60866 540.6082 
mask 0.00035521388 0.0 644.0595 926.28973 1196.0 
mask 0.00034800172 1585.2958 0.0 1849.8119 25.193832 
mask 0.00032541156 1743.117 4.3480597 2001.33 42.568466 
nomask 0.00030717254 1542.6421 705.7787 2011.0 1196.0 
nomask 0.00026357174 1235.7335 829.5471 2011.0 1196.0 
mask 0.0002629757 264.46906 547.84955 2011.0 1196.0 
mask 0.00025999546 1471.2843 455.68314 2011.0 1193.3099 
mask 0.0002578497 5.96046 296.15216 69.328865 486.1563 
mask 0.00025594234 1311.05 751.50867 2011.0 1196.0 
nomask 0.0002526641 9.303308 218.06168 57.63706 406.67664 
mask 0.00024238229 1910.6085 5.8376627 2011.0 56.396008 
mask 0.00023582578 1087.2097 750.5101 2011.0 1152.6946 
mask 0.00023409724 0.0 493.85605 39.163773 704.47894 
nomask 0.00023061037 660.0187 393.63205 2011.0 1196.0 
mask 0.00022995421 628.75946 373.94583 2011.0 1196.0 
nomask 0.00022986531 247.0538 385.49692 1005.26764 1152.2007 
nomask 0.00022259355 0.0 464.43515 772.5645 1196.0 
nomask 0.00022035837 1974.6827 90.869606 2011.0 294.63287 
nomask 0.00020316243 594.05853 378.59766 1671.8693 706.0487 
mask 0.00019434094 1319.7313 947.3152 2011.0 1196.0 
nomask 0.00019291043 1284.6736 354.1033 2011.0 1107.031 
nomask 0.00019186735 13.897981 614.7013 2011.0 1196.0 
mask 0.00019116665 1031.6135 10.791663 2011.0 1196.0 
mask 0.00019070506 1961.7996 18.21254 2007.3417 222.3802 
nomask 0.00018882751 1976.6929 439.11362 2011.0 634.93097 
nomask 0.00017410517 0.0 343.12732 750.9413 850.619 
nomask 0.00015863776 584.9535 770.9443 1855.1064 1196.0 
mask 0.00015714765 0.0 17.864027 587.486 235.79869 
nomask 0.00015705824 0.0 0.0 549.52106 450.97205 
mask 0.00015226007 1920.2816 87.922455 2006.1992 511.53467 
nomask 0.00014972687 601.47327 603.7855 1399.6317 839.1352 
nomask 0.00013789535 1003.04315 278.1343 1499.8848 874.8772 
nomask 0.0001321435 37.591682 306.3078 198.90477 479.21643 
nomask 0.00012946129 0.0 493.85605 39.163773 704.47894 
nomask 0.00012469292 22.414715 207.97888 819.08374 1061.7784 
mask 0.00012210011 1250.1984 0.0 1907.0851 75.22935 
nomask 0.00012022257 0.0 656.1371 521.68353 1196.0 
nomask 0.000118643045 1820.9628 776.6483 2011.0 1196.0 
nomask 0.00011819601 0.0 735.2139 912.1142 1196.0 
mask 0.0001180768 1773.7338 0.0 2011.0 1196.0 
mask 0.000117987394 1976.6929 439.11362 2011.0 634.93097 
nomask 0.00011533499 1585.2958 0.0 1849.8119 25.193832 
nomask 0.00011268258 1773.7338 0.0 2011.0 1196.0 
nomask 0.000111311674 353.74307 311.98767 1490.7438 619.863 
mask 0.00010949373 1820.9628 776.6483 2011.0 1196.0 
mask 0.00010880828 1002.8671 872.82983 2011.0 1196.0 
nomask 0.00010854006 1120.1842 398.8005 2011.0 782.8968 
mask 0.00010636449 1208.2708 4.686362 1393.258 58.178303 
mask 0.00010544062 0.0 0.0 881.5447 752.39185 
mask 0.00010293722 9.303308 218.06168 57.63706 406.67664 
mask 0.000102460384 0.18345985 514.2818 27.721016 769.6622 
mask 0.000102221966 9.703921 1151.2428 315.61804 1196.0 
mask 9.9271536e-05 1591.3776 0.0 2011.0 181.01878 
mask 9.8884106e-05 1042.8364 656.47327 2011.0 1089.2506 
nomask 9.6827745e-05 1594.5347 1021.8159 2011.0 1196.0 
mask 9.512901e-05 1643.2101 0.0 1928.6555 33.074417 
nomask 9.444356e-05 230.0181 0.0 915.3749 511.1064 
nomask 9.4264746e-05 1504.6138 228.05467 2011.0 998.7015 
nomask 9.3609095e-05 0.0 0.0 838.4339 311.26938 
mask 9.295344e-05 1295.8467 1083.1243 2011.0 1196.0 
nomask 9.250641e-05 907.14105 488.8206 2011.0 794.47424 
nomask 9.2208385e-05 1244.808 969.52966 2011.0 1196.0 
mask 8.85129e-05 1284.6736 354.1033 2011.0 1107.031 
nomask 8.800626e-05 0.0 660.7846 910.5189 1100.5585 
nomask 8.556247e-05 38.39388 270.8295 215.70825 414.74307 
nomask 8.183718e-05 696.4365 296.0279 1750.9315 566.50146 
mask 8.1151724e-05 1569.6494 0.0 2011.0 800.6056 
nomask 8.08239e-05 1476.2745 620.1578 2011.0 1196.0 
mask 8.0764294e-05 1120.8833 520.01776 1945.2319 1076.3048 
nomask 8.058548e-05 1521.045 117.53427 1611.0889 183.06741 
mask 7.867813e-05 1115.4786 4.3418155 2011.0 541.9445 
nomask 7.802248e-05 0.0 17.864027 587.486 235.79869 
nomask 7.635355e-05 0.0 880.4003 1032.2808 1196.0 
mask 7.548928e-05 969.7471 695.40936 1894.6985 1196.0 
nomask 7.537007e-05 1482.0015 4.805496 1668.4521 38.557396 
nomask 7.456541e-05 1338.7979 111.204575 2011.0 774.04846 
nomask 7.44462e-05 902.7246 372.11746 2008.3385 674.1955 
mask 7.280707e-05 1081.4355 2.0855436 1269.4271 43.11087 
nomask 7.119775e-05 0.0 88.11146 678.98285 604.23267 
nomask 7.104874e-05 716.2013 0.0 1639.69 866.8722 
mask 7.009506e-05 0.0 1138.7649 129.58241 1196.0 
mask 6.9856644e-05 1338.7979 111.204575 2011.0 774.04846 
mask 6.9618225e-05 884.53125 0.0 1484.0117 83.051216 
nomask 6.958842e-05 1204.3472 1093.2604 2011.0 1166.1401 
mask 6.9230795e-05 0.0 1045.4338 2011.0 1196.0 
nomask 6.851554e-05 0.0 523.92596 248.2346 1196.0 
