nomask 0.99529505 471.13388 222.60237 2098.9739 830.5851 
mask 0.08682495 472.13196 234.86038 2079.829 841.7609 
nomask 0.0017989576 2198.4434 263.5392 2279.0 404.25256 
nomask 0.0012875795 0.0 0.0 1051.2517 719.4118 
mask 0.0010764897 0.0 0.0 744.3389 218.8682 
mask 0.0005919337 2198.4434 263.5392 2279.0 404.25256 
mask 0.00056415796 27.52366 0.0 439.32248 287.73758 
mask 0.0005220771 1852.2838 9.363903 2279.0 1050.9723 
nomask 0.00051653385 1711.32 0.0 2279.0 736.69086 
nomask 0.0004962683 114.95294 306.9277 434.116 652.17773 
nomask 0.00044170022 2011.279 923.82733 2279.0 1184.0 
nomask 0.00043961406 0.0 738.0402 1135.164 1184.0 
nomask 0.0004377663 1339.8728 329.85916 2279.0 859.4994 
nomask 0.00042945147 1749.8324 660.7485 2279.0 1184.0 
nomask 0.00042882562 1042.363 156.97957 2279.0 1184.0 
nomask 0.0004016161 327.98743 190.11707 1144.7421 1009.53796 
nomask 0.00040075183 1436.376 90.18914 2279.0 613.27277 
mask 0.00038397312 1042.363 156.97957 2279.0 1184.0 
nomask 0.00036633015 1085.46 16.293146 2015.6207 834.8123 
nomask 0.00036519766 13.334753 221.85973 314.03833 703.00494 
mask 0.00035703182 2011.279 923.82733 2279.0 1184.0 
mask 0.00035503507 1642.7072 461.00992 2279.0 1184.0 
nomask 0.0003450513 1300.1385 942.54065 2279.0 1184.0 
mask 0.000336051 277.0235 366.42337 1109.3163 1184.0 
mask 0.00033172965 1300.1385 942.54065 2279.0 1184.0 
mask 0.00032830238 1749.8324 660.7485 2279.0 1184.0 
nomask 0.00030845404 1356.224 11.030388 2279.0 538.3148 
mask 0.00030755997 0.0 1043.4473 2279.0 1184.0 
nomask 0.00030058622 700.1545 762.97015 2063.324 1184.0 
nomask 0.000297755 0.0 1043.4473 2279.0 1184.0 
nomask 0.00028061867 1543.1548 95.082016 2279.0 771.6544 
mask 0.00027352571 291.54218 541.84827 2279.0 1184.0 
nomask 0.00027272105 2218.1262 278.4622 2279.0 487.69107 
nomask 0.00026991963 1933.7297 269.52292 2279.0 784.0038 
nomask 0.00026854873 1480.3241 1071.7161 2279.0 1184.0 
nomask 0.00026401877 214.62233 961.891 1922.9624 1184.0 
mask 0.00025516748 1480.3241 1071.7161 2279.0 1184.0 
mask 0.00024610758 0.0 0.0 942.99304 835.63464 
nomask 0.00024139881 386.37253 248.85725 1843.115 597.1831 
nomask 0.00023797154 33.024734 158.7692 508.91098 664.87195 
nomask 0.00023686886 569.88684 98.00157 2265.5916 615.49994 
mask 0.00023275614 1777.3811 0.0 2279.0 810.9568 
nomask 0.00023204088 1765.0132 0.0 2279.0 791.07587 
nomask 0.00022467971 0.0 938.7648 1544.5201 1184.0 
nomask 0.00022244453 28.023146 243.74527 141.58325 820.87866 
nomask 0.00021746755 0.0 213.47556 609.15015 968.79926 
nomask 0.00021532178 0.0 10.960962 1638.153 507.34378 
nomask 0.00021457672 2224.959 226.97275 2279.0 381.63516 
nomask 0.00021418929 2154.1367 217.41713 2279.0 597.31665 
mask 0.00021418929 0.0 0.0 1537.7422 295.12595 
nomask 0.00021076202 11.293925 607.2865 2279.0 1184.0 
mask 0.00020822883 1933.7297 269.52292 2279.0 784.0038 
nomask 0.00020194054 1253.2382 0.0 2279.0 301.10483 
nomask 0.00020116568 286.4669 0.0 2053.3533 308.64075 
mask 0.00020071864 233.41185 833.28577 1504.5498 1184.0 
nomask 0.00020062923 1206.4396 450.68726 2279.0 981.5065 
mask 0.00019637785 712.5513 370.20047 2279.0 1184.0 
nomask 0.00019637636 712.5513 370.20047 2279.0 1184.0 
mask 0.0001962781 1096.0165 387.21155 2279.0 781.2322 
nomask 0.00019416213 0.0 184.27148 914.2686 1113.8262 
mask 0.00019037724 0.0 660.9698 1012.6537 1184.0 
nomask 0.0001886785 1453.1761 0.0 2279.0 419.94644 
mask 0.00018242002 1765.0132 0.0 2279.0 791.07587 
mask 0.00018131733 0.22779562 5.2388873 46.889233 198.00218 
nomask 0.00018042326 1642.7072 461.00992 2279.0 1184.0 
nomask 0.0001744628 1719.6769 0.0 2279.0 536.26483 
mask 0.00016880035 1176.6675 119.98328 2279.0 542.72046 
nomask 0.00016859174 0.0 49.27898 686.56866 655.6087 
mask 0.00016456842 1622.1952 322.33926 2279.0 1140.8544 
nomask 0.00016438961 1229.7239 0.0 1995.8666 575.00916 
mask 0.00016367435 2154.1367 217.41713 2279.0 597.31665 
mask 0.00015997887 386.37253 248.85725 1843.115 597.1831 
mask 0.00015845895 0.0 0.0 1394.0386 148.60947 
nomask 0.00015601516 0.0 432.15314 2025.2094 969.77167 
nomask 0.00014853477 0.0 327.25354 837.00146 851.4057 
nomask 0.00014832616 1723.8212 181.95917 2279.0 1176.5392 
nomask 0.00014799833 279.95923 0.0 1030.2778 542.8575 
mask 0.00014767051 2044.8341 114.42168 2279.0 742.00256 
nomask 0.00014701486 1943.4524 51.315018 2279.0 538.1865 
mask 0.00013440847 0.0 316.14224 544.0577 1184.0 
nomask 0.00013399124 2044.8341 114.42168 2279.0 742.00256 
mask 0.0001296103 0.0 938.7648 1544.5201 1184.0 
mask 0.00012642145 1989.5924 419.3875 2279.0 1106.508 
nomask 0.000120550394 41.477295 354.28815 517.32355 908.3975 
mask 0.00011995435 2218.1262 278.4622 2279.0 487.69107 
mask 0.000117599964 1253.2382 0.0 2279.0 301.10483 
nomask 0.00011667609 2021.4111 324.06317 2279.0 1025.9686 
mask 0.000116199255 279.95923 0.0 1030.2778 542.8575 
mask 0.00011467934 0.0 396.1341 1011.3202 780.1094 
nomask 0.0001142025 756.33563 0.0 1502.8856 579.2193 
mask 0.00011241436 0.0 653.9276 1042.3536 1085.779 
mask 0.00011226535 1169.5516 665.86707 2279.0 1085.8088 
mask 0.000112086535 0.0 879.95215 1870.6276 1169.3429 
mask 0.000111967325 86.01175 0.0 1341.1686 404.94946 
nomask 0.00011044741 86.01175 0.0 1341.1686 404.94946 
mask 0.00010728836 114.95294 306.9277 434.116 652.17773 
nomask 0.00010663271 1999.7069 0.0 2279.0 1184.0 
nomask 0.00010627508 1571.5131 377.30225 2279.0 656.9088 
nomask 0.00010585785 240.87729 644.7524 1078.9705 1184.0 
nomask 0.000105232 1801.2997 451.47385 2279.0 866.4802 
