nomask 0.999985 0.18944511 0.20308915 0.7991147 0.8862339 
mask 0.004181206 0.1883997 0.20656818 0.79805183 0.8852473 
nomask 0.00054737926 0.9816409 0.3344298 1.0 0.47001523 
nomask 0.00044807792 0.090767026 0.0 0.92734075 0.26536113 
mask 0.00029459596 0.88774616 0.0 1.0 1.0 
nomask 0.00029411912 0.59241045 0.00541538 1.0 0.4435363 
mask 0.00021004677 0.13645792 0.4603684 1.0 1.0 
nomask 0.00020164251 0.03562039 0.0 0.66730696 0.33747947 
nomask 0.0001886189 0.32895982 0.32967484 1.0 1.0 
nomask 0.00018495321 0.8533166 0.27823216 0.91004103 0.36402792 
mask 0.00018435692 0.31265783 0.31266457 1.0 1.0 
nomask 0.00018402934 0.88774616 0.0 1.0 1.0 
nomask 0.00018155575 0.7873009 0.0 1.0 0.68315125 
mask 0.00017642975 0.9816409 0.3344298 1.0 0.47001523 
nomask 0.00016862154 0.68999445 0.08266169 1.0 0.643792 
nomask 0.00016382337 0.009858251 0.5161251 1.0 1.0 
mask 0.00015872717 0.011353925 0.0 0.42701405 0.7385943 
mask 0.00015607476 0.59241045 0.00541538 1.0 0.4435363 
nomask 0.00015449524 0.14106232 0.01501891 0.9579577 0.4660366 
nomask 0.00014841557 0.011353925 0.0 0.42701405 0.7385943 
nomask 0.00014805794 0.9029924 0.6474862 1.0 1.0 
nomask 0.00014802814 0.5837352 0.797879 1.0 1.0 
mask 0.00014543533 0.68999445 0.08266169 1.0 0.643792 
mask 0.00014126301 0.0 0.008294582 0.7376024 0.4215932 
mask 0.00013634562 0.5837352 0.797879 1.0 1.0 
mask 0.00013548136 0.9029924 0.6474862 1.0 1.0 
nomask 0.00013455749 0.023403019 0.0 0.8095645 0.13022014 
nomask 0.00013443828 0.0 0.6439358 0.5899757 1.0 
nomask 0.00013265014 0.6453768 0.9065821 1.0 1.0 
mask 0.00013202429 0.6453768 0.9065821 1.0 1.0 
nomask 0.00013196468 0.65900886 0.31592336 1.0 0.9115678 
nomask 0.00012329221 0.79246783 0.6104268 1.0 1.0 
mask 0.00012236834 0.0 0.7358198 0.4242645 1.0 
nomask 0.00012046099 0.101283744 0.6152109 0.48242146 1.0 
nomask 0.00011241436 0.97940534 0.28581873 0.9971176 0.42037734 
mask 0.000112235546 0.9854881 0.55947644 1.0 0.74302894 
mask 0.000111073256 0.79246783 0.6104268 1.0 1.0 
mask 0.00011104345 0.069671035 0.0 0.94218695 0.25026232 
nomask 0.00010916591 0.6349443 0.077881604 1.0 0.5073776 
nomask 0.00010898709 0.7134732 0.57414055 1.0 1.0 
nomask 0.000102072954 0.0 0.022799611 0.27190685 0.6029856 
nomask 0.00010034442 0.0 0.6281407 0.36761287 1.0 
nomask 9.581447e-05 0.0 0.0 0.24262393 0.45132482 
mask 9.499512e-05 0.5141273 0.011263788 1.0 1.0 
nomask 9.36985e-05 0.0 0.7358198 0.4242645 1.0 
nomask 9.188056e-05 0.0 0.0 0.4706191 0.25073817 
mask 9.062886e-05 0.05322343 0.8422904 0.8904076 1.0 
mask 8.952618e-05 0.5787878 0.73851174 1.0 1.0 
mask 8.845329e-05 0.7873009 0.0 1.0 0.68315125 
nomask 8.76733e-05 0.5141273 0.011263788 1.0 1.0 
nomask 8.639693e-05 0.7789107 0.111762136 1.0 0.96654844 
nomask 8.544326e-05 0.6573946 0.4019621 1.0 1.0 
nomask 8.419156e-05 0.0 0.86338854 1.0 1.0 
nomask 8.2850456e-05 0.0 0.32970226 0.0026646163 0.45644027 
nomask 8.21352e-05 0.098098665 0.7511699 0.67845833 1.0 
nomask 8.189678e-05 0.23922741 0.62199366 0.75962466 1.0 
nomask 8.133054e-05 0.5787878 0.73851174 1.0 1.0 
nomask 8.1300735e-05 0.0 0.20035619 0.25990224 0.80079335 
nomask 8.097291e-05 0.0 0.0 0.21481466 0.22037347 
mask 8.0794096e-05 0.0 0.6281407 0.36761287 1.0 
nomask 8.070469e-05 0.9802191 0.12383817 0.9941199 0.24953191 
mask 7.5399876e-05 0.38767081 0.0 1.0 0.15114883 
nomask 7.355213e-05 0.73555976 0.20511839 1.0 0.81586266 
nomask 7.343292e-05 0.9854881 0.55947644 1.0 0.74302894 
nomask 7.253885e-05 0.092285804 0.1954376 0.15729275 0.28458664 
mask 7.2181225e-05 0.7134732 0.57414055 1.0 1.0 
nomask 7.158518e-05 0.12601422 0.0 0.46084726 0.46231866 
nomask 6.848574e-05 0.8479461 0.24337746 0.9081438 0.32325605 
mask 6.660819e-05 0.48674065 0.0 1.0 0.25974962 
nomask 6.622076e-05 0.48674065 0.0 1.0 0.25974962 
nomask 6.553531e-05 0.00021968875 0.23563981 0.010100055 0.368437 
nomask 6.3985586e-05 0.0 0.4247089 0.00405097 0.57323766 
mask 6.005168e-05 0.97940534 0.28581873 0.9971176 0.42037734 
nomask 5.850196e-05 0.0 0.1834484 0.0067934263 0.32636157 
mask 5.7578087e-05 0.023403019 0.0 0.8095645 0.13022014 
mask 5.64754e-05 0.0 0.32970226 0.0026646163 0.45644027 
nomask 5.438924e-05 0.0002180892 0.4727679 0.011738788 0.6176289 
nomask 5.298853e-05 0.12647708 0.2297434 0.3689416 0.4103896 
nomask 5.2899122e-05 0.33100325 0.0 0.8321633 0.7771958 
nomask 5.2571297e-05 0.58147347 0.32147068 1.0 0.6605683 
nomask 5.00679e-05 0.093761824 0.2376961 0.15213443 0.32874689 
nomask 4.9561262e-05 0.33209443 0.0 0.6643931 0.4761082 
nomask 4.8190355e-05 0.35391015 0.658117 0.8439552 1.0 
mask 4.7832727e-05 0.12680449 0.5696752 0.4651906 1.0 
nomask 4.7534704e-05 0.69593555 0.75510013 1.0 1.0 
nomask 4.7445297e-05 0.0 0.73426783 0.68978333 1.0 
mask 4.6551228e-05 0.013140634 0.6341473 0.25431174 0.9949242 
nomask 4.592538e-05 0.0 0.328561 0.43235472 0.6599452 
mask 4.5627356e-05 0.9497071 0.0023505427 1.0 0.063965544 
nomask 4.5001507e-05 0.0865485 0.14691448 0.30803564 0.3059673 
nomask 4.4614077e-05 0.576067 0.5587613 1.0 0.89524287 
mask 4.3690205e-05 0.97752064 0.60423434 0.9949227 0.76813483 
nomask 4.3600798e-05 0.15851241 0.43330246 0.33139366 0.7511198 
nomask 4.3541193e-05 0.0 0.09593342 0.43832836 0.45444793 
nomask 4.2945147e-05 0.8917368 0.28423357 0.9597483 0.37436253 
mask 4.2945147e-05 0.7750298 0.7700935 1.0 1.0 
mask 4.2766333e-05 0.0 0.1834484 0.0067934263 0.32636157 
mask 4.2647123e-05 0.65900886 0.31592336 1.0 0.9115678 
mask 4.1544437e-05 0.0 0.0 0.4706191 0.25073817 
mask 4.079938e-05 0.7789107 0.111762136 1.0 0.96654844 
