nomask 0.58748186 331.76007 378.30014 419.22833 521.8361 
mask 0.000490576 304.4606 9.30459 711.80054 740.4849 
nomask 0.00037625432 511.96783 773.9455 534.8317 820.3762 
mask 0.00024428964 331.12402 369.24097 419.75598 526.94336 
nomask 0.00021871924 419.58783 404.9474 465.78946 511.7896 
mask 0.00021722913 0.0 119.573395 311.16522 933.62915 
mask 0.0001963675 95.4169 440.3597 720.0 960.0 
nomask 0.00018948317 329.45892 423.36185 382.4976 544.60223 
nomask 0.00018104911 389.81497 436.1553 432.6788 554.3208 
mask 0.00018021464 222.4791 365.72116 527.0424 931.42206 
nomask 0.00017731213 368.59772 8.242893 720.0 960.0 
nomask 0.00017046928 236.49417 316.1068 720.0 960.0 
mask 0.00017017126 318.4413 224.78514 720.0 960.0 
mask 0.00016917556 225.11626 300.1625 720.0 960.0 
nomask 0.00016435981 57.981827 776.56757 552.9554 960.0 
nomask 0.00015798211 5.540929 493.79584 720.0 960.0 
nomask 0.00015756488 379.10648 387.88174 428.65765 526.74164 
nomask 0.00015544891 158.404 638.7 674.58203 960.0 
nomask 0.0001463592 577.5638 821.25354 720.0 960.0 
mask 0.00013959408 54.50916 20.531689 691.9828 419.4658 
nomask 0.00013616681 53.93262 941.03625 177.86563 951.8414 
nomask 0.00013458729 652.3356 643.9268 720.0 960.0 
mask 0.00013035536 461.93918 867.8395 720.0 960.0 
mask 0.00012728572 652.3356 643.9268 720.0 960.0 
nomask 0.00012362003 630.9057 0.0 720.0 959.34216 
nomask 0.00011613965 312.65002 323.01202 468.26538 682.83716 
nomask 0.000113517046 5.7526183 929.38965 45.79533 956.5388 
nomask 0.000112622976 418.57013 367.10382 468.88184 471.51566 
nomask 0.000111967325 0.0 620.19104 425.5687 960.0 
mask 0.000111967325 459.3037 363.45728 720.0 954.5097 
nomask 0.00011181831 0.0 13.448725 563.85614 389.0902 
mask 0.00010988116 6.8189692 321.50613 453.60522 960.0 
mask 0.00010830164 188.8729 763.31635 469.1218 960.0 
mask 0.00010803342 480.40305 89.99745 720.0 620.08246 
mask 0.000106960535 57.981827 776.56757 552.9554 960.0 
mask 0.00010573864 74.97993 78.5925 637.63245 762.4433 
nomask 0.00010356307 0.0 846.89935 720.0 960.0 
nomask 9.846687e-05 324.8883 367.0943 376.26028 498.26627 
nomask 9.7990036e-05 481.0738 621.99634 720.0 960.0 
nomask 9.7453594e-05 480.40305 89.99745 720.0 620.08246 
mask 8.800626e-05 604.189 5.956049 720.0 870.4669 
mask 8.711219e-05 0.0 627.0872 395.14758 960.0 
mask 8.633733e-05 0.0 846.89935 720.0 960.0 
mask 8.288026e-05 23.177418 19.440393 468.5315 622.675 
nomask 8.237362e-05 424.16913 453.1264 466.27542 546.12524 
mask 7.382035e-05 422.51022 762.0193 720.0 960.0 
nomask 7.2300434e-05 16.8187 936.4833 137.16144 951.194 
nomask 7.081032e-05 265.71646 323.44843 414.62708 679.4605 
mask 6.902218e-05 226.30574 206.07301 493.60358 737.1736 
mask 6.508827e-05 254.35892 814.8024 716.09454 960.0 
nomask 6.401539e-05 486.20248 148.59882 720.0 928.03845 
nomask 6.234646e-05 495.57666 0.0 720.0 650.31476 
mask 6.005168e-05 379.484 704.56104 720.0 960.0 
nomask 5.581975e-05 1.6965549 380.31583 15.551976 504.15408 
mask 5.4746866e-05 545.91693 575.7839 720.0 960.0 
mask 5.4180622e-05 366.72836 511.98682 720.0 904.4598 
mask 5.349517e-05 239.23045 0.0 479.37238 440.99078 
mask 5.2124262e-05 5.7526183 929.38965 45.79533 956.5388 
nomask 5.0783157e-05 379.484 704.56104 720.0 960.0 
mask 4.544854e-05 426.51154 4.6185923 720.0 419.69193 
mask 4.4196844e-05 105.6977 703.68964 656.8268 957.9735 
nomask 4.4047832e-05 19.497578 0.0 711.8746 626.08966 
mask 3.97861e-05 167.69005 645.2609 659.37103 960.0 
nomask 3.9488077e-05 523.91205 474.57758 720.0 960.0 
mask 3.8444996e-05 486.20248 148.59882 720.0 928.03845 
mask 3.6895275e-05 382.2081 313.31348 720.0 646.0094 
mask 3.6805868e-05 301.0732 580.08594 717.29126 960.0 
nomask 3.6656857e-05 234.31439 318.9245 486.79413 934.5605 
nomask 3.5762787e-05 426.51154 4.6185923 720.0 419.69193 
mask 3.5643578e-05 321.73068 298.31882 452.33435 731.5641 
nomask 3.540516e-05 352.88678 354.02258 451.7107 501.44873 
mask 3.4570694e-05 0.0 890.9597 144.78828 960.0 
nomask 3.451109e-05 366.72836 511.98682 720.0 904.4598 
mask 3.4481287e-05 0.0 657.78076 44.0995 960.0 
nomask 3.3706427e-05 0.0 0.0 400.01428 582.36316 
mask 3.3587217e-05 0.0 0.0 610.1761 244.7453 
mask 3.2365322e-05 16.8187 936.4833 137.16144 951.194 
nomask 3.1739473e-05 0.0 0.0 340.6138 241.13562 
nomask 3.1113625e-05 276.3931 949.8692 384.99326 960.0 
nomask 3.0726194e-05 105.6977 703.68964 656.8268 957.9735 
nomask 3.0726194e-05 30.110628 0.0 679.2881 259.75137 
mask 3.0308962e-05 541.03326 0.0 720.0 728.52094 
nomask 2.9563904e-05 243.59631 939.52686 343.97684 952.0472 
nomask 2.9146671e-05 459.3037 363.45728 720.0 954.5097 
nomask 2.8699636e-05 712.5785 752.35345 720.0 882.47144 
nomask 2.8640032e-05 238.66711 32.961216 472.9903 632.6828 
mask 2.849102e-05 0.0 0.0 340.6138 241.13562 
nomask 2.8282404e-05 519.2739 805.1932 546.887 850.40283 
nomask 2.8133392e-05 350.00977 330.50198 409.9631 427.65936 
mask 2.7388334e-05 306.38577 396.5506 487.93073 821.02295 
nomask 2.7060509e-05 701.52783 800.7676 718.8547 932.32385 
nomask 2.6851892e-05 367.35083 295.38126 552.9993 733.03345 
mask 2.6464462e-05 523.91205 474.57758 720.0 960.0 
nomask 2.5570393e-05 367.7365 476.76505 649.9419 960.0 
nomask 2.5391579e-05 142.6184 64.84541 581.00665 491.3345 
mask 2.476573e-05 700.4745 11.364359 720.0 50.054916 
mask 2.4676323e-05 0.0 712.45 235.46478 948.4298 
mask 2.3782253e-05 53.93262 941.03625 177.86563 951.8414 
mask 2.321601e-05 366.66577 0.0 720.0 247.19003 
nomask 2.2947788e-05 0.0 0.0 170.90573 458.22818 
