nomask 0.9999454 78.6578 30.021015 182.88867 118.04929 
mask 0.15056467 78.785385 30.347155 183.67728 116.97091 
nomask 0.00028800964 4.737915 0.0 157.32489 54.662426 
nomask 0.00020799041 194.7408 50.031708 231.01442 109.08302 
nomask 0.00020483136 75.20773 32.597954 129.7429 90.901085 
nomask 0.00020235777 176.95717 123.15075 260.0 194.0 
nomask 0.00019347668 222.91052 51.61178 258.977 116.31957 
nomask 0.00017264485 219.93063 72.5922 238.79753 94.80084 
nomask 0.00016635656 1.620667 56.032375 38.71571 154.94673 
mask 0.00014343858 176.95717 123.15075 260.0 194.0 
nomask 0.00013378263 0.0 2.17704 43.493183 79.16764 
nomask 0.00012731552 220.19641 63.293274 237.63452 83.42408 
nomask 0.000107079744 227.61557 152.09346 260.0 194.0 
mask 9.891391e-05 31.705729 88.30704 256.08536 193.12607 
mask 9.6628675e-05 132.20206 0.5543562 260.0 194.0 
nomask 9.652972e-05 0.0 169.9953 260.0 194.0 
mask 9.5009804e-05 234.99501 129.69034 260.0 194.0 
nomask 9.49502e-05 167.70036 174.99689 260.0 194.0 
nomask 9.152293e-05 230.58533 72.178116 253.15208 95.177956 
nomask 9.134412e-05 54.81513 0.0 207.80933 56.50813 
nomask 9.071827e-05 212.3227 45.650738 245.85387 110.83692 
mask 8.994341e-05 167.70036 174.99689 260.0 194.0 
nomask 8.696318e-05 203.59605 61.960655 224.38147 85.19901 
nomask 8.678436e-05 0.0 3.1659799 91.77811 121.71249 
mask 8.5383654e-05 0.0 169.9953 260.0 194.0 
nomask 8.3744526e-05 84.81213 63.49993 260.0 194.0 
mask 8.166194e-05 81.29173 60.65802 260.0 194.0 
nomask 8.133054e-05 0.0 0.0 71.334854 78.82854 
nomask 7.321413e-05 132.20206 0.5543562 260.0 194.0 
nomask 7.238984e-05 162.29576 56.21426 260.0 179.24483 
nomask 7.233024e-05 164.35321 0.0 260.0 98.21462 
nomask 7.215142e-05 184.45055 47.224854 216.55208 103.99061 
nomask 7.131696e-05 203.29776 70.946 224.58817 95.655304 
nomask 7.107854e-05 228.78711 0.0 260.0 194.0 
nomask 7.006526e-05 255.98451 67.64049 258.8719 108.0105 
nomask 6.839633e-05 0.0 99.127686 248.61253 192.94044 
nomask 6.368756e-05 33.634254 19.885782 159.41246 107.83439 
nomask 6.3598156e-05 247.3362 184.42166 260.0 193.53813 
nomask 6.324053e-05 0.0 30.342426 2.0670059 67.87934 
nomask 6.210804e-05 172.68694 18.580849 260.0 125.80789 
nomask 5.9217215e-05 0.0 0.0 105.76587 49.644268 
mask 5.9098005e-05 172.68694 18.580849 260.0 125.80789 
mask 5.8412552e-05 255.98451 67.64049 258.8719 108.0105 
nomask 5.8203936e-05 0.0 152.59738 180.46632 194.0 
nomask 5.6892633e-05 23.815922 135.29915 169.77658 194.0 
mask 5.64754e-05 222.91052 51.61178 258.977 116.31957 
mask 5.6177378e-05 0.0 28.27386 118.70446 180.005 
nomask 5.465746e-05 0.0 112.05937 116.99459 194.0 
nomask 5.1945448e-05 0.0 0.0 61.745605 144.14888 
nomask 5.120039e-05 219.13327 80.95275 239.34207 105.118256 
mask 5.1140785e-05 59.372623 165.06703 152.37184 194.0 
nomask 4.976988e-05 191.20953 59.811012 212.63037 87.32093 
mask 4.8935413e-05 4.737915 0.0 157.32489 54.662426 
nomask 4.8190355e-05 0.36802533 37.813248 2.2883248 80.308556 
nomask 4.7922134e-05 1.2367043 153.07367 6.8946767 179.33177 
nomask 4.7773123e-05 204.35179 80.45 224.10655 106.07624 
nomask 4.6670437e-05 52.83462 119.36002 246.26141 194.0 
nomask 4.6491623e-05 0.0 19.637836 108.452095 88.58255 
nomask 4.5329332e-05 163.91103 0.0 260.0 72.7318 
mask 4.3809414e-05 23.815922 135.29915 169.77658 194.0 
nomask 4.3720007e-05 170.54475 4.447107 260.0 122.67208 
mask 4.2289495e-05 256.6836 54.68588 259.15356 103.028725 
nomask 4.1514635e-05 256.6836 54.68588 259.15356 103.028725 
mask 4.1216612e-05 228.78711 0.0 260.0 194.0 
nomask 4.10676e-05 1.3205888 49.00183 3.4527469 93.947075 
mask 4.10676e-05 230.58533 72.178116 253.15208 95.177956 
mask 4.0739775e-05 162.29576 56.21426 260.0 179.24483 
mask 4.068017e-05 41.630745 23.835785 189.13602 171.87903 
mask 4.0322542e-05 0.0 152.59738 180.46632 194.0 
mask 4.0262938e-05 0.0 170.82544 11.026898 189.54912 
nomask 4.002452e-05 197.21774 0.0 260.0 134.42337 
mask 3.9935112e-05 13.109693 139.98987 249.17978 194.0 
nomask 3.9845705e-05 192.31389 52.526955 211.94786 77.369446 
nomask 3.927946e-05 1.9289316 53.827854 14.799781 158.96584 
mask 3.8295984e-05 246.96344 0.84931004 259.76282 13.24159 
nomask 3.7431717e-05 0.0 54.394337 98.96448 142.14351 
nomask 3.671646e-05 0.0 97.95365 64.90807 194.0 
mask 3.644824e-05 0.0 30.342426 2.0670059 67.87934 
nomask 3.618002e-05 83.36655 0.0 173.65652 100.679306 
nomask 3.555417e-05 2.2068357 20.934912 12.232541 131.01436 
nomask 3.540516e-05 137.01118 32.989647 183.78777 91.11285 
nomask 3.5375357e-05 225.95601 186.51581 259.1714 193.57109 
mask 3.5345554e-05 256.77588 148.28076 259.57544 190.62604 
nomask 3.5226345e-05 84.55833 105.57506 176.41223 194.0 
nomask 3.489852e-05 249.43141 169.69054 258.27158 192.53654 
nomask 3.489852e-05 205.25548 53.03841 223.7142 75.16917 
mask 3.427267e-05 0.14340946 2.8483562 2.790393 37.364376 
nomask 3.3915043e-05 253.55673 158.55594 259.35324 192.20172 
nomask 3.3706427e-05 0.0 31.381943 142.85704 191.07672 
mask 3.3318996e-05 3.5959644 67.76859 179.84271 194.0 
nomask 3.299117e-05 231.698 62.94682 252.26408 85.462 
mask 3.120303e-05 0.0 162.84132 43.77617 193.91913 
mask 3.105402e-05 52.910175 179.58818 158.00598 192.46085 
nomask 3.0994415e-05 0.0 2.1729438 176.25316 83.90011 
nomask 3.07858e-05 0.0 41.606716 66.321205 194.0 
nomask 3.066659e-05 36.14041 122.37014 54.866238 141.65433 
mask 3.0606985e-05 1.2367043 153.07367 6.8946767 179.33177 
nomask 3.0487776e-05 192.22807 69.67969 212.3062 95.806114 
nomask 3.0308962e-05 248.02068 49.651833 258.2603 130.96959 
nomask 3.015995e-05 0.0 103.41067 125.415276 177.96443 
