nomask 0.99998564 159.43902337551117 97.51645624637604 321.7695474624634 294.532835483551 
mask 0.0127005875 159.43902337551117 97.51645624637604 321.7695474624634 294.532835483551 
nomask 0.0004271865 357.4482989311218 78.75350564718246 503.0 441.952246427536 
nomask 0.00025489926 344.15987980365753 290.21973609924316 503.0 450.0 
mask 0.0001950562 319.1091413497925 312.95261085033417 503.0 450.0 
mask 0.00018718839 61.68617299199104 205.01553118228912 498.67078387737274 448.86400401592255 
nomask 0.00018054247 0.0 284.65243577957153 294.3674484491348 450.0 
nomask 0.00016564131 438.9278532266617 352.89958119392395 503.0 450.0 
mask 0.00015631318 256.16356575489044 2.066078782081604 503.0 450.0 
nomask 0.00015318394 164.2390482723713 147.42264300584793 503.0 450.0 
nomask 0.00014996529 144.5187459886074 208.92825722694397 332.1634078025818 285.98774671554565 
mask 0.0001488626 438.9278532266617 352.89958119392395 503.0 450.0 
mask 0.0001475215 157.26814925670624 140.70112109184265 503.0 450.0 
nomask 0.00014609098 322.6023934483528 406.68055415153503 503.0 450.0 
mask 0.00013884902 322.6023934483528 406.68055415153503 503.0 450.0 
nomask 0.00013646483 0.0 230.15150427818298 486.12379825115204 448.1524407863617 
nomask 0.00012299418 256.16356575489044 2.066078782081604 503.0 450.0 
nomask 0.00011995435 0.0 396.364563703537 503.0 450.0 
mask 0.000119537115 0.0 284.65243577957153 294.3674484491348 450.0 
nomask 0.00010702014 443.8919798731804 0.0 503.0 450.0 
mask 0.00010609627 0.0 396.364563703537 503.0 450.0 
nomask 0.000100553036 168.65996170043945 98.89335483312607 271.6156635284424 230.73719143867493 
nomask 9.569526e-05 46.73107251524925 311.1169070005417 328.8575677871704 450.0 
nomask 9.196997e-05 334.42047768831253 43.501634895801544 503.0 291.43075346946716 
mask 8.9108944e-05 383.00694781541824 269.0105974674225 503.0 450.0 
mask 8.767843e-05 239.64070668816566 291.9616162776947 328.3525655269623 420.3373968601227 
nomask 8.711219e-05 275.44959127902985 2.495339512825012 503.0 199.7348114848137 
mask 8.678436e-05 334.42047768831253 43.501634895801544 503.0 291.43075346946716 
nomask 8.547306e-05 381.5566403269768 0.0 503.0 329.94604110717773 
nomask 8.293986e-05 134.2984014749527 237.93495297431946 308.9352226257324 304.2159855365753 
nomask 8.121133e-05 147.23098948597908 275.8877545595169 225.56384363770485 440.8270865678787 
nomask 8.031726e-05 476.9943023920059 428.31589579582214 503.0 450.0 
mask 7.8231096e-05 46.73107251524925 311.1169070005417 328.8575677871704 450.0 
nomask 7.137656e-05 89.17181444168091 343.47376227378845 483.2394930124283 450.0 
mask 6.759167e-05 443.8919798731804 0.0 503.0 450.0 
nomask 6.219745e-05 90.86107158660889 279.55996692180634 139.72695091366768 327.8461128473282 
mask 6.136298e-05 0.0 164.87451642751694 205.44915449619293 450.0 
nomask 5.9127808e-05 165.92265397310257 95.09285241365433 382.4439620375633 220.423923432827 
nomask 5.90384e-05 256.93222212791443 331.0686260461807 503.0 450.0 
nomask 5.605817e-05 189.09423476457596 268.9528226852417 349.71925193071365 421.4010536670685 
nomask 5.492568e-05 463.1336033344269 389.86693918704987 503.0 450.0 
nomask 5.4836273e-05 45.324222683906555 243.0476725101471 239.61361873149872 450.0 
nomask 5.468726e-05 0.0 222.926826775074 131.3561726808548 450.0 
nomask 5.3673983e-05 0.0 327.31310427188873 392.41170048713684 449.00406897068024 
mask 5.352497e-05 0.0 1.097533106803894 6.191073263995349 73.95728006958961 
nomask 5.2124262e-05 367.39714926481247 211.24548465013504 503.0 450.0 
nomask 5.1766634e-05 101.83104944229126 239.4292116165161 181.65099793672562 361.2080454826355 
mask 5.0902367e-05 0.0 242.9641753435135 235.22997185587883 416.9927090406418 
nomask 5.0723553e-05 274.6463066935539 174.89748895168304 503.0 397.8305786848068 
mask 5.0336123e-05 0.0 327.31310427188873 392.41170048713684 449.00406897068024 
nomask 4.9859285e-05 273.0408168435097 0.0 503.0 116.59055650234222 
nomask 4.8220158e-05 159.75541430711746 253.10912132263184 333.2176944613457 450.0 
mask 4.61936e-05 0.0 3.380810469388962 190.27405244112015 82.489675283432 
nomask 4.515052e-05 0.0 144.70012038946152 287.87515330314636 407.01454281806946 
mask 4.506111e-05 212.54242151975632 380.55471181869507 382.4715446829796 444.0119683742523 
mask 4.4465065e-05 0.0 90.88506996631622 127.90685793757439 450.0 
mask 4.3720007e-05 114.71733158826828 243.00196766853333 256.474769949913 313.72044682502747 
mask 4.3332577e-05 0.0 264.23953771591187 321.3494517803192 450.0 
mask 4.211068e-05 256.93222212791443 331.0686260461807 503.0 450.0 
mask 4.1931868e-05 3.861970419064164 2.5253785774111748 18.601102717220783 18.28802190721035 
nomask 4.1365623e-05 65.22414195537567 41.18271768093109 422.40839701890945 371.75652980804443 
nomask 4.1276217e-05 377.3458496928215 0.0 503.0 219.70703601837158 
mask 4.1246414e-05 224.6243097782135 327.1694451570511 360.0995308160782 405.53812086582184 
mask 4.0203333e-05 0.0 431.001752614975 30.8890213444829 450.0 
mask 3.8683414e-05 273.0408168435097 0.0 503.0 116.59055650234222 
nomask 3.787875e-05 73.53577490150928 95.10248824954033 305.4157370328903 209.53891575336456 
nomask 3.6984682e-05 0.0 242.9641753435135 235.22997185587883 416.9927090406418 
nomask 3.683567e-05 113.27874672412872 332.1065604686737 503.0 450.0 
nomask 3.540516e-05 165.220510751009 0.0 325.95053684711456 227.9901534318924 
nomask 3.5077333e-05 438.02584075927734 432.5475364923477 503.0 450.0 
mask 3.5077333e-05 18.218816995620728 3.384518623352051 493.3578267097473 295.7113981246948 
mask 3.4570694e-05 89.17181444168091 343.47376227378845 483.2394930124283 450.0 
nomask 3.427267e-05 126.40379863977432 243.84849965572357 197.93953943252563 393.92227828502655 
mask 3.412366e-05 3.722821407020092 435.30691266059875 77.50747346878052 447.480708360672 
nomask 3.311038e-05 319.0940608382225 11.981816589832306 503.0 326.01837515830994 
mask 3.248453e-05 131.36144936084747 0.8152649737894535 330.82355082035065 20.612119138240814 
nomask 3.2305717e-05 339.18981689214706 274.02734756469727 390.7357249855995 339.63069319725037 
nomask 3.0994415e-05 281.4280697107315 147.26435244083405 503.0 298.36249351501465 
nomask 3.0845404e-05 83.64468702673912 0.0 437.2471706867218 120.58747708797455 
mask 3.07858e-05 381.5566403269768 0.0 503.0 329.94604110717773 
nomask 3.027916e-05 0.0 4.534120112657547 336.53675615787506 189.4918441772461 
nomask 3.0249357e-05 175.59566286206245 257.4951767921448 425.0191843509674 450.0 
mask 3.0189753e-05 286.17906045913696 296.6740697622299 341.6810394525528 353.6064773797989 
nomask 3.0070543e-05 148.05774930119514 0.0 425.4906677007675 265.59126377105713 
mask 2.9236078e-05 113.27874672412872 332.1065604686737 503.0 450.0 
mask 2.8342009e-05 476.9943023920059 428.31589579582214 503.0 450.0 
nomask 2.8192997e-05 1.1378440856933594 0.0 312.2478383779526 128.15350592136383 
mask 2.6911497e-05 179.61760231852531 0.0 267.84139823913574 4.268733132630587 
nomask 2.6732683e-05 326.88636803627014 290.19795656204224 443.0134426355362 450.0 
nomask 2.6673079e-05 131.20628198981285 0.0 384.14392244815826 163.4375363588333 
nomask 2.6464462e-05 107.78617256879807 256.6187918186188 230.28570771217346 330.847692489624 
mask 2.631545e-05 275.44959127902985 2.495339512825012 503.0 199.7348114848137 
nomask 2.6255846e-05 375.1019415259361 49.60795193910599 503.0 399.6706545352936 
nomask 2.5898218e-05 0.0 37.91758418083191 118.56737419962883 398.2881635427475 
nomask 2.56598e-05 0.0 147.61574864387512 215.37587875127792 298.20794463157654 
mask 2.5629997e-05 220.7906668484211 0.0 351.49266612529755 2.641381393186748 
nomask 2.5242567e-05 480.07246565818787 391.1931574344635 502.809140086174 448.2868731021881 
nomask 2.5063753e-05 434.51127207279205 411.57118678092957 503.0 450.0 
nomask 2.4348497e-05 212.54242151975632 380.55471181869507 382.4715446829796 444.0119683742523 
nomask 2.3901463e-05 4.295115390792489 65.0242030620575 9.704796388745308 133.1583470106125 
