nomask 0.9999913 76.43645286560059 77.99255037307739 267.04315185546875 350.40455055236816 
mask 0.004573852 78.43620300292969 80.0808379650116 267.8573989868164 356.6376268863678 
nomask 0.00025862455 21.53735637664795 248.63375186920166 158.96472930908203 428.0 
nomask 0.00022909045 10.316667556762695 0.0 200.65624237060547 146.18127942085266 
nomask 0.00017893314 0.0 258.0692994594574 176.71232223510742 428.0 
nomask 0.00017523766 0.0 39.822167813777924 4.607570767402649 76.86556667089462 
nomask 0.00017395616 44.702157974243164 0.0 278.0624771118164 115.74142456054688 
mask 0.0001629889 209.99805450439453 266.0955801010132 320.0 428.0 
nomask 0.0001628995 210.41481018066406 0.0 320.0 215.20168566703796 
nomask 0.00015002489 209.99805450439453 266.0955801010132 320.0 428.0 
nomask 0.00014516711 205.62950134277344 0.0 320.0 149.7444987297058 
mask 0.00013649464 42.1198844909668 196.08221745491028 320.0 428.0 
mask 0.00013434887 0.0 101.01766282320023 5.657299757003784 142.24307703971863 
mask 0.00012558699 180.2306365966797 308.1099855899811 320.0 428.0 
nomask 0.00012174249 313.4846878051758 261.18342685699463 319.0216827392578 343.7079176902771 
nomask 0.00012111664 85.65601348876953 255.8798360824585 227.24884033203125 428.0 
mask 0.000120699406 21.53735637664795 248.63375186920166 158.96472930908203 428.0 
nomask 0.00011730194 105.01351356506348 140.88118362426758 320.0 428.0 
nomask 0.00011411309 54.02498245239258 303.280793428421 265.18171310424805 428.0 
nomask 0.000112622976 0.0 338.7668352127075 221.89483642578125 428.0 
mask 0.00011113286 100.0505542755127 133.8208051919937 320.0 428.0 
mask 0.00010818243 269.036922454834 2.5185142755508423 320.0 391.2842106819153 
nomask 0.000106960535 180.2306365966797 308.1099855899811 320.0 428.0 
nomask 0.0001013577 0.0 88.57142770290375 83.15998077392578 351.32548999786377 
nomask 9.736419e-05 189.29004669189453 139.16350400447845 320.0 283.2711772918701 
mask 9.590387e-05 146.81927680969238 58.30605387687683 320.0 428.0 
nomask 9.5039606e-05 315.7865905761719 238.35930752754211 320.0 317.2549397945404 
nomask 9.49502e-05 2.3378944396972656 219.870619058609 320.0 428.0 
nomask 9.1552734e-05 0.0 111.59301328659058 56.81568145751953 267.8505437374115 
mask 8.7320805e-05 183.6634063720703 340.11602425575256 320.0 428.0 
mask 8.7320805e-05 0.0 120.24821138381958 5.949764251708984 161.00955247879028 
nomask 8.636713e-05 183.6634063720703 340.11602425575256 320.0 428.0 
nomask 7.9244375e-05 175.57445526123047 0.0 320.0 114.13192343711853 
nomask 7.870793e-05 219.7709846496582 34.556211829185486 320.0 276.5928101539612 
nomask 7.766485e-05 163.45317840576172 89.56750917434692 261.5888214111328 156.99405241012573 
nomask 7.647276e-05 250.68012237548828 0.0 320.0 287.899982213974 
mask 7.596612e-05 0.0 306.13963437080383 229.36336517333984 428.0 
nomask 7.259846e-05 0.0 4.606502115726471 229.99286651611328 183.02401041984558 
nomask 6.9618225e-05 0.0 0.0 140.0960350036621 107.01051044464111 
nomask 6.940961e-05 0.0 101.01766282320023 5.657299757003784 142.24307703971863 
nomask 6.8962574e-05 177.74431228637695 39.407643020153046 320.0 193.73030138015747 
nomask 6.887317e-05 289.70760345458984 278.2032296657562 320.0 428.0 
mask 6.8604946e-05 219.7709846496582 34.556211829185486 320.0 276.5928101539612 
mask 6.759167e-05 315.7865905761719 238.35930752754211 320.0 317.2549397945404 
nomask 6.592274e-05 206.25032424926758 388.381236076355 320.0 428.0 
nomask 6.574392e-05 232.23468780517578 18.229575395584106 320.0 259.41461086273193 
mask 6.517768e-05 206.25032424926758 388.381236076355 320.0 428.0 
nomask 6.2555075e-05 2.8170156478881836 0.0 135.87379455566406 306.170578956604 
mask 6.0886145e-05 289.70760345458984 278.2032296657562 320.0 428.0 
mask 6.043911e-05 0.0 289.0692436695099 182.7513885498047 428.0 
nomask 5.954504e-05 311.54224395751953 286.79735493659973 317.9867172241211 350.69968485832214 
nomask 5.915761e-05 238.62844467163086 0.0 320.0 194.17202067375183 
nomask 5.8412552e-05 253.2478141784668 256.721079826355 320.0 428.0 
mask 5.8054924e-05 0.0 223.37151551246643 5.139418840408325 279.62673163414 
nomask 5.7697296e-05 276.0929489135742 116.5367488861084 314.4283676147461 279.80824089050293 
nomask 5.760789e-05 46.634416580200195 30.67669701576233 273.6166763305664 198.94389009475708 
nomask 5.64456e-05 49.64183807373047 341.8620080947876 320.0 428.0 
nomask 5.6296587e-05 0.0 223.6524658203125 84.95064735412598 428.0 
nomask 5.5640936e-05 0.0 57.47710633277893 4.943790435791016 96.79997062683105 
nomask 5.543232e-05 227.96592712402344 162.07948768138885 320.0 428.0 
nomask 5.5253506e-05 0.0 83.38503986597061 4.772513210773468 122.48576259613037 
mask 5.51641e-05 213.98021697998047 325.51433801651 320.0 428.0 
nomask 5.364418e-05 174.89507675170898 0.0 277.6910591125488 200.03896617889404 
nomask 5.298853e-05 89.89251136779785 0.0 229.6170425415039 173.76900267601013 
nomask 5.26309e-05 11.907367706298828 14.570703387260437 309.8956871032715 277.6618142127991 
mask 5.2541494e-05 0.0 372.38780879974365 320.0 428.0 
nomask 5.2124262e-05 0.0 0.0 77.3088264465332 195.9695235490799 
nomask 5.1647425e-05 32.47292518615723 309.0477876663208 209.99282836914062 428.0 
nomask 5.1170588e-05 1.0122086107730865 268.27397179603577 3.5391926765441895 337.4566776752472 
mask 5.0127506e-05 253.2478141784668 256.721079826355 320.0 428.0 
mask 4.9084425e-05 175.57445526123047 0.0 320.0 114.13192343711853 
nomask 4.8220158e-05 20.030364990234375 0.0 239.02976989746094 52.02544456720352 
nomask 4.798174e-05 162.2814178466797 17.891353368759155 268.30631256103516 302.7944812774658 
nomask 4.786253e-05 232.49601364135742 91.98618698120117 320.0 346.4251227378845 
nomask 4.6521425e-05 0.19063934683799744 243.6923122406006 3.5995423793792725 312.5753684043884 
nomask 4.6104193e-05 0.0 11.987744078040123 3.9690950512886047 60.33848559856415 
mask 4.592538e-05 0.0 83.38503986597061 4.772513210773468 122.48576259613037 
mask 4.518032e-05 0.0 199.63454365730286 6.914929151535034 255.61414122581482 
mask 4.4435263e-05 0.0 80.57118082046509 58.16829204559326 226.68983125686646 
nomask 4.336238e-05 0.0 142.30814230442047 135.11046409606934 284.77309942245483 
mask 4.2259693e-05 0.0 39.822167813777924 4.607570767402649 76.86556667089462 
nomask 4.1872263e-05 182.9047393798828 163.99444222450256 320.0 367.4431803226471 
nomask 4.1872263e-05 0.0 312.4859275817871 151.25954627990723 428.0 
mask 4.1633844e-05 0.0 4.606502115726471 229.99286651611328 183.02401041984558 
nomask 4.10676e-05 0.0 39.08263558149338 134.0259075164795 193.72282671928406 
mask 4.0739775e-05 197.67742156982422 1.637116551399231 320.0 191.75338113307953 
nomask 4.0382147e-05 0.0 10.450443267822266 107.2982120513916 259.56986951828003 
nomask 3.9875507e-05 175.97990036010742 239.19626545906067 274.3901252746582 428.0 
mask 3.963709e-05 228.1663703918457 0.0 320.0 167.54648780822754 
nomask 3.9607286e-05 132.42581367492676 0.0 315.67813873291016 154.67749428749084 
mask 3.9070845e-05 313.4846878051758 261.18342685699463 319.0216827392578 343.7079176902771 
nomask 3.8653612e-05 0.0 223.37151551246643 5.139418840408325 279.62673163414 
mask 3.8027763e-05 32.47292518615723 309.0477876663208 209.99282836914062 428.0 
nomask 3.5136938e-05 213.98021697998047 325.51433801651 320.0 428.0 
mask 3.501773e-05 91.94502830505371 0.0 303.2168960571289 56.96197974681854 
mask 3.477931e-05 0.19063934683799744 243.6923122406006 3.5995423793792725 312.5753684043884 
mask 3.4719706e-05 2.8170156478881836 0.0 135.87379455566406 306.170578956604 
nomask 3.4332275e-05 0.0 150.61277115345 249.2234992980957 365.2623906135559 
mask 3.4302473e-05 36.858320236206055 0.0 286.2389373779297 111.9825119972229 
nomask 3.427267e-05 316.0588836669922 195.11266720294952 320.0 272.0003070831299 
