nomask 0.99951446 50.0492382645607 81.98992663621902 212.36681294441223 288.4164416193962 
mask 0.03670484 49.60264676809311 81.87783285975456 214.68898487091064 289.8062674999237 
nomask 0.0029920638 0.5224237740039825 170.33105647563934 4.938799750059843 216.8867462873459 
nomask 0.0018367171 1.227946987375617 155.67761707305908 5.57980003207922 199.6899111866951 
nomask 0.00094661117 149.66942584514618 97.30010482668877 242.0 259.55466401576996 
nomask 0.0008786619 191.08672308921814 0.0 242.0 240.22867840528488 
nomask 0.0007918477 0.0 177.91116139292717 2.86629394069314 244.2599031329155 
mask 0.0007608831 0.5224237740039825 170.33105647563934 4.938799750059843 216.8867462873459 
mask 0.000593096 0.0 177.91116139292717 2.86629394069314 244.2599031329155 
mask 0.0005221665 128.7736144065857 0.0 242.0 49.21786618232727 
nomask 0.00048398972 157.4725091457367 228.48922783136368 242.0 359.0 
nomask 0.00046932697 153.81555354595184 26.016829639673233 242.0 182.2403221130371 
nomask 0.00046679378 0.9494486749172211 137.16113105416298 3.9615333154797554 190.98447120189667 
nomask 0.00042551756 0.0 193.38323736190796 113.41848874092102 359.0 
nomask 0.0004082322 156.43850147724152 149.22096419334412 242.0 359.0 
nomask 0.0004054308 121.71551859378815 14.318441957235336 209.82609808444977 264.524621963501 
mask 0.000374794 31.760587334632874 164.5339134335518 242.0 359.0 
nomask 0.00036987662 145.9422526359558 1.2574734836816788 242.0 158.59060019254684 
nomask 0.00035971403 1.2021132484078407 128.95768973231316 13.052066870033741 267.46899604797363 
mask 0.00033724308 191.08672308921814 0.0 242.0 240.22867840528488 
mask 0.0003257692 1.227946987375617 155.67761707305908 5.57980003207922 199.6899111866951 
nomask 0.00031501055 10.616286262869835 145.42023944854736 44.37471640110016 259.23587560653687 
nomask 0.00030624866 79.43674302101135 118.18158015608788 242.0 359.0 
nomask 0.00029549003 0.0 0.0 100.60012567043304 258.12428879737854 
mask 0.00028914213 75.66337591409683 112.24663355946541 242.0 359.0 
nomask 0.0002850592 1.809185266494751 184.55392396450043 242.0 359.0 
nomask 0.00028133392 152.66309332847595 0.0 242.0 121.85116684436798 
mask 0.0002808869 134.93597412109375 3.38248747959733 242.0 31.58987607061863 
mask 0.00028011203 205.30477929115295 0.0 242.0 324.3924775123596 
mask 0.00027441978 138.46560621261597 286.01957988739014 242.0 359.0 
nomask 0.00027391315 191.17119193077087 210.8499876856804 242.0 359.0 
nomask 0.00027298927 73.4098709821701 234.5199521780014 218.25939452648163 359.0 
nomask 0.00026354194 138.46560621261597 286.01957988739014 242.0 359.0 
mask 0.00026199222 229.57934439182281 135.00139200687408 241.1024752855301 270.45372688770294 
nomask 0.00026136637 63.8180633187294 80.69959107041359 198.4272904396057 179.78771841526031 
mask 0.00025469065 111.06769174337387 48.847893595695496 242.0 359.0 
mask 0.00025004148 157.4725091457367 228.48922783136368 242.0 359.0 
nomask 0.00024059415 32.6034474670887 119.31144091486931 116.30805587768555 359.0 
mask 0.00024050474 0.0 193.38323736190796 113.41848874092102 359.0 
nomask 0.0002399385 184.36821913719177 56.283647149801254 242.0 305.0935604572296 
nomask 0.0002373159 229.57934439182281 135.00139200687408 241.1024752855301 270.45372688770294 
mask 0.00023630261 1.4632029794156551 139.88348948955536 11.468798071146011 284.06597912311554 
mask 0.00023251772 191.17119193077087 210.8499876856804 242.0 359.0 
nomask 0.00022378564 129.37039196491241 260.1220551729202 242.0 359.0 
nomask 0.00022032857 212.67084884643555 277.4397037625313 242.0 359.0 
mask 0.00021874905 231.48723530769348 1.42693748511374 242.0 19.464489951729774 
nomask 0.00021278858 236.17251539230347 158.7371341586113 240.57663655281067 226.48872250318527 
nomask 0.00021240115 216.46384024620056 76.23387858271599 242.0 262.150634765625 
mask 0.00021058321 216.46384024620056 76.23387858271599 242.0 262.150634765625 
nomask 0.00021031499 126.14328122138977 0.0 242.0 91.70208150148392 
mask 0.0002091825 236.17251539230347 158.7371341586113 240.57663655281067 226.48872250318527 
mask 0.00020739436 0.9494486749172211 137.16113105416298 3.9615333154797554 190.98447120189667 
nomask 0.00020438433 238.38739919662476 143.0811631977558 242.0 206.80859887599945 
nomask 0.00020042062 165.27371728420258 29.452835023403168 242.0 231.47772473096848 
nomask 0.00019991398 49.23159545660019 94.84834635257721 155.34500789642334 234.17058593034744 
nomask 0.00019815564 0.0 1.8430690467357635 171.5842148065567 150.16385933756828 
mask 0.0001963377 165.27371728420258 29.452835023403168 242.0 231.47772473096848 
mask 0.00019407272 212.67084884643555 277.4397037625313 242.0 359.0 
mask 0.00018772483 130.66025829315186 118.27694064378738 242.0 238.836669921875 
nomask 0.00018417835 0.0 285.1291849017143 170.63268542289734 359.0 
nomask 0.00018066168 0.0 72.46943426132202 82.64699172973633 294.66709530353546 
nomask 0.00017377734 156.54392886161804 325.4183008670807 242.0 359.0 
nomask 0.00017356873 126.73248600959778 206.71560287475586 242.0 324.69354832172394 
mask 0.000172019 156.54392886161804 325.4183008670807 242.0 359.0 
nomask 0.0001681447 3.6168127059936523 130.89290955662727 28.401025235652924 260.4179904460907 
nomask 0.00016519427 41.28071331977844 0.0 225.738276720047 205.132830619812 
mask 0.0001629889 126.14328122138977 0.0 242.0 91.70208150148392 
mask 0.00016197562 0.0 313.87922179698944 242.0 359.0 
mask 0.00015959144 145.9422526359558 1.2574734836816788 242.0 158.59060019254684 
nomask 0.00015670061 16.815408170223236 253.95842742919922 221.07757568359375 359.0 
mask 0.00015112758 129.37039196491241 260.1220551729202 242.0 359.0 
nomask 0.00014811754 0.0 313.87922179698944 242.0 359.0 
nomask 0.0001372993 24.415433049201965 17.215515613555908 123.92474806308746 218.1954306960106 
mask 0.00013265014 65.05435770750046 240.1332644224167 216.02482151985168 359.0 
nomask 0.00013062358 23.396498799324036 258.79439067840576 159.1994901895523 359.0 
nomask 0.00012716651 0.0 40.24224349856377 57.86398723721504 319.570765376091 
mask 0.0001269579 16.815408170223236 253.95842742919922 221.07757568359375 359.0 
nomask 0.00012600422 136.01866388320923 138.36987578868866 242.0 300.40537226200104 
nomask 0.00012502074 79.83007270097733 0.0 159.1772334575653 168.5217428803444 
nomask 0.00011995435 37.95549553632736 0.0 222.78495407104492 95.74394106864929 
nomask 0.00011870265 180.90681409835815 0.0 242.0 158.2905885875225 
nomask 0.000115811825 206.84420084953308 52.943392768502235 242.0 208.7649171948433 
nomask 0.00011399388 53.89016169309616 65.25877232849598 125.54025793075562 207.76736068725586 
nomask 0.00011256337 188.71620082855225 51.283764004707336 242.0 341.0373066663742 
nomask 0.00010973215 123.90503001213074 4.097922503948212 242.0 359.0 
nomask 0.000108897686 213.66399240493774 0.0 242.0 359.0 
nomask 0.000108361244 7.409789681434631 174.77423679828644 20.75362727046013 207.0412814617157 
nomask 0.00010737777 17.626830488443375 210.39140570163727 125.96134722232819 359.0 
nomask 0.00010636449 130.21949422359467 0.0 210.95679199695587 164.73045468330383 
mask 0.000106066465 0.0 285.1291849017143 170.63268542289734 359.0 
nomask 0.0001052022 5.3509428054094315 77.20897781848907 58.54569882154465 239.90627372264862 
nomask 0.00010475516 0.0 120.41037076711655 106.12523317337036 237.27660101652145 
nomask 0.00010159612 0.0 2.1864545345306396 67.46321260929108 215.72110795974731 
nomask 0.0001013875 229.1789540052414 341.14853382110596 242.0 359.0 
mask 0.00010097027 23.396498799324036 258.79439067840576 159.1994901895523 359.0 
nomask 0.00010049343 35.17607253789902 183.05965411663055 215.8335838317871 313.00532472133636 
mask 0.000100165606 217.00254547595978 10.162059932947159 242.0 188.66218173503876 
mask 9.968877e-05 215.19729804992676 131.63588255643845 242.0 332.75910049676895 
mask 9.7990036e-05 153.81555354595184 26.016829639673233 242.0 182.2403221130371 
mask 9.6321106e-05 0.0 0.0 111.01495641469955 216.78801560401917 
