nomask 0.9451799 0.6623669 0.075645 0.801941 0.2536017 
mask 0.011580795 0.6590578 0.07957939 0.80326 0.25358796 
mask 0.0019100308 0.019552369 0.0 0.13979597 0.047514506 
mask 0.0011109114 0.20636398 0.0 0.50674266 0.16717844 
mask 0.0010014176 0.9664555 0.17502752 0.98901325 0.28413942 
nomask 0.0008094311 0.9748218 0.14052013 0.9945941 0.24628106 
nomask 0.0005699098 0.9664555 0.17502752 0.98901325 0.28413942 
nomask 0.0005135834 0.71470684 0.068989106 0.81076986 0.22222194 
nomask 0.00044167042 0.8456197 0.020265281 1.0 0.44714627 
nomask 0.00044053793 0.9824649 0.09936976 0.9988376 0.19188347 
mask 0.0004105568 0.08065876 0.00050649233 0.17907974 0.03765913 
mask 0.0004030764 0.9748218 0.14052013 0.9945941 0.24628106 
mask 0.0003927648 0.0 0.6434087 0.37413496 1.0 
nomask 0.00036373734 0.5878144 0.010238612 0.6628651 0.05340346 
mask 0.00033444166 0.18786508 0.0036113318 0.28107527 0.043769926 
nomask 0.00033345819 0.7299711 0.15009752 0.81212145 0.292701 
mask 0.00029605627 0.49807587 0.1608161 0.9066522 0.79957473 
mask 0.00028777122 0.000278309 0.7309937 0.48432124 1.0 
mask 0.00026917458 0.0020866273 0.24716598 0.017938059 0.3434623 
mask 0.00026649237 0.742059 0.02224052 1.0 0.610107 
nomask 0.00026234984 0.7131844 0.09500956 0.8713216 0.25213668 
nomask 0.0002603233 0.0020866273 0.24716598 0.017938059 0.3434623 
nomask 0.00024047494 0.79153484 0.17538355 0.8482776 0.27889127 
mask 0.00022989511 0.12509525 0.4563156 1.0 1.0 
nomask 0.0002219975 0.657612 0.13813648 0.79421407 0.32756627 
mask 0.0002219975 0.0018519089 0.0 0.04790851 0.053411603 
mask 0.00022181617 0.510142 0.005205095 1.0 1.0 
mask 0.00021511316 0.8456197 0.020265281 1.0 0.44714627 
mask 0.0002130866 0.89322513 0.14571503 1.0 0.7768096 
mask 0.0002065301 0.16764133 0.044010125 0.20369296 0.08466133 
mask 0.00020378828 0.6148064 0.2662872 0.89885056 0.60879886 
mask 0.00019839406 0.0 0.1713585 0.2581459 0.99527955 
nomask 0.00019741058 0.6148064 0.2662872 0.89885056 0.60879886 
nomask 0.0001938641 0.5508277 0.12719089 0.61963385 0.23663887 
mask 0.00019064546 0.75675476 0.28165784 1.0 0.9858005 
nomask 0.00019001961 0.3270641 0.3280708 1.0 1.0 
mask 0.00019001961 0.039106853 0.026802856 0.107907824 0.09381431 
nomask 0.00018811226 0.9022173 0.13783383 0.9739472 0.23525193 
mask 0.00018467201 0.31265962 0.3126707 1.0 1.0 
nomask 0.00018179417 0.64786863 0.027552724 1.0 0.6212192 
nomask 0.00017780066 0.7246212 0.0636805 0.9640862 0.39426175 
nomask 0.00017392635 0.0 0.68119943 0.59510905 1.0 
mask 0.00017285347 0.7067461 0.25375772 0.97902536 0.63581175 
nomask 0.00017225742 0.0011785626 0.51214683 0.99216795 0.9992882 
nomask 0.00017208503 0.510142 0.005205095 1.0 1.0 
mask 0.00017187 0.974571 0.20591408 0.99679685 0.36168242 
mask 0.00017100573 0.006109329 0.026140925 0.027137542 0.13747333 
mask 0.000169307 0.9799134 0.25976446 0.9992896 0.40489992 
mask 0.00016823411 0.51353216 0.037002802 0.8781382 0.5568381 
nomask 0.00016504526 0.20636398 0.0 0.50674266 0.16717844 
mask 0.0001629591 0.42027736 0.65831745 0.97429395 1.0 
mask 0.00015902519 0.5582414 0.08463058 1.0 0.45503607 
mask 0.00015857816 0.6137035 0.7427972 1.0 1.0 
nomask 0.00015696883 0.24045798 0.7025574 0.9273931 1.0 
mask 0.00014993548 0.6536874 0.16753069 1.0 0.8788011 
nomask 0.00014820695 0.89698094 0.062394112 1.0 0.6566241 
mask 0.000143677 0.90151787 0.17670293 0.9849483 0.27213487 
nomask 0.00014299154 0.98527235 0.67196155 1.0 0.8491186 
mask 0.00013849139 0.0 0.68785465 0.55686486 1.0 
nomask 0.00013530254 0.6579183 0.10081566 0.73558384 0.24865636 
nomask 0.00013327599 0.08156058 0.81155974 0.76247036 1.0 
nomask 0.00012588501 0.4535652 0.046752594 0.50646204 0.121699505 
mask 0.00012525916 0.9852164 0.6998699 1.0 0.8833606 
mask 0.00012519956 0.0 0.74669456 0.3380121 0.99386346 
nomask 0.00012433529 0.90866196 0.6703635 1.0 1.0 
nomask 0.00012135506 0.68167233 0.0 1.0 0.6153608 
mask 0.00011897087 0.5697963 0.0 1.0 0.25467595 
mask 0.00011858344 0.90866196 0.6703635 1.0 1.0 
nomask 0.00011712313 0.54877365 0.09005922 0.61460865 0.18599406 
mask 0.000115484 0.14476001 0.0093771 0.23147643 0.046357274 
nomask 0.000114142895 0.7067461 0.25375772 0.97902536 0.63581175 
nomask 0.00011372566 0.5611443 0.055289313 0.7812508 0.40513623 
mask 0.000113129616 0.98723215 0.46516892 1.0 0.63309956 
nomask 0.00011253357 0.6431138 0.903725 1.0 1.0 
nomask 0.00011226535 0.7576185 0.0 1.0 0.44516772 
mask 0.00011011958 0.0012246021 0.27242434 0.014706003 0.38668334 
nomask 0.00010868907 0.6515675 0.077723704 0.72271544 0.2050265 
nomask 0.00010827184 0.5501404 0.0 0.77133346 0.26590684 
mask 0.00010612607 0.6431138 0.903725 1.0 1.0 
mask 0.00010609627 0.9846878 0.5703717 0.9987545 0.707892 
mask 0.00010496378 0.5348067 0.32862398 1.0 0.6651635 
mask 0.000104904175 0.9824649 0.09936976 0.9988376 0.19188347 
nomask 0.000102579594 0.0049233404 0.091545835 0.014789389 0.19675146 
nomask 0.00010120869 0.94972724 0.9528783 1.0 0.9982539 
nomask 0.00010064244 0.90151787 0.17670293 0.9849483 0.27213487 
mask 0.000100165606 0.59563303 0.37177563 0.90948105 0.7068852 
nomask 9.891391e-05 0.16764133 0.044010125 0.20369296 0.08466133 
nomask 9.8496675e-05 0.69167084 0.6609653 1.0 1.0 
nomask 9.763241e-05 0.5697963 0.0 1.0 0.25467595 
mask 9.638071e-05 0.98509336 0.518206 0.9998877 0.6664263 
mask 9.638071e-05 0.010958284 0.3269025 0.6221926 1.0 
mask 9.563565e-05 0.23191664 0.015274763 0.7842885 0.576217 
nomask 9.518862e-05 0.0012246021 0.27242434 0.014706003 0.38668334 
nomask 9.4890594e-05 0.6410741 0.0599273 0.8482917 0.36356866 
nomask 9.36389e-05 0.63568056 0.14639112 0.8640995 0.50984585 
nomask 9.289384e-05 0.99100643 0.4213773 1.0 0.6027671 
nomask 9.280443e-05 0.48844326 0.08507879 0.5406128 0.16966327 
mask 9.196997e-05 0.15204261 0.0 0.45790762 0.08533444 
nomask 9.161234e-05 0.6553352 0.15245172 0.72957253 0.28781885 
mask 9.161234e-05 0.0049233404 0.091545835 0.014789389 0.19675146 
