nomask 0.9999784 83.613686 56.578213 204.07317 172.0177 
mask 0.017293066 83.56378 56.38787 203.34279 171.01848 
mask 0.0043647587 181.30275 0.0 247.0 35.394524 
nomask 0.0006507337 175.98788 0.0 247.0 117.07908 
nomask 0.0003297627 197.3265 0.0 247.0 31.439371 
mask 0.0003105104 231.70044 0.17328125 247.0 14.412163 
nomask 0.0002976656 0.0 126.76095 148.03741 209.0 
mask 0.00027281046 207.28525 0.0 247.0 20.156364 
nomask 0.00026002526 0.0 1.9271833 188.13033 86.20816 
nomask 0.000251621 64.66152 0.0 222.56299 134.10738 
mask 0.00021472573 163.83328 131.48291 247.0 209.0 
nomask 0.00021290779 231.70044 0.17328125 247.0 14.412163 
nomask 0.00019696355 175.21085 123.442055 247.0 209.0 
nomask 0.0001963973 143.5657 68.30541 247.0 139.93497 
nomask 0.00018370152 159.39032 13.43454 247.0 106.4653 
nomask 0.00017726421 72.0466 128.26715 177.75523 209.0 
nomask 0.0001745224 218.16608 163.53426 247.0 209.0 
nomask 0.00017231703 22.01973 144.75766 161.33842 209.0 
mask 0.00016638637 136.60016 150.13268 247.0 209.0 
mask 0.00016480684 162.60922 135.10129 247.0 209.0 
nomask 0.0001616478 0.0 44.362442 62.22113 209.0 
nomask 0.00015214086 207.28525 0.0 247.0 20.156364 
mask 0.00015059114 204.11035 0.0 247.0 184.84383 
mask 0.00014960766 218.16608 163.53426 247.0 209.0 
mask 0.00014802814 2.761559 0.8581478 114.48007 33.962074 
mask 0.0001411438 22.01973 144.75766 161.33842 209.0 
mask 0.00014063716 5.310452 199.71043 35.642937 208.6035 
mask 0.00014024973 0.8358355 175.91536 37.930218 209.0 
nomask 0.00014010072 153.67928 154.72827 247.0 209.0 
mask 0.00013899803 235.74225 1.7919928 247.0 32.177193 
nomask 0.00013831258 0.0 183.76202 247.0 209.0 
nomask 0.00013679266 159.52856 188.95805 247.0 209.0 
mask 0.00013649464 29.408712 94.9782 237.36057 206.54791 
nomask 0.00013273954 191.30847 124.88484 247.0 209.0 
mask 0.00012943149 159.52856 188.95805 247.0 209.0 
nomask 0.00012564659 136.60016 150.13268 247.0 209.0 
mask 0.00012370944 166.76698 0.0 247.0 29.354885 
mask 0.00012299418 198.12503 0.0 247.0 58.661808 
mask 0.00012290478 0.0 126.76095 148.03741 209.0 
mask 0.00012204051 0.0 183.76202 247.0 209.0 
nomask 0.000120937824 184.61775 0.0 247.0 148.07097 
mask 0.0001142025 106.26714 0.0 247.0 28.36554 
nomask 0.00011125207 120.94101 0.0 247.0 52.37902 
nomask 0.000109285116 80.41273 68.29546 247.0 209.0 
mask 0.00010573864 164.85486 19.179361 247.0 135.64954 
mask 0.00010293247 77.22725 65.34762 247.0 209.0 
nomask 0.0001026392 16.586506 0.0 235.37195 53.323154 
nomask 0.00010120869 164.85486 19.179361 247.0 135.64954 
nomask 9.9271536e-05 153.5861 0.0 247.0 74.26911 
mask 9.325147e-05 112.94174 26.484556 247.0 209.0 
nomask 9.179115e-05 0.0 106.686966 230.94893 207.26895 
nomask 9.083748e-05 203.0851 0.0 247.0 183.43382 
nomask 8.72612e-05 17.794872 59.330917 150.10262 150.48322 
nomask 8.660555e-05 82.63956 0.0 163.23586 97.99056 
mask 8.457899e-05 0.0 0.0 86.24372 31.254864 
nomask 8.416176e-05 235.74225 1.7919928 247.0 32.177193 
nomask 8.380413e-05 126.09455 12.927276 213.5393 157.39513 
mask 7.998943e-05 0.0 44.362442 62.22113 209.0 
mask 7.7456236e-05 120.94101 0.0 247.0 52.37902 
nomask 7.727742e-05 161.28407 40.50204 247.0 169.68402 
nomask 7.677078e-05 13.822319 124.67141 122.59159 209.0 
nomask 7.3581934e-05 0.0 0.0 117.42843 134.67317 
nomask 7.280707e-05 132.75163 0.0 217.08244 96.434685 
mask 7.197261e-05 15.406239 201.58113 47.27018 209.0 
nomask 7.146597e-05 0.0 0.0 119.36565 52.42406 
mask 7.006526e-05 0.0 1.9271833 188.13033 86.20816 
nomask 6.970763e-05 48.658836 148.19386 205.31377 209.0 
mask 6.6399574e-05 213.02621 0.0 247.0 56.755474 
nomask 6.505847e-05 185.00491 74.992546 247.0 209.0 
mask 6.338954e-05 151.85202 203.84016 189.41959 209.0 
nomask 6.330013e-05 0.0 0.0 86.24372 31.254864 
mask 6.097555e-05 160.83067 1.2999687 247.0 18.392317 
mask 6.0528517e-05 3.6475205 2.2925222 132.35551 12.829045 
nomask 5.954504e-05 214.47978 71.333305 244.82053 158.37091 
mask 5.927682e-05 0.0 0.0 104.17112 164.07298 
nomask 5.9127808e-05 136.75594 119.838875 247.0 185.21999 
mask 5.8323145e-05 147.2417 1.201093 247.0 93.50413 
mask 5.7846308e-05 205.91197 6.024933 247.0 38.347836 
nomask 5.7697296e-05 9.963245 78.56002 143.31941 209.0 
nomask 5.6415796e-05 0.0 0.0 59.620556 99.169014 
mask 5.5223703e-05 0.0 151.62383 176.45363 209.0 
mask 5.3793192e-05 214.82451 0.0 247.0 87.47046 
mask 5.2124262e-05 210.08557 0.5458586 244.27254 14.104308 
nomask 5.0753355e-05 48.582466 0.0 205.39233 71.10586 
mask 5.057454e-05 166.09113 98.65503 208.97368 172.95721 
nomask 5.015731e-05 0.0 58.505806 89.11404 153.76228 
mask 4.9591064e-05 30.2693 203.62914 60.915176 209.0 
mask 4.8965216e-05 138.37625 203.60692 175.1719 209.0 
nomask 4.7653913e-05 27.53376 0.0 113.741234 96.63878 
nomask 4.7415495e-05 50.855087 102.63486 84.70614 161.33003 
nomask 4.708767e-05 166.57805 162.03091 247.0 209.0 
mask 4.6610832e-05 0.0 0.0 31.790564 65.34865 
mask 4.6163797e-05 221.18405 0.0 247.0 28.51217 
nomask 4.607439e-05 234.36134 201.44907 247.0 209.0 
mask 4.544854e-05 191.05411 0.0 247.0 142.56824 
nomask 4.4703484e-05 240.01735 169.79718 246.22621 208.9562 
nomask 4.452467e-05 190.75456 27.973997 247.0 201.14796 
mask 4.4196844e-05 0.0 0.0 119.36565 52.42406 
nomask 4.413724e-05 0.8358355 175.91536 37.930218 209.0 
nomask 4.3958426e-05 138.37625 203.60692 175.1719 209.0 
