nomask 0.99977064 59.98484694957733 86.18661147356033 243.82776296138763 357.5139350891113 
mask 0.0023252666 60.04148232936859 91.21553826332092 245.2040330171585 358.6612181663513 
nomask 0.0011038482 0.0 123.44513523578644 3.7761421501636505 173.75629603862762 
nomask 0.00063833594 0.0 110.1674570441246 1.535384844057262 158.43989044427872 
nomask 0.00036773086 0.7908150851726532 238.23005890846252 148.72333216667175 442.0 
nomask 0.00030767918 25.071509331464767 260.41086506843567 163.5426768064499 442.0 
nomask 0.00027304888 207.60071861743927 172.99365365505219 318.0 442.0 
nomask 0.00027298927 0.0 140.86661875247955 5.2978483736515045 196.01871979236603 
nomask 0.0002680421 250.18891310691833 264.629714846611 318.0 442.0 
mask 0.00026133657 282.0849051475525 0.0 318.0 442.0 
nomask 0.0002566576 202.55018091201782 135.62704849243164 318.0 407.75459599494934 
mask 0.00025245547 196.82339251041412 319.77546668052673 318.0 442.0 
nomask 0.00024980307 196.82339251041412 319.77546668052673 318.0 442.0 
mask 0.00023382902 250.18891310691833 264.629714846611 318.0 442.0 
nomask 0.0002092123 213.33633971214294 0.0 318.0 268.51582407951355 
nomask 0.00020369887 312.54190742969513 250.65050208568573 316.3065301179886 313.84580886363983 
mask 0.00019276142 0.7908150851726532 238.23005890846252 148.72333216667175 442.0 
mask 0.00018325448 226.46826088428497 370.5234317779541 318.0 438.65747237205505 
mask 0.00018000603 43.309385776519775 203.4787865281105 318.0 442.0 
nomask 0.00017479062 114.29441374540329 272.12428069114685 273.56681513786316 442.0 
nomask 0.00016316772 104.60232424736023 145.69821959733963 318.0 442.0 
mask 0.00016221404 99.42527621984482 138.19677764177322 318.0 442.0 
nomask 0.00016060472 38.20791792869568 350.72318267822266 318.0 442.0 
nomask 0.00015631318 282.0849051475525 0.0 318.0 442.0 
mask 0.00015127659 25.071509331464767 260.41086506843567 163.5426768064499 442.0 
nomask 0.00014311075 3.072962164878845 228.08747899532318 318.0 442.0 
mask 0.00014311075 314.02162992954254 227.8866227865219 317.41425597667694 297.9138859510422 
nomask 0.00014287233 64.19668632745743 276.39321279525757 263.9784150123596 345.7734365463257 
mask 0.00014141202 0.0 0.0 147.08647871017456 273.4372754096985 
mask 0.00013801455 30.368087768554688 309.2892656326294 281.02416694164276 442.0 
mask 0.00013720989 202.55018091201782 135.62704849243164 318.0 407.75459599494934 
nomask 0.00012865663 0.0 350.142849445343 229.5428910255432 442.0 
nomask 0.00012627244 30.368087768554688 309.2892656326294 281.02416694164276 442.0 
mask 0.00012385845 0.0 123.44513523578644 3.7761421501636505 173.75629603862762 
mask 0.00012367964 146.80144429206848 59.214828848838806 318.0 442.0 
nomask 0.00011974573 3.2522411942481995 0.0 132.97674429416656 311.92463397979736 
nomask 0.000119537115 286.86096596717834 283.6395009756088 318.0 442.0 
mask 0.00011894107 0.0 323.2113618850708 149.26163363456726 442.0 
nomask 0.00011867285 314.02162992954254 227.8866227865219 317.41425597667694 297.9138859510422 
mask 0.00011754036 171.9472496509552 323.406711935997 318.0 442.0 
nomask 0.00011521578 237.50448346138 81.19865155220032 318.0 353.0181967020035 
nomask 0.00011411309 218.00726115703583 36.760769724845886 318.0 285.0595101118088 
nomask 0.00011405349 104.35832583904266 243.1388908624649 212.54401302337646 442.0 
nomask 0.000112980604 163.51621663570404 4.789303541183472 318.0 442.0 
nomask 0.00011244416 26.30064681172371 147.74338841438293 47.01449203491211 194.50218164920807 
nomask 0.000112086535 65.33540242910385 0.0 257.48627185821533 159.20001685619354 
nomask 0.00011205673 30.658865332603455 0.0 160.43885707855225 174.84490823745728 
mask 0.00011172891 197.27979254722595 253.7146921157837 318.0 442.0 
nomask 0.00011083484 0.0 123.87948942184448 110.20389121770859 314.9781278371811 
mask 0.00010716915 286.86096596717834 283.6395009756088 318.0 442.0 
nomask 0.00010639429 48.303259670734406 182.86917173862457 106.65163224935532 321.5404142141342 
mask 0.00010240078 218.00726115703583 36.760769724845886 318.0 285.0595101118088 
nomask 0.00010097027 0.0 0.24297156557440758 10.285786025226116 18.713230788707733 
mask 9.9897385e-05 0.0 110.1674570441246 1.535384844057262 158.43989044427872 
nomask 9.8496675e-05 184.42854630947113 304.4293831586838 318.0 442.0 
mask 9.7543e-05 0.0 140.86661875247955 5.2978483736515045 196.01871979236603 
nomask 9.7215176e-05 45.831005930900574 35.44180780649185 271.43455374240875 213.51519507169724 
nomask 9.521842e-05 0.0 166.71617263555527 4.7146898321807384 221.65973782539368 
mask 9.506941e-05 0.0 166.71617263555527 4.7146898321807384 221.65973782539368 
nomask 9.4890594e-05 105.8842493891716 0.0 211.19507503509521 205.13899850845337 
mask 9.4652176e-05 223.1586356163025 0.0 318.0 254.679323554039 
nomask 9.3489885e-05 205.53246581554413 400.57403922080994 318.0 442.0 
mask 9.325147e-05 205.53246581554413 400.57403922080994 318.0 442.0 
mask 9.325147e-05 0.0 350.142849445343 229.5428910255432 442.0 
nomask 8.907914e-05 18.588187023997307 105.40225940942764 58.817860543727875 240.70735573768616 
mask 8.895993e-05 232.15219366550446 163.8272180557251 318.0 436.31016302108765 
nomask 8.7708235e-05 28.534375190734863 168.9066750407219 47.832449644804 215.6422581076622 
nomask 8.5264444e-05 244.98700654506683 50.63868498802185 318.0 431.29713559150696 
mask 8.481741e-05 0.0 0.24297156557440758 10.285786025226116 18.713230788707733 
mask 8.097291e-05 0.0 380.74915730953217 318.0 442.0 
nomask 7.984042e-05 60.994219064712524 259.82257556915283 254.95650136470795 442.0 
nomask 7.623434e-05 0.0 323.2113618850708 149.26163363456726 442.0 
nomask 7.4744225e-05 0.3442432852461934 191.39188742637634 4.627750117331743 237.99181878566742 
nomask 7.349253e-05 0.0 249.49602675437927 81.98492467403412 442.0 
mask 7.337332e-05 312.54190742969513 250.65050208568573 316.3065301179886 313.84580886363983 
mask 7.3224306e-05 151.68025624752045 362.58623933792114 318.0 440.16341972351074 
nomask 7.236004e-05 236.37704515457153 235.42687129974365 318.0 442.0 
mask 7.2300434e-05 0.0 2.825383484363556 221.08871483802795 194.06396788358688 
mask 7.2300434e-05 0.0 194.6915118098259 98.07442384958267 431.0605025291443 
nomask 7.221103e-05 176.4092001914978 244.44171631336212 318.0 400.7774509191513 
nomask 6.839633e-05 0.0 0.0 77.67330998182297 192.51109963655472 
nomask 6.750226e-05 0.0 8.379735060036182 3.500127598643303 61.142761290073395 
nomask 6.341934e-05 31.435384154319763 332.5606335401535 216.0221039056778 442.0 
nomask 6.303191e-05 0.0 2.825383484363556 221.08871483802795 194.06396788358688 
nomask 6.2674284e-05 231.4184925556183 20.164696156978607 318.0 270.69109892845154 
nomask 6.249547e-05 0.1543826605193317 38.05855664610863 2.5300334841012955 92.23828074336052 
nomask 6.1929226e-05 63.06321582198143 245.55393385887146 214.128950715065 337.49259662628174 
mask 6.067753e-05 176.4092001914978 244.44171631336212 318.0 400.7774509191513 
nomask 5.930662e-05 0.18885701056569815 241.2121307849884 4.281396836042404 291.20540976524353 
nomask 5.8323145e-05 7.195517420768738 15.988894522190094 309.5567035675049 289.36914563179016 
mask 5.7160854e-05 60.994219064712524 259.82257556915283 254.95650136470795 442.0 
nomask 5.5640936e-05 0.0 0.0 213.69023501873016 114.85693842172623 
nomask 5.441904e-05 34.373858615756035 182.50965124368668 82.77523273229599 319.402628660202 
nomask 5.3852797e-05 183.63313007354736 143.50838899612427 318.0 290.66298735141754 
nomask 5.3316355e-05 0.0 0.0 132.04073470830917 115.87119114398956 
nomask 5.209446e-05 36.32387700676918 101.34358218312263 76.26215931773186 250.3989839553833 
nomask 5.1766634e-05 313.56672728061676 274.78683733940125 318.0 336.8441345691681 
mask 5.143881e-05 0.0 0.0 213.69023501873016 114.85693842172623 
nomask 5.1230192e-05 33.67084684967995 1.0707439426332712 58.50560304522514 12.743032567203045 
nomask 5.081296e-05 0.0 67.72987806797028 75.69036090373993 372.0216336250305 
