nomask 0.9998198 80.22158771753311 69.08797883987427 161.3649120926857 171.87141734361649 
mask 0.17502186 80.22158771753311 69.08797883987427 161.3649120926857 171.87141734361649 
mask 0.0025260448 192.08341896533966 184.27396702766418 205.0 251.0 
nomask 0.0016698539 191.28977358341217 193.7007156610489 205.0 251.0 
mask 0.0010588765 199.65189903974533 189.20449686050415 205.0 242.8580220937729 
mask 0.0008819103 196.59356862306595 201.67332273721695 205.0 247.50760370492935 
nomask 0.00080147386 179.8575508594513 40.720567777752876 204.15674567222595 152.58251690864563 
nomask 0.000772506 199.65189903974533 189.20449686050415 205.0 242.8580220937729 
nomask 0.00074377656 147.212652862072 0.0 205.0 148.22600173950195 
nomask 0.00066128373 169.82744067907333 54.66048575937748 191.92700415849686 152.02489924430847 
nomask 0.0005349219 196.59356862306595 201.67332273721695 205.0 247.50760370492935 
mask 0.00050759315 201.78823620080948 177.39916598796844 205.0 227.0540076494217 
mask 0.00049492717 4.305537194013596 1.042466163635254 72.86415949463844 48.0838153809309 
nomask 0.00042110682 155.12248158454895 145.08313381671906 205.0 251.0 
nomask 0.00040727854 202.1857064962387 165.19451731443405 205.0 211.73985356092453 
nomask 0.00039762259 201.78823620080948 177.39916598796844 205.0 227.0540076494217 
nomask 0.00038671494 152.36498177051544 57.0740350484848 205.0 237.74099135398865 
mask 0.00036898255 202.1857064962387 165.19451731443405 205.0 211.73985356092453 
nomask 0.0003348589 201.27777725458145 76.90244314074516 204.79993909597397 118.39648625254631 
mask 0.00031653047 127.91094839572906 174.75886011123657 205.0 251.0 
nomask 0.00031095743 127.91094839572906 174.75886011123657 205.0 251.0 
nomask 0.0002887845 131.69625759124756 100.17434826493263 205.0 250.98809123039246 
nomask 0.00027504563 0.5485492385923862 0.0 11.561360247433186 12.92558740824461 
nomask 0.00026711822 195.95693677663803 51.2236612290144 204.01660650968552 169.7746061682701 
mask 0.0002451837 4.222056549042463 34.09919089078903 10.381509680300951 161.8171244263649 
nomask 0.00024354458 130.73063045740128 69.60785049200058 205.0 180.6605830192566 
nomask 0.00024122 0.0 0.0 49.92255441844463 186.14119029045105 
mask 0.00023558736 201.27777725458145 76.90244314074516 204.79993909597397 118.39648625254631 
nomask 0.00023135543 11.94623127579689 70.42086338996887 121.59238159656525 180.6808398962021 
nomask 0.00022608042 0.0 158.7330971956253 123.1365516781807 251.0 
mask 0.0002180934 3.219049349427223 0.0 40.78339524567127 74.83357119560242 
nomask 0.00021776557 150.0150328874588 13.255649954080582 205.0 156.62742924690247 
nomask 0.00021252036 11.978938356041908 9.448269695043564 102.88204997777939 151.97181844711304 
mask 0.00021004677 2.5106219947338104 40.55496706068516 31.80618606507778 145.53137332201004 
nomask 0.00020480156 0.0 0.0 93.71099933981895 63.455100893974304 
mask 0.00020378828 155.12248158454895 145.08313381671906 205.0 251.0 
mask 0.00020232797 188.7015062570572 210.21569561958313 205.0 251.0 
nomask 0.00019294024 180.57421684265137 197.31281304359436 205.0 251.0 
mask 0.00018879771 17.7471574395895 211.0068957209587 94.04909163713455 251.0 
mask 0.00018659234 0.8921013073995709 0.0 6.743470169603825 36.653218030929565 
nomask 0.0001834631 196.03136241436005 140.35684835910797 205.0 247.2906277179718 
nomask 0.00018247962 172.71132111549377 91.04576021432877 184.60124135017395 123.10671132802963 
mask 0.00017878413 5.604808926582336 88.35098218917847 136.11763656139374 251.0 
nomask 0.00017428398 0.0 0.0 153.72291058301926 65.47262001037598 
mask 0.0001732409 194.3369847536087 237.05979776382446 205.0 251.0 
mask 0.00017091632 180.57421684265137 197.31281304359436 205.0 251.0 
nomask 0.00017079711 174.70387786626816 83.36645147204399 185.6312134861946 109.80380031466484 
nomask 0.00016865134 68.60333144664764 0.0 135.35231471061707 118.49714228510857 
nomask 0.00016105175 202.95744329690933 151.34008514881134 205.0 194.09107196331024 
nomask 0.00016057491 131.61403626203537 226.96953916549683 205.0 251.0 
nomask 0.00016054511 194.3369847536087 237.05979776382446 205.0 251.0 
nomask 0.00016000867 0.0 0.0 49.439658373594284 118.39621695876122 
mask 0.00015601516 0.0 158.7330971956253 123.1365516781807 251.0 
nomask 0.0001540482 0.0 0.0 43.95029105246067 53.61724163591862 
mask 0.00015205145 131.61403626203537 226.96953916549683 205.0 251.0 
nomask 0.00015082955 0.0 221.00046288967133 205.0 251.0 
mask 0.00015053153 202.95744329690933 151.34008514881134 205.0 194.09107196331024 
nomask 0.00014898181 0.9203925728797913 47.41558529436588 31.54683880507946 160.9856349825859 
nomask 0.00014594197 146.50507777929306 0.0 205.0 102.15337333083153 
mask 0.00014558434 2.8557218611240387 0.2548080235719681 14.77059319615364 86.83354163169861 
nomask 0.00014486909 0.0 24.027595847845078 91.7801482975483 114.96568343043327 
mask 0.00014412403 1.4738865732215345 66.98656722903252 3.3603664953261614 133.913156747818 
mask 0.00014308095 196.03136241436005 140.35684835910797 205.0 247.2906277179718 
nomask 0.00014001131 22.98954002559185 0.0 94.90289092063904 114.52084001898766 
nomask 0.00013899803 0.8921013073995709 0.0 6.743470169603825 36.653218030929565 
mask 0.00013744831 0.0 32.08380368351936 25.82237273454666 194.9751933813095 
mask 0.00013592839 0.5485492385923862 0.0 11.561360247433186 12.92558740824461 
nomask 0.00013276935 44.1146145761013 0.0 168.9766961336136 89.420863956213 
mask 0.00013199449 66.73545688390732 82.00572493672371 205.0 251.0 
nomask 0.00012999773 66.73545688390732 82.00572493672371 205.0 251.0 
nomask 0.00012725592 0.0 0.0 64.2883551120758 37.83267618715763 
mask 0.00012645125 181.05978578329086 209.4131253361702 205.0 251.0 
mask 0.00012618303 0.0 221.00046288967133 205.0 251.0 
nomask 0.00012516975 135.62275677919388 24.109304070472717 205.0 162.6772786974907 
nomask 0.00012382865 20.11658027768135 174.85305309295654 133.34014654159546 251.0 
mask 0.0001219511 135.62275677919388 24.109304070472717 205.0 162.6772786974907 
nomask 0.00012075901 0.0 128.08526521921158 188.30451250076294 248.36626189947128 
nomask 0.00012022257 60.786598920822144 0.0 181.91705524921417 151.30316197872162 
mask 0.00011986494 194.43291574716568 48.66724036633968 203.79646986722946 151.87188053131104 
mask 0.00011858344 0.0 0.0 93.71099933981895 63.455100893974304 
nomask 0.00011831522 0.0 83.28390544652939 92.08463847637177 166.35373729467392 
nomask 0.00011733174 106.78215622901917 185.67589551210403 205.0 251.0 
mask 0.000115484 0.0 83.28390544652939 92.08463847637177 166.35373729467392 
nomask 0.00011277199 4.305537194013596 1.042466163635254 72.86415949463844 48.0838153809309 
nomask 0.00011268258 52.50973120331764 0.0 205.0 65.23875331878662 
nomask 0.00011232495 185.86436331272125 81.99727210402489 197.64184474945068 107.48271229863167 
mask 0.000111073256 104.3361908197403 0.6908732056617737 205.0 251.0 
nomask 0.00010892749 83.00112441182137 0.0 205.0 35.91869679093361 
mask 0.000107735395 0.0 0.6100373826920986 77.93784111738205 18.84652180969715 
nomask 0.00010621548 172.34640210866928 0.5214874148368835 205.0 221.77110689878464 
nomask 0.00010469556 4.03992772102356 0.0 129.44375485181808 94.92917856574059 
nomask 0.00010210276 3.4510647226125 48.38295215368271 11.120236217975616 182.83466655015945 
nomask 9.986758e-05 73.59867125749588 140.32154095172882 171.86299592256546 251.0 
nomask 9.840727e-05 163.74196261167526 155.2292559146881 194.45466548204422 230.98105907440186 
mask 9.661913e-05 20.11658027768135 174.85305309295654 133.34014654159546 251.0 
nomask 9.509921e-05 174.6655347943306 136.7008261680603 205.0 228.45218098163605 
mask 9.49502e-05 0.0 24.027595847845078 91.7801482975483 114.96568343043327 
nomask 9.4652176e-05 178.97870272397995 229.72784060239792 205.0 251.0 
nomask 9.301305e-05 111.36657267808914 138.80896264314651 205.0 228.40453094244003 
mask 9.2327595e-05 1.9547362299636006 40.82059919834137 3.5491397604346275 122.90661108493805 
