nomask 0.9999981 0.27089527 0.19863847 0.84522164 0.8875965 
mask 0.019485205 0.26399377 0.19931912 0.8451729 0.8925357 
nomask 0.00019103289 0.0 0.0081728995 0.7207141 0.42097887 
nomask 0.00013953447 0.6091604 0.7046571 1.0 1.0 
nomask 0.00013408065 0.66076267 0.0 1.0 0.50407225 
nomask 0.00013169646 0.26959434 0.9644583 0.41583654 1.0 
nomask 0.00013071299 0.47319967 0.7458501 0.9110827 0.89223814 
mask 0.000121593475 0.11957461 0.4543636 0.9619947 0.9886122 
nomask 0.00012072921 0.2903071 0.0 0.7164363 0.40105265 
nomask 0.00011947751 0.0 0.007854015 0.27690428 0.6206485 
mask 0.00010827184 0.5680218 0.7303503 1.0 1.0 
nomask 9.855628e-05 0.8793322 0.7753824 1.0 1.0 
nomask 9.831786e-05 0.0 0.28602308 0.36471662 0.7203303 
nomask 9.804964e-05 0.19939932 0.6934789 0.82037234 1.0 
nomask 9.7453594e-05 0.32543457 0.32671404 1.0 1.0 
mask 9.739399e-05 0.33067966 0.7200847 0.7613994 0.91157836 
nomask 9.679794e-05 0.5884167 0.32526147 1.0 0.6644429 
nomask 9.4771385e-05 0.71716285 0.60440075 1.0 1.0 
mask 9.059215e-05 0.31266177 0.31266683 1.0 1.0 
nomask 8.934736e-05 0.0 0.0 0.41626456 0.7137629 
nomask 8.7708235e-05 0.0 0.6412194 0.5955124 1.0 
mask 8.696318e-05 0.8793322 0.7753824 1.0 1.0 
nomask 8.645654e-05 0.119360104 0.58226687 0.47466958 1.0 
nomask 8.627772e-05 0.7157941 0.0 1.0 0.40877724 
nomask 8.6039305e-05 0.0 0.74001604 0.6697766 1.0 
nomask 8.293986e-05 0.10034746 0.68198997 0.64195925 1.0 
nomask 8.240342e-05 0.16207886 0.0 0.85726285 0.27414024 
mask 8.144975e-05 0.26959434 0.9644583 0.41583654 1.0 
nomask 8.121133e-05 0.6433605 0.90599895 1.0 1.0 
mask 7.775426e-05 0.6433605 0.90599895 1.0 1.0 
mask 7.751584e-05 0.45687062 0.13043788 1.0 1.0 
nomask 7.7039e-05 0.0 0.51054025 0.94327265 0.9928261 
nomask 7.6562166e-05 0.6677987 0.09021205 1.0 0.6471939 
nomask 7.531047e-05 0.7774392 0.0 1.0 0.6921201 
nomask 7.393956e-05 0.7256372 0.034680963 1.0 0.61497396 
nomask 7.349253e-05 0.31627527 0.2350227 0.6365516 0.42382786 
mask 7.259846e-05 0.83584017 0.0 1.0 0.9004111 
mask 7.215142e-05 0.6677987 0.09021205 1.0 0.6471939 
nomask 7.122755e-05 0.5443134 0.0 0.87969047 0.46570218 
nomask 6.878376e-05 0.94985574 0.9567991 1.0 1.0 
mask 6.777048e-05 0.71716285 0.60440075 1.0 1.0 
nomask 6.684661e-05 0.31547815 0.5632842 0.6876798 1.0 
mask 6.6548586e-05 0.10034746 0.68198997 0.64195925 1.0 
nomask 6.5892935e-05 0.5942132 0.79436237 1.0 1.0 
nomask 6.377697e-05 0.84026796 0.47327232 0.90955096 0.6069702 
nomask 6.3717365e-05 0.0 0.2975453 0.25484768 1.0 
nomask 6.133318e-05 0.19902328 0.0 0.89604783 0.12211253 
nomask 6.0617924e-05 0.8495588 0.33038756 0.9764139 0.7081442 
mask 6.0528517e-05 0.5942132 0.79436237 1.0 1.0 
nomask 5.939603e-05 0.0 0.0 0.27584374 0.40591735 
nomask 5.8561563e-05 0.0 0.0 0.42712295 0.25537127 
mask 5.8323145e-05 0.0 0.0081728995 0.7207141 0.42097887 
nomask 5.620718e-05 0.41430885 0.20181853 0.703365 0.37148774 
nomask 5.3465366e-05 0.5515164 0.0 1.0 0.25931683 
nomask 5.108118e-05 0.0 0.8817359 1.0 1.0 
nomask 5.0723553e-05 0.54783714 0.54813063 0.8552557 1.0 
nomask 5.0634146e-05 0.11572382 0.0 0.46013662 0.45462012 
mask 5.00679e-05 0.47319967 0.7458501 0.9110827 0.89223814 
nomask 4.9352646e-05 0.3491053 0.68085223 0.83874553 0.8545372 
mask 4.929304e-05 0.0 0.74001604 0.6697766 1.0 
nomask 4.914403e-05 0.41662037 0.0 0.99658704 0.36486724 
mask 4.902482e-05 0.8245306 0.9701754 0.95492136 1.0 
nomask 4.759431e-05 0.6611139 0.17871633 1.0 0.80819833 
mask 4.7326088e-05 0.94985574 0.9567991 1.0 1.0 
nomask 4.6670437e-05 0.82280993 0.6946824 1.0 1.0 
nomask 4.61936e-05 0.8128367 0.0 1.0 0.862499 
nomask 4.568696e-05 0.33067966 0.7200847 0.7613994 0.91157836 
nomask 4.5597553e-05 0.2003035 0.0 0.9009748 0.5294049 
nomask 4.5388937e-05 0.50617886 0.03933218 0.8590714 0.7193749 
mask 4.49121e-05 0.0 0.8817359 1.0 1.0 
mask 4.401803e-05 0.61506736 0.0043253303 1.0 0.44776982 
nomask 4.2766333e-05 0.21346527 0.97452044 0.3741969 1.0 
mask 4.172325e-05 0.0 0.33009398 0.44005734 0.66053116 
mask 4.157424e-05 0.0 0.31682187 0.004378517 0.49053365 
nomask 4.1514635e-05 0.8245306 0.9701754 0.95492136 1.0 
nomask 4.1157007e-05 0.6691104 0.8500274 1.0 1.0 
nomask 4.0739775e-05 0.0 0.74095756 0.41612273 1.0 
mask 4.056096e-05 0.19902328 0.0 0.89604783 0.12211253 
nomask 4.0113926e-05 0.0 0.31812096 0.704056 0.6758542 
mask 3.9756298e-05 0.0 0.75858355 0.6045813 1.0 
nomask 3.9577484e-05 0.9575125 0.8706746 1.0 0.9959816 
nomask 3.939867e-05 0.86607295 0.9672208 0.9883613 1.0 
nomask 3.9100647e-05 0.07848278 0.038501054 0.5525527 0.5655949 
mask 3.8832426e-05 0.0 0.0 0.41626456 0.7137629 
nomask 3.8176775e-05 0.02275379 0.66189885 0.26326174 1.0 
nomask 3.784895e-05 0.0 0.25422764 0.1802402 0.61769336 
nomask 3.6895275e-05 0.34780905 0.8659725 0.9548453 1.0 
nomask 3.668666e-05 0.7910079 0.5994836 1.0 1.0 
mask 3.5762787e-05 0.13723373 0.0 0.8933406 0.26093805 
nomask 3.567338e-05 0.57015026 0.39157107 1.0 0.86377454 
mask 3.501773e-05 0.43658593 0.0 1.0 0.14148559 
nomask 3.4868717e-05 0.039865643 0.0 0.5714605 0.33667004 
mask 3.46303e-05 0.0 0.25422764 0.1802402 0.61769336 
nomask 3.439188e-05 0.41431603 0.117295235 0.96235704 0.56669796 
nomask 3.3974648e-05 0.58551705 0.4055015 0.82705474 0.76049256 
mask 3.3974648e-05 0.0 0.0 0.42712295 0.25537127 
nomask 3.3468008e-05 0.5484635 0.5681208 1.0 0.88400334 
mask 3.3468008e-05 0.21346527 0.97452044 0.3741969 1.0 
mask 3.33786e-05 0.86607295 0.9672208 0.9883613 1.0 
nomask 3.3050776e-05 0.0 0.31682187 0.004378517 0.49053365 
