nomask 0.9998325 83.89052391052246 150.66175186634064 256.7833709716797 376.59821128845215 
mask 0.011746436 83.89052391052246 150.66175186634064 256.7833709716797 376.59821128845215 
nomask 0.0005323589 219.27043914794922 0.0 320.0 271.7402501106262 
mask 0.000446409 226.59854888916016 258.06468200683594 320.0 428.0 
nomask 0.00043064356 226.59854888916016 258.06468200683594 320.0 428.0 
nomask 0.000392735 68.38109016418457 0.0 291.1307907104492 275.1072404384613 
nomask 0.00029736757 75.91550827026367 226.58620643615723 255.42993545532227 428.0 
nomask 0.00029721856 250.12449264526367 250.93038606643677 320.0 428.0 
nomask 0.00028911233 0.0 2.9245248436927795 235.51239013671875 174.76053047180176 
mask 0.0002476275 200.3359031677246 314.44576835632324 320.0 428.0 
nomask 0.00024741888 0.9978342056274414 413.5658941268921 13.589305877685547 427.7308611869812 
nomask 0.00024428964 0.0 263.93586230278015 190.6460189819336 428.0 
nomask 0.00024300814 200.3359031677246 314.44576835632324 320.0 428.0 
mask 0.00024145842 178.91218185424805 317.3188443183899 320.0 428.0 
mask 0.00021645427 2.9454517364501953 0.3941376879811287 54.30708885192871 15.607244968414307 
mask 0.00020477176 250.12449264526367 250.93038606643677 320.0 428.0 
nomask 0.00019952655 0.0 0.0 148.80934715270996 261.53965950012207 
nomask 0.00019589067 178.91218185424805 317.3188443183899 320.0 428.0 
nomask 0.00017768145 1.1945566534996033 383.69832277297974 7.476893663406372 415.6362476348877 
nomask 0.00016513467 208.3310317993164 131.5875780582428 320.0 390.24227356910706 
nomask 0.00015452504 54.459543228149414 309.3437383174896 269.96715545654297 428.0 
nomask 0.00015345216 281.4955139160156 331.76611375808716 320.0 428.0 
nomask 0.0001488924 0.9318044781684875 364.6278097629547 6.44835352897644 398.35975527763367 
mask 0.00014320016 38.12755584716797 194.52156949043274 307.93212890625 423.15052676200867 
mask 0.00014030933 290.74806213378906 283.67090582847595 320.0 428.0 
nomask 0.0001346767 206.6923713684082 386.6904320716858 320.0 428.0 
mask 0.00013411045 0.03585338592529297 0.7441433072090149 97.96358108520508 73.31938219070435 
nomask 0.00013181567 70.60596466064453 327.80418634414673 301.1549758911133 428.0 
nomask 0.00013002753 237.81927108764648 82.30558276176453 320.0 335.86615657806396 
mask 0.00012725592 206.6923713684082 386.6904320716858 320.0 428.0 
nomask 0.00012639165 0.0 258.5671935081482 2.5271588563919067 290.11587476730347 
nomask 0.00012212992 202.2873306274414 210.72252702713013 320.0 404.15195417404175 
nomask 0.00012156367 0.0 278.146901845932 4.273515343666077 308.1546804904938 
nomask 0.00011578202 185.3155517578125 145.83764910697937 320.0 283.1181380748749 
nomask 0.00011482835 104.23081398010254 139.91556203365326 320.0 428.0 
mask 0.000113755465 263.9726257324219 0.0 320.0 373.19323539733887 
nomask 0.00011369586 213.81641387939453 38.85442245006561 320.0 277.3016529083252 
nomask 0.00011360645 29.13829803466797 295.2683141231537 207.9056167602539 428.0 
mask 0.00011199713 213.81641387939453 38.85442245006561 320.0 277.3016529083252 
mask 0.00010973215 100.05155563354492 133.82167255878448 320.0 428.0 
nomask 0.000106185675 263.9726257324219 0.0 320.0 373.19323539733887 
nomask 0.000105917454 40.209879875183105 240.69015169143677 151.15968704223633 428.0 
nomask 0.00010025501 0.0 376.1330986022949 320.0 428.0 
mask 9.36985e-05 29.13829803466797 295.2683141231537 207.9056167602539 428.0 
mask 9.36687e-05 10.948469638824463 4.857727572321892 39.44086790084839 39.772504687309265 
mask 9.340048e-05 250.68496704101562 0.0 320.0 300.36432361602783 
nomask 9.1940165e-05 315.94446182250977 213.32980608940125 319.5244789123535 289.90104842185974 
mask 9.188056e-05 162.89161682128906 1.661492109298706 320.0 428.0 
mask 9.000301e-05 0.0 376.1330986022949 320.0 428.0 
nomask 8.997321e-05 316.49356842041016 199.54585540294647 319.8126983642578 262.7785143852234 
mask 8.6814165e-05 214.85315322875977 364.4893627166748 314.8221778869629 428.0 
mask 8.5920095e-05 0.0 282.1476311683655 179.8484230041504 428.0 
mask 8.2820654e-05 54.459543228149414 309.3437383174896 269.96715545654297 428.0 
mask 8.109212e-05 0.9318044781684875 364.6278097629547 6.44835352897644 398.35975527763367 
nomask 7.876754e-05 316.01152420043945 275.85241055488586 320.0 377.77219223976135 
mask 7.861853e-05 0.0 0.0 148.80934715270996 261.53965950012207 
nomask 7.724762e-05 77.71961212158203 181.01085209846497 143.7381935119629 310.8568341732025 
mask 7.686019e-05 75.91550827026367 226.58620643615723 255.42993545532227 428.0 
nomask 7.683039e-05 206.73627853393555 9.211907267570496 320.0 260.7061710357666 
mask 7.5638294e-05 0.0 2.9245248436927795 235.51239013671875 174.76053047180176 
mask 7.399917e-05 0.0 0.0 14.013445377349854 19.632885575294495 
mask 7.262826e-05 70.60596466064453 327.80418634414673 301.1549758911133 428.0 
mask 7.247925e-05 180.10108947753906 229.95880913734436 320.0 381.3291103839874 
nomask 7.221103e-05 104.13999557495117 0.0 210.5949592590332 195.59896659851074 
nomask 7.209182e-05 95.6715202331543 146.4423440694809 253.85576248168945 258.7278094291687 
nomask 7.1793795e-05 247.02098846435547 151.0580619573593 320.0 427.981632232666 
nomask 7.104874e-05 315.97192764282227 231.66338896751404 319.9267768859863 320.63721108436584 
mask 7.030368e-05 187.62691497802734 1.3419631123542786 320.0 190.48517608642578 
nomask 6.92904e-05 97.86554336547852 17.854809165000916 216.7426872253418 290.0184235572815 
nomask 6.592274e-05 304.00413513183594 169.83549427986145 317.12730407714844 380.60710406303406 
mask 6.353855e-05 97.09307670593262 3.587450571358204 236.53213500976562 28.677531361579895 
nomask 6.189942e-05 70.17090797424316 253.36398768424988 266.11907958984375 368.60167622566223 
nomask 6.16312e-05 26.669132709503174 419.52036714553833 61.81113243103027 428.0 
nomask 6.097555e-05 216.70866012573242 332.21252703666687 320.0 428.0 
nomask 6.0796738e-05 74.17015075683594 169.21226572990417 154.22780990600586 248.20687985420227 
mask 5.6654215e-05 0.6131574511528015 7.064396381378174 6.927332878112793 63.563533902168274 
mask 5.635619e-05 185.3155517578125 145.83764910697937 320.0 283.1181380748749 
nomask 5.608797e-05 173.55857849121094 231.15284156799316 271.9767379760742 428.0 
mask 5.581975e-05 172.99800872802734 361.68294644355774 280.3620910644531 428.0 
mask 5.403161e-05 227.63423919677734 304.44227409362793 320.0 428.0 
nomask 5.38826e-05 1.2106509506702423 299.2522828578949 5.164358019828796 333.03790307044983 
mask 5.340576e-05 14.062913656234741 320.5119786262512 23.98531198501587 339.988648891449 
mask 5.221367e-05 234.0460205078125 176.79487550258636 320.0 423.0263147354126 
mask 5.1647425e-05 40.209879875183105 240.69015169143677 151.15968704223633 428.0 
nomask 4.979968e-05 1.9714570045471191 213.98360931873322 6.214657425880432 248.9481978416443 
nomask 4.8846006e-05 1.1252856254577637 341.8550691604614 6.7091768980026245 378.818058013916 
nomask 4.8607588e-05 0.0 237.3910710811615 4.072837233543396 269.58175683021545 
nomask 4.759431e-05 2.6052916049957275 320.91701340675354 7.327194809913635 359.79877066612244 
mask 4.5388937e-05 1.1945566534996033 383.69832277297974 7.476893663406372 415.6362476348877 
nomask 4.515052e-05 1.0721492767333984 145.79847729206085 230.5410385131836 292.314088344574 
nomask 4.49121e-05 304.7517395019531 409.74828124046326 320.0 428.0 
nomask 4.428625e-05 0.0 145.2303647994995 137.18156814575195 283.1771445274353 
mask 4.351139e-05 208.3310317993164 131.5875780582428 320.0 390.24227356910706 
nomask 4.348159e-05 172.99800872802734 361.68294644355774 280.3620910644531 428.0 
nomask 4.273653e-05 32.63253211975098 0.0 301.01879119873047 122.0978455543518 
nomask 4.2289495e-05 154.495210647583 140.5074633359909 248.57261657714844 357.9718155860901 
nomask 4.211068e-05 172.32322692871094 0.0 286.58878326416016 199.71531081199646 
mask 4.0590763e-05 316.01152420043945 275.85241055488586 320.0 377.77219223976135 
mask 4.0262938e-05 11.196248531341553 219.3469591140747 81.58310890197754 428.0 
mask 4.005432e-05 0.0 2.990489363670349 97.95702934265137 38.911990731954575 
