nomask 0.9999492 68.11469078063965 82.98216712474823 274.7727584838867 347.0419225692749 
mask 0.008860886 65.7935905456543 86.3860205411911 276.1601448059082 345.8065881729126 
nomask 0.00028574467 55.73203086853027 302.9789752960205 269.1086959838867 428.0 
nomask 0.00026392937 253.20938110351562 0.0 320.0 287.0648865699768 
nomask 0.00022745132 203.71639251708984 117.358145236969 320.0 306.90488147735596 
nomask 0.00018575788 86.77602767944336 96.34849345684052 185.82216262817383 185.96850383281708 
mask 0.00018519163 42.990455627441406 196.60192322731018 320.0 428.0 
mask 0.00018405914 174.38966751098633 310.9529333114624 320.0 428.0 
mask 0.0001821816 55.73203086853027 302.9789752960205 269.1086959838867 428.0 
nomask 0.00018173456 26.52087688446045 256.975932598114 153.46050262451172 428.0 
nomask 0.00017273426 12.867908477783203 0.0 189.76356506347656 154.82300782203674 
mask 0.00017267466 270.2669906616211 1.493822455406189 320.0 388.34001064300537 
nomask 0.00016602874 2.4581611156463623 339.1042408943176 8.928534984588623 376.727499961853 
nomask 0.00016134977 105.18801689147949 141.0576800107956 320.0 428.0 
nomask 0.00015988946 1.012434959411621 230.9727864265442 144.47534561157227 428.0 
mask 0.00015416741 100.0501537322998 133.82071590423584 320.0 428.0 
nomask 0.00015115738 174.38966751098633 310.9529333114624 320.0 428.0 
nomask 0.00015079975 229.92046356201172 173.81395268440247 320.0 428.0 
nomask 0.0001411736 90.0437068939209 253.36485505104065 230.4900360107422 428.0 
mask 0.0001398027 210.7459259033203 275.5015606880188 320.0 428.0 
mask 0.00013381243 147.07928657531738 58.616060972213745 320.0 428.0 
mask 0.00013297796 182.07958221435547 340.8728528022766 320.0 428.0 
nomask 0.0001295507 253.60721588134766 253.0169644355774 320.0 428.0 
nomask 0.00012651086 182.07958221435547 340.8728528022766 320.0 428.0 
nomask 0.00012502074 193.51707458496094 1.3527541756629944 320.0 191.6601264476776 
mask 0.00011652708 26.52087688446045 256.975932598114 153.46050262451172 428.0 
mask 0.00011560321 253.60721588134766 253.0169644355774 320.0 428.0 
nomask 0.000113368034 210.7459259033203 275.5015606880188 320.0 428.0 
nomask 0.00010865927 55.240211486816406 0.0 282.4338912963867 115.90545892715454 
nomask 0.000103622675 1.8627119064331055 0.0 136.9026756286621 311.0788035392761 
nomask 0.000102728605 96.93960189819336 290.4458568096161 286.71056747436523 428.0 
mask 0.0001013875 253.20938110351562 0.0 320.0 287.0648865699768 
nomask 9.9778175e-05 223.28619003295898 32.24980700016022 320.0 276.0427465438843 
nomask 9.7990036e-05 0.0 0.0 76.95605278015137 192.75464129447937 
nomask 9.447336e-05 104.54476356506348 0.0 212.9427719116211 204.48445057868958 
mask 9.4383955e-05 1.012434959411621 230.9727864265442 144.47534561157227 428.0 
nomask 9.417534e-05 160.5613136291504 10.10843288898468 275.33849716186523 306.08180141448975 
nomask 9.328127e-05 0.0 183.4363795518875 3.146982789039612 235.78526902198792 
nomask 9.211898e-05 0.0 340.03130292892456 223.36565017700195 428.0 
nomask 9.188056e-05 0.0 4.166351735591888 222.8000259399414 183.52062892913818 
mask 9.047985e-05 223.28619003295898 32.24980700016022 320.0 276.0427465438843 
mask 8.621812e-05 263.10001373291016 274.5252628326416 320.0 428.0 
nomask 8.606911e-05 205.64376831054688 0.0 320.0 151.00142800807953 
nomask 8.407235e-05 0.0 23.172628581523895 53.203864097595215 209.68936562538147 
nomask 8.305907e-05 172.84912109375 243.24939393997192 320.0 382.7258515357971 
nomask 8.2582235e-05 0.0 0.0 130.69913864135742 109.49045240879059 
nomask 8.1688166e-05 40.826544761657715 0.0 145.3101921081543 194.9261578321457 
nomask 7.9751015e-05 11.430587768554688 16.32465934753418 310.9564971923828 282.0142607688904 
mask 7.6919794e-05 0.0 278.6574237346649 113.02240371704102 428.0 
nomask 7.4893236e-05 174.97081756591797 236.79133796691895 276.12770080566406 428.0 
nomask 7.200241e-05 0.0 10.64929986000061 87.6568603515625 260.6510167121887 
nomask 7.18832e-05 180.6838607788086 162.81773161888123 320.0 361.0969636440277 
nomask 7.0631504e-05 0.0 88.1296318769455 84.40322875976562 353.980703830719 
nomask 6.66976e-05 289.8261260986328 280.2905478477478 320.0 428.0 
nomask 6.6280365e-05 0.0 165.40883684158325 2.2265972197055817 215.9187684059143 
nomask 6.529689e-05 49.119930267333984 35.65219992399216 276.65666580200195 206.85511708259583 
nomask 6.470084e-05 207.9511260986328 387.6150450706482 320.0 428.0 
mask 6.3955784e-05 207.9511260986328 387.6150450706482 320.0 428.0 
mask 6.338954e-05 0.3100651502609253 407.6017014980316 18.15274715423584 426.5245325565338 
nomask 6.222725e-05 0.3100651502609253 407.6017014980316 18.15274715423584 426.5245325565338 
mask 6.210804e-05 0.0 4.166351735591888 222.8000259399414 183.52062892913818 
nomask 6.0737133e-05 0.0 44.01422166824341 134.80501174926758 193.64154934883118 
mask 5.9753656e-05 1.8627119064331055 0.0 136.9026756286621 311.0788035392761 
nomask 5.9723854e-05 231.6926383972168 8.104968667030334 320.0 248.24578380584717 
mask 5.9604645e-05 193.51707458496094 1.3527541756629944 320.0 191.6601264476776 
mask 5.8561563e-05 0.0 369.4027659893036 320.0 428.0 
mask 5.77569e-05 191.18654251098633 358.824743270874 320.0 428.0 
mask 5.6535006e-05 289.8261260986328 280.2905478477478 320.0 428.0 
nomask 5.4478645e-05 163.93695831298828 4.986287593841553 320.0 428.0 
mask 5.3584576e-05 0.0 340.03130292892456 223.36565017700195 428.0 
nomask 5.352497e-05 0.5729271471500397 200.92820847034454 3.856555223464966 257.0375666618347 
nomask 5.286932e-05 0.0 278.6574237346649 113.02240371704102 428.0 
nomask 5.2541494e-05 304.9199676513672 5.600620850920677 320.0 22.803249910473824 
nomask 5.236268e-05 281.8092918395996 0.0 320.0 428.0 
mask 5.2005053e-05 0.0 314.1421899795532 139.5406150817871 428.0 
nomask 5.1945448e-05 0.0 369.4027659893036 320.0 428.0 
mask 5.13494e-05 55.240211486816406 0.0 282.4338912963867 115.90545892715454 
nomask 4.9173832e-05 32.56014823913574 319.6840260028839 212.41405487060547 428.0 
nomask 4.8547983e-05 246.29919052124023 65.71131265163422 320.0 355.08516788482666 
mask 4.7445297e-05 178.97003173828125 142.56471705436707 320.0 283.86690521240234 
mask 4.7326088e-05 229.92046356201172 173.81395268440247 320.0 428.0 
nomask 4.7177076e-05 0.0 142.4729037284851 138.32775115966797 283.90861535072327 
mask 4.6640635e-05 84.27281379699707 291.8098165988922 281.17984771728516 428.0 
mask 4.5776367e-05 172.84912109375 243.24939393997192 320.0 382.7258515357971 
nomask 4.2676926e-05 0.0 135.6494312286377 235.64327239990234 363.5391368865967 
mask 4.2319298e-05 0.0 183.4363795518875 3.146982789039612 235.78526902198792 
mask 4.1931868e-05 283.8517379760742 200.92462420463562 320.0 428.0 
mask 4.0769577e-05 0.0 186.0218596458435 97.7760124206543 428.0 
nomask 4.0262938e-05 54.4766902923584 218.4471936225891 275.07713317871094 364.3653292655945 
nomask 4.014373e-05 0.0 314.1421899795532 139.5406150817871 428.0 
nomask 3.951788e-05 173.3993911743164 0.0 283.1085205078125 188.13473963737488 
nomask 3.8951635e-05 266.72096252441406 221.97079467773438 320.0 425.6073942184448 
mask 3.889203e-05 229.74964141845703 270.6956343650818 320.0 366.7535471916199 
mask 3.734231e-05 0.0 0.0 130.69913864135742 109.49045240879059 
mask 3.7133694e-05 304.9199676513672 5.600620850920677 320.0 22.803249910473824 
mask 3.6358833e-05 0.0 9.929387018084526 3.484181761741638 59.20605534315109 
nomask 3.582239e-05 0.0 108.74654507637024 55.23476600646973 261.6806831359863 
nomask 3.5732985e-05 249.8128318786621 51.36160922050476 320.0 399.3639109134674 
mask 3.4689903e-05 246.3540267944336 338.52703380584717 320.0 428.0 
nomask 3.4213066e-05 229.74964141845703 270.6956343650818 320.0 366.7535471916199 
