nomask 0.9999976 65.20030975341797 90.28427302837372 257.44678497314453 386.0432744026184 
mask 0.012093872 65.1050853729248 91.05673968791962 259.60052490234375 388.3317451477051 
mask 0.0010215342 49.743900299072266 0.0 270.037899017334 57.510653018951416 
nomask 0.00037780404 42.323036193847656 0.0 296.6014099121094 101.71334201097488 
mask 0.00028073788 42.323036193847656 0.0 296.6014099121094 101.71334201097488 
nomask 0.00023248792 317.31279373168945 117.00488460063934 320.0 177.8523486852646 
mask 0.00023072958 282.9314994812012 0.0 320.0 428.0 
nomask 0.00021699071 41.10936164855957 7.187026739120483 295.6980895996094 197.0037181377411 
nomask 0.00021025538 272.6047134399414 139.270432472229 290.73986053466797 180.1773636341095 
nomask 0.00020727515 190.95420837402344 2.24308705329895 320.0 188.56571888923645 
nomask 0.00018513203 227.37255096435547 256.34818863868713 320.0 428.0 
mask 0.00017440319 43.0925178527832 196.56036615371704 320.0 428.0 
nomask 0.00017258525 282.9314994812012 0.0 320.0 428.0 
nomask 0.00016954541 289.9954605102539 276.60957074165344 320.0 428.0 
nomask 0.00016856194 36.39396667480469 0.0 256.9081687927246 56.19344812631607 
mask 0.00016093254 289.9954605102539 276.60957074165344 320.0 428.0 
nomask 0.0001565516 2.2833967208862305 0.0 135.63919067382812 313.9636654853821 
mask 0.00015646219 0.0 3.432508409023285 237.78026580810547 180.51078963279724 
nomask 0.00015515089 105.17677307128906 141.04678690433502 320.0 428.0 
nomask 0.00015491247 317.95475006103516 131.58274376392365 320.0 199.76938092708588 
nomask 0.00015363097 205.6577491760254 388.502667427063 320.0 428.0 
nomask 0.00015291572 217.498779296875 37.3666205406189 320.0 276.21708726882935 
mask 0.00015190244 205.6577491760254 388.502667427063 320.0 428.0 
mask 0.00014966726 100.05086898803711 133.82107305526733 320.0 428.0 
nomask 0.00014713407 0.0 0.0 141.34824752807617 108.44638514518738 
nomask 0.00014400482 0.0 0.0 77.02507019042969 199.05737483501434 
nomask 0.00014144182 251.27172470092773 0.0 320.0 293.48625802993774 
mask 0.00014036894 147.12949752807617 58.35684585571289 320.0 428.0 
mask 0.00013697147 184.58223342895508 315.7445480823517 320.0 428.0 
nomask 0.00013518333 184.58223342895508 315.7445480823517 320.0 428.0 
mask 0.00013428926 217.498779296875 37.3666205406189 320.0 276.21708726882935 
mask 0.000120818615 0.0 0.0 154.18246269226074 265.949556350708 
mask 0.00011983514 227.37255096435547 256.34818863868713 320.0 428.0 
mask 0.0001026988 190.95420837402344 2.24308705329895 320.0 188.56571888923645 
nomask 0.00010088086 0.0 6.064781665802002 89.10335540771484 262.05296206474304 
nomask 0.000100284815 186.94499969482422 340.25993061065674 320.0 428.0 
nomask 9.641051e-05 41.145291328430176 0.0 146.80967330932617 196.47322130203247 
nomask 9.572506e-05 0.0 257.18052911758423 166.446533203125 428.0 
nomask 9.471178e-05 0.0 0.0 104.84834671020508 144.55545139312744 
nomask 9.402633e-05 13.14605712890625 0.0 204.89641189575195 146.74856281280518 
nomask 9.396672e-05 0.0 284.5720489025116 108.19425582885742 428.0 
mask 9.384751e-05 186.94499969482422 340.25993061065674 320.0 428.0 
nomask 8.755922e-05 20.12946128845215 338.05090045928955 246.78298950195312 428.0 
nomask 8.174777e-05 0.0 373.1055293083191 320.0 428.0 
mask 8.08835e-05 20.12946128845215 338.05090045928955 246.78298950195312 428.0 
mask 8.028746e-05 0.0 373.1055293083191 320.0 428.0 
nomask 8.0257654e-05 234.15300369262695 81.04148495197296 320.0 346.3969078063965 
mask 7.8350306e-05 0.0 0.0 141.34824752807617 108.44638514518738 
nomask 7.674098e-05 0.0 39.77120363712311 138.9569091796875 194.2535914182663 
nomask 7.304549e-05 211.50768280029297 137.0018218755722 320.0 389.5351400375366 
nomask 7.18534e-05 201.57928466796875 30.989497542381287 320.0 217.58227586746216 
nomask 7.173419e-05 0.0 316.7506425380707 134.82678413391113 428.0 
nomask 7.0631504e-05 260.0712013244629 257.3509156703949 320.0 428.0 
nomask 7.036328e-05 0.737757682800293 392.4370176792145 124.15185928344727 419.65223240852356 
nomask 6.788969e-05 282.6254653930664 137.43488025665283 305.3653335571289 183.95040917396545 
nomask 6.7442656e-05 39.96683120727539 244.5254945755005 148.58095169067383 428.0 
nomask 6.7323446e-05 0.0 80.98357546329498 85.7490062713623 354.7286801338196 
nomask 6.5118074e-05 185.21963119506836 138.1554707288742 320.0 282.9315776824951 
nomask 6.234646e-05 0.0 140.30726742744446 141.81379318237305 282.52141523361206 
nomask 6.183982e-05 172.22084045410156 84.31301391124725 201.35757446289062 115.68948459625244 
nomask 5.9515238e-05 317.65445709228516 153.99406027793884 320.0 225.67888975143433 
mask 5.850196e-05 317.31279373168945 117.00488460063934 320.0 177.8523486852646 
nomask 5.8472157e-05 274.05017852783203 123.09108257293701 294.65171813964844 164.41463041305542 
mask 5.787611e-05 251.27172470092773 0.0 320.0 293.48625802993774 
nomask 5.6952238e-05 18.538382053375244 416.46238899230957 81.0821533203125 424.4650721549988 
nomask 5.6743622e-05 253.60071182250977 260.67407846450806 320.0 428.0 
nomask 5.6505203e-05 163.88385772705078 5.0648353099823 320.0 428.0 
nomask 5.6296587e-05 250.15735626220703 45.30212104320526 320.0 406.93956899642944 
nomask 5.507469e-05 0.0 166.10612320899963 87.95304298400879 428.0 
nomask 5.4329634e-05 20.766663551330566 120.82532918453217 57.34157085418701 264.7659578323364 
nomask 5.403161e-05 74.37179565429688 325.1652994155884 296.76273345947266 428.0 
nomask 5.403161e-05 223.0229949951172 325.92082691192627 320.0 428.0 
nomask 5.158782e-05 156.31436347961426 0.0 320.0 111.78462481498718 
nomask 5.1379204e-05 95.09522438049316 309.6071627140045 256.7075729370117 379.7354004383087 
mask 5.1110983e-05 253.60071182250977 260.67407846450806 320.0 428.0 
nomask 5.069375e-05 1.8043851852416992 1.0083840489387512 46.97371482849121 177.79779386520386 
nomask 5.057454e-05 0.0 0.0 69.8760986328125 5.298417266458273 
nomask 5.0127506e-05 104.97685432434082 0.0 212.66475677490234 199.45188641548157 
nomask 5.0127506e-05 283.28460693359375 119.72219169139862 307.54173278808594 164.30272734165192 
nomask 5.00679e-05 270.38949966430664 161.40412783622742 289.8402976989746 203.52595925331116 
nomask 4.976988e-05 157.0876979827881 82.9487224817276 182.7631950378418 117.96994495391846 
nomask 4.9084425e-05 138.06161880493164 352.55209970474243 252.54220962524414 426.2516436576843 
nomask 4.8816204e-05 248.32820892333984 155.78672885894775 320.0 428.0 
nomask 4.8696995e-05 0.0 317.0048065185547 220.56278228759766 428.0 
mask 4.7534704e-05 3.7626299262046814 0.8686734214425087 12.449381351470947 15.114175647497177 
mask 4.7534704e-05 41.145291328430176 0.0 146.80967330932617 196.47322130203247 
nomask 4.7177076e-05 0.0 0.0 119.56087112426758 17.797142028808594 
nomask 4.7147274e-05 3.7626299262046814 0.8686734214425087 12.449381351470947 15.114175647497177 
nomask 4.711747e-05 184.81348037719727 81.95068943500519 216.96786880493164 114.13336479663849 
nomask 4.6551228e-05 31.18730068206787 172.82960617542267 52.232584953308105 234.55957770347595 
mask 4.5508146e-05 0.0 39.77120363712311 138.9569091796875 194.2535914182663 
nomask 4.5120716e-05 278.1156349182129 88.06501942873001 314.67676162719727 227.86353158950806 
mask 4.479289e-05 0.0 140.30726742744446 141.81379318237305 282.52141523361206 
nomask 4.413724e-05 0.0 339.17949771881104 218.7173080444336 428.0 
nomask 4.4077635e-05 30.111656188964844 162.39953327178955 49.04827117919922 213.95489692687988 
nomask 4.3153763e-05 183.8747787475586 240.43547749519348 320.0 383.6528880596161 
mask 4.300475e-05 317.95475006103516 131.58274376392365 320.0 199.76938092708588 
nomask 4.297495e-05 0.21234214305877686 413.45775389671326 16.3266658782959 428.0 
nomask 4.1246414e-05 239.12729263305664 0.0 320.0 197.5415620803833 
nomask 4.1037798e-05 0.0 362.37201833724976 106.70220375061035 428.0 
