nomask 0.9999865 0.15293866 0.07710686 0.8814699 0.94604003 
nomask 0.26970536 0.8216358 0.73617333 0.99423176 0.99921066 
mask 0.11461118 0.8216358 0.73617333 0.99423176 0.99921066 
nomask 0.011828095 0.8509463 0.8429973 1.0 1.0 
nomask 0.007612705 0.9011252 0.75089985 1.0 1.0 
mask 0.005279243 0.15156463 0.07676223 0.879442 0.94495285 
nomask 0.0031529665 0.9471132 0.809508 1.0 0.97745496 
mask 0.0030280352 0.8509463 0.8429973 1.0 1.0 
mask 0.0030239522 0.9011252 0.75089985 1.0 1.0 
nomask 0.0030190945 0.9046733 0.86975515 1.0 1.0 
nomask 0.001968056 0.8697291 0.941231 1.0 1.0 
nomask 0.0018496811 0.9611839 0.76268053 0.9998348 0.95307624 
nomask 0.001688689 0.870781 0.7586413 1.0 0.9308595 
nomask 0.0015873909 0.87470675 0.9014684 1.0 1.0 
nomask 0.0015435219 0.9354888 0.9305737 1.0 1.0 
mask 0.0015193522 0.9471132 0.809508 1.0 0.97745496 
mask 0.0012174845 0.870781 0.7586413 1.0 0.9308595 
nomask 0.0011745393 0.8731211 0.8742774 0.9917291 0.98970443 
nomask 0.0011088252 0.79981613 0.90256244 1.0 1.0 
mask 0.0010401905 0.9581058 0.39545658 0.99454963 0.5622553 
mask 0.0010326803 0.8697291 0.941231 1.0 1.0 
nomask 0.00091189146 0.8759858 0.80371726 0.9796433 0.9593438 
mask 0.00088715553 0.9611839 0.76268053 0.9998348 0.95307624 
nomask 0.00088337064 0.5968292 0.6671628 0.9407277 0.993068 
mask 0.00079396367 0.9413832 0.34408706 0.9966441 0.7306475 
mask 0.00079232454 0.7665819 0.90697795 1.0 1.0 
nomask 0.00078323483 0.7514369 0.6285068 0.9770208 1.0 
nomask 0.00076800585 0.7009182 0.77115715 0.9985788 1.0 
mask 0.000754863 0.9046733 0.86975515 1.0 1.0 
mask 0.0007485151 0.9354888 0.9305737 1.0 1.0 
mask 0.00074598193 0.8731211 0.8742774 0.9917291 0.98970443 
nomask 0.0007416308 0.97570115 0.70896643 0.9977792 0.9008892 
mask 0.0006761551 0.008998085 0.60677063 0.064383075 1.0 
mask 0.00067418814 0.82785785 0.95647454 0.981568 1.0 
nomask 0.00063735247 0.85934085 0.7005873 1.0 1.0 
nomask 0.00060224533 0.008998085 0.60677063 0.064383075 1.0 
mask 0.0005725026 0.87470675 0.9014684 1.0 1.0 
mask 0.000536114 0.8759858 0.80371726 0.9796433 0.9593438 
mask 0.00052937865 0.9839783 0.47382313 0.99757576 0.7207511 
mask 0.00048699975 0.97570115 0.70896643 0.9977792 0.9008892 
mask 0.0004810393 0.972464 0.42976654 0.9955589 0.64562917 
nomask 0.00045010448 0.82785785 0.95647454 0.981568 1.0 
nomask 0.00043591857 0.7271838 0.73999006 1.0 0.97601 
nomask 0.0004325211 0.61529267 0.7066686 1.0 1.0 
nomask 0.00038406253 0.699013 0.8416391 1.0 1.0 
mask 0.0003697276 0.85934085 0.7005873 1.0 1.0 
nomask 0.00036400557 0.88843596 0.7248644 0.97156763 0.83857137 
nomask 0.00035959482 0.96151024 0.36546427 1.0 0.517668 
nomask 0.0003555119 0.9581058 0.39545658 0.99454963 0.5622553 
mask 0.00031331182 0.57757366 0.7488836 1.0 1.0 
mask 0.0003052354 0.7271838 0.73999006 1.0 0.97601 
nomask 0.00030511618 0.9413832 0.34408706 0.9966441 0.7306475 
nomask 0.00029850006 0.59285635 0.79394096 0.9306441 1.0 
nomask 0.00029191375 0.49007696 0.8517387 1.0 1.0 
nomask 0.00028130412 0.98206544 0.66603196 0.9979205 0.8507031 
mask 0.00026330352 0.96151024 0.36546427 1.0 0.517668 
mask 0.0002566576 0.699013 0.8416391 1.0 1.0 
nomask 0.00025197864 0.0 0.9436777 0.05776041 1.0 
nomask 0.00024366379 0.82922393 0.5560196 1.0 0.9887331 
nomask 0.00024223328 0.0 0.5612545 0.13515867 1.0 
mask 0.00023397803 0.8280728 0.8735687 0.9471233 0.9970946 
mask 0.00022700429 0.9547942 0.0014034454 1.0 0.060720727 
mask 0.00022605062 0.88843596 0.7248644 0.97156763 0.83857137 
nomask 0.0002207756 0.0 0.6741161 0.32775643 1.0 
nomask 0.00021702051 0.7177153 0.6025343 1.0 1.0 
nomask 0.00021132827 0.8875442 0.68556273 0.97213155 0.7870872 
nomask 0.00020679832 0.9839783 0.47382313 0.99757576 0.7207511 
nomask 0.00020074844 0.17143849 0.11544737 0.5265187 0.8826351 
nomask 0.00019901991 0.0 0.74594885 0.4292944 1.0 
mask 0.00019744039 0.0 0.5612545 0.13515867 1.0 
mask 0.00019603968 0.97118676 0.0 0.9966892 0.20007008 
nomask 0.00019583106 0.93855655 0.654417 1.0 1.0 
nomask 0.00017660856 0.8891256 0.70503074 1.0 0.8505114 
nomask 0.000174433 0.13604304 0.55868196 0.4716963 1.0 
nomask 0.00016823411 0.57793015 0.3276867 1.0 0.67219853 
nomask 0.00016739964 0.9547942 0.0014034454 1.0 0.060720727 
mask 0.0001642406 0.0 0.0 0.5489165 0.58785135 
mask 0.00016117096 0.98206544 0.66603196 0.9979205 0.8507031 
nomask 0.0001604557 0.0 0.0 0.27735558 0.37567583 
mask 0.00015985966 0.6749927 0.6578667 1.0 1.0 
mask 0.00015869737 0.87499946 0.46471658 1.0 1.0 
mask 0.00015807152 0.7009182 0.77115715 0.9985788 1.0 
nomask 0.00015616417 0.68346816 0.0 1.0 0.48945677 
mask 0.000153929 0.7628728 0.715228 0.97015953 1.0 
mask 0.00014987588 0.9039712 0.0548594 1.0 0.8709767 
nomask 0.00014916062 0.97118676 0.0 0.9966892 0.20007008 
nomask 0.00014829636 0.8280728 0.8735687 0.9471233 0.9970946 
mask 0.00014311075 0.93855655 0.654417 1.0 1.0 
nomask 0.00014302135 0.972464 0.42976654 0.9955589 0.64562917 
nomask 0.00014221668 0.015506379 0.9598257 0.13111004 0.9993635 
mask 0.0001399517 0.13660729 0.46067727 1.0 1.0 
nomask 0.00013977289 0.6535289 0.0 1.0 0.37081787 
nomask 0.00013750792 0.6108849 0.38854802 1.0 0.8559005 
mask 0.00013571978 0.49007696 0.8517387 1.0 1.0 
nomask 0.00013533235 0.77297187 0.34378785 1.0 1.0 
mask 0.0001308322 0.0 0.9436777 0.05776041 1.0 
nomask 0.00012972951 0.65416646 0.43306574 1.0 0.9975635 
nomask 0.0001283884 0.65123284 0.7189914 0.8693973 1.0 
mask 0.00012737513 0.0 0.74594885 0.4292944 1.0 
nomask 0.00012731552 0.83741874 0.78971505 0.9432363 0.9757925 
