nomask 0.9812579 941.36053 757.2977 1235.1932 1399.6019 
mask 0.055317253 940.9765 773.56006 1228.9877 1390.7108 
nomask 0.054020613 297.73703 0.0 407.4217 52.559677 
nomask 0.019102544 642.00757 208.25038 722.5127 362.66037 
nomask 0.009150207 194.0152 14.719766 330.10977 91.44762 
nomask 0.005338967 1742.0759 492.35416 1815.2747 635.70953 
mask 0.005321324 642.00757 208.25038 722.5127 362.66037 
mask 0.0030210912 1796.9167 456.57593 1859.047 660.28577 
nomask 0.0027222931 1796.9167 456.57593 1859.047 660.28577 
nomask 0.0016534626 129.29337 84.46538 208.13724 209.82376 
nomask 0.0015492439 473.63586 262.63376 561.43115 422.2829 
nomask 0.001388371 106.80165 19.661303 254.60027 98.44562 
mask 0.0013483465 297.73703 0.0 407.4217 52.559677 
nomask 0.0011957884 1818.8802 365.09894 1867.0643 597.73755 
nomask 0.0011461079 341.0358 0.0 486.77744 58.183064 
nomask 0.0009966493 1715.3312 395.50784 1802.7563 552.4629 
nomask 0.000965178 381.36197 71.64091 471.66074 219.95529 
nomask 0.0007176399 434.3051 9.562286 634.56683 74.21037 
mask 0.0006200969 1742.0759 492.35416 1815.2747 635.70953 
nomask 0.00060105324 964.16144 786.93713 1173.1793 1143.5693 
nomask 0.00058707595 192.42383 62.469074 281.9347 218.48003 
nomask 0.0004976988 595.5789 238.47989 679.1352 406.3842 
nomask 0.00046411157 463.26547 78.871635 569.67163 253.98323 
mask 0.00042280555 434.3051 9.562286 634.56683 74.21037 
mask 0.0003861487 1818.8802 365.09894 1867.0643 597.73755 
nomask 0.00038024783 4.0702753 1176.9443 42.31946 1586.102 
mask 0.00035521388 7.2031612 2384.4456 97.230255 2494.1106 
mask 0.00033012033 1828.2229 557.31036 1866.3679 785.0706 
nomask 0.00032293797 1828.824 215.74548 1873.233 502.36377 
nomask 0.0003119707 641.59033 118.41196 734.02075 308.61002 
nomask 0.00029939413 617.43604 26.648922 851.704 73.783035 
nomask 0.0002951026 516.34485 14.647894 732.451 77.765076 
mask 0.0002603829 4.0702753 1176.9443 42.31946 1586.102 
nomask 0.00025993586 1283.7527 1612.5574 1874.0 2499.0 
mask 0.00025191903 106.80165 19.661303 254.60027 98.44562 
nomask 0.00024122 422.31387 1649.5795 1738.5393 2499.0 
nomask 0.0002323091 709.23694 21.470621 931.8443 65.62676 
nomask 0.00022807717 12.965227 0.0 58.41165 102.98702 
nomask 0.00022748113 1828.2229 557.31036 1866.3679 785.0706 
mask 0.00022146106 34.57967 2414.3958 297.97818 2478.0752 
mask 0.00021910667 883.0617 51.447277 1814.9658 1468.9231 
nomask 0.00021389127 297.4108 55.72493 382.05392 201.98964 
nomask 0.00021088123 6.8428335 270.71948 23.764158 488.1334 
nomask 0.00020688772 466.4286 363.55264 543.6136 500.7487 
mask 0.00020173192 13.305002 1081.5326 44.28286 1476.9817 
mask 0.00019961596 469.41907 2005.4603 1206.2162 2499.0 
mask 0.00018516183 194.0152 14.719766 330.10977 91.44762 
mask 0.00018459558 0.0 375.89157 1030.4285 2423.944 
mask 0.00018396974 245.60237 1144.557 1874.0 2499.0 
nomask 0.00018081069 1857.1315 956.8178 1874.0 1276.7031 
mask 0.00017935038 861.7611 323.63376 1874.0 2499.0 
nomask 0.00017812848 7.2031612 2384.4456 97.230255 2494.1106 
mask 0.00017419457 516.34485 14.647894 732.451 77.765076 
nomask 0.00017049909 861.7611 323.63376 1874.0 2499.0 
mask 0.00016883016 1791.4559 7.6420527 1874.0 145.80124 
nomask 0.00016593933 1283.9312 471.7039 1874.0 2398.0693 
mask 0.00016593933 1283.7527 1612.5574 1874.0 2499.0 
mask 0.00016096234 12.151574 2233.2961 64.68655 2485.7817 
mask 0.00015700751 585.9268 781.3634 1874.0 2499.0 
nomask 0.0001570063 585.9268 781.3634 1874.0 2499.0 
nomask 0.0001450777 480.41757 494.7515 546.8367 606.7345 
nomask 0.00013944507 245.60237 1144.557 1874.0 2499.0 
nomask 0.00013679266 138.0715 2439.5005 396.7312 2495.1306 
mask 0.00013202429 138.0715 2439.5005 396.7312 2495.1306 
nomask 0.00013163686 1223.9113 0.0 1874.0 1643.0723 
mask 0.00013065338 221.96048 289.4606 1407.403 2299.9224 
nomask 0.00013038516 34.57967 2414.3958 297.97818 2478.0752 
mask 0.00013005733 1822.7744 80.10832 1870.6532 357.5287 
nomask 0.00012972951 995.6703 1384.7468 1175.1694 1693.6438 
nomask 0.00012916327 151.12079 2031.0464 1433.2119 2499.0 
nomask 0.00012356043 1822.7744 80.10832 1870.6532 357.5287 
nomask 0.0001231432 1699.7031 1672.1897 1874.0 2499.0 
mask 0.00012138486 722.34784 2064.8813 1238.8152 2461.5112 
nomask 0.00012072921 1505.029 2138.5002 1874.0 2499.0 
mask 0.00012034178 12.965227 0.0 58.41165 102.98702 
nomask 0.00012028217 556.1817 74.588196 666.548 282.2745 
nomask 0.00011959672 1695.4434 243.88597 1790.6246 436.99673 
mask 0.00011625886 1699.7031 1672.1897 1874.0 2499.0 
nomask 0.00011613965 0.0 1629.6835 1110.7711 2499.0 
nomask 0.00011566281 985.57635 1289.5072 1163.1956 1584.19 
mask 0.00011199713 1205.13 2258.47 1874.0 2499.0 
nomask 0.00010833144 1638.9498 0.0 1874.0 2486.9263 
nomask 0.00010660291 409.2978 248.95395 491.18738 413.6694 
mask 0.00010430813 341.0358 0.0 486.77744 58.183064 
nomask 0.0001013577 1791.4559 7.6420527 1874.0 145.80124 
nomask 0.00010058284 1596.2183 651.32135 1673.3915 777.9429 
mask 9.7602606e-05 473.63586 262.63376 561.43115 422.2829 
mask 9.736419e-05 1283.9312 471.7039 1874.0 2398.0693 
mask 9.679794e-05 1246.5168 239.69505 1874.0 1612.8353 
nomask 9.641051e-05 1254.4089 362.18005 1326.9591 485.08145 
nomask 9.423494e-05 507.59613 61.01305 1427.0746 1524.432 
mask 9.199977e-05 995.6703 1384.7468 1175.1694 1693.6438 
nomask 9.033084e-05 17.283493 105.84542 35.630383 323.55762 
mask 8.839369e-05 568.7093 1025.6942 1311.775 2410.5347 
nomask 8.493662e-05 1246.5168 239.69505 1874.0 1612.8353 
nomask 8.371472e-05 746.9299 89.39601 839.2759 265.77756 
nomask 8.323789e-05 0.0 2199.9226 1874.0 2499.0 
mask 8.2969666e-05 151.12079 2031.0464 1433.2119 2499.0 
mask 8.046627e-05 49.236073 14.510309 1853.5486 1633.5874 
mask 7.861853e-05 8.334617 935.6941 27.83119 1388.9528 
