nomask 0.99999595 75.00977808237076 84.10128897428513 260.7533660531044 382.1674558520317 
mask 0.0063500702 73.83095991611481 82.81873300671577 260.35807478427887 383.92552626132965 
nomask 0.00045210123 181.70526695251465 170.04770147800446 256.1085913181305 309.9078172445297 
nomask 0.00026777387 234.75857484340668 250.2906506061554 327.0 433.0 
nomask 0.00025132298 94.1523634493351 0.0 237.03739070892334 178.1894006729126 
nomask 0.00021457672 207.8874614238739 132.27276402711868 263.75086319446564 277.8147928118706 
nomask 0.0001962781 59.863637924194336 0.0 272.64471209049225 121.63390749692917 
nomask 0.00019320846 0.0 3.6706388145685196 235.81423115730286 187.71736854314804 
nomask 0.00017473102 196.272279381752 2.5657958686351776 327.0 193.8507034778595 
nomask 0.00017362833 154.78026169538498 395.1293118596077 256.3848332762718 433.0 
mask 0.0001707077 234.75857484340668 250.2906506061554 327.0 433.0 
nomask 0.00016826391 29.27810999751091 0.0 164.22228705883026 170.7037743628025 
nomask 0.00015863776 216.60692685842514 175.81412544846535 327.0 433.0 
mask 0.00015154481 289.6783529520035 0.0 327.0 433.0 
nomask 0.00014713407 85.56924533843994 313.690150141716 246.75144803524017 388.0861130952835 
nomask 0.00014054775 295.8456451892853 279.09121918678284 327.0 433.0 
nomask 0.00013938546 262.2069448828697 255.16843849420547 327.0 433.0 
mask 0.00013518333 262.2069448828697 255.16843849420547 327.0 433.0 
nomask 0.00013405085 192.1549624800682 345.35699367523193 327.0 433.0 
mask 0.00013270974 295.8456451892853 279.09121918678284 327.0 433.0 
nomask 0.0001322627 212.45846378803253 137.3351365327835 327.0 396.58309638500214 
nomask 0.00012922287 312.32350820302963 414.37587147951126 327.0 433.0 
nomask 0.00012743473 41.21855802834034 246.51915740966797 153.4036712050438 433.0 
nomask 0.00012621284 150.3584412932396 58.11530029773712 327.0 433.0 
mask 0.0001245439 0.0 3.6706388145685196 235.81423115730286 187.71736854314804 
mask 0.0001244843 150.3584412932396 58.11530029773712 327.0 433.0 
mask 0.00012385845 188.55832064151764 317.98592352867126 327.0 433.0 
mask 0.00012370944 89.21033576130867 330.24738001823425 209.6472784280777 404.30364739894867 
nomask 0.00012335181 188.55832064151764 317.98592352867126 327.0 433.0 
nomask 0.00012281537 239.08048582077026 87.46235755085945 327.0 346.2179239988327 
mask 0.00012102723 214.52518165111542 414.386969268322 257.9324938058853 433.0 
nomask 0.000120162964 289.6783529520035 0.0 327.0 433.0 
nomask 0.00011986494 0.0 272.5408396720886 124.47086852788925 433.0 
mask 0.00011712313 192.1549624800682 345.35699367523193 327.0 433.0 
nomask 0.00011450052 217.7443272471428 18.024241417646408 327.0 261.3262917995453 
nomask 0.000112861395 210.47933721542358 392.57627844810486 327.0 433.0 
mask 0.00011005998 44.0841663479805 198.84125006198883 327.0 433.0 
mask 0.00010985136 210.47933721542358 392.57627844810486 327.0 433.0 
nomask 0.00010868907 143.38696199655533 367.10976952314377 251.97743600606918 433.0 
nomask 0.000105917454 222.428551197052 37.7780345082283 327.0 279.70647543668747 
nomask 0.00010329485 0.0 332.71604442596436 203.03754687309265 433.0 
mask 9.9658966e-05 102.23966690897942 135.38499695062637 327.0 433.0 
nomask 9.9629164e-05 102.23966690897942 135.38499695062637 327.0 433.0 
nomask 9.456277e-05 322.37828278541565 135.55188962817192 327.0 197.05658367276192 
mask 9.229779e-05 222.428551197052 37.7780345082283 327.0 279.70647543668747 
nomask 9.059906e-05 260.79180175065994 182.58074408769608 277.51078444719315 238.6967390179634 
nomask 8.8214874e-05 0.0 319.11823350191116 141.9941259920597 433.0 
nomask 8.773804e-05 259.16040909290314 265.85940301418304 327.0 433.0 
mask 8.752942e-05 0.0 319.11823350191116 141.9941259920597 433.0 
mask 8.7082386e-05 196.272279381752 2.5657958686351776 327.0 193.8507034778595 
nomask 8.702278e-05 282.57940435409546 416.2247372865677 323.9561734199524 433.0 
nomask 8.663535e-05 44.0841663479805 198.84125006198883 327.0 433.0 
nomask 8.6158514e-05 53.81800675392151 5.764591544866562 303.02618193626404 208.94102504849434 
nomask 8.314848e-05 79.14547473192215 130.66170060634613 145.1353184580803 260.439449429512 
nomask 8.291006e-05 0.0 318.38012731075287 224.15461027622223 433.0 
mask 8.2165e-05 0.0 0.0 225.36182641983032 109.22586986422539 
nomask 8.177757e-05 89.21033576130867 330.24738001823425 209.6472784280777 404.30364739894867 
nomask 7.8976154e-05 57.13548302650452 299.4589651823044 267.11416214704514 433.0 
nomask 7.864833e-05 199.8341302871704 414.348617374897 245.81012427806854 433.0 
nomask 7.855892e-05 320.8444411754608 118.04821193218231 327.0 177.57494449615479 
mask 7.852912e-05 158.936053276062 369.1950698494911 261.0867158174515 433.0 
mask 7.8231096e-05 282.57940435409546 416.2247372865677 323.9561734199524 433.0 
mask 7.799268e-05 259.16040909290314 265.85940301418304 327.0 433.0 
nomask 7.6413155e-05 32.97271218895912 310.4001719355583 217.45568919181824 433.0 
nomask 7.6293945e-05 254.5379902124405 42.88057842850685 327.0 415.3031562566757 
nomask 7.626414e-05 270.5234981775284 23.411630734801292 327.0 202.095276594162 
mask 7.471442e-05 312.32350820302963 414.37587147951126 327.0 433.0 
mask 7.170439e-05 0.0 272.5408396720886 124.47086852788925 433.0 
nomask 7.098913e-05 3.5800601094961166 0.0 137.5295137166977 312.9654903411865 
nomask 6.8962574e-05 0.0 0.0 138.79909041523933 108.78095176815987 
nomask 6.8575144e-05 190.72759866714478 242.81755447387695 327.0 388.8021011352539 
nomask 6.851554e-05 192.41272723674774 139.6694660782814 327.0 285.5595266819 
nomask 6.777048e-05 0.0 79.42924892902374 88.07135662436485 353.48207199573517 
nomask 6.6399574e-05 276.2976431250572 179.48438358306885 292.20967108011246 232.61440229415894 
nomask 6.4730644e-05 104.91605445742607 234.5267835855484 221.50340473651886 433.0 
mask 6.458163e-05 2.010623574256897 0.0 190.04594975709915 55.33399440348148 
nomask 6.4343214e-05 11.747748166322708 0.0 219.3018500804901 51.9071327149868 
mask 6.303191e-05 21.2659530043602 339.78851038217545 251.93862998485565 433.0 
nomask 6.28531e-05 74.93454390764236 334.2786647081375 302.10518699884415 433.0 
nomask 6.2674284e-05 233.6161848306656 0.0 327.0 168.4776998758316 
nomask 6.261468e-05 0.0 377.91524773836136 327.0 433.0 
mask 6.210804e-05 85.56924533843994 313.690150141716 246.75144803524017 388.0861130952835 
mask 6.172061e-05 0.0 377.91524773836136 327.0 433.0 
mask 6.0886145e-05 181.70526695251465 170.04770147800446 256.1085913181305 309.9078172445297 
nomask 6.0468912e-05 324.01215076446533 157.51068431138992 327.0 230.67992866039276 
nomask 5.978346e-05 0.0 168.0146123766899 89.48002883791924 433.0 
mask 5.5998564e-05 0.0 318.38012731075287 224.15461027622223 433.0 
mask 5.5909157e-05 3.5800601094961166 0.0 137.5295137166977 312.9654903411865 
nomask 5.5789948e-05 243.58607733249664 0.0 327.0 264.61376655101776 
mask 5.5611134e-05 0.0 332.71604442596436 203.03754687309265 433.0 
mask 5.429983e-05 29.27810999751091 0.0 164.22228705883026 170.7037743628025 
mask 5.236268e-05 320.8444411754608 118.04821193218231 327.0 177.57494449615479 
mask 5.1170588e-05 41.21855802834034 246.51915740966797 153.4036712050438 433.0 
mask 4.9829483e-05 173.43710911273956 393.9626245498657 264.3332848548889 433.0 
nomask 4.9501657e-05 0.0 40.46891278028488 139.03723776340485 198.16402685642242 
mask 4.9352646e-05 322.37828278541565 135.55188962817192 327.0 197.05658367276192 
nomask 4.8428774e-05 320.21342915296555 33.366727977991104 325.54640167951584 92.02025812864304 
nomask 4.839897e-05 177.9761272072792 0.0 285.7102569937706 194.67328190803528 
nomask 4.8160553e-05 0.0 142.32059878110886 140.79029148817062 285.84440433979034 
nomask 4.801154e-05 320.0522019267082 49.15681675076485 325.0727772116661 126.3151225745678 
