nomask 0.99999386 0.21670994 0.29774275 0.8066746 0.8597213 
mask 0.05475536 0.21711943 0.29298833 0.80336356 0.878577 
nomask 0.0004300177 0.79537165 0.0 1.0 0.69792986 
nomask 0.00034713745 0.7097307 0.5890487 1.0 1.0 
nomask 0.00029939413 0.22725889 0.0 0.89856195 0.68216205 
mask 0.00029549003 0.013485707 0.0 0.14372832 0.03265184 
nomask 0.0002810061 0.10319415 0.61292446 0.48239544 1.0 
nomask 0.0002604723 0.0 0.56031185 0.54676163 1.0 
mask 0.00024059415 0.6359848 0.59918416 1.0 1.0 
mask 0.00022155046 0.12809661 0.456812 1.0 1.0 
nomask 0.00018903613 0.32745314 0.32850462 1.0 1.0 
mask 0.00018522964 0.31266093 0.3126649 1.0 1.0 
nomask 0.00015744567 0.59315133 0.0020153522 1.0 0.44056183 
nomask 0.00015598536 0.0031007081 0.0 0.42745483 0.71544945 
nomask 0.00015240908 0.0040721893 0.5127953 1.0 1.0 
nomask 0.00014659762 0.6426927 0.2865224 1.0 0.708521 
mask 0.00012615323 0.45932186 0.13133132 1.0 1.0 
nomask 0.00011560321 0.64880687 0.41683853 1.0 1.0 
nomask 0.00011083484 0.0 0.4060126 0.35783893 1.0 
mask 0.000109523535 0.004014924 0.018609054 0.019966012 0.15993008 
nomask 0.000109285116 0.9086455 0.6495703 1.0 1.0 
nomask 0.00010755658 0.7896467 0.6023234 1.0 1.0 
nomask 0.00010710955 0.605204 0.691739 1.0 1.0 
mask 0.0001052618 0.5724821 0.79333717 1.0 1.0 
mask 0.000105023384 0.0071051307 0.0 0.042424157 0.055984788 
mask 0.000104129314 0.0031007081 0.0 0.42745483 0.71544945 
nomask 0.000103622675 0.24894106 0.59903646 0.76086116 1.0 
mask 0.00010353327 0.9086455 0.6495703 1.0 1.0 
nomask 0.00010073185 0.5724821 0.79333717 1.0 1.0 
nomask 0.00010070205 0.14723918 0.71604884 0.8439481 1.0 
nomask 0.00010064244 0.7291358 0.035343498 1.0 0.5924618 
mask 9.986758e-05 0.12541392 0.56590235 0.46954682 1.0 
nomask 9.924173e-05 0.64259255 0.9066963 1.0 1.0 
mask 9.679794e-05 0.64259255 0.9066963 1.0 1.0 
nomask 9.6678734e-05 0.0 0.53911656 0.2584166 1.0 
nomask 9.5665455e-05 0.20972356 0.5991045 0.83676136 0.8530147 
mask 9.560585e-05 0.8746024 0.0 1.0 1.0 
nomask 9.557605e-05 0.0 0.0033767521 0.7123731 0.41139948 
nomask 9.1433525e-05 0.66884166 0.089938015 1.0 0.64752865 
mask 9.050965e-05 0.79537165 0.0 1.0 0.69792986 
mask 9.0032816e-05 0.56782126 0.7333183 1.0 1.0 
nomask 8.8870525e-05 0.18857616 0.0 0.820811 0.3351898 
mask 8.812547e-05 0.0 0.73760283 0.43220428 1.0 
nomask 8.764863e-05 0.5615883 0.54888403 1.0 0.8973203 
mask 8.4877014e-05 0.66884166 0.089938015 1.0 0.64752865 
nomask 8.144975e-05 0.0 0.2928132 0.3600321 0.7209997 
nomask 8.1300735e-05 0.0 0.73760283 0.43220428 1.0 
mask 8.0406666e-05 0.7896467 0.6023234 1.0 1.0 
mask 7.8737736e-05 0.94866097 0.00035168976 1.0 0.067352794 
nomask 7.429719e-05 0.64267874 0.31872848 1.0 0.918105 
nomask 7.015467e-05 0.8746024 0.0 1.0 1.0 
nomask 6.943941e-05 0.21114323 0.78170866 0.9341016 1.0 
mask 6.848574e-05 0.0 0.6294121 0.37534404 1.0 
mask 6.684661e-05 0.8475061 0.0 1.0 0.08695319 
nomask 6.663799e-05 0.32410043 0.0 0.66450673 0.4540304 
mask 6.4343214e-05 0.59315133 0.0020153522 1.0 0.44056183 
nomask 6.219745e-05 0.17067267 0.40274945 0.44501686 0.57343984 
mask 6.043911e-05 0.6872001 0.0025370792 1.0 0.1937232 
mask 6.0379505e-05 0.5826298 0.33479694 1.0 0.6614351 
mask 5.9247017e-05 0.0 0.8759362 1.0 1.0 
nomask 5.7965517e-05 0.8398117 0.37444508 0.91174674 0.48548287 
nomask 5.7578087e-05 0.08836016 0.700174 0.6486988 1.0 
nomask 5.3942204e-05 0.15596344 0.38925204 0.49331617 1.0 
nomask 5.3435564e-05 0.22908576 0.3554175 0.49864036 0.5248673 
mask 5.3435564e-05 0.0 0.56031185 0.54676163 1.0 
mask 5.272031e-05 0.0 0.53911656 0.2584166 1.0 
nomask 5.2183867e-05 0.5263755 0.35982963 0.79261476 0.5129345 
mask 5.2034855e-05 0.0 0.0033767521 0.7123731 0.41139948 
mask 5.1379204e-05 0.0 0.7292563 0.70223093 1.0 
nomask 5.00381e-05 0.79510045 0.4634083 0.8576102 0.5893145 
mask 4.9471855e-05 0.5615883 0.54888403 1.0 0.8973203 
nomask 4.929304e-05 0.32972878 0.28529507 0.5921977 0.45277596 
mask 4.8696995e-05 0.96983075 0.01761175 0.99989176 0.15563479 
nomask 4.8279762e-05 0.0 0.78805554 0.6796166 1.0 
nomask 4.810095e-05 0.5285979 0.32312983 0.62485343 0.43963915 
mask 4.774332e-05 0.08836016 0.700174 0.6486988 1.0 
nomask 4.6879053e-05 0.7880808 0.42191422 0.8613411 0.5473673 
mask 4.6789646e-05 0.0 0.15742147 0.0025158094 0.2666381 
mask 4.5776367e-05 0.8191364 0.0036141947 1.0 0.14276293 
nomask 4.413724e-05 0.8418323 0.40999 0.9141892 0.5432749 
mask 4.3570995e-05 0.0 0.43171972 0.31254536 0.9827941 
nomask 4.220009e-05 0.19980577 0.37550312 0.38766423 0.654059 
mask 4.169345e-05 0.8601342 0.36348724 0.98076063 0.67512524 
nomask 4.157424e-05 0.77647907 0.16293618 1.0 0.821138 
mask 4.014373e-05 0.7291358 0.035343498 1.0 0.5924618 
nomask 3.9815903e-05 0.8497829 0.34563 1.0 0.7586127 
nomask 3.966689e-05 0.6239033 0.0 1.0 0.3479544 
nomask 3.954768e-05 0.96983075 0.01761175 0.99989176 0.15563479 
nomask 3.9488077e-05 0.22758219 0.42609918 0.33764568 0.5348212 
nomask 3.9190054e-05 0.0 0.5425477 0.4255528 0.9095154 
nomask 3.811717e-05 0.102363616 0.4962901 0.7640662 0.89909005 
nomask 3.8057566e-05 0.576889 0.32902142 0.67735964 0.4342427 
mask 3.7789345e-05 0.0071792686 0.2701314 0.02642472 0.40101796 
nomask 3.7759542e-05 0.94866097 0.00035168976 1.0 0.067352794 
nomask 3.734231e-05 0.7880909 0.37181264 0.86732286 0.48649067 
nomask 3.7282705e-05 0.52450514 0.38287252 0.63908553 0.47161204 
nomask 3.620982e-05 0.43690643 0.2271494 0.6050319 0.4714407 
nomask 3.6031008e-05 0.1908411 0.19489287 0.25228807 0.26618126 
mask 3.567338e-05 0.70961297 0.006882217 1.0 0.093398854 
nomask 3.516674e-05 0.990992 0.32304972 1.0 0.4843167 
