nomask 0.9905098 46.759903 20.955635 88.35734 126.686386 
mask 0.005907893 46.618675 21.413048 89.23279 129.40965 
nomask 0.0021929145 4.590142 13.332395 50.06785 130.92348 
nomask 0.0015287697 30.646688 10.802258 77.04051 134.00293 
mask 0.0014158785 118.467804 0.0 181.0 15.354304 
nomask 0.0012203157 104.95537 23.321978 136.67244 125.486725 
mask 0.0011257231 129.6149 0.7566626 171.26904 7.952708 
nomask 0.0010703206 58.238087 5.063072 147.21095 69.95125 
nomask 0.0010125637 0.0 8.3576765 37.111164 122.65042 
mask 0.00094899535 125.41787 1.8440663 161.91129 6.672167 
nomask 0.00080022216 0.0 59.88708 77.649445 128.24701 
nomask 0.0007363558 0.0 4.185083 63.579357 172.79222 
mask 0.0006762743 115.48647 0.0 180.84233 35.754623 
mask 0.0006097257 156.90645 59.22443 181.0 278.0 
nomask 0.00057914853 31.704807 58.513653 102.29822 130.10475 
nomask 0.00056156516 54.4644 0.9104781 84.28981 5.1172676 
nomask 0.00054228306 54.56344 0.0 152.01668 35.758995 
nomask 0.000528872 102.28637 0.078866385 168.89781 13.394095 
mask 0.00051671267 102.28637 0.078866385 168.89781 13.394095 
nomask 0.00047135353 136.99 23.675459 160.55725 112.64759 
nomask 0.00045880675 64.02957 0.027289517 92.27683 3.831712 
mask 0.00045865774 54.4644 0.9104781 84.28981 5.1172676 
nomask 0.00045508146 116.79104 13.338849 142.64314 109.866135 
nomask 0.0004504025 77.55019 17.040085 114.35535 177.26329 
nomask 0.00044173002 49.396946 7.922318 117.50267 156.07913 
nomask 0.0004388988 115.649605 2.46878 161.94608 6.7737684 
nomask 0.00042551756 14.084757 222.29147 139.31503 278.0 
nomask 0.00042527914 0.07735312 0.0 89.45263 152.208 
nomask 0.00042378902 128.7242 27.633154 150.7971 128.41165 
nomask 0.00041669607 160.12549 0.0 181.0 278.0 
nomask 0.00040850043 0.0 2.172977 23.272755 157.80202 
mask 0.00040751696 142.58337 0.0 181.0 40.429646 
nomask 0.00040233135 143.05585 239.11395 181.0 278.0 
nomask 0.0004014969 82.921425 34.863804 181.0 278.0 
mask 0.00039169192 82.921425 34.863804 181.0 278.0 
mask 0.00038266182 22.336878 126.837204 181.0 278.0 
nomask 0.00036504865 56.100986 28.441778 142.93387 100.17328 
mask 0.00035625696 23.619112 28.877453 129.54628 240.29382 
nomask 0.00034755468 74.98892 0.0 102.80659 3.5836816 
nomask 0.0003450811 163.7413 186.35048 181.0 278.0 
nomask 0.0003427863 41.321514 195.02734 168.65117 278.0 
mask 0.00034219027 143.05585 239.11395 181.0 278.0 
nomask 0.00034183264 114.15475 5.3023047 181.0 203.32175 
nomask 0.0003388822 115.48647 0.0 180.84233 35.754623 
nomask 0.00032785535 98.40385 10.816127 134.24496 187.90399 
nomask 0.00032696128 0.0 191.25104 107.0644 278.0 
mask 0.00032687187 163.7413 186.35048 181.0 278.0 
nomask 0.0003221631 43.58065 0.0 130.11041 114.29706 
nomask 0.0003196001 118.467804 0.0 181.0 15.354304 
nomask 0.00031721592 46.509907 0.0 80.93279 102.02671 
nomask 0.00031515956 29.160467 5.5398164 102.41672 78.86484 
nomask 0.00031337142 0.0 25.879549 43.039474 258.34702 
mask 0.00031164289 0.0 7.394068 29.872429 136.25456 
nomask 0.00031080842 0.0 30.587738 73.75876 101.68135 
mask 0.0003105104 70.91348 0.0 168.1142 36.51351 
nomask 0.0003104508 129.39082 0.0 181.0 105.88079 
mask 0.00030967593 14.084757 222.29147 139.31503 278.0 
nomask 0.00030964613 0.0 142.33664 176.935 277.2592 
nomask 0.00030496716 156.90645 59.22443 181.0 278.0 
nomask 0.00029990077 142.58337 0.0 181.0 40.429646 
nomask 0.0002978146 146.07333 24.675928 171.62274 118.55717 
mask 0.0002848681 56.591434 86.922516 181.0 278.0 
nomask 0.0002848662 56.591434 86.922516 181.0 278.0 
nomask 0.00028315187 53.904186 55.421722 148.51617 126.57863 
nomask 0.00028127432 0.0 245.50072 181.0 278.0 
mask 0.00027355552 7.5656343 0.0 44.85556 118.198586 
mask 0.0002669394 0.0 44.24967 89.65734 265.6544 
nomask 0.0002667606 0.0 0.0 43.791374 133.3411 
mask 0.00026673079 145.37161 0.0 177.37575 10.234668 
mask 0.0002657771 106.86404 1.3228116 154.31102 4.93881 
nomask 0.00025823712 46.921368 54.84226 74.35649 140.7408 
nomask 0.0002513826 122.73651 45.073257 181.0 270.52618 
nomask 0.00025069714 0.0 2.74624 70.54572 72.57692 
nomask 0.0002491176 100.777885 0.0 181.0 69.31541 
mask 0.00024837255 160.12549 0.0 181.0 278.0 
nomask 0.00024598837 71.705055 0.0 179.7181 74.24149 
mask 0.00024542212 0.0 245.50072 181.0 278.0 
nomask 0.00024047494 22.190119 30.977669 84.48364 231.70331 
nomask 0.00023701787 147.72437 13.840152 181.0 226.0168 
nomask 0.00023308396 89.767044 0.0 149.93819 58.345577 
nomask 0.00023043156 106.56481 221.49721 181.0 278.0 
mask 0.00022518635 0.0 191.25104 107.0644 278.0 
mask 0.00022420287 120.48476 26.485783 181.0 179.82869 
mask 0.00022044778 0.0 0.0 35.920918 91.51851 
nomask 0.0002182424 83.60084 6.3633995 149.63327 142.4515 
nomask 0.00021329522 139.44107 168.97571 181.0 278.0 
nomask 0.000205338 106.86404 1.3228116 154.31102 4.93881 
nomask 0.00019577146 46.425358 88.35638 91.80721 130.97942 
nomask 0.00019535422 25.075691 10.137942 54.477203 117.11331 
nomask 0.0001924634 38.124752 55.718838 65.155945 149.12552 
mask 0.00019165874 156.46512 0.034550194 181.0 12.868584 
mask 0.00019070506 64.02957 0.027289517 92.27683 3.831712 
mask 0.00019064546 74.98892 0.0 102.80659 3.5836816 
mask 0.00018972158 58.238087 5.063072 147.21095 69.95125 
nomask 0.0001886189 138.70218 0.0 181.0 204.7778 
mask 0.00018751621 5.027915 1.9112854 177.58987 181.48734 
mask 0.00018441677 106.56481 221.49721 181.0 278.0 
nomask 0.00018301606 95.23854 1.9417827 160.26978 207.16077 
mask 0.00018185377 100.777885 0.0 181.0 69.31541 
nomask 0.00018155575 97.89209 10.439278 129.28271 109.6552 
