nomask 0.998922 57.54711699485779 32.42170688509941 179.67412948608398 173.9421511888504 
mask 0.0017106235 58.479772090911865 33.25474101305008 180.07314443588257 174.3553215265274 
nomask 0.00051370263 66.38301301002502 0.0 166.50747966766357 86.98764431476593 
nomask 0.00049233437 169.45895957946777 4.943085640668869 232.0 134.1025402545929 
nomask 0.00044116378 129.90062713623047 173.26593786478043 232.0 217.0 
nomask 0.00041517615 182.0405626296997 129.3487144112587 232.0 217.0 
mask 0.00041043758 144.25912237167358 160.13214218616486 232.0 217.0 
nomask 0.00039836764 147.7783637046814 79.74724286794662 232.0 217.0 
nomask 0.00039479136 0.0 141.7464889883995 137.16868686676025 217.0 
mask 0.0003656745 182.0405626296997 129.3487144112587 232.0 217.0 
nomask 0.00034669042 138.4137020111084 0.9852050840854645 232.0 97.22559371590614 
nomask 0.00033274293 44.222264766693115 0.0 192.02312707901 61.1069797873497 
mask 0.00030738115 207.3147406578064 0.0 232.0 217.0 
nomask 0.00030452013 82.28883028030396 135.26458829641342 194.70564699172974 217.0 
nomask 0.00027173758 39.52711510658264 17.822585090994835 195.38980102539062 107.20198756456375 
nomask 0.00026723742 129.54507446289062 84.82690081000328 232.0 189.8009387254715 
nomask 0.00026020408 34.84405827522278 173.33197993040085 232.0 217.0 
nomask 0.00025460124 158.2823371887207 42.098292261362076 232.0 170.23088717460632 
nomask 0.00023946166 132.35666751861572 72.14311856031418 232.0 142.56131821870804 
nomask 0.0002348125 75.69166326522827 121.49181687831879 156.03748226165771 217.0 
nomask 0.0002335012 0.0 0.0 109.8476333618164 129.5844920873642 
nomask 0.00022211671 0.0 1.5488940328359604 161.60177373886108 96.01561796665192 
nomask 0.00021412969 207.3147406578064 0.0 232.0 217.0 
nomask 0.00021368265 209.83155632019043 140.16220372915268 232.0 217.0 
nomask 0.00020310283 0.0 0.5075124502182007 62.367122173309326 134.55312925577164 
mask 0.00019171834 209.83155632019043 140.16220372915268 232.0 217.0 
nomask 0.00018930435 95.34242701530457 104.25803896784782 203.55163764953613 210.3247846364975 
mask 0.00018146634 0.0 148.90043818950653 129.48945713043213 217.0 
nomask 0.00017946959 166.10471725463867 0.0 232.0 84.72296798229218 
mask 0.00017473102 0.0 188.89042222499847 232.0 217.0 
nomask 0.00017431378 125.79723787307739 0.0 202.23080205917358 100.12939453125 
nomask 0.00017338991 150.0985827445984 196.5168063044548 232.0 217.0 
mask 0.00016877055 150.0985827445984 196.5168063044548 232.0 217.0 
nomask 0.00016114116 158.9004611968994 18.539389193058014 232.0 139.98239237070084 
mask 0.00016057491 31.579347133636475 99.884582310915 232.0 217.0 
nomask 0.00015890598 125.61384725570679 129.70418524742126 232.0 202.52434492111206 
nomask 0.0001539886 0.0 79.730040371418 161.92018365859985 180.91890174150467 
nomask 0.00015300512 107.00445652008057 29.01172584295273 232.0 217.0 
mask 0.00015094876 107.00445652008057 29.01172584295273 232.0 217.0 
nomask 0.00015088916 22.25198721885681 157.5281239748001 155.5378942489624 217.0 
nomask 0.00014579296 22.20614993572235 0.0 117.66955709457397 86.09502875804901 
nomask 0.0001450181 103.38047981262207 24.55557756125927 194.0376443862915 87.40469491481781 
mask 0.00014483929 72.53691458702087 67.8481337428093 232.0 217.0 
nomask 0.00014472008 72.53691458702087 67.8481337428093 232.0 217.0 
nomask 0.00014063716 0.0 0.0 55.160128116607666 101.53827899694443 
mask 0.00013935566 148.42078399658203 67.87541198730469 232.0 200.11100280284882 
mask 0.00013628602 158.9004611968994 18.539389193058014 232.0 139.98239237070084 
nomask 0.00013244152 117.45675373077393 1.4625743627548218 195.61876964569092 151.73310732841492 
nomask 0.00013187528 31.579347133636475 99.884582310915 232.0 217.0 
nomask 0.00012719631 29.7025249004364 156.26830625534058 202.46116733551025 217.0 
nomask 0.00012663007 65.94197392463684 68.94691410660744 225.44608783721924 146.64424669742584 
nomask 0.00012269616 125.9871416091919 160.4038252234459 232.0 217.0 
nomask 0.000119149685 23.347204089164734 122.85761749744415 109.24671173095703 217.0 
nomask 0.00011900067 6.5683488845825195 7.203720033168793 225.61473751068115 140.30400145053864 
mask 0.00011715293 138.4137020111084 0.9852050840854645 232.0 97.22559371590614 
nomask 0.000116825104 0.0 24.559467524290085 54.98201298713684 196.50101363658905 
nomask 0.00011634827 48.16814303398132 105.4974917769432 179.0407943725586 166.56169813871384 
mask 0.00011625886 151.39508056640625 137.90521031618118 232.0 217.0 
mask 0.00011625886 125.9871416091919 160.4038252234459 232.0 217.0 
nomask 0.00011214614 163.6127371788025 126.08628034591675 232.0 217.0 
mask 0.00010958314 22.25198721885681 157.5281239748001 155.5378942489624 217.0 
nomask 0.00010347366 131.64735984802246 0.0 232.0 56.697093933820724 
nomask 9.9778175e-05 181.0358829498291 0.0 232.0 146.99965286254883 
nomask 9.685755e-05 48.588294506073 26.498748287558556 169.09462594985962 81.00124019384384 
mask 9.468198e-05 29.7025249004364 156.26830625534058 202.46116733551025 217.0 
nomask 9.420514e-05 178.74574041366577 25.038511782884598 232.0 209.96818852424622 
nomask 9.045005e-05 59.16164445877075 39.77019304037094 115.58759927749634 165.7201339006424 
mask 8.7082386e-05 0.0 184.05143755674362 69.06302309036255 217.0 
nomask 8.687377e-05 0.0 0.0 94.60895442962646 55.453346967697144 
mask 8.6158514e-05 62.83593535423279 155.39956724643707 206.74475288391113 217.0 
nomask 8.5413456e-05 0.0 71.87121564149857 100.57864952087402 144.76206076145172 
mask 8.332729e-05 36.36635112762451 0.0 202.7296848297119 58.42661741375923 
nomask 7.6293945e-05 0.0 21.468825608491898 98.13389301300049 98.5119136273861 
mask 7.5519085e-05 131.64735984802246 0.0 232.0 56.697093933820724 
mask 7.465482e-05 0.7598742786794901 36.226983189582825 2.26026913523674 78.32557940483093 
nomask 7.367134e-05 221.65228605270386 208.5850948691368 232.0 217.0 
mask 7.352233e-05 220.71568298339844 1.1963839177042246 232.0 10.557640984654427 
mask 7.236004e-05 174.00313901901245 0.0 232.0 96.7331625521183 
mask 7.203221e-05 0.0 1.5488940328359604 161.60177373886108 96.01561796665192 
mask 7.113814e-05 176.14614868164062 66.40988862514496 232.0 217.0 
nomask 6.982684e-05 202.51938438415527 0.006861597299575806 232.0 119.49674117565155 
nomask 6.9618225e-05 0.0 8.1721753180027 40.44565498828888 109.29390168190002 
nomask 6.866455e-05 125.28389072418213 119.98582237958908 202.9019021987915 217.0 
nomask 6.651878e-05 109.26634788513184 37.92712014913559 173.2807912826538 163.9359633922577 
nomask 6.574392e-05 64.07318592071533 21.47707763314247 145.00141048431396 104.58824929594994 
nomask 6.4730644e-05 0.0 0.0 48.048922538757324 49.72670377790928 
mask 6.3955784e-05 1.9607253074645996 0.0 97.20975613594055 151.23356235027313 
mask 6.3329935e-05 125.85505390167236 121.10852456092834 232.0 197.49433493614197 
mask 6.246567e-05 119.3021788597107 179.57398986816406 232.0 217.0 
mask 6.210804e-05 1.3653228878974915 212.05417877435684 51.18482327461243 215.191163957119 
mask 6.106496e-05 75.69166326522827 121.49181687831879 156.03748226165771 217.0 
nomask 6.0737133e-05 0.6062608044594526 46.516394570469856 2.1821145191788673 88.60544210672379 
mask 5.8293343e-05 132.35666751861572 72.14311856031418 232.0 142.56131821870804 
nomask 5.7697296e-05 194.26257514953613 31.712058633565903 232.0 155.77336585521698 
nomask 5.733967e-05 226.11330223083496 177.7109336256981 230.76449871063232 217.0 
nomask 5.7011843e-05 119.4314317703247 83.3782824575901 222.50965309143066 192.92899930477142 
nomask 5.64456e-05 119.3021788597107 179.57398986816406 232.0 217.0 
nomask 5.5521727e-05 0.0 43.637547075748444 83.55633020401001 179.58398801088333 
mask 5.504489e-05 23.347204089164734 122.85761749744415 109.24671173095703 217.0 
mask 5.4746866e-05 0.0 200.8641358613968 46.46277070045471 217.0 
