nomask 0.99997836 51.82626175880432 15.2323579788208 188.31525421142578 192.73466283082962 
mask 0.0015949607 52.20064163208008 15.604151785373688 187.22132682800293 193.2345182299614 
nomask 0.00025838614 127.6342830657959 85.57387071847916 232.0 191.41627901792526 
nomask 0.0002360344 0.0 1.3673624247312546 161.98975372314453 96.277716755867 
nomask 0.00020226836 0.0 0.0 61.26838254928589 140.34888315200806 
nomask 0.0002015233 0.0 149.3529543876648 141.59580993652344 217.0 
nomask 0.00017172098 134.61103630065918 173.42854672670364 232.0 217.0 
nomask 0.0001667738 65.81372356414795 0.0 166.38117218017578 91.76414382457733 
nomask 0.00016012788 52.9823956489563 2.7325033992528915 222.8914933204651 101.30776554346085 
nomask 0.00015708804 154.6508378982544 38.97286379337311 232.0 183.03070867061615 
mask 0.00015047193 134.61103630065918 173.42854672670364 232.0 217.0 
nomask 0.00014871359 142.57581996917725 1.1682499945163727 232.0 93.82920005917549 
mask 0.00013819337 202.87291812896729 9.310379147529602 232.0 196.35210210084915 
mask 0.00013241172 31.670337200164795 99.97562620043755 232.0 217.0 
mask 0.00012162328 0.0 0.0 146.76287031173706 107.71596711874008 
nomask 0.00012087822 56.835617542266846 136.89596700668335 175.10641431808472 217.0 
nomask 0.00012049079 76.31457185745239 71.5254131257534 232.0 217.0 
mask 0.00011950731 0.0 167.2745799422264 144.6815071105957 217.0 
mask 0.00011765957 72.53658270835876 67.84799146652222 232.0 217.0 
nomask 0.0001141727 44.78364443778992 0.0 192.78319835662842 62.884482711553574 
nomask 0.00011190772 25.342047214508057 122.17939937114716 110.31934356689453 217.0 
mask 0.00011104345 107.07588648796082 29.18684208393097 232.0 217.0 
nomask 0.000106841326 2.2292842864990234 112.01875126361847 232.0 217.0 
mask 0.000106573105 131.6400032043457 161.54347121715546 232.0 217.0 
nomask 0.000104516745 131.6400032043457 161.54347121715546 232.0 217.0 
nomask 0.00010332465 55.55717945098877 168.80587375164032 213.086594581604 217.0 
mask 0.00010082126 0.0 185.3786683678627 230.7809820175171 217.0 
nomask 9.697676e-05 184.4882230758667 132.85234558582306 232.0 217.0 
mask 9.635091e-05 148.2834415435791 68.81354948878288 232.0 197.6086733341217 
mask 9.274483e-05 184.4882230758667 132.85234558582306 232.0 217.0 
mask 9.1552734e-05 220.51403903961182 1.0311259683221579 232.0 10.432735338807106 
nomask 8.98242e-05 21.9314546585083 164.97547274827957 158.65044593811035 217.0 
nomask 8.7052584e-05 0.0 60.2700589299202 58.913302421569824 217.0 
nomask 8.2969666e-05 165.02149295806885 129.12061965465546 232.0 217.0 
nomask 8.2314014e-05 119.06003189086914 2.5073479413986206 232.0 217.0 
nomask 8.097291e-05 152.021390914917 195.3286052942276 232.0 217.0 
mask 7.8231096e-05 152.021390914917 195.3286052942276 232.0 217.0 
mask 7.57277e-05 202.83736562728882 0.9171893391758204 228.24942541122437 10.209526479244232 
nomask 7.382035e-05 180.68391180038452 20.399858593940735 232.0 194.38817197084427 
nomask 7.3581934e-05 209.10772895812988 144.5231530070305 232.0 217.0 
nomask 7.355213e-05 112.61339950561523 105.48174437880516 132.1630163192749 121.60204219818115 
nomask 7.164478e-05 169.024516582489 15.032252848148346 232.0 138.94977694749832 
nomask 7.048249e-05 0.0 71.41873177886009 101.97549223899841 144.32778179645538 
nomask 6.9886446e-05 155.48620414733887 8.830073803663254 232.0 125.68423342704773 
nomask 6.976724e-05 228.8545093536377 30.45832969248295 231.22227001190186 57.60055482387543 
nomask 6.920099e-05 0.0 82.30711016058922 163.5633840560913 185.71075415611267 
mask 6.8217516e-05 153.38455486297607 138.22376692295074 232.0 217.0 
mask 6.774068e-05 21.9314546585083 164.97547274827957 158.65044593811035 217.0 
nomask 6.702542e-05 144.79733276367188 0.0 232.0 77.80162757635117 
mask 6.699562e-05 142.57581996917725 1.1682499945163727 232.0 93.82920005917549 
nomask 6.5654516e-05 0.0 0.0 95.07058382034302 55.21797671914101 
nomask 6.5505505e-05 0.0 159.81833243370056 162.2667202949524 217.0 
mask 6.276369e-05 209.10772895812988 144.5231530070305 232.0 217.0 
nomask 5.8680773e-05 59.6714653968811 0.0 147.8971209526062 48.609537437558174 
mask 5.555153e-05 0.5047570876777172 34.43122363090515 1.932250291109085 81.3717405796051 
nomask 5.4746866e-05 0.0 0.0 162.47280311584473 55.70178723335266 
nomask 5.453825e-05 229.684814453125 19.948014974594116 232.0 45.1710267663002 
mask 5.4061413e-05 169.024516582489 15.032252848148346 232.0 138.94977694749832 
nomask 5.403161e-05 132.32270526885986 72.0018640756607 232.0 143.64119523763657 
nomask 5.298853e-05 128.61871814727783 0.0 232.0 56.75243294239044 
nomask 5.2958727e-05 221.8653244972229 208.65218460559845 232.0 217.0 
mask 5.2958727e-05 1.3113874197006226 212.21289443969727 50.2008410692215 215.31935489177704 
nomask 5.221367e-05 141.39220237731934 106.50641173124313 232.0 202.53211838006973 
nomask 5.2034855e-05 0.0 20.310835674405098 100.52720832824707 98.43518143892288 
nomask 5.1945448e-05 0.0 133.71146154403687 88.01123428344727 217.0 
mask 5.0485134e-05 0.0 183.8965374827385 69.63960003852844 217.0 
mask 5.0395727e-05 25.342047214508057 122.17939937114716 110.31934356689453 217.0 
mask 4.9561262e-05 0.0 159.81833243370056 162.2667202949524 217.0 
nomask 4.8935413e-05 229.69022130966187 38.61451832950115 232.0 71.99497014284134 
nomask 4.8816204e-05 0.0 0.0 47.639121532440186 50.12468612194061 
mask 4.8279762e-05 0.0 159.6113851070404 100.74067544937134 217.0 
mask 4.7326088e-05 0.7272646073251963 44.21835121512413 2.1509315371513367 92.40073320269585 
nomask 4.6938658e-05 21.191019535064697 0.0 119.94628620147705 85.68717437982559 
nomask 4.658103e-05 0.0 159.6113851070404 100.74067544937134 217.0 
mask 4.5776367e-05 0.0 200.84420424699783 46.08316373825073 217.0 
mask 4.541874e-05 0.0 60.2700589299202 58.913302421569824 217.0 
mask 4.351139e-05 2.2328835278749466 210.9704732298851 13.43523645401001 217.0 
mask 4.3332577e-05 37.717373847961426 0.0 203.66516780853271 57.68907654285431 
nomask 4.3153763e-05 73.27477765083313 160.25653046369553 232.0 217.0 
mask 4.23491e-05 0.0 133.71146154403687 88.01123428344727 217.0 
mask 4.1782856e-05 1.0698800086975098 0.0 95.53154945373535 156.09703147411346 
nomask 4.1633844e-05 122.24594259262085 105.95944994688034 140.41145944595337 121.96674805879593 
nomask 4.005432e-05 211.0469512939453 0.0 232.0 217.0 
nomask 3.9488077e-05 11.138725996017456 104.35745775699615 143.61529159545898 198.240354180336 
nomask 3.916025e-05 60.966559648513794 27.54333108663559 108.26329302787781 172.12635654211044 
mask 3.877282e-05 128.61871814727783 0.0 232.0 56.75243294239044 
nomask 3.7431717e-05 0.0 118.48883008956909 98.12094974517822 198.1044156551361 
mask 3.695488e-05 0.0 199.95796525478363 95.59003615379333 213.8655240535736 
mask 3.6507845e-05 229.684814453125 19.948014974594116 232.0 45.1710267663002 
mask 3.6001205e-05 3.1214268505573273 148.5948028564453 13.280758172273636 217.0 
nomask 3.540516e-05 114.10589933395386 0.0 210.5776333808899 90.62185278534889 
nomask 3.4481287e-05 112.78327989578247 96.24041450023651 129.4282946586609 114.64374876022339 
mask 3.3974648e-05 0.0 71.41873177886009 101.97549223899841 144.32778179645538 
mask 3.3676624e-05 3.2220025062561035 0.0 146.69211101531982 60.67852768301964 
nomask 3.2424927e-05 181.06266832351685 0.0 232.0 148.19694662094116 
mask 3.2007694e-05 228.8545093536377 30.45832969248295 231.22227001190186 57.60055482387543 
nomask 3.170967e-05 0.8359129521995783 54.676369696855545 2.1901792138814926 103.69245192408562 
mask 3.1650066e-05 227.22158336639404 6.728855948895216 231.44155883789062 30.960316002368927 
mask 3.1232834e-05 73.27477765083313 160.25653046369553 232.0 217.0 
nomask 3.07858e-05 103.76808643341064 106.68290546536446 122.20368337631226 123.0806291103363 
