nomask 0.9999945 94.54927 95.11016 362.4383 274.0027 
mask 0.089582175 95.20474 93.35342 364.56244 277.867 
nomask 0.0006861985 43.678947 292.44574 171.07791 318.69016 
nomask 0.0005635023 322.02457 0.0 428.0 202.24617 
nomask 0.00046521425 64.80543 306.62915 147.85173 320.0 
nomask 0.00046250224 306.91977 191.30821 428.0 320.0 
nomask 0.00037318468 98.4317 0.0 388.39874 219.01904 
nomask 0.00027561188 0.0 177.22253 231.16623 320.0 
nomask 0.00024676323 25.38618 275.05438 152.38911 319.6056 
mask 0.00023409724 54.36951 146.06831 428.0 320.0 
mask 0.00021597743 306.91977 191.30821 428.0 320.0 
nomask 0.00021386147 0.0 0.0 201.02542 189.12656 
nomask 0.0001989007 269.51746 89.29478 428.0 227.97438 
nomask 0.00019478798 140.07982 105.079506 428.0 320.0 
mask 0.00019039263 133.81892 100.05241 428.0 320.0 
nomask 0.00018274784 84.96581 112.95119 219.4323 169.07565 
nomask 0.00016659498 0.0 93.88886 160.36592 229.78894 
nomask 0.000159204 1.4110782 164.04062 428.0 320.0 
nomask 0.00015443563 53.090603 179.97636 199.767 320.0 
nomask 0.00015440583 0.0 1.36765 310.32928 131.0022 
nomask 0.00014659762 0.0 130.94821 156.85983 320.0 
nomask 0.00014355779 256.61838 0.22984505 428.0 142.1014 
nomask 0.00014159083 238.5246 233.32446 428.0 320.0 
mask 0.000117987394 238.5246 233.32446 428.0 320.0 
nomask 0.000111699104 407.99146 304.50143 428.0 320.0 
mask 0.00011149049 0.0 0.0 201.02542 189.12656 
mask 0.00010702014 196.47331 42.35916 428.0 320.0 
mask 0.00010108948 338.84918 0.0 428.0 219.50314 
nomask 9.7095966e-05 73.04938 217.90085 359.50482 320.0 
nomask 9.3489885e-05 338.71432 188.25142 428.0 320.0 
nomask 9.2595816e-05 106.863594 310.52734 167.27888 320.0 
nomask 9.1552734e-05 350.13242 195.54791 428.0 320.0 
mask 8.970499e-05 57.123432 292.89633 187.246 319.67493 
nomask 8.9108944e-05 0.0 63.682117 118.12533 261.87048 
mask 8.46684e-05 245.47197 253.8396 428.0 320.0 
nomask 8.1926584e-05 264.76163 164.24625 428.0 299.55765 
nomask 8.189678e-05 376.97583 246.19978 428.0 320.0 
nomask 8.162856e-05 64.85741 269.51535 135.30663 320.0 
nomask 8.106232e-05 321.97137 309.71362 391.07034 320.0 
nomask 8.031726e-05 245.47197 253.8396 428.0 320.0 
nomask 7.8469515e-05 65.003136 117.94934 208.01662 320.0 
nomask 7.7307224e-05 3.2496088 58.407547 176.03824 284.70303 
mask 7.724762e-05 389.32495 208.16122 428.0 320.0 
nomask 7.650256e-05 275.26495 290.24707 428.0 320.0 
nomask 7.6413155e-05 71.85329 287.34897 124.81292 318.33896 
mask 7.56979e-05 348.28668 0.0 428.0 275.78412 
mask 7.510185e-05 275.26495 290.24707 428.0 320.0 
nomask 7.4505806e-05 86.45027 189.37656 380.01025 269.04584 
nomask 7.44164e-05 330.82498 120.94411 428.0 320.0 
nomask 7.4356794e-05 285.89743 28.68556 428.0 206.90854 
mask 7.250905e-05 0.0 1.36765 310.32928 131.0022 
nomask 7.2181225e-05 313.69373 5.687647 428.0 188.22151 
mask 7.1674585e-05 285.89743 28.68556 428.0 206.90854 
mask 7.048249e-05 53.090603 179.97636 199.767 320.0 
nomask 7.003546e-05 368.28394 307.7831 425.73914 320.0 
nomask 7.003546e-05 0.0 81.97745 80.98772 198.9334 
nomask 6.982684e-05 0.0 177.28896 111.543076 320.0 
mask 6.9737434e-05 25.38618 275.05438 152.38911 319.6056 
mask 6.9350004e-05 256.61838 0.22984505 428.0 142.1014 
mask 6.905198e-05 338.71432 188.25142 428.0 320.0 
nomask 6.830692e-05 408.79376 278.60995 425.6315 318.80283 
nomask 6.815791e-05 19.70587 240.76033 83.68412 320.0 
nomask 6.482005e-05 0.0 311.4014 74.450134 319.59467 
mask 6.368756e-05 0.0 177.22253 231.16623 320.0 
nomask 6.3210726e-05 0.0 236.44833 184.6394 320.0 
mask 6.118417e-05 0.0 81.97745 80.98772 198.9334 
nomask 6.058812e-05 0.0 1.3269329 119.60478 188.91579 
nomask 5.9604645e-05 45.52004 246.8118 113.89577 320.0 
nomask 5.8323145e-05 60.6573 164.42345 88.445694 208.40854 
mask 5.733967e-05 306.41516 273.55902 424.52344 318.63965 
nomask 5.7190657e-05 347.16837 308.74872 409.9236 320.0 
mask 5.558133e-05 0.0 236.44833 184.6394 320.0 
nomask 5.555153e-05 135.59915 175.52956 292.6901 320.0 
nomask 5.492568e-05 0.0 252.3883 293.41275 320.0 
mask 5.415082e-05 347.16837 308.74872 409.9236 320.0 
mask 5.3733587e-05 321.97137 309.71362 391.07034 320.0 
nomask 5.3614378e-05 0.0 295.9355 146.50835 316.64447 
nomask 5.2928925e-05 361.39035 122.07063 390.0044 150.71442 
nomask 5.2779913e-05 335.782 43.52997 428.0 300.60638 
nomask 5.1170588e-05 53.984627 285.67752 103.115074 320.0 
nomask 5.093217e-05 138.08226 0.0 284.95102 148.73242 
nomask 5.0902367e-05 0.0 280.44907 428.0 320.0 
nomask 5.0723553e-05 226.22554 1.7720604 371.60004 216.86758 
mask 5.0216913e-05 0.0 280.44907 428.0 320.0 
nomask 4.9948692e-05 26.157343 311.20023 104.31162 319.00143 
mask 4.965067e-05 236.31311 106.40431 428.0 211.86093 
mask 4.9620867e-05 407.99146 304.50143 428.0 320.0 
nomask 4.8935413e-05 38.956173 223.9955 275.97748 320.0 
nomask 4.7534704e-05 0.0 174.0191 183.53403 292.87357 
nomask 4.6491623e-05 292.74557 244.63591 428.0 320.0 
mask 4.6402216e-05 64.80543 306.62915 147.85173 320.0 
mask 4.592538e-05 0.0 108.496056 188.66478 211.40414 
mask 4.3600798e-05 0.0 100.31317 110.863785 320.0 
nomask 4.3153763e-05 41.52401 0.0 393.61258 89.986 
nomask 4.300475e-05 318.1469 118.599335 385.34982 208.54185 
nomask 4.2825937e-05 0.0 234.10535 302.22787 320.0 
mask 4.2021275e-05 61.844017 227.84518 369.46857 320.0 
mask 4.2021275e-05 84.96581 112.95119 219.4323 169.07565 
nomask 4.1753054e-05 235.59314 125.89828 428.0 271.15442 
mask 4.172325e-05 411.44128 259.11206 425.3042 318.53696 
