nomask 0.99985635 69.1785010099411 77.17676097154617 137.2451559305191 172.4031364917755 
mask 0.0040042102 69.1785010099411 77.17676097154617 137.2451559305191 172.4031364917755 
nomask 0.00068867207 18.46860095858574 212.02988874912262 31.43028673529625 237.59073078632355 
nomask 0.0006881654 156.20932817459106 194.11208045482635 167.61479020118713 207.19622087478638 
nomask 0.0005905032 23.300606727600098 76.46399140357971 118.26655268669128 182.37752616405487 
nomask 0.00054100156 189.1266930103302 202.70492815971375 194.0 233.80401027202606 
nomask 0.00051024556 162.65442311763763 190.9434043765068 175.43527042865753 207.392571747303 
nomask 0.00042667985 27.00123021006584 203.12029230594635 41.68674400448799 225.156112074852 
nomask 0.0003889799 122.03223419189453 180.34867006540298 194.0 259.0 
nomask 0.00037139654 163.8703851699829 115.30515491962433 193.0107364654541 213.3535088300705 
mask 0.00036740303 122.03223419189453 180.34867006540298 194.0 259.0 
nomask 0.00036403537 147.35452222824097 151.87927556037903 194.0 259.0 
nomask 0.00030091405 140.0598599910736 48.384018152952194 194.0 248.26175773143768 
nomask 0.00025352836 136.66568422317505 0.0 194.0 156.6344586610794 
nomask 0.00023064017 169.61913812160492 203.85465908050537 194.0 259.0 
nomask 0.00020900369 23.39076578617096 0.0 181.82392489910126 67.14369297027588 
nomask 0.0002078116 0.0 145.34183663129807 88.34462630748749 259.0 
mask 0.00020742416 23.578391909599304 117.93705782294273 190.64110386371613 257.66402983665466 
mask 0.00020170212 175.53304970264435 171.99056655168533 194.0 259.0 
mask 0.00020125508 147.35452222824097 151.87927556037903 194.0 259.0 
mask 0.00019749999 27.00123021006584 203.12029230594635 41.68674400448799 225.156112074852 
nomask 0.00019720197 124.76448035240173 234.0012719631195 194.0 259.0 
nomask 0.00019556284 0.0 45.67770600318909 104.80996918678284 254.35158336162567 
nomask 0.00019314885 18.40664768218994 180.67193347215652 127.35863757133484 259.0 
nomask 0.00019285083 191.9442185163498 152.91220557689667 193.6230479478836 211.48738050460815 
mask 0.00018703938 124.76448035240173 234.0012719631195 194.0 259.0 
nomask 0.0001860559 67.1819640994072 92.30691638588905 132.95862865447998 236.76537477970123 
nomask 0.00018596649 191.17522430419922 189.83316284418106 194.0 224.69457405805588 
nomask 0.00017410517 0.0 228.01524877548218 194.0 259.0 
nomask 0.0001694262 0.0 203.05412673950195 128.15486335754395 259.0 
nomask 0.00016850233 88.85264259576797 32.36323654651642 194.0 259.0 
mask 0.00016820431 98.63675057888031 1.1494067311286926 194.0 259.0 
nomask 0.0001643002 185.77094209194183 212.33752930164337 193.19111239910126 243.41969180107117 
mask 0.0001629591 189.1266930103302 202.70492815971375 194.0 233.80401027202606 
nomask 0.00016251206 64.71743726730347 0.0 128.35326647758484 122.07583287358284 
nomask 0.00016102195 8.741607010364532 8.209616929292679 116.77440118789673 172.41758608818054 
nomask 0.00016021729 170.85634195804596 190.29466998577118 185.26183307170868 212.2250200510025 
nomask 0.00015965104 60.656105279922485 80.98141226172447 194.0 259.0 
mask 0.00015962124 60.656105279922485 80.98141226172447 194.0 259.0 
mask 0.0001539588 0.0 228.01524877548218 194.0 259.0 
nomask 0.00015339255 171.08470559120178 0.0 194.0 259.0 
mask 0.00015115738 18.40664768218994 180.67193347215652 127.35863757133484 259.0 
nomask 0.00015091896 0.0 132.394118309021 185.483304977417 257.57940089702606 
nomask 0.0001502037 25.464074343442917 212.7931701540947 39.78762212395668 237.59312361478806 
mask 0.00014981627 18.46860095858574 212.02988874912262 31.43028673529625 237.59073078632355 
mask 0.0001489222 191.9442185163498 152.91220557689667 193.6230479478836 211.48738050460815 
nomask 0.00014716387 129.54168474674225 24.513254016637802 194.0 167.68250274658203 
nomask 0.00014442205 68.16058939695358 152.02423465251923 163.0017499923706 259.0 
nomask 0.00014400482 145.68302392959595 178.59779888391495 158.4342691898346 199.63567024469376 
nomask 0.00014388561 0.0 2.5563088208436966 139.231858253479 108.56008023023605 
mask 0.00014320016 129.54168474674225 24.513254016637802 194.0 167.68250274658203 
mask 0.0001271069 23.39076578617096 0.0 181.82392489910126 67.14369297027588 
nomask 0.00012424588 26.982535243034363 193.24626249074936 42.84998029470444 216.843441426754 
nomask 0.00011590123 23.45254272222519 14.993879973888397 151.07721138000488 227.12531727552414 
nomask 0.000114023685 53.97163265943527 0.0 169.01159071922302 151.84643977880478 
mask 0.00010788441 171.08470559120178 0.0 194.0 259.0 
nomask 0.000106185675 107.94237494468689 101.34316292405128 194.0 229.0428991317749 
nomask 0.00010582805 66.56946760416031 98.75014734268188 111.62692832946777 206.20148348808289 
nomask 0.0001052618 58.8194020986557 128.1472877562046 153.01493155956268 186.77020347118378 
nomask 0.00010403991 83.08312773704529 134.98294258117676 142.91705918312073 174.34460031986237 
mask 0.00010165572 39.629381239414215 0.0 183.4991581439972 32.66811762750149 
mask 0.00010162592 191.17522430419922 189.83316284418106 194.0 224.69457405805588 
mask 0.00010091066 0.0 203.05412673950195 128.15486335754395 259.0 
nomask 0.00010043383 132.1334946155548 249.24442291259766 151.60507607460022 258.0494450330734 
nomask 9.599328e-05 131.48501312732697 54.960629999637604 194.0 212.72376269102097 
nomask 9.5427036e-05 172.86835634708405 203.46697455644608 187.13083255290985 227.60033231973648 
nomask 9.1940165e-05 34.851647824048996 203.8949203491211 48.078381806612015 223.58765161037445 
nomask 9.164214e-05 154.36643862724304 182.75738382339478 165.67851543426514 200.9604790210724 
nomask 8.806586e-05 147.78883981704712 1.6786386370658875 194.0 189.02290481328964 
nomask 8.5800886e-05 0.0 0.0 79.58510774374008 200.40892434120178 
nomask 8.276105e-05 0.0 20.094301909208298 45.27446919679642 237.25493204593658 
mask 8.174777e-05 0.0 45.67770600318909 104.80996918678284 254.35158336162567 
mask 7.8976154e-05 0.0 145.34183663129807 88.34462630748749 259.0 
nomask 7.876754e-05 164.04006505012512 179.72641116380692 176.33129906654358 200.13976973295212 
nomask 7.644296e-05 57.615963101387024 135.2576084136963 118.31961667537689 177.1728618144989 
nomask 7.5906515e-05 39.629381239414215 0.0 183.4991581439972 32.66811762750149 
mask 7.498264e-05 2.421748399734497 203.91279709339142 50.42123091220856 248.83381354808807 
mask 7.119775e-05 5.593018412590027 1.6855546832084656 191.13314545154572 170.4595268368721 
nomask 7.048249e-05 134.6514265537262 146.3962094783783 194.0 259.0 
nomask 6.946921e-05 0.0 192.84205973148346 143.62793624401093 259.0 
nomask 6.890297e-05 146.83620882034302 191.39940029382706 159.4351885318756 208.09143203496933 
mask 6.812811e-05 185.77094209194183 212.33752930164337 193.19111239910126 243.41969180107117 
mask 6.774068e-05 0.0 220.67417454719543 29.02080410718918 255.99442219734192 
nomask 6.747246e-05 62.96516352891922 146.17810702323914 131.08285307884216 259.0 
nomask 6.714463e-05 104.04964745044708 190.2396040558815 194.0 259.0 
nomask 6.699562e-05 77.33264607191086 0.0 192.6605303287506 92.19125786423683 
nomask 6.610155e-05 0.0 86.3895982503891 83.96626907587051 173.02366638183594 
nomask 6.479025e-05 106.25549745559692 87.91970399022102 194.0 170.6102750301361 
nomask 6.425381e-05 64.06602448225021 33.59568986296654 161.6863088607788 95.23760637640953 
nomask 6.365776e-05 0.0 248.53393810987473 12.244454681873322 259.0 
mask 6.347895e-05 0.0 0.0 79.58510774374008 200.40892434120178 
nomask 6.300211e-05 77.60659223794937 64.28313601016998 168.11719250679016 125.51456665992737 
nomask 5.7518482e-05 44.2832427918911 64.76833987236023 134.8145500421524 130.04346537590027 
nomask 5.6952238e-05 94.58107882738113 82.17000734806061 192.201397895813 145.01503801345825 
mask 5.5909157e-05 0.0 248.53393810987473 12.244454681873322 259.0 
nomask 5.4240227e-05 144.5146448612213 77.5648082792759 194.0 257.847274184227 
mask 5.340576e-05 0.0 86.3895982503891 83.96626907587051 173.02366638183594 
mask 5.3226948e-05 64.71743726730347 0.0 128.35326647758484 122.07583287358284 
mask 5.298853e-05 40.0301074385643 196.1693571805954 183.6952486038208 259.0 
nomask 5.2541494e-05 18.47047132253647 192.32638204097748 31.630456149578094 215.76964807510376 
