nomask 0.9996183 110.46383 74.18315 232.59312 165.66902 
mask 0.77014816 110.46383 74.18315 232.59312 165.66902 
nomask 0.009651989 221.10664 7.428378 305.55594 117.40044 
nomask 0.0013459623 166.72385 82.97337 237.27895 155.32083 
nomask 0.0011368096 204.83757 0.0 275.3567 125.427246 
nomask 0.0011252761 270.4324 0.0 310.0 139.47766 
nomask 0.00085905194 171.84546 0.0 298.81415 92.41135 
mask 0.0008210242 226.11928 8.059047 310.0 161.23462 
nomask 0.0007598698 224.82939 55.74237 304.03665 176.11174 
nomask 0.00068187714 201.50214 53.206287 310.0 219.49118 
nomask 0.0005956292 203.12796 0.0 310.0 87.90263 
nomask 0.0005786717 229.28659 0.0 310.0 154.67627 
nomask 0.00057563186 197.66699 4.3761506 310.0 157.01044 
nomask 0.0005674064 169.78932 0.12410246 261.17984 38.734608 
mask 0.0005054772 207.74469 59.558525 310.0 210.71648 
nomask 0.00046092272 242.11406 31.114962 293.7175 113.039505 
nomask 0.00040015578 232.79031 145.09445 310.0 250.0 
nomask 0.0003887713 143.97693 76.15792 295.50336 140.51794 
nomask 0.00038775802 150.8204 59.08416 310.0 118.31681 
nomask 0.00038653612 169.9667 6.085396 235.3049 134.08449 
nomask 0.00037440658 211.33214 26.78356 310.0 90.30983 
nomask 0.00036376715 161.09483 83.84043 310.0 164.07529 
mask 0.0003607571 161.09483 83.84043 310.0 164.07529 
mask 0.00035956502 270.4324 0.0 310.0 139.47766 
nomask 0.0003530681 244.32335 37.4253 310.0 131.09425 
nomask 0.00033956766 172.52829 0.0 310.0 64.92458 
nomask 0.0002963543 34.20367 73.88634 190.31895 177.4813 
nomask 0.00029551983 193.38683 172.13652 310.0 250.0 
mask 0.00027936697 193.38683 172.13652 310.0 250.0 
nomask 0.00027629733 167.68109 0.0 277.88083 115.25353 
nomask 0.0002706647 230.82068 67.933205 310.0 250.0 
nomask 0.00026899576 93.69256 0.0 310.0 66.92233 
mask 0.00026726723 9.519577 87.70736 203.40363 250.0 
nomask 0.00024923682 234.92828 66.4956 277.10828 149.09938 
nomask 0.00024279952 179.99089 0.87771565 310.0 110.05867 
nomask 0.00023856759 271.8095 196.67152 310.0 250.0 
nomask 0.00023812056 216.39064 41.067886 267.82507 126.61549 
nomask 0.00022491813 149.72757 0.0 307.96216 33.35766 
nomask 0.00022143126 243.33922 0.0 310.0 81.65094 
mask 0.00022125244 232.79031 145.09445 310.0 250.0 
nomask 0.00021326542 177.78859 44.792877 281.2593 134.41103 
nomask 0.0002130568 152.99313 40.030952 233.80946 161.69058 
mask 0.00021004677 280.87698 166.02034 310.0 250.0 
mask 0.0002078116 172.52829 0.0 310.0 64.92458 
nomask 0.00020682812 82.47688 97.30788 123.34866 175.08875 
mask 0.00020599365 37.35876 113.780815 302.42636 248.1693 
nomask 0.000205338 198.8771 226.10442 310.0 250.0 
mask 0.00020468235 176.20567 24.812244 310.0 115.8283 
nomask 0.00019919872 210.75763 55.172005 310.0 114.390785 
mask 0.00019666553 169.78932 0.12410246 261.17984 38.734608 
nomask 0.00019553304 0.0 0.0 169.8475 152.3294 
mask 0.00019523501 198.8771 226.10442 310.0 250.0 
nomask 0.00018981099 0.0 143.42358 142.0108 250.0 
nomask 0.00018942356 71.72185 63.44861 220.17198 126.2362 
nomask 0.00018903613 93.15668 0.0 272.49924 148.46202 
mask 0.00018888712 203.12796 0.0 310.0 87.90263 
mask 0.00018152595 233.35329 66.28929 300.75345 218.27592 
nomask 0.00018134713 153.074 0.0 262.88873 12.677496 
nomask 0.0001770556 165.3837 0.4497819 244.39615 3.8588433 
nomask 0.00017416477 273.73654 0.0 310.0 250.0 
mask 0.00017412592 157.98346 0.8585453 310.0 250.0 
mask 0.00017142296 177.91612 0.096208885 261.3205 2.9839487 
nomask 0.0001630485 101.1418 81.839584 310.0 250.0 
nomask 0.00016063452 205.15703 23.947947 310.0 161.94394 
nomask 0.00016009808 273.66678 32.957882 310.0 211.77448 
nomask 0.00015974045 177.91612 0.096208885 261.3205 2.9839487 
mask 0.00015652573 96.924576 78.16728 310.0 250.0 
nomask 0.00015619397 85.39913 160.28053 283.55075 250.0 
nomask 0.00015336275 0.0 127.771225 293.44635 248.31432 
mask 0.0001527667 205.15703 23.947947 310.0 161.94394 
nomask 0.00015121698 0.0 220.56454 310.0 250.0 
mask 0.00014910102 194.96964 74.44426 310.0 229.18794 
nomask 0.00014805794 195.94438 0.0 280.93033 71.89322 
nomask 0.00014787912 172.2076 96.997826 310.0 221.4717 
nomask 0.00014740229 213.31842 68.21552 260.7444 144.20671 
mask 0.00014510751 165.3837 0.4497819 244.39615 3.8588433 
nomask 0.00014460087 30.34342 172.35161 201.9728 250.0 
mask 0.00014176965 163.27072 133.68233 310.0 230.97293 
nomask 0.00013977289 67.4148 0.0 248.48083 91.314896 
nomask 0.00013782407 157.98346 0.8585453 310.0 250.0 
nomask 0.000135988 99.61561 91.30114 151.28932 165.37297 
mask 0.00013488531 93.69256 0.0 310.0 66.92233 
nomask 0.00013178587 197.39815 0.0 275.2888 1.3815953 
nomask 0.00013160706 75.75405 1.6602911 128.5681 94.67487 
nomask 0.00013101101 294.03714 2.5093668 309.40347 96.532745 
mask 0.0001308918 0.0 220.56454 310.0 250.0 
nomask 0.00012859702 218.55293 0.0 310.0 35.460106 
mask 0.00012806058 0.0 34.106747 137.53006 240.12874 
nomask 0.0001219511 270.30087 0.0 310.0 82.16678 
nomask 0.00011482835 218.22836 0.0 283.09128 2.2984128 
mask 0.00011473894 30.34342 172.35161 201.9728 250.0 
nomask 0.00011461973 298.82355 54.784374 310.0 190.44096 
mask 0.00011178851 0.0 155.9927 184.65071 250.0 
mask 0.00011098385 273.66678 32.957882 310.0 211.77448 
mask 0.000109642744 204.11638 60.809612 305.40314 162.3471 
mask 0.0001091063 273.73654 0.0 310.0 250.0 
mask 0.00010895729 149.72757 0.0 307.96216 33.35766 
mask 0.00010725856 191.17195 3.913941 223.11745 29.17338 
mask 0.000106841326 153.074 0.0 262.88873 12.677496 
nomask 0.0001039803 0.0 195.4637 214.02945 250.0 
