nomask 0.9999681 136.9394302368164 33.93272399902344 385.0110626220703 394.6926498413086 
mask 0.0038989186 134.82228755950928 33.21929931640625 385.1542854309082 391.5363311767578 
nomask 0.002250433 408.92334938049316 54.42990303039551 476.2195301055908 296.63490295410156 
nomask 0.001227498 409.49498176574707 0.0 480.0 198.9300537109375 
mask 0.00046160817 466.6473197937012 550.9699249267578 478.49063873291016 640.0 
nomask 0.00039932132 342.7775001525879 407.6970672607422 480.0 640.0 
nomask 0.00038948655 397.35368728637695 166.2743377685547 433.0203437805176 244.91016387939453 
nomask 0.00037404895 299.83537673950195 0.0 480.0 319.4040298461914 
nomask 0.00036266446 466.6473197937012 550.9699249267578 478.49063873291016 640.0 
mask 0.00032299757 315.6485366821289 405.91747283935547 480.0 640.0 
nomask 0.00030565262 462.84464836120605 602.2256851196289 480.0 637.3163986206055 
mask 0.0003027022 408.92334938049316 54.42990303039551 476.2195301055908 296.63490295410156 
nomask 0.00028663874 401.1910629272461 145.3776454925537 436.8665313720703 224.52823638916016 
mask 0.00027617812 341.0526180267334 266.2351417541504 480.0 640.0 
nomask 0.00025746226 269.7385597229004 504.59205627441406 480.0 640.0 
mask 0.00023543835 296.9658851623535 402.2871398925781 480.0 640.0 
mask 0.00023126602 250.26549339294434 459.83280181884766 478.2351779937744 636.9662094116211 
mask 0.00021737814 60.453972816467285 292.06993103027344 480.0 640.0 
nomask 0.00021389127 208.74601364135742 204.36298370361328 374.07182693481445 363.0271530151367 
nomask 0.00019913912 220.06188869476318 82.12654113769531 480.0 640.0 
mask 0.00019675493 220.06188869476318 82.12654113769531 480.0 640.0 
nomask 0.00019070506 444.9364185333252 8.402338027954102 480.0 204.46006774902344 
nomask 0.00018692017 467.5312042236328 134.89099502563477 479.5931625366211 236.2740135192871 
mask 0.00018537045 462.84464836120605 602.2256851196289 480.0 637.3163986206055 
nomask 0.00018525124 393.79159927368164 92.8107738494873 457.71148681640625 288.8377380371094 
nomask 0.0001770556 150.07720470428467 200.1078224182129 480.0 640.0 
mask 0.0001770556 150.07720470428467 200.1078224182129 480.0 640.0 
mask 0.00016528368 235.4308319091797 516.0867309570312 392.3824882507324 640.0 
nomask 0.00016504526 420.10313987731934 500.7958221435547 480.0 640.0 
nomask 0.00016134977 448.2513999938965 88.62435340881348 475.3260040283203 323.184814453125 
nomask 0.00015670061 60.453972816467285 292.06993103027344 480.0 640.0 
nomask 0.00014996529 0.0 400.5284881591797 278.990535736084 640.0 
nomask 0.00014990568 0.0 564.6115875244141 480.0 640.0 
nomask 0.00014987588 362.6736259460449 0.0 480.0 285.58298110961914 
nomask 0.00014814734 311.70764923095703 44.61956024169922 480.0 331.3432312011719 
nomask 0.00014787912 279.97215270996094 0.0 480.0 167.25242614746094 
mask 0.00014686584 93.67558479309082 396.44439697265625 381.4822196960449 640.0 
nomask 0.00014474988 366.18739128112793 98.2418441772461 480.0 543.6301803588867 
mask 0.00014409423 420.10313987731934 500.7958221435547 480.0 640.0 
mask 0.00014227629 0.0 564.6115875244141 480.0 640.0 
nomask 0.00013786554 308.8450527191162 579.0986633300781 480.0 640.0 
nomask 0.00013613701 387.59636878967285 165.93711853027344 418.16834449768066 239.12315368652344 
mask 0.00013256073 308.8450527191162 579.0986633300781 480.0 640.0 
mask 0.00012719631 1.3950276374816895 0.0 96.50930643081665 242.76107788085938 
mask 0.00012511015 0.0 400.5284881591797 278.990535736084 640.0 
nomask 0.00011911988 0.0 7.130556106567383 342.21548080444336 278.5950469970703 
mask 0.000115931034 470.94672203063965 521.0253524780273 479.500093460083 640.0 
nomask 0.00011458993 4.225480556488037 0.3819704055786133 170.23798942565918 94.4632339477539 
nomask 0.00010895729 44.80689525604248 446.6627502441406 315.07776260375977 640.0 
nomask 0.00010475516 451.69824600219727 2.639235258102417 480.0 34.69583511352539 
nomask 0.00010091066 270.82523345947266 226.3045883178711 480.0 416.93187713623047 
mask 0.000100404024 404.3002223968506 0.0 480.0 612.9682159423828 
nomask 9.807944e-05 450.7601737976074 545.9724044799805 480.0 640.0 
mask 9.769201e-05 255.17303466796875 342.84507751464844 480.0 586.9575500488281 
mask 9.727478e-05 467.5312042236328 134.89099502563477 479.5931625366211 236.2740135192871 
mask 9.384751e-05 320.9835147857666 505.36529541015625 477.49491691589355 640.0 
mask 8.904934e-05 44.80689525604248 446.6627502441406 315.07776260375977 640.0 
nomask 8.517504e-05 254.23670768737793 156.00624084472656 368.03744316101074 339.2496109008789 
mask 8.4757805e-05 451.69824600219727 2.639235258102417 480.0 34.69583511352539 
mask 8.317828e-05 335.7608985900879 474.2913818359375 480.0 630.0523376464844 
nomask 8.1926584e-05 0.0 14.513320922851562 165.2986478805542 375.5369186401367 
nomask 8.1539154e-05 139.79262828826904 425.9364318847656 438.8467597961426 640.0 
mask 8.1539154e-05 0.0 398.2577896118164 10.038405954837799 488.5836410522461 
nomask 7.998943e-05 230.7886791229248 269.36370849609375 388.5964107513428 384.4054412841797 
nomask 7.9900026e-05 310.09700775146484 118.17499160766602 480.0 537.1678161621094 
nomask 7.8588724e-05 404.3002223968506 0.0 480.0 612.9682159423828 
nomask 7.7694654e-05 428.18395614624023 138.61467361450195 463.71740341186523 220.89685440063477 
nomask 7.5250864e-05 318.8927364349365 60.94390869140625 480.0 416.40586853027344 
nomask 7.5012445e-05 463.1316947937012 3.7590885162353516 480.0 93.97158622741699 
nomask 7.477403e-05 398.1083393096924 23.252534866333008 464.05280113220215 231.4788818359375 
mask 7.379055e-05 450.7601737976074 545.9724044799805 480.0 640.0 
mask 7.113814e-05 1.7028987407684326 10.097570419311523 40.21549344062805 270.0841522216797 
nomask 7.110834e-05 85.64708232879639 0.0 399.5724105834961 179.35077667236328 
nomask 7.042289e-05 406.5244388580322 129.93663787841797 480.0 423.8852310180664 
nomask 6.887317e-05 469.4658851623535 189.62562561035156 480.0 306.2724304199219 
nomask 6.842613e-05 406.7259693145752 117.21875190734863 440.8432674407959 187.83523559570312 
mask 6.824732e-05 318.8927364349365 60.94390869140625 480.0 416.40586853027344 
nomask 6.759167e-05 1.3950276374816895 0.0 96.50930643081665 242.76107788085938 
nomask 6.759167e-05 469.34606552124023 31.45333766937256 480.0 148.44451904296875 
mask 6.753206e-05 428.10301780700684 110.90465545654297 480.0 457.7660369873047 
mask 6.681681e-05 0.0 376.5827178955078 7.934939861297607 474.80125427246094 
nomask 6.6012144e-05 470.94672203063965 521.0253524780273 479.500093460083 640.0 
nomask 6.5624714e-05 415.51371574401855 18.399367332458496 480.0 130.62450408935547 
nomask 6.54161e-05 251.26550674438477 0.0 412.272891998291 322.9264831542969 
mask 6.490946e-05 448.2513999938965 88.62435340881348 475.3260040283203 323.184814453125 
nomask 6.368756e-05 469.09701347351074 73.20122241973877 479.6128749847412 179.6610450744629 
nomask 6.186962e-05 58.76192092895508 0.0 222.852144241333 304.7257995605469 
mask 6.0737133e-05 100.9031867980957 468.9002227783203 456.56524658203125 640.0 
nomask 5.9962273e-05 0.0 0.0 191.64021492004395 166.2039566040039 
nomask 5.981326e-05 298.2386112213135 195.69379806518555 480.0 598.8400268554688 
mask 5.90384e-05 0.0 610.6825256347656 30.67253351211548 640.0 
mask 5.8203936e-05 463.1316947937012 3.7590885162353516 480.0 93.97158622741699 
mask 5.7965517e-05 341.48826599121094 403.53282928466797 480.0 556.214485168457 
mask 5.7935715e-05 366.18739128112793 98.2418441772461 480.0 543.6301803588867 
mask 5.605817e-05 399.4020652770996 261.58329010009766 480.0 563.0845260620117 
nomask 5.5283308e-05 427.0301342010498 111.96788787841797 464.17508125305176 185.89380264282227 
mask 5.4717064e-05 0.0 158.20478439331055 121.44049644470215 640.0 
mask 5.2392483e-05 270.82523345947266 226.3045883178711 480.0 416.93187713623047 
nomask 5.1945448e-05 106.04528903961182 139.37981605529785 161.39060497283936 324.5623779296875 
nomask 5.1528215e-05 387.65527725219727 0.0 480.0 105.14862060546875 
