nomask 0.9999927 0.2109473 0.2464853 0.85198 0.88074416 
mask 0.010204703 0.20870459 0.24407664 0.8523785 0.8851589 
nomask 0.00031873584 0.2296873 0.0 0.9213203 0.70906717 
nomask 0.00029727817 0.7938386 0.0 1.0 0.6827501 
mask 0.00023502111 0.1275163 0.45663923 1.0 1.0 
nomask 0.000192523 0.3274042 0.32848892 1.0 1.0 
mask 0.00018580789 0.31266043 0.31266367 1.0 1.0 
nomask 0.00016093254 0.004008889 0.5128407 1.0 1.0 
nomask 0.00014653802 0.0 0.0067539513 0.7283729 0.41563013 
nomask 0.0001450479 0.6424763 0.27066785 1.0 0.715725 
nomask 0.00014474988 0.71640915 0.6036716 1.0 1.0 
nomask 0.00013703108 0.0 0.0 0.47132832 0.60115683 
nomask 0.00012776256 0.0 0.57013595 0.5294287 1.0 
nomask 0.0001206696 0.6118706 0.7028772 1.0 1.0 
nomask 0.0001193285 0.0 0.009231597 0.27499107 0.6052569 
nomask 0.00011762977 0.16715863 0.6917569 0.83686984 1.0 
nomask 0.00011217594 0.0 0.39229903 0.2784254 1.0 
nomask 0.00010806322 0.609293 0.00053714216 1.0 0.4424497 
mask 0.00010788441 0.45871025 0.13424438 1.0 1.0 
nomask 0.00010737777 0.72868073 0.021134049 1.0 0.58120024 
nomask 0.000106573105 0.12619643 0.5642724 0.4688171 1.0 
nomask 0.00010603666 0.062232487 0.35720354 0.18782732 0.6838874 
nomask 9.1820955e-05 0.4385619 0.6706463 0.8487822 0.84678006 
mask 8.72612e-05 0.71640915 0.6036716 1.0 1.0 
nomask 8.4370375e-05 0.6281509 0.0 1.0 0.36752632 
mask 8.291006e-05 0.56998837 0.73285955 1.0 1.0 
nomask 8.225441e-05 0.0 0.0 0.24220546 0.4514787 
nomask 8.1300735e-05 0.6742725 0.08649233 1.0 0.64534855 
nomask 7.402897e-05 0.0 0.73432636 0.43456003 1.0 
mask 7.376075e-05 0.6742725 0.08649233 1.0 0.64534855 
nomask 7.367134e-05 0.0 0.0 0.44350088 0.25431865 
nomask 7.3611736e-05 0.64228183 0.9079833 1.0 1.0 
nomask 7.325411e-05 0.8797777 0.7727349 1.0 1.0 
mask 7.325411e-05 0.64228183 0.9079833 1.0 1.0 
mask 7.05421e-05 0.0 0.73432636 0.43456003 1.0 
mask 7.045269e-05 0.0 0.39229903 0.2784254 1.0 
nomask 7.015467e-05 0.10621408 0.39134878 0.22572285 0.6934684 
mask 6.943941e-05 0.8797777 0.7727349 1.0 1.0 
mask 6.684661e-05 0.8422556 0.0 1.0 0.89352286 
nomask 6.508827e-05 0.0 0.3340376 0.43511772 0.65957814 
nomask 6.386638e-05 0.0034829695 0.96181196 0.050557278 1.0 
nomask 6.377697e-05 0.11752285 0.0 0.45546794 0.44910926 
nomask 6.2555075e-05 0.0 0.6170612 0.37226653 1.0 
nomask 6.16312e-05 0.32546243 0.8693837 0.9315722 1.0 
mask 6.0766935e-05 0.7938386 0.0 1.0 0.6827501 
mask 5.9247017e-05 0.0 0.0067539513 0.7283729 0.41563013 
nomask 5.5998564e-05 0.0 0.19596112 0.27106252 0.82368195 
mask 5.5462122e-05 9.2983246e-05 0.0 0.42346627 0.71603906 
mask 5.403161e-05 0.67441857 0.0076358765 1.0 0.15153663 
nomask 5.3197145e-05 0.100512415 0.0 0.9469241 0.27458593 
mask 5.2899122e-05 0.12619643 0.5642724 0.4688171 1.0 
nomask 5.272031e-05 0.7758156 0.7704872 1.0 1.0 
nomask 5.2154064e-05 0.009748772 0.17105821 0.40891832 0.88911164 
nomask 5.018711e-05 0.09425843 0.70319206 0.6450038 1.0 
mask 4.7951937e-05 0.0 0.3340376 0.43511772 0.65957814 
nomask 4.762411e-05 0.582222 0.7922056 1.0 1.0 
nomask 4.7415495e-05 0.0 0.8764379 1.0 1.0 
mask 4.684925e-05 0.0 0.8764379 1.0 1.0 
mask 4.6640635e-05 0.0034829695 0.96181196 0.050557278 1.0 
mask 4.6610832e-05 0.582222 0.7922056 1.0 1.0 
nomask 4.6551228e-05 0.32611376 0.0 0.66466916 0.4644642 
mask 4.476309e-05 0.95659024 0.010551505 0.9961507 0.060256667 
nomask 4.467368e-05 0.83875406 0.020520568 1.0 0.4601049 
nomask 4.4226646e-05 0.95659024 0.010551505 0.9961507 0.060256667 
mask 4.3928623e-05 0.609293 0.00053714216 1.0 0.4424497 
nomask 4.220009e-05 0.5273838 0.03479007 0.85532117 0.6908426 
mask 4.2140484e-05 0.09425843 0.70319206 0.6450038 1.0 
mask 4.2021275e-05 0.32546243 0.8693837 0.9315722 1.0 
nomask 3.9726496e-05 0.0 0.54771066 0.42395273 0.91584444 
nomask 3.9428473e-05 0.6842187 0.48602998 0.8620059 0.8096578 
mask 3.913045e-05 0.0 0.6170612 0.37226653 1.0 
nomask 3.874302e-05 0.5390195 0.0 0.8848633 0.45446694 
nomask 3.8713217e-05 0.04395002 0.0 0.59578735 0.33641833 
nomask 3.862381e-05 0.7918155 0.59737563 1.0 1.0 
nomask 3.784895e-05 0.8696542 0.0 1.0 1.0 
nomask 3.72231e-05 0.9559453 0.3646679 0.99770147 0.8447759 
nomask 3.6656857e-05 0.97648245 0.03167002 0.995477 0.16615519 
nomask 3.606081e-05 0.013351552 0.97666895 0.18006325 0.99547386 
nomask 3.5852194e-05 0.0 0.79008365 0.68845147 1.0 
nomask 3.543496e-05 0.0 0.0 0.3069173 0.15294832 
nomask 3.4868717e-05 0.53726673 0.56500095 1.0 0.889986 
nomask 3.4838915e-05 0.09483034 0.3394504 0.14719087 0.42208114 
nomask 3.4183264e-05 0.8209287 0.6266744 1.0 1.0 
nomask 3.4034252e-05 0.0 0.0 0.21473902 0.21817712 
mask 3.4034252e-05 0.0 0.54771066 0.42395273 0.91584444 
nomask 3.373623e-05 0.8606142 0.42911157 0.9263054 0.5348216 
nomask 3.3706427e-05 0.0 0.090083465 0.4190604 0.4503823 
nomask 3.3468008e-05 0.25572583 0.6829324 0.8625691 1.0 
nomask 3.322959e-05 0.4860276 0.00036535598 0.9792855 0.03127878 
mask 3.299117e-05 0.0 0.57013595 0.5294287 1.0 
mask 3.2663345e-05 0.97648245 0.03167002 0.995477 0.16615519 
nomask 3.260374e-05 0.96938777 0.81062454 0.9969896 0.9720157 
mask 3.2395124e-05 0.0 0.7319943 0.7034358 1.0 
mask 3.1650066e-05 0.21500567 0.9746376 0.3790383 0.99780846 
mask 3.0994415e-05 0.7918155 0.59737563 1.0 1.0 
nomask 3.07858e-05 0.74849355 0.0 1.0 0.4495508 
nomask 3.0726194e-05 0.31467777 0.5650761 0.6807611 1.0 
nomask 3.0070543e-05 0.0 0.0 0.13254401 0.3101459 
mask 2.9832125e-05 0.021798104 0.61450404 0.26938227 0.99899894 
mask 2.965331e-05 0.5719994 0.3279397 1.0 0.66589457 
