nomask 0.9999597 56.830116 25.780155 230.44626 154.7323 
mask 0.017775118 56.830116 25.780155 230.44626 154.7323 
nomask 0.00023469329 43.201523 131.56577 231.42496 183.0 
nomask 0.00020518899 20.894285 111.310234 136.50276 183.0 
nomask 0.00018712878 79.152985 110.14929 195.00351 183.0 
mask 0.00017854571 180.55696 116.474785 275.0 183.0 
nomask 0.00015807152 182.07109 0.0 275.0 91.431564 
nomask 0.00015798211 180.55696 116.474785 275.0 183.0 
nomask 0.00015696883 0.0 64.58467 213.96269 155.25223 
nomask 0.00014868379 0.0 0.0 65.2546 78.12116 
mask 0.00014710426 151.34729 133.0422 275.0 183.0 
nomask 0.00014436245 99.21268 115.74296 213.90277 151.0947 
nomask 0.00014394522 51.74238 0.0 227.07729 51.76196 
mask 0.0001437068 37.41181 84.217384 275.0 183.0 
nomask 0.0001424253 39.43355 16.669048 231.88104 89.69136 
nomask 0.00014057755 0.0 145.67601 195.80235 183.0 
mask 0.00013870001 0.0 0.0 38.34687 57.05193 
mask 0.00013417006 237.65515 6.9623423 275.0 167.26224 
nomask 0.00013381243 34.968323 0.0 125.73266 85.364494 
nomask 0.00013157725 151.34729 133.0422 275.0 183.0 
nomask 0.00013065338 0.0 112.68565 144.24274 183.0 
nomask 0.0001295805 90.45828 60.335922 275.0 183.0 
mask 0.00012488263 85.980225 57.217712 275.0 183.0 
nomask 0.00012290478 198.03299 0.0 275.0 71.34899 
mask 0.00012218952 0.0 2.5468626 188.14125 80.62128 
nomask 0.00012046099 0.0 34.781578 73.53198 151.37543 
nomask 0.000118374825 0.0 12.499038 95.051544 92.0708 
mask 0.00010982156 126.58893 25.081083 275.0 183.0 
nomask 0.000109136105 2.6622713 94.3874 275.0 183.0 
nomask 0.00010719895 79.831795 0.0 195.21863 74.62759 
nomask 0.00010481477 0.0 0.0 109.98711 46.86798 
mask 0.00010204315 0.0 0.0 131.47934 113.707275 
mask 0.0001001358 43.201523 131.56577 231.42496 183.0 
nomask 9.9629164e-05 156.1797 145.67743 275.0 183.0 
nomask 9.6946955e-05 41.817467 146.15315 275.0 183.0 
nomask 9.635091e-05 156.97665 70.34784 275.0 157.5345 
mask 9.563565e-05 156.1797 145.67743 275.0 183.0 
mask 8.934736e-05 0.0 149.78848 85.53002 182.44075 
nomask 8.830428e-05 0.0 0.0 181.29501 46.54445 
mask 8.678436e-05 20.894285 111.310234 136.50276 183.0 
nomask 8.4370375e-05 0.0 60.864697 120.925064 121.45289 
nomask 8.3744526e-05 0.0 133.38657 126.98626 183.0 
nomask 8.34465e-05 0.0 100.85486 70.74325 183.0 
mask 8.1419945e-05 1.7926177 113.92963 38.720818 169.19278 
nomask 7.9512596e-05 169.81277 0.0 275.0 52.13258 
mask 7.7694654e-05 0.0 0.0 181.29501 46.54445 
nomask 7.721782e-05 162.11409 60.1477 275.0 121.395294 
nomask 7.712841e-05 179.69072 70.823425 275.0 183.0 
mask 7.581711e-05 0.0 145.67601 195.80235 183.0 
mask 7.1406364e-05 0.0 133.38657 126.98626 183.0 
mask 6.991625e-05 0.0 0.0 109.98711 46.86798 
mask 6.946921e-05 76.59449 158.92216 270.85675 183.0 
nomask 6.6012144e-05 215.70197 0.0 275.0 122.30911 
nomask 6.586313e-05 218.73817 110.17793 275.0 183.0 
mask 6.568432e-05 34.968323 0.0 125.73266 85.364494 
nomask 6.508827e-05 0.0 0.0 49.83914 47.762096 
mask 6.4492226e-05 0.14260001 101.72348 123.213264 183.0 
nomask 6.425381e-05 0.0 2.5468626 188.14125 80.62128 
nomask 6.425381e-05 151.33473 103.54498 236.34402 183.0 
nomask 6.3836575e-05 198.72322 5.4153757 275.0 110.383125 
nomask 6.324053e-05 6.410719 6.4882956 259.56613 119.569756 
nomask 6.201863e-05 0.0 22.35025 112.3666 163.95334 
nomask 6.181002e-05 76.59449 158.92216 270.85675 183.0 
mask 6.1661005e-05 218.73817 110.17793 275.0 183.0 
nomask 5.9992075e-05 100.56267 117.35189 235.4217 183.0 
nomask 5.9485435e-05 197.86386 35.988018 275.0 147.7654 
mask 5.9485435e-05 0.0 0.0 58.63087 42.337162 
nomask 5.8412552e-05 149.87955 0.0 239.16808 87.14525 
mask 5.7697296e-05 0.0 19.602432 117.88536 83.06108 
nomask 5.659461e-05 38.23717 61.203327 130.63766 183.0 
mask 5.5879354e-05 0.0 153.75497 41.614902 182.58905 
nomask 5.5491924e-05 26.592224 70.5715 44.17178 88.82322 
nomask 5.492568e-05 140.41731 4.592028 231.81944 130.98802 
mask 5.4597855e-05 0.0 60.864697 120.925064 121.45289 
mask 5.2154064e-05 51.74238 0.0 227.07729 51.76196 
nomask 4.9090737e-05 141.04523 2.135816 275.0 183.0 
mask 4.8935413e-05 90.86401 103.61772 184.49883 183.0 
nomask 4.824996e-05 199.68315 11.87439 275.0 117.84706 
mask 4.7504902e-05 172.55386 0.70188 275.0 81.57089 
mask 4.7445297e-05 0.0 0.0 81.142136 28.075363 
nomask 4.61936e-05 186.46642 142.44627 275.0 183.0 
mask 4.029274e-05 158.22064 0.0 275.0 48.485607 
nomask 3.990531e-05 0.0 100.862625 119.244675 165.00189 
nomask 3.9577484e-05 64.65205 103.48185 177.90398 139.82188 
mask 3.913045e-05 0.0 100.85486 70.74325 183.0 
mask 3.874302e-05 199.68315 11.87439 275.0 117.84706 
nomask 3.8266182e-05 0.0 113.41072 105.386536 183.0 
nomask 3.787875e-05 47.135002 93.151344 147.78137 131.84547 
mask 3.787875e-05 0.0 0.0 63.727863 122.71197 
nomask 3.758073e-05 151.9477 104.53569 275.0 163.10542 
mask 3.7252903e-05 39.43355 16.669048 231.88104 89.69136 
nomask 3.72231e-05 5.8411117 23.68889 68.79688 100.94066 
nomask 3.695488e-05 3.332451 3.52304 61.653267 61.635056 
mask 3.695488e-05 0.0 155.31956 274.7506 183.0 
mask 3.5077333e-05 170.88326 151.34683 275.0 183.0 
nomask 3.4421682e-05 110.03377 17.895405 258.7963 103.42829 
mask 3.388524e-05 0.0 0.0 124.676216 24.708454 
nomask 3.3676624e-05 0.0 149.78848 85.53002 182.44075 
mask 3.3676624e-05 3.9968367 121.750206 57.219032 176.37982 
mask 3.3169985e-05 92.31065 0.0 182.8047 88.055885 
