nomask 0.9998564 158.29694 211.60526 409.34375 541.1512 
nomask 0.0018322468 432.33923 166.67258 485.2597 242.5782 
mask 0.0012807548 157.96211 212.11224 410.4067 544.1707 
mask 0.001000464 105.87609 3.3776908 227.07901 37.98455 
mask 0.00086286664 851.6445 180.00578 863.7987 339.3476 
nomask 0.0007534027 830.9671 146.6027 861.6854 535.1911 
nomask 0.00073960423 428.48236 185.00665 480.9135 280.9027 
mask 0.00072675943 59.55947 2.322675 300.22354 123.39262 
nomask 0.00061249733 847.84375 206.89404 863.25494 387.207 
mask 0.00061127543 847.84375 206.89404 863.25494 387.207 
nomask 0.0005989969 851.6445 180.00578 863.7987 339.3476 
nomask 0.0005019307 0.0 548.5237 496.40506 864.0 
nomask 0.00042328238 852.6115 156.92155 863.3245 281.39584 
mask 0.00042039156 852.6115 156.92155 863.3245 281.39584 
mask 0.00039738417 0.0 560.33057 469.31033 864.0 
mask 0.00037953258 75.32253 2.379716 366.44904 64.99913 
nomask 0.00035756826 11.884376 266.22125 107.01105 651.15796 
nomask 0.00033774972 0.0 0.0 416.23877 477.32196 
mask 0.00032633543 830.9671 146.6027 861.6854 535.1911 
mask 0.00029322505 4.6185875 2.9296675 13.976471 157.35118 
mask 0.0002912879 120.84087 0.0 430.17715 136.32097 
nomask 0.00028958917 116.96762 451.26917 321.34732 612.32623 
nomask 0.000269562 442.2794 91.51524 479.19232 150.3107 
nomask 0.00026848912 149.90352 370.95724 397.52612 557.2027 
mask 0.00024220347 764.66583 138.72156 864.0 738.5824 
nomask 0.00023674965 133.06248 210.85269 354.24445 381.11597 
mask 0.00021347404 285.0458 628.96576 859.5227 864.0 
mask 0.0002104938 1.5388322 0.0 26.731924 50.944767 
mask 0.00020831823 409.85956 720.2617 864.0 864.0 
nomask 0.00020349026 55.793907 200.13185 411.7097 423.7859 
nomask 0.00018763542 197.26648 620.1596 793.8475 864.0 
nomask 0.00017368793 437.75552 131.94405 482.43976 185.4331 
nomask 0.0001706481 0.0 251.62477 316.69876 602.1242 
mask 0.00016975403 104.6432 393.2681 845.8254 858.56647 
mask 0.000169307 192.50182 5.838768 310.31635 28.945938 
nomask 0.00016379356 764.66583 138.72156 864.0 738.5824 
nomask 0.0001604259 0.0 72.89297 304.34888 446.59012 
nomask 0.00016024709 0.0 428.88696 5.9289675 578.94635 
nomask 0.0001527369 434.25296 234.44243 482.8479 325.7927 
mask 0.00014802814 77.58363 0.0 181.0594 35.71121 
nomask 0.00014695525 2.78314 202.26398 34.906788 618.28864 
nomask 0.0001450479 526.03345 296.95578 567.94006 364.4661 
nomask 0.00014415383 554.62244 780.8882 864.0 864.0 
nomask 0.00014349818 757.05054 680.6574 864.0 864.0 
nomask 0.00013941526 846.20844 267.49545 864.0 474.73163 
nomask 0.0001385212 661.2932 522.0606 864.0 864.0 
nomask 0.00013720989 281.81598 282.7866 864.0 864.0 
mask 0.00013628602 782.76245 574.99207 864.0 864.0 
mask 0.00013613701 554.62244 780.8882 864.0 864.0 
mask 0.00013396144 9.7620325 0.0 52.99136 252.52643 
mask 0.00013066048 270.13876 270.14633 864.0 864.0 
mask 0.00012767315 395.58636 108.41435 864.0 864.0 
nomask 0.00012212992 0.0 441.53564 822.76215 858.82904 
nomask 0.00012177229 79.52902 594.2297 566.6367 864.0 
mask 0.00012135506 159.35197 561.32806 700.9899 864.0 
mask 0.000120818615 322.26065 2.0136008 424.15503 31.708303 
nomask 0.00012061 498.8244 687.29205 864.0 864.0 
mask 0.000120550394 23.77534 0.0 107.650764 33.086662 
mask 0.00011172891 432.33923 166.67258 485.2597 242.5782 
mask 0.00010877848 150.27303 5.274371 266.61633 32.43023 
nomask 0.000105232 0.0 760.6441 864.0 864.0 
nomask 0.00010386109 0.0 371.0261 337.1181 550.4583 
nomask 0.00010317564 285.0458 628.96576 859.5227 864.0 
nomask 0.000102609396 179.69177 197.66008 572.5044 408.85577 
mask 0.000101327896 79.52902 594.2297 566.6367 864.0 
mask 0.00010085106 854.35675 22.640036 864.0 138.1911 
nomask 0.00010058284 757.32153 0.0 864.0 864.0 
mask 9.8735094e-05 1.1418834 58.4367 6.6172795 209.66495 
mask 9.846687e-05 577.718 646.89154 864.0 847.282 
nomask 9.584726e-05 439.47632 3.744707 864.0 864.0 
mask 9.575486e-05 31.616974 23.501957 82.75078 104.85998 
mask 9.536743e-05 0.0 212.34431 419.05362 788.3151 
mask 9.462237e-05 498.8244 687.29205 864.0 864.0 
mask 9.420514e-05 557.2531 742.1108 864.0 864.0 
nomask 9.089708e-05 541.64966 220.96815 864.0 774.7754 
mask 9.089708e-05 575.03784 83.16005 864.0 558.71625 
nomask 8.890033e-05 472.4086 281.8196 513.7823 360.46655 
nomask 8.878112e-05 0.0 212.34431 419.05362 788.3151 
nomask 8.794665e-05 575.03784 83.16005 864.0 558.71625 
mask 8.767843e-05 0.0 760.6441 864.0 864.0 
nomask 8.633733e-05 137.60777 170.86736 293.83725 456.25055 
nomask 8.314848e-05 854.8814 124.62181 863.6002 237.49484 
nomask 8.228421e-05 112.23787 0.0 397.6461 381.75497 
mask 8.1926584e-05 159.99045 646.2333 831.49603 864.0 
mask 8.073449e-05 661.2932 522.0606 864.0 864.0 
nomask 7.742643e-05 10.573979 289.06934 44.07537 721.8863 
mask 7.620454e-05 238.32333 7.4519725 343.53223 31.205427 
nomask 7.504225e-05 104.603 242.82516 229.89319 510.6561 
mask 7.44462e-05 159.50433 796.2026 579.94293 851.44165 
mask 7.420778e-05 15.668804 0.0 261.43118 69.27235 
nomask 7.292628e-05 62.044426 218.06558 158.3785 505.66992 
nomask 7.072091e-05 2.136819 831.75854 54.871075 864.0 
mask 7.0393085e-05 0.0 281.82855 226.96988 864.0 
nomask 7.006526e-05 854.35675 22.640036 864.0 138.1911 
nomask 6.940961e-05 0.0 6.3075385 602.4919 361.02298 
nomask 6.9350004e-05 199.88152 390.5462 351.75662 626.2128 
nomask 6.920099e-05 0.0 0.0 281.56982 270.4289 
nomask 6.902218e-05 0.0 281.82855 226.96988 864.0 
nomask 6.890297e-05 651.4988 0.0 864.0 635.4901 
mask 6.720424e-05 757.32153 0.0 864.0 864.0 
