nomask 0.99996144 38.5827 69.91051 191.62401 205.32507 
mask 0.003273785 37.262794 70.65247 193.2555 205.94872 
mask 0.0006453097 1.0236367 185.52478 43.5871 244.0 
nomask 0.00058063865 0.40982676 133.1553 137.7671 244.0 
mask 0.00035890937 0.0 204.13397 63.897575 242.75928 
nomask 0.00032880902 212.247 30.551943 303.0 235.91127 
nomask 0.00031137466 36.130943 96.04573 145.21764 145.3027 
mask 0.00031116605 5.647414 232.66347 42.410934 244.0 
nomask 0.00022825599 0.0 148.70076 85.55205 244.0 
nomask 0.0002245903 93.72565 173.02429 273.46835 244.0 
nomask 0.00019022822 0.0 131.44394 46.580246 239.52367 
nomask 0.00018960238 0.196271 229.45792 16.907969 244.0 
nomask 0.00018545985 30.5226 75.80097 179.76048 151.33449 
nomask 0.00018468499 25.774841 148.41434 158.09322 244.0 
nomask 0.00017896295 0.0 178.49016 131.88737 244.0 
nomask 0.00017309189 32.864136 87.35439 92.707016 167.4214 
nomask 0.00016915798 1.0236367 185.52478 43.5871 244.0 
nomask 0.00016227365 5.647414 232.66347 42.410934 244.0 
mask 0.00016218424 185.07994 132.88307 303.0 244.0 
nomask 0.00015929341 0.0 173.37216 191.48721 244.0 
mask 0.00015604496 39.552567 111.672585 303.0 244.0 
mask 0.00014975667 0.40982676 133.1553 137.7671 244.0 
nomask 0.00014728308 200.403 151.1803 303.0 244.0 
nomask 0.00014176965 0.0 71.22645 121.40262 176.62648 
mask 0.00014159083 0.196271 229.45792 16.907969 244.0 
nomask 0.00014045835 99.3424 80.23822 303.0 244.0 
mask 0.00013823008 94.73652 76.290436 303.0 244.0 
mask 0.00013673306 0.0 178.49016 131.88737 244.0 
mask 0.0001360602 154.61629 2.1869984 303.0 244.0 
mask 0.00013497472 200.403 151.1803 303.0 244.0 
nomask 0.00012755394 1.1876754 0.0 123.88765 176.17682 
nomask 0.00012639165 0.0 0.0 73.045944 109.027985 
mask 0.00012603402 19.969553 234.95233 62.88141 242.88927 
nomask 0.00012111664 0.0 38.08487 45.428623 139.63579 
mask 0.00011920929 0.0 207.99318 23.589571 244.0 
mask 0.00011074543 1.1992475 190.16171 22.601189 244.0 
nomask 0.000109642744 1.7950763 125.26629 303.0 244.0 
nomask 0.00010702014 25.969973 144.11778 198.52939 206.5785 
mask 0.00010457635 212.247 30.551943 303.0 235.91127 
nomask 0.000103622675 275.23724 157.80374 303.0 244.0 
nomask 0.00010293722 0.0 87.73941 77.891365 244.0 
mask 9.9271536e-05 275.23724 157.80374 303.0 244.0 
mask 9.915233e-05 191.77931 63.242264 303.0 235.89946 
nomask 9.560585e-05 228.45029 0.0 303.0 180.73349 
mask 9.2446804e-05 0.0 139.84988 76.12576 244.0 
nomask 9.2327595e-05 91.15631 74.89579 190.09087 115.974075 
nomask 9.062886e-05 0.0 57.838577 81.7353 114.158775 
nomask 9.0420246e-05 36.23012 0.0 139.06686 110.509636 
mask 8.994341e-05 208.88754 181.88513 303.0 241.53291 
mask 8.955598e-05 93.593666 0.48653346 216.3467 13.201013 
nomask 8.8602304e-05 70.129074 201.1457 154.13496 243.91518 
nomask 8.8483095e-05 194.09581 221.36497 303.0 244.0 
mask 8.666515e-05 194.09581 221.36497 303.0 244.0 
nomask 8.6158514e-05 0.0 89.45826 40.544937 186.96326 
nomask 8.380413e-05 0.0 0.0 131.95293 64.172386 
mask 8.356571e-05 1.2309747 113.98151 53.587997 229.77278 
nomask 8.2850456e-05 268.83255 0.0 303.0 244.0 
mask 8.2075596e-05 268.83255 0.0 303.0 244.0 
mask 7.9870224e-05 290.75436 2.410704 303.0 12.160675 
nomask 7.981062e-05 0.0 70.1866 55.046906 151.7568 
mask 7.9602e-05 133.99075 0.26894403 264.80557 13.742716 
nomask 7.900596e-05 0.0 80.7049 85.44623 134.66257 
nomask 7.793307e-05 94.171486 13.602713 195.20396 178.25948 
nomask 7.522106e-05 19.969553 234.95233 62.88141 242.88927 
mask 7.468462e-05 6.271863 213.78973 34.753845 242.80696 
nomask 7.402897e-05 0.0 207.99318 23.589571 244.0 
nomask 7.352233e-05 100.00329 0.0 198.70634 113.060265 
mask 7.3224306e-05 1.1876754 0.0 123.88765 176.17682 
mask 7.277727e-05 30.869595 237.768 85.22818 242.83469 
nomask 7.18534e-05 185.07994 132.88307 303.0 244.0 
mask 7.086992e-05 2.012703 211.92871 12.723523 243.30692 
nomask 6.9856644e-05 0.0 19.586649 103.87938 121.75446 
nomask 6.979704e-05 0.0 0.0 105.6825 84.13843 
mask 6.7681074e-05 228.45029 0.0 303.0 180.73349 
mask 6.66976e-05 200.39691 24.096794 303.0 157.53651 
nomask 6.633997e-05 200.39691 24.096794 303.0 157.53651 
mask 6.595254e-05 0.0 220.95485 44.26247 244.0 
mask 6.4104795e-05 93.72565 173.02429 273.46835 244.0 
nomask 6.3717365e-05 4.8436756 151.26749 69.923454 244.0 
nomask 6.312132e-05 81.65774 0.1882324 218.21109 11.824576 
mask 6.2286854e-05 0.0 174.87921 205.0107 244.0 
mask 6.124377e-05 0.0 57.838577 81.7353 114.158775 
mask 5.978346e-05 0.0 80.7049 85.44623 134.66257 
mask 5.9127808e-05 0.0 64.26382 41.472897 162.35854 
mask 5.850196e-05 214.98347 153.23312 303.0 214.39098 
nomask 5.7667494e-05 5.312963 202.73813 79.22317 242.03534 
nomask 5.7667494e-05 0.0 132.9611 136.65327 214.62456 
nomask 5.7399273e-05 92.44612 145.05852 216.14362 244.0 
nomask 5.6743622e-05 170.70454 0.8908532 303.0 109.580086 
nomask 5.6028366e-05 288.31238 234.50447 303.0 244.0 
nomask 5.298853e-05 0.0 190.9186 205.04259 244.0 
nomask 5.26309e-05 0.0 0.0 43.148716 103.311775 
nomask 5.1259995e-05 0.0 148.06496 73.52421 217.53046 
nomask 4.8935413e-05 11.273453 0.0 183.02087 87.05506 
nomask 4.8428774e-05 32.135674 0.0 275.11832 66.29542 
nomask 4.658103e-05 27.420605 171.24188 201.75595 244.0 
mask 4.5329332e-05 214.01996 203.63411 303.0 242.9042 
mask 4.4435263e-05 0.0 76.693504 30.788067 211.57262 
mask 4.4226646e-05 0.0 222.18622 68.88762 244.0 
nomask 4.377961e-05 0.0 78.29646 129.34077 134.49263 
