nomask 0.9990449 51.17995 22.943325 169.35727 195.47905 
mask 0.001372546 52.33377 23.341711 169.73607 193.83075 
nomask 0.0005648434 62.231377 0.0 154.56107 100.0184 
mask 0.0004647076 195.40802 0.0 217.0 232.0 
nomask 0.00043195486 122.92593 185.47006 217.0 232.0 
nomask 0.0004273057 0.0 1.4426005 148.53754 103.16577 
mask 0.00042298436 150.50095 157.41779 217.0 232.0 
nomask 0.00039634109 0.0 156.58932 128.98671 232.0 
nomask 0.0003668368 171.16673 139.24345 217.0 232.0 
nomask 0.00036635995 131.11684 1.1625779 217.0 101.79308 
nomask 0.00035008788 137.86057 72.473236 217.0 213.70787 
nomask 0.00031107664 37.10711 0.0 185.71971 61.981342 
nomask 0.0002988875 0.81702805 8.599668 210.31128 150.73994 
nomask 0.0002962947 38.142902 19.634758 183.89743 114.6163 
mask 0.0002939403 0.0 200.44426 217.0 232.0 
nomask 0.00027915835 20.45717 172.28227 146.94618 232.0 
nomask 0.00027817488 48.34177 181.74619 203.14235 232.0 
nomask 0.00027385354 195.40802 0.0 217.0 232.0 
nomask 0.00026342273 161.15959 32.110332 217.0 195.29323 
mask 0.0002476871 11.364552 184.59227 175.44928 232.0 
nomask 0.000246495 195.90729 152.58226 217.0 232.0 
nomask 0.00022903085 141.45546 209.4636 217.0 232.0 
nomask 0.00022268295 70.60064 128.38684 145.0463 232.0 
mask 0.00022053719 141.45546 209.4636 217.0 232.0 
nomask 0.00022014976 153.13179 18.087677 217.0 149.07268 
mask 0.00021591783 195.90729 152.58226 217.0 232.0 
nomask 0.00019413233 0.0 87.855995 150.18858 195.30344 
mask 0.0001899898 29.590725 106.907715 217.0 232.0 
nomask 0.0001822114 55.191242 34.342598 108.47428 179.90323 
nomask 0.00017622113 100.229164 30.865074 217.0 232.0 
mask 0.00017267466 100.229164 30.865074 217.0 232.0 
mask 0.00017255545 153.13179 18.087677 217.0 149.07268 
mask 0.00016921759 0.0 163.2452 121.28352 232.0 
mask 0.0001683544 67.84702 72.53788 217.0 232.0 
nomask 0.00016835296 67.84702 72.53788 217.0 232.0 
nomask 0.00016063452 0.0 0.0 57.02431 145.18047 
nomask 0.00015926361 29.590725 106.907715 217.0 232.0 
nomask 0.0001527667 0.0 0.0 51.365925 110.07215 
mask 0.0001527369 137.86057 72.473236 217.0 213.70787 
nomask 0.0001526177 0.0 24.75268 51.51716 210.76765 
nomask 0.00015240908 3.8656273 0.0 132.75586 65.07354 
nomask 0.00014686584 21.339865 0.0 111.174095 92.087906 
nomask 0.00014439225 28.133656 167.54764 189.09416 232.0 
nomask 0.00012812018 147.03983 8.148015 217.0 134.9797 
mask 0.00012806058 131.11684 1.1625779 217.0 101.79308 
nomask 0.000121861696 117.60884 0.0 191.2745 107.03888 
nomask 0.00012138486 22.161423 131.74629 102.535194 232.0 
mask 0.000120162964 0.0 1.4426005 148.53754 103.16577 
mask 0.00011789799 37.10711 0.0 185.71971 61.981342 
nomask 0.00011128187 123.055954 77.539604 217.0 153.02417 
mask 0.00010681152 205.9233 1.3787122 217.0 11.549989 
nomask 0.000105172396 0.0 76.86632 94.972206 154.80458 
nomask 0.00010505319 0.0 0.0 87.56482 58.87758 
nomask 0.0001039207 144.03932 93.94464 217.0 231.89328 
nomask 0.000102669 118.15409 172.63199 217.0 232.0 
nomask 9.661913e-05 0.0 0.0 107.21983 138.93677 
mask 9.62019e-05 118.15409 172.63199 217.0 232.0 
nomask 9.176135e-05 124.2746 0.0 217.0 60.026825 
mask 9.0539455e-05 28.133656 167.54764 189.09416 232.0 
nomask 8.97944e-05 0.0 23.252645 94.15506 105.04664 
nomask 8.958578e-05 136.89691 0.0 217.0 84.49909 
nomask 8.9257956e-05 213.68456 31.972889 216.2214 61.93979 
nomask 8.806586e-05 50.657227 138.03108 180.69995 197.35869 
mask 8.767843e-05 0.4935098 37.180428 1.8473992 86.52517 
nomask 8.699298e-05 214.53522 21.007038 217.0 49.257248 
nomask 8.5026026e-05 87.286 24.621109 197.42482 88.286575 
nomask 8.255243e-05 0.54069316 59.160828 2.079492 108.894295 
nomask 8.0525875e-05 118.296524 128.77776 217.0 210.49013 
nomask 8.028746e-05 163.22418 0.0 217.0 104.09503 
nomask 7.903576e-05 86.651375 107.8461 186.57791 216.56815 
mask 7.8976154e-05 0.6564644 47.976227 2.1464424 97.65836 
mask 7.542968e-05 3.8656273 0.0 132.75586 65.07354 
mask 7.340312e-05 214.53522 21.007038 217.0 49.257248 
nomask 7.304549e-05 168.911 0.0 217.0 157.85793 
nomask 7.18236e-05 163.12784 127.97413 217.0 232.0 
nomask 6.735325e-05 0.0 0.0 72.96488 85.70208 
nomask 6.696582e-05 0.0 123.25398 57.148335 232.0 
nomask 6.595254e-05 0.5749029 22.283848 93.940865 208.21588 
mask 6.5654516e-05 58.497025 168.35504 191.86234 232.0 
nomask 6.3598156e-05 88.2953 0.0 215.82758 66.95937 
nomask 6.222725e-05 14.534079 0.0 142.59505 29.114744 
nomask 6.219745e-05 70.51005 157.26819 161.93748 194.57663 
mask 6.005168e-05 72.01664 0.0 145.14153 114.51926 
nomask 5.981326e-05 0.0 128.58824 151.24422 214.11536 
nomask 5.877018e-05 61.74701 3.1840682 134.00797 84.174576 
mask 5.8323145e-05 124.2746 0.0 217.0 60.026825 
nomask 5.7697296e-05 60.560265 74.43516 215.41507 156.38472 
mask 5.6177378e-05 14.534079 0.0 142.59505 29.114744 
mask 5.5015087e-05 22.161423 131.74629 102.535194 232.0 
mask 5.340576e-05 1.0921549 0.0 91.386345 162.70956 
mask 5.1677227e-05 213.68456 31.972889 216.2214 61.93979 
mask 5.1677227e-05 70.60064 128.38684 145.0463 232.0 
nomask 5.1558018e-05 116.928604 128.97432 188.88745 232.0 
mask 5.1289797e-05 28.25881 0.0 99.97596 108.85942 
nomask 5.0842762e-05 0.21593529 69.7346 1.6267035 120.75019 
nomask 5.0753355e-05 0.0 0.0 44.57223 53.595253 
nomask 5.018711e-05 51.207447 15.814367 114.27864 124.024414 
mask 5.00381e-05 142.34305 149.02509 217.0 232.0 
nomask 4.9442053e-05 214.4504 40.005165 217.0 77.136604 
nomask 4.798174e-05 107.94948 0.36019206 185.33052 164.66396 
