nomask 0.99988437 0.31363863 0.2873749 0.6561244 0.62373155 
mask 0.0117586255 0.31196207 0.28698885 0.6469708 0.62661064 
nomask 0.0005108714 0.36280626 0.3091182 0.8462216 0.570629 
nomask 0.00045096874 0.6770036 0.18826762 1.0 0.96699536 
nomask 0.00036165118 0.6852813 0.641254 1.0 1.0 
nomask 0.00034835935 0.27649266 0.29523703 0.5608644 0.48684838 
mask 0.0002874136 0.0 0.85446423 0.37610447 0.98983103 
mask 0.00027608871 0.12244415 0.45578408 0.9916947 0.9975529 
mask 0.00027427077 0.58152044 0.79308057 1.0 1.0 
mask 0.00026351213 0.28931558 0.25613868 0.8530438 0.9136243 
nomask 0.00025895238 0.45790455 0.12574777 1.0 1.0 
mask 0.00025510788 0.45790455 0.12574777 1.0 1.0 
nomask 0.00025120378 0.7907716 0.8581383 1.0 1.0 
nomask 0.0002503991 0.61632353 0.85053056 0.92289764 1.0 
nomask 0.00024032593 0.5698893 0.005273685 1.0 0.44240332 
nomask 0.00023671985 0.22825351 0.65368885 0.93009806 1.0 
nomask 0.00023499131 0.88311946 0.0 1.0 1.0 
nomask 0.00022920966 0.9047686 0.66659087 1.0 1.0 
nomask 0.0002206862 0.0 0.64487624 0.5433987 1.0 
mask 0.00021922588 0.9047686 0.66659087 1.0 1.0 
mask 0.00021645427 0.7907716 0.8581383 1.0 1.0 
nomask 0.00021144748 0.0 0.51158434 0.96695983 0.9959485 
nomask 0.00021082163 0.7577782 0.0 1.0 0.7252114 
mask 0.00020773032 0.31265998 0.31267032 1.0 1.0 
nomask 0.00020772875 0.31265998 0.31267032 1.0 1.0 
nomask 0.00020599365 0.07742345 0.8044847 0.76701033 1.0 
nomask 0.00019976497 0.63096505 0.36508608 0.70965976 0.49057811 
mask 0.00019568205 0.71216464 0.6306201 1.0 1.0 
nomask 0.00019520521 0.28583124 0.0 0.86208284 0.56192684 
mask 0.00019431114 0.6770036 0.18826762 1.0 0.96699536 
nomask 0.00019088387 0.0 0.011732757 0.70756924 0.4193708 
mask 0.00019067526 0.7233115 0.1117498 1.0 0.8907337 
nomask 0.00018432736 0.95858634 0.81727195 0.9944471 0.9481132 
mask 0.00018379092 0.0 0.64487624 0.5433987 1.0 
nomask 0.00017821789 0.0 0.882232 1.0 1.0 
mask 0.00017386675 0.0 0.21343732 0.52518046 0.9715986 
nomask 0.00017365813 0.5102578 0.0 1.0 0.2607152 
mask 0.00017011166 0.6344247 0.29179513 1.0 1.0 
nomask 0.00016281009 0.6675561 0.09460205 1.0 0.64816064 
mask 0.00016099215 0.6675561 0.09460205 1.0 0.64816064 
nomask 0.00015929341 0.6797886 0.57268226 0.7576524 0.68086934 
nomask 0.00015822053 0.74401975 0.0 1.0 0.54439056 
nomask 0.00015810132 0.6299666 0.32951817 0.71175075 0.43586615 
mask 0.00015640259 0.0 0.882232 1.0 1.0 
nomask 0.0001501441 0.7233115 0.1117498 1.0 0.8907337 
nomask 0.00014916062 0.39115232 0.24248046 0.9385305 0.46312708 
nomask 0.0001476109 0.47581494 0.34197944 0.7212088 0.5159838 
mask 0.00014719367 0.07742345 0.8044847 0.76701033 1.0 
mask 0.00014597178 0.88311946 0.0 1.0 1.0 
nomask 0.00013533235 0.0 0.0 0.493782 0.26429406 
mask 0.00013139844 0.61632353 0.85053056 0.92289764 1.0 
nomask 0.00012803078 0.0 0.059218302 0.36913773 0.5023419 
nomask 0.00012141466 0.0 0.0 0.4467147 0.6223959 
nomask 0.00011345744 0.704747 0.97386247 0.8847073 0.9982936 
mask 0.00010806322 0.5426736 0.32504532 1.0 0.6633278 
nomask 0.00010588765 0.32633394 0.3299923 0.675487 0.92947197 
mask 0.00010380149 0.83901584 0.79439574 1.0 0.9512009 
mask 0.00010332465 0.6354068 0.6005101 1.0 1.0 
mask 0.000102728605 0.76114976 0.77937263 1.0 1.0 
mask 0.000101685524 0.03157848 0.006131828 0.9829896 0.65722513 
mask 0.000100553036 0.7577782 0.0 1.0 0.7252114 
nomask 0.000100284815 0.65504676 0.114363596 0.8753151 0.6110143 
nomask 9.897351e-05 0.5426736 0.32504532 1.0 0.6633278 
mask 9.88245e-05 0.24172723 0.6715563 0.9086362 1.0 
nomask 9.8496675e-05 0.83901584 0.79439574 1.0 0.9512009 
mask 9.435415e-05 0.9613398 0.7566575 0.9945354 0.9231237 
mask 9.4115734e-05 0.5102578 0.0 1.0 0.2607152 
mask 9.3758106e-05 0.18707833 0.846689 0.5125129 1.0 
mask 9.185076e-05 0.0 0.0 0.493782 0.26429406 
nomask 8.815527e-05 0.6965409 0.6231787 0.7607655 0.72058105 
mask 8.5920095e-05 0.5698893 0.005273685 1.0 0.44240332 
mask 8.493662e-05 0.011983931 0.63825893 0.57616264 1.0 
mask 8.356571e-05 0.049219668 0.7921137 0.39922845 0.9477957 
nomask 8.291006e-05 0.6491201 0.0 1.0 0.3899571 
nomask 8.2701445e-05 0.4596176 0.3005091 0.65303004 0.56292605 
mask 8.1181526e-05 0.74401975 0.0 1.0 0.54439056 
mask 7.840991e-05 0.9218341 0.6761755 1.0 0.96292794 
mask 7.802248e-05 0.0 0.8483168 0.17283976 0.99742496 
mask 7.665157e-05 0.0026541501 0.92175686 0.41245788 0.9792893 
nomask 7.635355e-05 0.50288033 0.29884753 1.0 0.5655792 
nomask 7.44462e-05 0.5862296 0.33434942 0.672586 0.44120345 
nomask 7.4356794e-05 0.11828858 0.007424861 0.89468926 0.2728446 
mask 7.417798e-05 0.11307177 0.09391281 0.69843924 0.96001637 
mask 7.1674585e-05 0.6904089 0.7413987 1.0 0.9886997 
nomask 7.143617e-05 0.7298678 0.89325064 0.8258449 0.9944796 
nomask 7.0899725e-05 0.122592136 0.91638434 0.44912982 0.9954101 
nomask 7.066131e-05 0.0 0.0 0.23356275 0.70599484 
nomask 7.036328e-05 0.18707833 0.846689 0.5125129 1.0 
nomask 7.003546e-05 0.60052323 0.3027249 0.73210716 0.5690858 
nomask 6.937981e-05 0.0 0.28465837 0.36406282 0.72144085 
mask 6.917119e-05 0.0068520084 0.9718487 0.18553501 0.99334645 
nomask 6.7681074e-05 0.60768485 0.06638211 1.0 0.53056794 
mask 6.723404e-05 0.0 0.26318914 0.26737064 1.0 
mask 6.276369e-05 0.50980115 0.5389422 1.0 0.9282814 
mask 6.252527e-05 0.0 0.0 0.40234396 0.73949575 
nomask 6.109476e-05 0.1257262 0.06798357 0.7588663 0.85458714 
nomask 6.106496e-05 0.6227217 0.92222536 0.96599674 0.9905906 
mask 5.9962273e-05 0.0 0.011732757 0.70756924 0.4193708 
nomask 5.8412552e-05 0.5794714 0.36254615 0.672231 0.4911145 
mask 5.7458878e-05 0.48686802 0.20716615 1.0 0.4594074 
