nomask 0.9999145 964.32886 616.5434 2444.856 1734.3422 
mask 0.009252638 974.8647 605.5706 2429.4521 1727.1797 
mask 0.0016274154 2117.839 11.648132 3264.0 400.22836 
mask 0.0008853078 7.4504337 1024.7974 59.661472 1293.1288 
nomask 0.00055614114 2275.8057 0.0 3264.0 1401.1864 
nomask 0.00032129884 2117.839 11.648132 3264.0 400.22836 
nomask 0.00029680133 2009.8511 1673.9124 3264.0 2448.0 
nomask 0.00028172135 2471.5889 1426.0063 3264.0 2448.0 
mask 0.00026616454 2009.8511 1673.9124 3264.0 2448.0 
nomask 0.0002336204 0.0 1535.913 1682.5845 2448.0 
nomask 0.00022211671 1569.8914 638.32825 2431.844 1036.9604 
mask 0.00022035837 6.4037538 890.06177 76.06108 1217.5282 
nomask 0.00020685792 0.0 0.0 1485.4478 1478.3391 
nomask 0.00019934773 7.4504337 1024.7974 59.661472 1293.1288 
nomask 0.00018584728 2154.7634 452.9458 3264.0 2410.185 
nomask 0.00017756224 2857.304 1916.3907 3264.0 2448.0 
mask 0.00017282367 2471.5889 1426.0063 3264.0 2448.0 
mask 0.00016877055 3169.9468 1253.0522 3252.5598 1582.0568 
nomask 0.00016447902 2686.7131 1411.005 3264.0 2226.8916 
mask 0.00016134977 2686.7131 1411.005 3264.0 2226.8916 
mask 0.00015941262 1699.2416 0.0 3264.0 626.5984 
mask 0.00015416741 2857.304 1916.3907 3264.0 2448.0 
mask 0.0001450777 14.08097 1344.4862 64.29702 1840.21 
nomask 0.00012928247 2106.2185 2212.085 3264.0 2448.0 
nomask 0.00012820959 0.0 2153.4404 3264.0 2448.0 
mask 0.0001257956 396.48547 1114.0116 3199.7563 2433.611 
mask 0.00012394786 2106.2185 2212.085 3264.0 2448.0 
mask 0.00012245774 0.0 2153.4404 3264.0 2448.0 
mask 0.00012007356 0.0 0.0 2454.3147 635.92676 
mask 0.00011703372 33.138515 1131.0751 181.63124 2082.1917 
mask 0.00011533499 0.0 1618.808 1742.3301 2448.0 
nomask 0.00011360645 28.600193 1107.7946 82.13571 1494.2235 
nomask 0.00011327863 594.80725 273.4759 2740.7793 1908.9172 
mask 0.00011277199 28.600193 1107.7946 82.13571 1494.2235 
nomask 0.000105679035 1064.1727 800.976 3264.0 2448.0 
mask 0.000103503466 28.554972 1240.5878 88.60407 1712.2147 
nomask 0.00010332465 354.41132 0.0 2998.043 661.4128 
mask 0.00010156532 1020.5246 765.4115 3264.0 2448.0 
mask 9.713579e-05 1658.6941 9.846737 3264.0 2448.0 
mask 9.3877316e-05 2150.6838 238.30719 3264.0 1589.4939 
mask 9.325147e-05 21.29667 724.2104 180.33572 1658.7516 
nomask 9.3102455e-05 2150.6838 238.30719 3264.0 1589.4939 
nomask 9.2446804e-05 0.0 2025.7335 1065.1616 2448.0 
nomask 9.185076e-05 0.0 1914.8827 2153.9124 2448.0 
mask 8.9257956e-05 0.0 0.0 1327.805 1723.206 
nomask 8.866191e-05 3186.7637 1490.916 3253.7734 1891.5205 
nomask 8.830428e-05 0.0 711.93585 826.1169 2448.0 
nomask 8.606911e-05 286.72403 1701.0012 2133.6604 2448.0 
nomask 8.586049e-05 0.0 515.49304 1159.8225 2038.6335 
nomask 8.535385e-05 2875.136 0.0 3264.0 2448.0 
nomask 8.493662e-05 0.0 1250.7571 3112.472 2433.7583 
nomask 8.442998e-05 1302.985 564.32056 2742.9573 1159.7854 
mask 8.353591e-05 2379.7466 815.4695 3264.0 2347.4185 
nomask 8.288026e-05 1699.2416 0.0 3264.0 626.5984 
mask 8.2433224e-05 2713.411 4.512407 3264.0 2182.6777 
nomask 8.08537e-05 0.0 818.0706 1419.1123 1619.2426 
mask 7.7694654e-05 0.0 975.66974 1205.538 2448.0 
nomask 7.608579e-05 1658.6941 9.846737 3264.0 2448.0 
nomask 7.534027e-05 321.02588 1362.4426 1537.3223 2448.0 
nomask 7.3462725e-05 1060.0522 1333.9241 2221.078 2448.0 
nomask 7.3343515e-05 2429.0566 558.5777 3264.0 2117.368 
nomask 7.31647e-05 698.8984 613.30884 2295.8186 1232.3315 
mask 7.236004e-05 286.72403 1701.0012 2133.6604 2448.0 
mask 7.209182e-05 0.0 0.0 1469.8092 624.7346 
mask 7.131696e-05 2864.562 66.121994 3264.0 1291.8898 
nomask 7.0512295e-05 669.6327 1877.3307 3123.8318 2448.0 
nomask 6.914139e-05 0.0 14.353198 2268.6245 1020.5538 
mask 6.824732e-05 0.0 1329.4219 1457.7374 2264.9248 
mask 6.759167e-05 0.0 818.0706 1419.1123 1619.2426 
mask 6.642938e-05 3172.6897 1372.9419 3236.5066 1709.6832 
mask 6.598234e-05 0.0 1416.9285 17.290775 1961.5468 
nomask 6.574392e-05 0.0 1814.9984 1557.2357 2448.0 
mask 6.574392e-05 3017.8535 1088.3002 3248.5034 2035.6117 
nomask 6.431341e-05 0.0 1329.4219 1457.7374 2264.9248 
mask 6.3210726e-05 1904.2227 1348.7715 3180.669 2371.5632 
mask 6.181002e-05 0.0 2106.8713 1113.9329 2448.0 
mask 6.172061e-05 2767.9253 11.854639 3264.0 141.2612 
mask 6.1273575e-05 20.260607 750.0399 89.78747 1120.335 
nomask 6.124377e-05 1863.8741 804.4208 3264.0 1605.8492 
mask 5.90384e-05 0.0 1814.9984 1557.2357 2448.0 
mask 5.7429075e-05 1591.2423 1809.2737 3264.0 2448.0 
mask 5.7160854e-05 0.36595988 639.56323 50.211334 1080.5227 
nomask 5.6624413e-05 1180.4133 1399.0526 2747.124 2448.0 
nomask 5.6177378e-05 2109.998 192.22984 3264.0 1252.6218 
nomask 5.5998564e-05 1072.4984 0.0 2169.4321 1172.6913 
nomask 5.4597855e-05 28.554972 1240.5878 88.60407 1712.2147 
mask 5.352497e-05 2456.021 0.0 3264.0 1034.8584 
nomask 5.3286552e-05 890.7722 1211.4973 2727.3071 1807.9767 
mask 5.298853e-05 0.0 575.3091 346.7325 2126.603 
mask 5.2064657e-05 3186.7637 1490.916 3253.7734 1891.5205 
nomask 5.2034855e-05 0.0 1409.4453 1035.2007 2448.0 
nomask 5.1766634e-05 0.0 2106.8713 1113.9329 2448.0 
nomask 5.1528215e-05 1529.7621 523.7008 2500.653 909.45905 
nomask 5.1021576e-05 1662.932 380.2029 2451.2769 1580.2732 
nomask 5.057454e-05 0.0 0.0 767.4694 1760.5299 
mask 4.9710274e-05 2596.2822 0.0 3264.0 578.86926 
nomask 4.887581e-05 273.02307 1799.1869 3113.6338 2442.1746 
mask 4.839897e-05 1088.603 0.0 3174.738 345.40176 
mask 4.8160553e-05 0.0 1275.6113 849.65454 2448.0 
nomask 4.7534704e-05 983.0164 1075.9717 2643.0261 2315.3193 
