nomask 0.99999905 78.13783645629883 115.70041596889496 249.64731216430664 372.5650577545166 
mask 0.021159172 78.78724098205566 113.93805420398712 250.0647735595703 366.66431045532227 
nomask 0.00212124 19.91358518600464 134.47499108314514 29.282591342926025 148.36699271202087 
nomask 0.00091314316 36.84376239776611 132.67759025096893 46.81662082672119 149.071511387825 
nomask 0.00033849478 316.93809509277344 172.39520847797394 320.0 254.80736255645752 
mask 0.00024572015 10.210415124893188 185.48896479606628 36.50322914123535 220.42568278312683 
nomask 0.0002258122 4.33049201965332 133.68481993675232 6.964354515075684 163.17220401763916 
nomask 0.00022113323 277.80908584594727 128.04729294776917 314.47309494018555 326.78903555870056 
nomask 0.00020641088 317.4009132385254 155.9862232208252 320.0 230.78191471099854 
nomask 0.00019615889 227.67316818237305 249.3111653327942 320.0 428.0 
nomask 0.00018659234 305.1578140258789 126.98819983005524 318.33133697509766 313.7090678215027 
nomask 0.00017213821 250.5050277709961 0.0 320.0 298.78296089172363 
mask 0.0001385808 316.93809509277344 172.39520847797394 320.0 254.80736255645752 
mask 0.00013566017 0.0 403.632835149765 16.011555194854736 427.4731767177582 
nomask 0.00013315678 68.66667747497559 146.52521586418152 187.78858184814453 219.22971153259277 
mask 0.00013193488 14.855551719665527 362.6385805606842 153.83018493652344 426.86642813682556 
nomask 0.00012767315 187.8643798828125 2.1080393195152283 320.0 192.71839046478271 
mask 0.00012737513 200.60440063476562 255.34722185134888 320.0 428.0 
nomask 0.00012385845 0.5153705179691315 142.2222602367401 3.6156082153320312 189.41359543800354 
nomask 0.00012376904 217.34207153320312 324.52163672447205 320.0 428.0 
nomask 0.00012075901 72.19300270080566 0.0 291.1737060546875 296.9241428375244 
mask 0.000118047 5.348598957061768 414.103942155838 51.65799140930176 425.79313826560974 
nomask 0.00011667609 0.0 312.2352840900421 219.65936660766602 428.0 
mask 0.00011241436 317.4009132385254 155.9862232208252 320.0 230.78191471099854 
nomask 0.00011229515 190.08947372436523 299.7112729549408 320.0 428.0 
mask 0.000106066465 23.369789123535156 416.1840407848358 82.02629089355469 422.96633887290955 
nomask 0.00010338426 314.5329475402832 215.4611303806305 320.0 304.0449435710907 
nomask 0.0001026988 0.0 269.78219509124756 121.15920066833496 428.0 
mask 0.00010126829 0.0 371.3372235298157 9.362784624099731 427.76718854904175 
nomask 0.000101178885 39.13330554962158 240.5540771484375 151.44548416137695 428.0 
mask 9.959936e-05 39.51088905334473 194.90935897827148 318.1562805175781 427.29406547546387 
nomask 9.807944e-05 0.0 403.632835149765 16.011555194854736 427.4731767177582 
mask 9.688735e-05 19.91358518600464 134.47499108314514 29.282591342926025 148.36699271202087 
nomask 9.512901e-05 81.27243041992188 254.59710264205933 245.0131607055664 428.0 
mask 9.1671944e-05 182.5459098815918 315.1506824493408 320.0 428.0 
nomask 8.9138746e-05 0.0 0.0 146.1805534362793 261.907550573349 
nomask 8.839369e-05 0.0 2.6219987869262695 234.08531188964844 180.2599037885666 
nomask 8.624792e-05 104.40046310424805 140.135324716568 320.0 428.0 
nomask 8.568168e-05 0.0 252.679762840271 180.05435943603516 428.0 
nomask 8.4102154e-05 252.96939849853516 258.0220789909363 320.0 428.0 
mask 8.3208084e-05 100.05148887634277 133.82196593284607 320.0 428.0 
mask 8.288026e-05 0.5153705179691315 142.2222602367401 3.6156082153320312 189.41359543800354 
mask 8.073449e-05 146.61455154418945 54.12423622608185 320.0 428.0 
nomask 7.978082e-05 290.4503631591797 280.0231947898865 320.0 428.0 
mask 7.715821e-05 74.09435272216797 136.4063618183136 191.41347885131836 204.3647539615631 
mask 7.599592e-05 290.4503631591797 280.0231947898865 320.0 428.0 
nomask 7.581711e-05 317.10426330566406 137.23621499538422 320.0 202.26408088207245 
mask 7.3850155e-05 0.0 392.038462638855 128.04489135742188 424.973247051239 
mask 7.3730946e-05 0.14870688319206238 160.62428855895996 3.1097763776779175 221.01768612861633 
nomask 7.304549e-05 316.26365661621094 112.97451174259186 320.0 184.26599037647247 
nomask 7.233024e-05 189.58295822143555 41.22380065917969 210.42547225952148 66.99927580356598 
nomask 7.069111e-05 0.0 313.677791595459 140.58679580688477 428.0 
nomask 7.045269e-05 232.9815673828125 14.40837824344635 320.0 271.6732587814331 
nomask 6.937981e-05 247.77345657348633 140.91623544692993 320.0 428.0 
nomask 6.809831e-05 185.23469924926758 339.1643443107605 320.0 428.0 
nomask 6.80387e-05 254.0584945678711 366.6061968803406 320.0 428.0 
mask 6.738305e-05 185.23469924926758 339.1643443107605 320.0 428.0 
mask 6.568432e-05 303.40200424194336 144.22055852413177 319.2486763000488 343.3903594017029 
nomask 6.455183e-05 202.7867889404297 31.35868328809738 320.0 218.89253544807434 
nomask 6.452203e-05 0.0 218.80625796318054 311.33800506591797 426.60943245887756 
nomask 6.443262e-05 0.0 233.17906141281128 80.94470977783203 428.0 
mask 6.443262e-05 2.938767671585083 298.23917293548584 19.353684186935425 428.0 
nomask 6.4373016e-05 14.254984855651855 142.51571083068848 30.317201614379883 170.02335572242737 
mask 6.431341e-05 206.46657943725586 387.2011580467224 320.0 428.0 
mask 6.198883e-05 252.96939849853516 258.0220789909363 320.0 428.0 
nomask 6.195903e-05 213.97945404052734 38.60505449771881 320.0 277.80120515823364 
mask 6.097555e-05 213.97945404052734 38.60505449771881 320.0 277.80120515823364 
mask 5.978346e-05 0.0 312.2352840900421 219.65936660766602 428.0 
nomask 5.9753656e-05 263.48873138427734 124.52560520172119 299.39891815185547 288.7520935535431 
nomask 5.9217215e-05 199.12620544433594 217.48668694496155 320.0 406.21962904930115 
mask 5.8799982e-05 0.0 0.0 146.1805534362793 261.907550573349 
mask 5.8412552e-05 278.7899589538574 0.0 320.0 428.0 
mask 5.6177378e-05 0.0 391.383269071579 45.98527431488037 428.0 
mask 5.5879354e-05 316.26365661621094 112.97451174259186 320.0 184.26599037647247 
mask 5.5342913e-05 1.602575033903122 207.22328877449036 4.96706485748291 263.6625397205353 
nomask 5.39124e-05 303.3365821838379 408.91290497779846 320.0 426.85372376441956 
nomask 5.3614378e-05 0.0 366.70563793182373 108.88650894165039 428.0 
mask 5.3346157e-05 35.170979499816895 419.9036922454834 111.35560989379883 425.4638705253601 
nomask 5.272031e-05 32.80850887298584 141.93041682243347 48.0098295211792 174.7600712776184 
mask 5.2273273e-05 187.8643798828125 2.1080393195152283 320.0 192.71839046478271 
nomask 5.1915646e-05 65.47589302062988 334.50311517715454 295.9850311279297 428.0 
nomask 5.1766634e-05 104.9239730834961 0.0 211.62450790405273 203.7363977432251 
nomask 5.173683e-05 282.64549255371094 33.61765718460083 320.0 292.11196637153625 
nomask 5.143881e-05 278.7899589538574 0.0 320.0 428.0 
nomask 5.13494e-05 194.49684143066406 0.0 320.0 162.81717038154602 
mask 5.0246716e-05 314.5329475402832 215.4611303806305 320.0 304.0449435710907 
nomask 4.887581e-05 302.0877265930176 170.9837348461151 320.0 348.41468358039856 
mask 4.8071146e-05 250.5050277709961 0.0 320.0 298.78296089172363 
mask 4.8041344e-05 0.0 357.81232213974 21.26073122024536 428.0 
nomask 4.7653913e-05 65.29500961303711 257.33943581581116 258.70229721069336 365.50818705558777 
mask 4.762411e-05 39.13330554962158 240.5540771484375 151.44548416137695 428.0 
nomask 4.6491623e-05 30.212793350219727 296.22655034065247 208.53900909423828 428.0 
nomask 4.643202e-05 187.5709342956543 140.52947914600372 320.0 281.7545099258423 
nomask 4.5746565e-05 172.39639282226562 0.0 283.7799835205078 198.05450749397278 
nomask 4.5508146e-05 161.98577880859375 0.0 320.0 112.60864877700806 
mask 4.541874e-05 0.0 2.6219987869262695 234.08531188964844 180.2599037885666 
mask 4.5329332e-05 2.357250899076462 184.63185334205627 6.00517213344574 241.48958325386047 
nomask 4.5001507e-05 0.0 280.11350297927856 47.385663986206055 428.0 
mask 4.220009e-05 317.10426330566406 137.23621499538422 320.0 202.26408088207245 
mask 4.2140484e-05 0.0 313.677791595459 140.58679580688477 428.0 
