nomask 0.99999726 0.1786347 0.23075637 0.7673222 0.8830427 
mask 0.03783068 0.17939538 0.23232055 0.7653722 0.8819436 
nomask 0.0003747642 0.0027620643 0.0 0.46976388 0.6151659 
mask 0.00033158064 0.0027620643 0.0 0.46976388 0.6151659 
nomask 0.00029233098 0.0421333 0.0 0.65217006 0.355462 
nomask 0.00020897388 0.7458707 0.0 1.0 0.61498207 
nomask 0.00019830465 0.0 0.6224316 0.596455 1.0 
mask 0.00019079447 0.13692427 0.4603273 1.0 1.0 
mask 0.00018097408 0.31265876 0.3126619 1.0 1.0 
nomask 0.0001809727 0.31265876 0.3126619 1.0 1.0 
mask 0.0001616478 0.8865337 0.0 1.0 1.0 
nomask 0.00015830994 0.14136425 0.0 0.88915396 0.28093964 
nomask 0.00015616417 0.13692427 0.4603273 1.0 1.0 
nomask 0.00013408065 0.79675627 0.6054097 1.0 1.0 
nomask 0.00013077259 0.58440423 0.0056517273 1.0 0.44896674 
mask 0.0001296024 0.51518476 0.01014179 1.0 1.0 
nomask 0.00012588501 0.9042883 0.63697815 1.0 1.0 
nomask 0.00012463331 0.0 0.0 0.4299969 0.25212914 
nomask 0.00011989474 0.8865337 0.0 1.0 1.0 
mask 0.00011947751 0.9042883 0.63697815 1.0 1.0 
nomask 0.000118523836 0.10259268 0.6106678 0.49598697 1.0 
nomask 0.000116978896 0.51518476 0.01014179 1.0 1.0 
nomask 0.00011667609 0.2276378 0.0 0.9019393 0.7024224 
nomask 0.00011077523 0.0 0.0 0.24091622 0.45413762 
mask 0.00010573864 0.79675627 0.6054097 1.0 1.0 
mask 0.000104129314 0.64082766 0.9080105 1.0 1.0 
nomask 0.00010377169 0.7089402 0.56290054 1.0 1.0 
nomask 0.000103741884 0.64082766 0.9080105 1.0 1.0 
nomask 9.9271536e-05 0.6712498 0.09193221 1.0 0.64416313 
mask 9.673834e-05 0.6258466 0.75341165 1.0 1.0 
nomask 9.6321106e-05 0.821475 0.30534738 0.9498075 0.6137912 
nomask 9.587407e-05 0.5682725 0.79696125 1.0 1.0 
mask 9.346008e-05 0.6712498 0.09193221 1.0 0.64416313 
nomask 9.3102455e-05 0.017082095 0.039874047 0.30755332 0.48575845 
nomask 8.98242e-05 0.0 0.7378651 0.42621374 1.0 
nomask 8.675456e-05 0.0036123302 0.9640143 0.05906272 1.0 
nomask 8.586049e-05 0.0 0.3309188 0.4508161 0.65916234 
nomask 8.1032515e-05 0.58830297 0.692529 1.0 1.0 
nomask 7.9602e-05 0.12606665 0.030379012 0.5791446 0.4756816 
nomask 7.805228e-05 0.5631867 0.39080054 1.0 0.8678469 
mask 7.623434e-05 0.7889136 0.0 1.0 0.68667406 
nomask 7.611513e-05 0.0 0.6423155 0.3699814 1.0 
nomask 7.545948e-05 0.3277773 0.0 0.6626427 0.46098202 
mask 6.651878e-05 0.58440423 0.0056517273 1.0 0.44896674 
mask 6.496906e-05 0.0 0.7378651 0.42621374 1.0 
mask 6.470084e-05 0.0 0.0 0.76408625 0.2641429 
nomask 6.4611435e-05 0.24509206 0.6192719 0.75475705 1.0 
nomask 6.368756e-05 0.7346405 0.9777113 0.8708178 1.0 
nomask 6.2167645e-05 0.07974911 0.5159656 0.7180731 0.90242696 
nomask 6.133318e-05 0.7720697 0.10929352 1.0 0.9624298 
nomask 6.020069e-05 0.67707306 0.7561636 1.0 1.0 
mask 5.9872866e-05 0.0 0.87020683 1.0 1.0 
nomask 5.504489e-05 0.82114905 0.022686258 1.0 0.4921881 
nomask 5.4091215e-05 0.0 0.87020683 1.0 1.0 
mask 5.3077936e-05 0.0 0.3309188 0.4508161 0.65916234 
nomask 5.158782e-05 0.0 0.0 0.2110042 0.21833101 
nomask 5.054474e-05 0.6397749 0.37159985 1.0 1.0 
mask 5.0246716e-05 0.5652261 0.73404723 1.0 1.0 
nomask 4.9978495e-05 0.0 0.19626817 0.27093893 0.8108969 
mask 4.9501657e-05 0.0036123302 0.9640143 0.05906272 1.0 
nomask 4.8965216e-05 0.0 0.0972535 0.44345698 0.4577552 
mask 4.8846006e-05 0.0 0.16861251 0.002106498 0.3435556 
nomask 4.8220158e-05 0.79181784 0.45920643 0.8600642 0.5805365 
nomask 4.7802925e-05 0.005093932 0.0 0.6131583 0.1360524 
nomask 4.7683716e-05 0.0 0.5692142 0.25763056 1.0 
nomask 4.592538e-05 0.40584755 0.0 0.9986254 0.3698067 
mask 4.5597553e-05 0.0 0.6560944 0.56458664 1.0 
mask 4.4196844e-05 0.0 0.0 0.4299969 0.25212914 
nomask 4.297495e-05 0.7730068 0.33566505 0.8913007 0.63518155 
nomask 4.2021275e-05 0.7612971 0.0 0.9979917 0.69984186 
nomask 4.1484833e-05 0.09408423 0.7318255 0.6725998 1.0 
nomask 4.0769577e-05 0.55729413 0.55119693 1.0 0.90138066 
nomask 3.9935112e-05 0.016986877 0.13026804 0.41805148 0.8580046 
nomask 3.990531e-05 0.497639 0.2922275 0.7379095 0.8420321 
nomask 3.924966e-05 0.8460406 0.21666242 0.9928117 0.61014736 
nomask 3.8146973e-05 0.0 0.49561268 0.3652659 0.9455672 
nomask 3.799796e-05 0.0 0.46080428 0.004294585 0.6436115 
mask 3.7789345e-05 0.63052624 0.5843617 1.0 1.0 
nomask 3.7521124e-05 0.0015419722 0.9743624 0.16493449 1.0 
nomask 3.5226345e-05 0.16708593 0.0 0.57374555 0.23558354 
nomask 3.4868717e-05 0.19096193 0.0 0.89549124 0.13381669 
nomask 3.451109e-05 0.15340154 0.36470914 0.5189185 1.0 
nomask 3.376603e-05 0.0 0.7285645 0.69526386 1.0 
nomask 3.299117e-05 0.53603876 0.0 0.9008131 0.4578194 
nomask 3.272295e-05 0.0 0.0 0.12881812 0.31822354 
nomask 3.2693148e-05 0.009658337 0.0 0.27494523 0.27781123 
nomask 3.2395124e-05 0.8022479 0.619736 1.0 1.0 
mask 3.221631e-05 0.09408423 0.7318255 0.6725998 1.0 
nomask 3.20673e-05 0.35394546 0.6480924 0.853861 1.0 
nomask 3.194809e-05 0.7766279 0.9733838 0.89444816 1.0 
nomask 3.1411648e-05 0.77106446 0.29485086 1.0 1.0 
nomask 3.0010939e-05 0.5629326 0.32447547 1.0 0.65861845 
nomask 2.9951334e-05 0.0 0.91771126 0.1584861 1.0 
nomask 2.8073788e-05 0.0 0.41735727 0.00056914194 0.60804695 
nomask 2.8073788e-05 0.09843396 0.0 0.3863815 0.26604447 
mask 2.7954578e-05 0.0 0.41735727 0.00056914194 0.60804695 
nomask 2.7805567e-05 0.01902172 0.31664258 0.7434088 0.70841664 
mask 2.7120113e-05 0.0 0.0972535 0.44345698 0.4577552 
mask 2.7000904e-05 0.12643035 0.5812556 0.46634245 1.0 
nomask 2.5987625e-05 0.08816755 0.3363413 0.15084845 0.43749592 
