nomask 0.999962 0.2055676 0.20863682 0.80422807 0.8308142 
nomask 0.5716608 0.036661033 0.069351226 0.114910156 0.16835877 
mask 0.29491377 0.036661033 0.069351226 0.114910156 0.16835877 
mask 0.015151501 0.20050633 0.20604119 0.7988288 0.8374777 
nomask 0.000246495 0.08099653 0.6106274 0.47833067 1.0 
nomask 0.00022608042 0.0031592995 0.130735 0.13896857 0.4720282 
nomask 0.00021705031 0.00087950844 0.036569152 0.029137861 0.15294404 
nomask 0.00021091104 0.0 0.64947903 0.3451894 1.0 
nomask 0.00020548701 0.0 0.583117 0.5237825 1.0 
mask 0.00017011166 0.0 0.64947903 0.3451894 1.0 
nomask 0.00016891956 0.59805465 0.0039287657 1.0 0.4475941 
mask 0.00016209483 0.1363048 0.46010613 1.0 1.0 
nomask 0.00015729666 0.7937517 0.0 1.0 0.69191194 
nomask 0.00014829636 0.32893303 0.32969332 1.0 1.0 
mask 0.0001456877 0.31265768 0.31266424 1.0 1.0 
nomask 0.00014463067 0.09815164 0.0 0.5164405 0.39527416 
mask 0.00014299154 0.0 0.0 0.4760124 0.61855626 
nomask 0.00013810396 0.5699785 0.79722106 1.0 1.0 
mask 0.00013613701 0.674985 0.65544856 1.0 1.0 
nomask 0.0001347363 0.17225832 0.7124265 0.83394116 1.0 
mask 0.00013232231 0.88425183 0.0 1.0 1.0 
nomask 0.00012558699 0.014559053 0.07758712 0.04424226 0.18632022 
nomask 0.00012469292 0.78932166 0.60590965 1.0 1.0 
nomask 0.00012111664 0.009764016 0.51581407 1.0 1.0 
nomask 0.00012007356 0.8562978 0.28031695 0.9939142 0.6788323 
nomask 0.00011771917 0.6415117 0.39185128 1.0 1.0 
mask 0.000117361546 0.46077248 0.13611871 1.0 1.0 
nomask 0.00011309981 0.21599033 0.0 0.7966962 0.34470946 
nomask 0.00010898709 0.013085097 0.0 0.4267355 0.7195166 
nomask 0.00010505319 0.6283196 0.0 1.0 0.36308253 
nomask 9.739399e-05 0.029194288 0.007359186 0.13274622 0.051793322 
nomask 9.703636e-05 0.5612531 0.3850252 1.0 0.86592776 
mask 9.533763e-05 0.0055232793 0.5280899 0.45118403 1.0 
mask 9.2834234e-05 0.98270774 0.003460966 1.0 0.19166958 
nomask 9.229779e-05 0.28714758 0.6018722 0.7186045 1.0 
nomask 9.086728e-05 0.73275065 0.2199643 1.0 0.7971338 
nomask 9.059906e-05 0.14333686 0.8004482 1.0 1.0 
nomask 8.9883804e-05 0.0 0.0035108589 0.024129486 0.06542811 
nomask 8.901954e-05 0.72388834 0.05562246 1.0 0.60774195 
mask 8.791685e-05 0.59805465 0.0039287657 1.0 0.4475941 
nomask 8.761883e-05 0.0 0.0 0.43390352 0.25669858 
nomask 8.2433224e-05 0.77259564 0.30410743 0.8813884 0.6319745 
nomask 8.189678e-05 0.0 0.7931979 0.69837785 1.0 
mask 8.136034e-05 0.55337834 0.7277625 1.0 1.0 
nomask 7.981062e-05 0.0 0.018091053 0.2747511 0.5926093 
nomask 7.9125166e-05 0.98270774 0.003460966 1.0 0.19166958 
nomask 7.370114e-05 0.3617121 0.6308781 0.8565762 1.0 
mask 7.274747e-05 0.13298634 0.7104728 0.86239755 1.0 
nomask 7.137656e-05 0.88425183 0.0 1.0 1.0 
mask 6.9856644e-05 0.7937517 0.0 1.0 0.69191194 
nomask 6.914139e-05 0.0 0.25946015 0.0017839405 0.44079638 
nomask 6.839633e-05 0.79414636 0.38469422 0.85970706 0.5027428 
nomask 6.79791e-05 0.68861616 0.08089256 1.0 0.64562637 
nomask 6.777048e-05 0.55337834 0.7277625 1.0 1.0 
nomask 6.7293644e-05 0.0 0.28478166 0.3669851 0.7195759 
mask 6.6280365e-05 0.0 0.006710291 0.71642315 0.43270895 
nomask 6.613135e-05 0.9028934 0.643035 1.0 1.0 
nomask 6.583333e-05 0.7038443 0.5601674 1.0 1.0 
nomask 6.535649e-05 0.583689 0.3228783 1.0 0.65819293 
nomask 6.446526e-05 0.51355255 0.0113658905 1.0 1.0 
nomask 6.404519e-05 0.0 0.0 0.2433441 0.4561683 
mask 6.386638e-05 0.7038443 0.5601674 1.0 1.0 
nomask 6.0796738e-05 0.0 0.0 0.68898845 0.26559275 
mask 5.915761e-05 0.9028934 0.643035 1.0 1.0 
mask 5.8948994e-05 0.68861616 0.08089256 1.0 0.64562637 
nomask 5.799532e-05 0.0 0.09660809 0.43448192 0.45613396 
nomask 5.7160854e-05 0.0 0.7327279 0.43718964 1.0 
nomask 5.6684017e-05 0.7785657 0.10500422 1.0 0.96137536 
nomask 5.635619e-05 0.8709396 0.03343728 1.0 0.5387683 
nomask 5.4508448e-05 0.6445441 0.9071237 1.0 1.0 
mask 5.438924e-05 0.6445441 0.9071237 1.0 1.0 
mask 5.3286552e-05 0.0 0.0 0.43390352 0.25669858 
mask 5.236268e-05 0.015366264 0.9657055 0.14733082 0.99415135 
nomask 5.2064657e-05 0.14414126 0.013738647 0.9486976 0.49281693 
mask 5.1945448e-05 0.0 0.7327279 0.43718964 1.0 
mask 5.093217e-05 0.96601486 0.0062041767 1.0 0.054598518 
nomask 5.0723553e-05 0.14947653 0.38964286 0.47418642 1.0 
nomask 5.045533e-05 0.55800354 0.5631196 1.0 0.8957471 
mask 4.979968e-05 0.0 0.7931979 0.69837785 1.0 
nomask 4.774332e-05 0.96601486 0.0062041767 1.0 0.054598518 
nomask 4.658103e-05 0.0 0.34190336 0.26036885 1.0 
nomask 4.2438507e-05 0.5371162 0.0 0.8728792 0.44420114 
mask 4.2259693e-05 0.55800354 0.5631196 1.0 0.8957471 
mask 4.157424e-05 0.08099653 0.6106274 0.47833067 1.0 
nomask 4.1037798e-05 0.0 0.54960614 0.42156515 0.912103 
nomask 4.0501356e-05 0.74436724 0.0 1.0 0.4504041 
mask 4.0352345e-05 0.0 0.34190336 0.26036885 1.0 
mask 3.9368868e-05 0.12804505 0.0 0.46877572 0.43920544 
mask 3.9339066e-05 0.6473471 0.31194866 1.0 0.91852844 
mask 3.823638e-05 0.2088711 0.7778767 0.9468714 1.0 
nomask 3.8176775e-05 0.7949973 0.18144055 1.0 0.55202466 
nomask 3.7401915e-05 0.06973236 0.030331105 0.14846075 0.14101239 
nomask 3.5971403e-05 0.5461315 0.0 1.0 0.26850933 
mask 3.528595e-05 0.0 0.09660809 0.43448192 0.45613396 
nomask 3.3169985e-05 0.067819715 0.004270453 0.17765132 0.041221306 
mask 3.3140182e-05 0.04641223 0.0 0.6059917 0.35514444 
nomask 3.257394e-05 0.7909615 0.06687792 1.0 0.43203235 
mask 3.1113625e-05 0.583689 0.3228783 1.0 0.65819293 
mask 3.105402e-05 0.0 0.33407295 0.43516976 0.6624934 
nomask 3.0994415e-05 0.16078076 0.5041288 0.8222054 0.8612218 
