nomask 0.9998584 56.4941143989563 121.98399102687836 214.98629570007324 317.61767971515656 
mask 0.03412038 56.4941143989563 121.98399102687836 214.98629570007324 317.61767971515656 
nomask 0.019529969 1.723855771124363 8.89422431588173 11.989812403917313 55.39188462495804 
nomask 0.0060411096 0.0 1.1892988812178373 12.32798833400011 24.967367134988308 
mask 0.005197227 1.723855771124363 8.89422431588173 11.989812403917313 55.39188462495804 
mask 0.0013177097 102.08861619234085 0.0 158.9601993560791 16.709223054349422 
mask 0.0011430681 83.01515191793442 0.0 177.23668813705444 60.69109922647476 
mask 0.00093892217 2.841749396175146 14.06653169542551 9.721609726548195 76.76229402422905 
mask 0.00093114376 0.0 1.1892988812178373 12.32798833400011 24.967367134988308 
mask 0.00088202953 10.217584669589996 0.0 98.02780419588089 67.57394644618034 
nomask 0.00077071786 57.97873556613922 232.35849559307098 164.38961327075958 309.80720150470734 
mask 0.0007662475 92.40214109420776 0.0 178.58475506305695 29.603598922491074 
nomask 0.0007212162 0.0 223.3221371769905 131.10918402671814 417.0 
nomask 0.0006969869 2.841749396175146 14.06653169542551 9.721609726548195 76.76229402422905 
nomask 0.00051927567 198.30828666687012 0.0 290.0 256.6597357392311 
mask 0.00046408176 89.90719139575958 0.0 154.31438207626343 8.225164420902729 
mask 0.0004557073 2.9570410400629044 0.7057616114616394 15.32603345811367 178.7177299261093 
mask 0.0004208982 228.6584174633026 170.99583542346954 257.73064255714417 231.49224436283112 
nomask 0.00040265918 16.756346225738525 0.0 164.45509016513824 139.37687015533447 
nomask 0.0003488958 0.0 118.45513325929642 101.890889108181 298.31473302841187 
nomask 0.0003440082 223.33940505981445 246.55341339111328 290.0 417.0 
nomask 0.00032925606 0.5554775893688202 0.0 118.39918196201324 292.4173547029495 
nomask 0.00030744076 179.55185294151306 292.3213641643524 290.0 417.0 
mask 0.00030568242 16.756346225738525 0.0 164.45509016513824 139.37687015533447 
mask 0.00029614568 179.55185294151306 292.3213641643524 290.0 417.0 
mask 0.00029599667 37.89355129003525 190.94740176200867 290.0 417.0 
mask 0.00028699636 0.0 223.3221371769905 131.10918402671814 417.0 
nomask 0.00027042627 61.02643609046936 0.0 257.74367570877075 271.4888323545456 
mask 0.00026926398 19.17446903884411 0.0 58.539757430553436 18.988641053438187 
mask 0.00025880337 113.79707932472229 0.6274523958563805 236.1202597618103 64.20841178297997 
nomask 0.0002553463 95.14841109514236 137.20142430067062 290.0 417.0 
mask 0.0002528429 90.67167043685913 130.3809634745121 290.0 417.0 
mask 0.00025081635 148.61258566379547 3.626861572265625 290.0 417.0 
nomask 0.00024604797 186.67282819747925 125.50590178370476 290.0 386.0376080274582 
mask 0.00023889542 223.33940505981445 246.55341339111328 290.0 417.0 
mask 0.00022792816 241.94905161857605 15.814658716320992 290.0 203.806654214859 
mask 0.00022685528 255.84698915481567 0.0 290.0 417.0 
nomask 0.00022536516 255.84698915481567 0.0 290.0 417.0 
mask 0.00022187829 22.900615110993385 1.5387131720781326 53.575984835624695 42.038552440702915 
nomask 0.00022029877 1.819697618484497 214.2281396985054 290.0 417.0 
nomask 0.00021266937 92.40214109420776 0.0 178.58475506305695 29.603598922491074 
nomask 0.00020766258 262.6745629310608 271.54982686042786 290.0 417.0 
mask 0.00019711256 79.05139714479446 0.0 145.38007020950317 5.0016287080943584 
nomask 0.00019681454 0.0 0.0 70.03039062023163 293.51197493076324 
mask 0.00019204617 262.6745629310608 271.54982686042786 290.0 417.0 
nomask 0.00018778443 188.11684608459473 158.0512180030346 290.0 417.0 
nomask 0.0001861155 84.77997720241547 277.76808500289917 264.54205453395844 417.0 
nomask 0.00018540025 229.1508424282074 356.31643187999725 290.0 417.0 
nomask 0.00018396974 35.99526584148407 0.0 263.8621872663498 114.15300732851028 
mask 0.00017943978 129.22076851129532 1.8656172528862953 180.71543335914612 11.1171054225415 
nomask 0.00017765164 91.61272794008255 132.6033234000206 244.8264741897583 242.21122097969055 
mask 0.00017756224 114.38801348209381 2.440062962472439 251.1123424768448 25.60637716948986 
mask 0.0001719296 229.1508424282074 356.31643187999725 290.0 417.0 
nomask 0.00016576052 110.2332815527916 0.14570391923189163 160.01598834991455 18.40765067562461 
nomask 0.00016355515 83.01515191793442 0.0 177.23668813705444 60.69109922647476 
nomask 0.00016275048 145.03360271453857 92.9704033434391 213.7568235397339 306.1434051990509 
nomask 0.00016099215 216.6758692264557 73.79384502768517 290.0 342.1244966983795 
nomask 0.00015458465 0.0 0.0 69.52691167593002 187.56961351633072 
nomask 0.00014790893 218.3763152360916 67.63044838607311 259.15490329265594 175.76712691783905 
nomask 0.00014299154 193.3076012134552 38.699249267578125 290.0 270.11784785985947 
nomask 0.00013953447 0.0 166.00100925564766 103.38725566864014 417.0 
mask 0.00013870001 63.87825906276703 0.007684315089136362 120.68127989768982 4.791612898930907 
mask 0.0001346767 0.0 365.0027554035187 290.0 417.0 
mask 0.00013291836 193.3076012134552 38.699249267578125 290.0 270.11784785985947 
nomask 0.00013166666 164.25276517868042 139.09881573915482 290.0 273.2632654309273 
nomask 0.00013166666 24.16251242160797 12.497100681066513 183.87972354888916 249.2338410615921 
nomask 0.00012975931 0.0 365.0027554035187 290.0 417.0 
nomask 0.00012895465 0.0 0.0 130.0732386112213 104.9833756685257 
mask 0.0001284182 141.0546886920929 1.941783101297915 219.09937858581543 6.753863040357828 
nomask 0.00012725592 0.0 0.0 36.46121397614479 34.4092868193984 
mask 0.00012466311 0.0 0.0 130.0732386112213 104.9833756685257 
nomask 0.00012266636 2.9570410400629044 0.7057616114616394 15.32603345811367 178.7177299261093 
nomask 0.00012174249 286.6944020986557 147.23074543476105 289.1557317972183 234.08475941419601 
nomask 0.00011917949 284.96234118938446 130.60415017604828 288.14246475696564 205.55789744853973 
mask 0.00011828542 35.99526584148407 0.0 263.8621872663498 114.15300732851028 
mask 0.00011718273 3.4595098719000816 35.94978956133127 8.00512507557869 112.76902359724045 
mask 0.00011616945 57.97873556613922 232.35849559307098 164.38961327075958 309.80720150470734 
nomask 0.00011476874 94.76027727127075 239.06147861480713 217.83308863639832 313.7652826309204 
mask 0.000114411116 288.73682141304016 183.92008405923843 290.0 290.312745988369 
nomask 0.00011309981 25.244341790676117 291.84630793333054 190.9307622909546 417.0 
nomask 0.000110566616 4.152970984578133 312.99867564439774 64.08769696950912 416.7622109055519 
mask 0.00011020899 226.10208749771118 0.0 290.0 286.0061709880829 
mask 0.00010949373 0.0 0.0 69.52691167593002 187.56961351633072 
mask 0.00010946393 123.69280219078064 2.32924322783947 290.0 106.09116911888123 
nomask 0.00010883808 0.0 222.38586902618408 75.2427351474762 417.0 
mask 0.00010588765 287.85298705101013 164.06337735056877 290.0 268.1845407485962 
nomask 0.000105798244 38.647607266902924 144.5414941906929 140.35223811864853 409.0953456759453 
mask 0.00010329485 224.21388804912567 8.628560185432434 290.0 284.1779016852379 
mask 0.00010302663 205.6450867652893 228.29408419132233 290.0 417.0 
mask 0.0001026392 162.9430717229843 2.2805395871400833 290.0 184.99703228473663 
nomask 0.00010192394 152.99898445606232 0.5039751827716827 256.0417777299881 281.42005026340485 
nomask 0.00010186434 0.0 41.58612370491028 123.62759321928024 189.7269151210785 
nomask 0.000100940466 0.0 1.4954776614904404 205.99950551986694 171.56452095508575 
mask 0.000100791454 0.0 254.66563296318054 113.86411190032959 417.0 
nomask 9.828806e-05 205.6450867652893 228.29408419132233 290.0 417.0 
nomask 9.7990036e-05 95.15774518251419 0.0 193.00348281860352 191.37259858846664 
nomask 9.647012e-05 287.85298705101013 164.06337735056877 290.0 268.1845407485962 
mask 9.62615e-05 255.49312353134155 73.56763842701912 290.0 308.3556615114212 
mask 9.2595816e-05 25.244341790676117 291.84630793333054 190.9307622909546 417.0 
mask 9.050965e-05 286.6944020986557 147.23074543476105 289.1557317972183 234.08475941419601 
