nomask 0.99998045 74.20639991760254 100.32303011417389 261.59610748291016 345.91291546821594 
mask 0.0059780777 73.48231315612793 100.37087965011597 257.76538848876953 345.7306536436081 
nomask 0.00043562055 0.0 0.0 109.84094619750977 153.04604387283325 
nomask 0.00035259128 0.0 0.0 78.95052909851074 206.85390520095825 
nomask 0.00029611588 0.0 0.0 148.52798461914062 111.79975679516792 
nomask 0.00029549003 253.1491470336914 0.0 320.0 295.8268395662308 
nomask 0.0002847612 0.0 0.0 149.68608856201172 267.0726752281189 
mask 0.00027698278 229.67082977294922 250.79830992221832 320.0 433.0 
nomask 0.00026899576 241.5752410888672 0.0 320.0 291.5521777868271 
nomask 0.00026774406 229.67082977294922 250.79830992221832 320.0 433.0 
nomask 0.00025185943 0.0 260.1652824282646 173.94100189208984 433.0 
nomask 0.00023823977 190.29996871948242 2.1734309643507004 320.0 195.51526856422424 
nomask 0.0002373755 229.76984024047852 0.0 320.0 180.39300858974457 
nomask 0.00022116303 66.78707122802734 0.0 261.98612213134766 152.9362015724182 
nomask 0.00021663308 34.03111934661865 0.0 145.8454132080078 200.07305300235748 
mask 0.00020450354 257.0147705078125 253.89988380670547 305.4660415649414 413.21111983060837 
mask 0.00019741058 0.0 0.0 148.52798461914062 111.79975679516792 
nomask 0.00018274784 261.4189147949219 143.41398906707764 298.29627990722656 278.7370448708534 
mask 0.0001809597 42.61058807373047 198.56851544976234 320.0 433.0 
nomask 0.00016972423 182.76695251464844 141.8351350426674 320.0 285.78904443979263 
nomask 0.00016698241 204.40540313720703 27.896466568112373 320.0 221.1678074002266 
mask 0.000166893 199.0452003479004 320.77407521009445 320.0 433.0 
nomask 0.00016021729 105.0963306427002 142.61030268669128 320.0 433.0 
nomask 0.00016021729 179.81670379638672 345.03180265426636 320.0 433.0 
nomask 0.00015693903 0.0 22.69137778878212 110.90017318725586 217.32133960723877 
mask 0.00015631318 100.05072593688965 135.38356456160545 320.0 433.0 
nomask 0.00014960766 24.31053638458252 258.78990507125854 158.73380661010742 433.0 
mask 0.00014790893 180.48002243041992 312.3254060149193 320.0 433.0 
nomask 0.00014668703 172.9378890991211 0.0 320.0 114.73756086826324 
nomask 0.00014486909 0.0 2.381443530321121 233.42613220214844 185.3608305156231 
nomask 0.00013828278 280.8245277404785 139.39664113521576 317.3172187805176 337.91832649707794 
nomask 0.00013807416 251.94684982299805 259.8544927239418 320.0 433.0 
mask 0.00012922287 0.0 0.0 149.68608856201172 267.0726752281189 
mask 0.00012719631 0.0 0.0 78.95052909851074 206.85390520095825 
nomask 0.00012141466 232.5389862060547 95.02570709586143 320.0 344.31054961681366 
mask 0.000120937824 242.7846908569336 273.6123957037926 317.20043182373047 433.0 
mask 0.00011911988 147.13500022888184 58.50212275981903 320.0 433.0 
nomask 0.00011643767 180.48002243041992 312.3254060149193 320.0 433.0 
mask 0.00011578202 251.94684982299805 259.8544927239418 320.0 433.0 
mask 0.000110417604 0.0 0.0 109.84094619750977 153.04604387283325 
nomask 0.00010576844 210.78725814819336 179.78025579452515 320.0 433.0 
nomask 0.00010448694 0.0 342.89498794078827 224.45907592773438 433.0 
nomask 0.00010406971 0.0 123.7815877199173 117.29475975036621 310.79538226127625 
nomask 0.00010237098 166.52427673339844 9.038245677947998 276.46854400634766 305.70242631435394 
nomask 0.00010219216 116.92667007446289 262.48226845264435 274.4328498840332 433.0 
mask 0.00010046363 253.1491470336914 0.0 320.0 295.8268395662308 
nomask 0.00010037422 137.354736328125 0.0 318.81847381591797 163.31517627835274 
nomask 9.924173e-05 0.0 75.01996839046478 86.28209114074707 352.40076023340225 
mask 9.679794e-05 281.9944381713867 0.0 320.0 433.0 
nomask 9.483099e-05 11.512908935546875 0.0 185.99254608154297 147.99985349178314 
nomask 9.36985e-05 174.29054260253906 0.0 283.60057830810547 202.62874472141266 
nomask 9.3489885e-05 43.83056640625 345.82490742206573 320.0 433.0 
mask 9.012222e-05 190.29996871948242 2.1734309643507004 320.0 195.51526856422424 
mask 8.7589025e-05 0.0 162.77519142627716 1.932978481054306 227.17831820249557 
mask 8.7291e-05 241.5752410888672 0.0 320.0 291.5521777868271 
mask 8.389354e-05 0.0 292.066986143589 181.23586654663086 433.0 
nomask 8.273125e-05 290.00980377197266 277.64073818922043 320.0 433.0 
mask 8.2582235e-05 34.03111934661865 0.0 145.8454132080078 200.07305300235748 
nomask 8.136034e-05 105.9315299987793 0.0 212.99476623535156 202.31219965219498 
nomask 7.95722e-05 0.0 162.77519142627716 1.932978481054306 227.17831820249557 
nomask 7.8737736e-05 0.0 238.90979075431824 83.16614151000977 433.0 
mask 7.671118e-05 0.0 316.32342314720154 149.32366371154785 433.0 
nomask 7.6562166e-05 173.50109100341797 166.48698884248734 320.0 369.8640858530998 
nomask 7.647276e-05 257.878360748291 239.60136365890503 302.63158798217773 386.712464928627 
mask 7.4893236e-05 290.00980377197266 277.64073818922043 320.0 433.0 
nomask 7.390976e-05 215.70350646972656 37.39339289069176 320.0 279.92577290534973 
mask 7.209182e-05 172.9378890991211 0.0 320.0 114.73756086826324 
nomask 7.18236e-05 57.92165756225586 0.0 292.5724220275879 237.5825726389885 
nomask 7.045269e-05 183.46986770629883 245.49351525306702 320.0 386.1505038738251 
mask 6.890297e-05 0.0 38.66494785249233 137.37821578979492 196.7040740251541 
mask 6.79791e-05 215.70350646972656 37.39339289069176 320.0 279.92577290534973 
nomask 6.7830086e-05 0.0 143.94903153181076 1.305861622095108 202.20320904254913 
nomask 6.7442656e-05 0.0 110.00177305936813 41.849822998046875 304.9829024672508 
nomask 6.738305e-05 205.85792541503906 392.9703789949417 320.0 433.0 
mask 6.696582e-05 205.85792541503906 392.9703789949417 320.0 433.0 
nomask 6.6280365e-05 0.0 316.32342314720154 149.32366371154785 433.0 
nomask 6.1929226e-05 163.95830154418945 4.735581338405609 320.0 433.0 
nomask 6.1929226e-05 46.789889335632324 155.13013118505478 153.86762619018555 433.0 
mask 6.136298e-05 0.0 2.381443530321121 233.42613220214844 185.3608305156231 
mask 6.0796738e-05 24.31053638458252 258.78990507125854 158.73380661010742 433.0 
nomask 5.9515238e-05 318.3660697937012 207.12394279241562 320.0 324.4463593363762 
nomask 5.814433e-05 199.6791648864746 140.60333210229874 257.4164390563965 273.2924180626869 
nomask 5.6624413e-05 303.1797981262207 415.075548350811 320.0 433.0 
nomask 5.6147575e-05 304.75372314453125 154.16209429502487 318.25721740722656 367.6111314892769 
nomask 5.5998564e-05 36.00130081176758 304.25300347805023 273.8608932495117 433.0 
mask 5.5640936e-05 0.0 181.09197571873665 2.129116505384445 251.67263501882553 
nomask 5.468726e-05 281.9944381713867 0.0 320.0 433.0 
mask 5.2779913e-05 36.00130081176758 304.25300347805023 273.8608932495117 433.0 
mask 4.9620867e-05 0.0 377.2305915951729 320.0 433.0 
nomask 4.953146e-05 104.29649353027344 239.97068774700165 216.46446228027344 433.0 
nomask 4.926324e-05 315.0390625 230.8407175540924 320.0 341.9969961643219 
mask 4.8726797e-05 0.0 143.94903153181076 1.305861622095108 202.20320904254913 
mask 4.8428774e-05 37.10843086242676 0.0 286.31805419921875 116.1887903213501 
nomask 4.720688e-05 0.0 125.7151580452919 0.8166132867336273 179.43547588586807 
mask 4.6938658e-05 183.46986770629883 245.49351525306702 320.0 386.1505038738251 
nomask 4.684925e-05 0.0 181.09197571873665 2.129116505384445 251.67263501882553 
mask 4.681945e-05 250.38129806518555 329.26083821058273 320.0 433.0 
mask 4.61936e-05 259.5570373535156 363.84136748313904 320.0 430.3807153701782 
mask 4.5269728e-05 0.0 238.90979075431824 83.16614151000977 433.0 
mask 4.386902e-05 82.88965225219727 293.1765327453613 282.99448013305664 433.0 
