nomask 0.99998623 75.25911 72.09158 335.26236 272.10242 
mask 0.054495454 75.70706 72.79214 334.59445 270.95233 
nomask 0.00035980344 321.81772 0.0 433.0 200.26894 
nomask 0.00028818846 207.93419 86.9203 245.1856 127.00667 
mask 0.0002693236 0.0 0.0 204.12578 204.05632 
nomask 0.00026610494 196.39868 64.764915 253.19122 149.41187 
nomask 0.00024595857 207.50041 102.66923 247.63425 136.5646 
nomask 0.00022566319 0.0 180.131 225.18263 320.0 
mask 0.00022524595 383.72433 0.0 433.0 320.0 
nomask 0.00021582842 344.1694 191.78688 433.0 320.0 
nomask 0.00021383166 0.0 213.33961 140.37122 320.0 
nomask 0.00021341443 172.73224 61.553032 235.88115 151.55133 
mask 0.00020205975 59.20456 147.37979 433.0 320.0 
nomask 0.00019264221 324.88953 153.2518 433.0 320.0 
mask 0.000184365 135.38083 100.05176 433.0 320.0 
nomask 0.00018436358 135.38083 100.05176 433.0 320.0 
mask 0.00017923117 344.1694 191.78688 433.0 320.0 
nomask 0.00016969442 49.383904 182.2153 199.38618 320.0 
nomask 0.0001681745 254.26141 0.91837883 433.0 142.72572 
nomask 0.00016626716 59.20456 147.37979 433.0 320.0 
nomask 0.00016015768 185.81865 73.24095 224.38118 108.52364 
nomask 0.00015872717 40.536324 0.0 221.97165 127.728546 
nomask 0.00015550852 369.36148 253.94315 433.0 320.0 
nomask 0.00014975667 0.0 0.0 204.12578 204.05632 
nomask 0.00014340878 383.72433 0.0 433.0 320.0 
nomask 0.00014331937 243.11636 255.32062 433.0 320.0 
mask 0.00014257431 243.11636 255.32062 433.0 320.0 
mask 0.0001424253 305.98456 167.25212 433.0 320.0 
mask 0.00014150143 340.2079 0.0 433.0 221.89572 
nomask 0.00013762712 185.98653 85.50908 226.5693 122.607796 
nomask 0.00013282895 96.51694 78.8026 224.92557 136.31064 
nomask 0.00012975931 62.73296 121.45316 215.6684 319.09875 
nomask 0.00012764335 376.0789 305.5318 426.4879 320.0 
nomask 0.000119924545 0.0 0.0 186.50125 81.07769 
mask 0.000119514094 223.17358 3.2779312 433.0 320.0 
nomask 0.00011369586 1.2715477 216.59584 8.338974 257.8801 
nomask 0.00011357665 241.3915 125.111694 433.0 276.8717 
nomask 0.00011232446 223.17358 3.2779312 433.0 320.0 
nomask 0.00011050701 0.0 0.0 102.709946 145.00873 
mask 0.000109791756 376.0789 305.5318 426.4879 320.0 
nomask 0.00010970235 97.166084 0.0 390.48795 227.84515 
nomask 0.000108361244 391.13794 204.20992 433.0 320.0 
nomask 0.00010609627 294.47165 27.508545 433.0 206.17836 
mask 0.00010228157 369.36148 253.94315 433.0 320.0 
nomask 0.00010150671 54.727093 224.73788 365.8873 320.0 
mask 0.000100404024 391.13794 204.20992 433.0 320.0 
mask 9.953976e-05 241.37587 231.9734 433.0 320.0 
mask 9.953976e-05 358.21255 305.2134 405.681 320.0 
mask 9.816885e-05 254.26141 0.91837883 433.0 142.72572 
nomask 9.7543e-05 241.37587 231.9734 433.0 320.0 
nomask 9.74834e-05 0.0 0.0 299.0274 82.38018 
nomask 9.691715e-05 334.26978 39.104202 433.0 311.6348 
nomask 9.444356e-05 208.63991 71.84575 242.95612 111.268684 
mask 9.4383955e-05 294.47165 27.508545 433.0 206.17836 
nomask 9.3489885e-05 120.39449 195.01572 313.99866 320.0 
mask 9.045005e-05 96.51694 78.8026 224.92557 136.31064 
mask 9.000301e-05 278.23615 290.56818 433.0 320.0 
nomask 8.928776e-05 278.23615 290.56818 433.0 320.0 
nomask 8.9257956e-05 164.22029 57.984676 205.2532 88.13999 
nomask 8.904934e-05 0.0 57.182255 1.5936342 101.52772 
nomask 8.5145235e-05 6.1819005 46.98061 180.80951 282.10223 
mask 8.5026026e-05 3.7476652 163.2815 195.43689 320.0 
nomask 8.249283e-05 323.6158 45.020226 433.0 284.477 
nomask 8.237362e-05 0.0 106.76262 192.89731 212.24794 
nomask 8.133054e-05 0.0 0.0 141.09814 105.57893 
nomask 7.9870224e-05 358.21255 305.2134 405.681 320.0 
nomask 7.840991e-05 0.0 3.596611 118.81006 190.85114 
nomask 7.817149e-05 0.0 40.756096 2.9852755 78.87601 
nomask 7.688999e-05 0.0 130.813 149.85336 320.0 
nomask 7.6681376e-05 156.91273 203.97488 373.74875 320.0 
nomask 7.6144934e-05 427.0387 143.60411 432.34888 203.84032 
nomask 7.456541e-05 0.0 237.52429 178.19934 320.0 
nomask 7.176399e-05 186.55435 102.57722 227.77928 136.96156 
nomask 7.0005655e-05 0.0 31.357994 191.62054 145.43251 
nomask 6.818771e-05 58.467888 254.91325 433.0 320.0 
mask 6.762147e-05 363.99008 195.01732 433.0 320.0 
mask 6.7442656e-05 0.0 213.33961 140.37122 320.0 
nomask 6.595254e-05 372.55545 291.55966 433.0 320.0 
nomask 6.479025e-05 428.14224 107.61997 433.0 182.68808 
nomask 6.452203e-05 37.580147 168.16505 310.5961 287.1466 
nomask 6.407499e-05 143.08986 0.0 286.31937 148.84305 
nomask 6.404519e-05 76.09913 91.97725 209.15356 150.36485 
nomask 6.324053e-05 232.71085 0.0 387.41696 146.07397 
mask 6.249547e-05 284.5263 267.98114 412.2186 320.0 
nomask 6.189942e-05 412.33786 304.53845 433.0 320.0 
mask 6.0886145e-05 347.105 149.99771 433.0 320.0 
mask 6.043911e-05 54.727093 224.73788 365.8873 320.0 
mask 5.9872866e-05 0.0 276.66107 433.0 320.0 
nomask 5.9604645e-05 139.32309 79.5241 251.65547 127.69367 
nomask 5.915761e-05 163.94307 71.59646 206.43394 106.16019 
mask 5.877018e-05 332.96695 308.46072 393.40024 320.0 
nomask 5.8323145e-05 395.7189 264.899 433.0 320.0 
nomask 5.7429075e-05 92.760284 0.0 349.87885 114.72592 
nomask 5.733967e-05 0.0 253.70206 307.76242 320.0 
nomask 5.6535006e-05 141.34578 69.61473 216.60716 153.4983 
nomask 5.5342913e-05 0.0 66.89564 115.226776 259.00406 
mask 5.3942204e-05 0.0 0.0 186.50125 81.07769 
nomask 5.3316355e-05 184.27843 57.8211 226.06361 88.806015 
mask 5.3077936e-05 311.71628 288.0608 433.0 320.0 
mask 5.2928925e-05 0.0 237.52429 178.19934 320.0 
