nomask 0.99979424 91.420334 69.304306 329.30084 267.9518 
mask 0.00837782 86.98781 68.06931 327.45993 269.6434 
nomask 0.0009037554 0.0 0.0 202.23343 193.54897 
nomask 0.00060909986 38.610046 106.66948 63.64959 136.18677 
nomask 0.00057554245 15.224506 0.0 272.88867 116.51193 
nomask 0.0005362034 61.11779 0.0 382.73956 88.57773 
mask 0.00044742227 380.90234 0.0 428.0 320.0 
nomask 0.00041550398 97.426605 0.0 380.04706 221.76208 
nomask 0.00039219856 338.63376 192.50801 428.0 320.0 
nomask 0.0003914833 0.0 189.29459 229.59546 320.0 
nomask 0.0003733635 380.90234 0.0 428.0 320.0 
mask 0.00032398105 338.63376 192.50801 428.0 320.0 
nomask 0.00032114983 0.0 0.0 189.4152 81.364525 
nomask 0.00031787157 244.14044 255.77115 428.0 320.0 
nomask 0.00031462312 387.22665 204.84793 428.0 320.0 
nomask 0.00031206012 37.799927 94.03558 64.785545 121.54549 
mask 0.00030633807 244.14044 255.77115 428.0 320.0 
nomask 0.00030198693 0.0 0.0 105.92427 145.37141 
nomask 0.0003004074 253.35231 1.4359999 428.0 142.03459 
nomask 0.00029993057 9.706772 16.042147 131.62962 145.7522 
mask 0.00029093027 387.22665 204.84793 428.0 320.0 
mask 0.00026875734 57.279945 146.95839 428.0 320.0 
mask 0.00026601553 0.0 0.0 202.23343 193.54897 
nomask 0.00026509166 321.61267 0.0 428.0 195.1587 
nomask 0.0002641678 32.17436 192.84314 209.98636 320.0 
nomask 0.0002606809 0.08193427 3.744924 169.66122 48.053085 
nomask 0.0002568364 339.49774 272.87604 428.0 320.0 
nomask 0.00025510788 288.5311 28.585863 428.0 206.64093 
mask 0.0002541542 274.94168 290.4469 428.0 320.0 
nomask 0.00024023652 86.37394 248.92241 400.89563 320.0 
nomask 0.00023898482 108.579094 178.32541 286.80838 250.96307 
nomask 0.00023326278 140.67842 105.440056 428.0 320.0 
mask 0.00022973768 133.81831 100.052216 428.0 320.0 
mask 0.0002270937 288.5311 28.585863 428.0 206.64093 
nomask 0.00021019578 3.7360804 164.76723 428.0 320.0 
nomask 0.0002066195 0.0 254.155 302.63922 320.0 
nomask 0.00020113587 139.39767 173.54083 287.89484 320.0 
nomask 0.00019976497 277.4398 122.400444 428.0 320.0 
nomask 0.00019851327 52.121563 226.56064 364.58466 320.0 
nomask 0.00019261241 241.99191 125.14365 428.0 279.20383 
nomask 0.0001912117 305.37842 184.11505 428.0 320.0 
mask 0.00018957257 0.0 279.63367 428.0 320.0 
mask 0.0001810224 219.75504 3.303337 428.0 320.0 
nomask 0.0001784563 0.0 5.698185 122.38285 195.21837 
nomask 0.00017663836 41.760784 118.265854 67.87044 154.38947 
nomask 0.00017106533 0.0 0.0 145.01443 108.97965 
nomask 0.00016468593 219.75504 3.303337 428.0 320.0 
nomask 0.00016379356 48.795742 0.0 198.08162 145.98181 
nomask 0.00016179681 331.88904 37.295494 428.0 313.22925 
nomask 0.00016129017 41.279823 230.89592 285.31403 320.0 
mask 0.00015425682 52.121563 226.56064 364.58466 320.0 
nomask 0.00015288591 190.67944 172.15361 221.7473 199.5511 
nomask 0.00015094876 0.0 0.0 74.27428 85.827545 
nomask 0.00015074015 63.143627 161.68175 344.23758 279.00327 
mask 0.00014996529 0.0 1.7021942 301.60538 135.79292 
mask 0.00014516711 0.0 201.62254 254.9513 320.0 
mask 0.00014266372 253.35231 1.4359999 428.0 142.03459 
nomask 0.00014185905 0.0 66.81627 111.15933 265.26984 
nomask 0.00014168024 0.0 30.67001 190.18329 145.34538 
nomask 0.00013399124 5.1799717 0.0 124.33091 90.46543 
nomask 0.00013071299 317.6812 61.14359 428.0 257.22952 
mask 0.00012978911 337.68176 0.0 428.0 219.84383 
nomask 0.00012931228 237.83687 176.96333 428.0 287.859 
nomask 0.00012207031 208.53041 82.92885 318.64902 261.87384 
nomask 0.000121325254 253.85036 221.79651 428.0 320.0 
mask 0.000120818615 41.279823 230.89592 285.31403 320.0 
nomask 0.00012037158 2.2220726 41.41774 179.37938 285.0687 
nomask 0.00011357665 422.08392 6.325145 427.9584 55.488632 
mask 0.000107973814 32.17436 192.84314 209.98636 320.0 
nomask 0.000105410814 247.7965 104.12872 428.0 210.13719 
nomask 0.00010278821 361.96756 101.88697 389.6314 137.92836 
nomask 0.00010231137 275.27975 23.080883 428.0 163.55923 
nomask 0.00010025501 0.0 54.649662 2.0648797 105.86262 
nomask 9.7990036e-05 6.7735095 0.0 260.09732 44.857513 
nomask 9.688735e-05 0.0 107.48946 184.88997 211.70502 
nomask 9.6052885e-05 361.24243 13.517027 428.0 150.40446 
nomask 9.5427036e-05 26.410976 88.80319 76.50392 185.71835 
nomask 9.2715025e-05 54.49354 15.875325 244.72408 151.23567 
mask 8.9645386e-05 239.1867 234.28522 428.0 320.0 
nomask 8.8751316e-05 0.21601179 91.0533 21.579605 267.67917 
nomask 8.7469816e-05 0.0 86.68033 1.4251201 136.81097 
nomask 8.672476e-05 0.0 71.509 1.0080526 117.71315 
nomask 8.660555e-05 140.55522 0.0 286.77798 147.77187 
mask 8.547306e-05 1.2113353 2.303555 6.6030946 66.56778 
mask 8.416176e-05 0.0 0.0 189.4152 81.364525 
mask 8.404255e-05 270.06256 187.24953 428.0 320.0 
nomask 8.291006e-05 0.0 175.45792 109.66357 320.0 
nomask 8.198619e-05 120.359 70.61832 340.28516 157.099 
nomask 7.9900026e-05 10.571671 99.72187 321.35004 222.73903 
nomask 7.9482794e-05 160.82753 0.0 417.02823 111.398834 
nomask 7.882714e-05 90.981125 72.75079 236.23209 226.8211 
nomask 7.83205e-05 81.03739 0.20322561 380.40915 43.455677 
mask 7.671118e-05 237.83687 176.96333 428.0 287.859 
mask 7.510185e-05 278.58963 99.1537 428.0 294.89648 
nomask 7.280707e-05 0.0 0.0 108.52098 4.827853 
mask 7.149577e-05 0.0 233.60822 195.22835 320.0 
nomask 7.104874e-05 0.0 233.60822 195.22835 320.0 
nomask 6.979704e-05 23.40389 61.659966 80.56498 152.31482 
mask 6.940961e-05 108.38988 222.55139 373.97345 320.0 
mask 6.908178e-05 331.88904 37.295494 428.0 313.22925 
