nomask 0.9991914 0.23724167 0.28741246 0.6250885 0.6987801 
mask 0.0040558875 0.23629513 0.29687625 0.62542593 0.69639534 
mask 0.003272742 0.0 0.0061224997 0.27787495 0.1881986 
nomask 0.0031641722 0.30076376 0.48125482 0.63029706 0.71431565 
mask 0.00204584 0.0 0.22952558 0.036081605 0.63727456 
nomask 0.0015600026 0.012235552 0.0077548698 0.26101452 0.17725167 
nomask 0.0014392138 0.0 0.22952558 0.036081605 0.63727456 
nomask 0.0012264252 0.34661102 0.58545834 0.70073915 0.7390395 
mask 0.0007413626 0.0068593062 0.0 0.027182613 0.17133485 
nomask 0.0007362962 0.0 0.006445989 0.15832822 0.15779942 
nomask 0.00073364377 0.0051583555 0.0 0.040833734 0.07027884 
nomask 0.0007070601 0.19149205 0.5657223 0.5158001 0.73391813 
mask 0.0006982088 0.88969237 0.0 0.9847314 0.1380025 
mask 0.000682503 0.0051583555 0.0 0.040833734 0.07027884 
mask 0.00068062544 0.95624125 0.0027408004 0.9962697 0.16643451 
mask 0.0006015003 0.86943656 0.016366467 0.9957672 0.37986457 
nomask 0.0005944967 0.14206688 0.41061294 0.30406767 0.71935534 
mask 0.0005892217 0.0 0.23581961 0.020249441 0.5785692 
nomask 0.00057289004 0.0068593062 0.0 0.027182613 0.17133485 
mask 0.0005198419 0.0 0.006445989 0.15832822 0.15779942 
nomask 0.0004502833 0.0 0.57285386 0.45516744 1.0 
mask 0.00044581294 0.0035919491 0.36155516 0.04848931 0.7726088 
nomask 0.00044500828 0.0074087456 0.0064820107 0.18587562 0.043676488 
nomask 0.0004184246 0.0 0.23581961 0.020249441 0.5785692 
mask 0.00041231513 0.0022087153 0.40509558 0.021978775 0.65514004 
mask 0.000400424 0.00431955 0.16611515 0.016555615 0.51436704 
nomask 0.00039312243 0.39290154 0.3623789 0.6158813 0.6385818 
mask 0.00037813187 0.0017899973 0.34983152 0.027761187 0.59231025 
mask 0.00037792325 0.0 0.0087093 0.2948476 0.08368313 
mask 0.00036224723 0.87741196 0.004064422 1.0 0.056276213 
mask 0.00035849214 0.013292661 0.0 0.0612695 0.31775606 
mask 0.00033789873 0.0 0.022955656 0.17921099 0.28970274 
mask 0.00032505393 0.0022628359 0.4611513 0.017052375 0.71911806 
nomask 0.00032404065 0.62843966 0.70034933 1.0 1.0 
mask 0.00032186508 0.62843966 0.70034933 1.0 1.0 
nomask 0.0003208518 0.6369493 0.29898104 1.0 1.0 
nomask 0.00031849742 0.0 0.2962247 0.35991168 0.72447836 
mask 0.0003145337 0.14206688 0.41061294 0.30406767 0.71935534 
nomask 0.00030639768 0.7636781 0.59616375 1.0 1.0 
nomask 0.00029805303 0.0 0.0 0.6716848 0.26858974 
nomask 0.000295043 0.0 0.0014559925 0.2517109 0.092421636 
nomask 0.00029420853 0.0 0.0 0.15923005 0.091499835 
mask 0.00028452277 0.0 0.19992352 0.11307737 0.7593747 
nomask 0.00028446317 0.7638543 0.0 1.0 0.7136247 
nomask 0.0002798438 0.24115437 0.24915028 0.7931083 0.86993647 
nomask 0.00027549267 0.7604131 0.04006517 0.98312885 0.66125906 
nomask 0.00027531385 0.2447795 0.35769212 0.49448827 0.8255904 
nomask 0.00027033687 0.0 0.0 0.24215738 0.4384169 
mask 0.00026774406 0.9497664 0.0019089226 1.0 0.06390784 
nomask 0.0002656579 0.00431955 0.16611515 0.016555615 0.51436704 
nomask 0.0002630949 0.0017899973 0.34983152 0.027761187 0.59231025 
mask 0.0002630651 0.936622 0.0119151175 0.9954823 0.4459426 
nomask 0.00025996566 0.0 0.0 0.3374907 0.31579944 
mask 0.00025826693 0.0074087456 0.0064820107 0.18587562 0.043676488 
nomask 0.0002528131 0.70675635 0.18722466 1.0 0.96352303 
nomask 0.00024577975 0.8711984 0.7835508 1.0 1.0 
nomask 0.0002452433 0.0 0.0 0.0693903 0.16299215 
nomask 0.00024193525 0.0 0.27379382 0.17841147 0.64280117 
nomask 0.0002373755 0.0 0.2030651 0.2602451 0.8273123 
nomask 0.00022366643 0.06020367 0.007941834 0.22761354 0.036538552 
mask 0.00021848083 0.122593224 0.45570827 0.99213797 0.9976857 
nomask 0.00021359324 0.0022087153 0.40509558 0.021978775 0.65514004 
nomask 0.00021335483 0.6441488 0.90302765 1.0 1.0 
mask 0.00021222234 0.8711984 0.7835508 1.0 1.0 
mask 0.00020954013 0.008067081 0.03694059 0.020497827 0.23541738 
nomask 0.00020939112 0.8833343 0.0 1.0 1.0 
mask 0.00020697713 0.3686294 0.62923384 0.72102314 0.77976155 
nomask 0.00020682812 0.4581521 0.12440038 1.0 1.0 
nomask 0.00020581484 0.023975275 0.24708912 0.23440558 0.6913171 
mask 0.00020414591 0.4581521 0.12440038 1.0 1.0 
mask 0.00020337105 0.6441488 0.90302765 1.0 1.0 
nomask 0.00020325184 0.9244334 0.02573672 0.99639016 0.35948256 
nomask 0.00019782782 0.055939525 0.37121937 0.60836756 0.9675466 
nomask 0.00019603968 0.0 0.8791574 1.0 1.0 
nomask 0.00019526482 0.05023268 0.0 0.67708075 0.12622976 
nomask 0.00019413233 0.95624125 0.0027408004 0.9962697 0.16643451 
nomask 0.00019317865 0.0 0.38282734 0.3772831 1.0 
nomask 0.0001911223 0.13407764 0.24701324 0.60175955 0.49617955 
nomask 0.00018942356 0.0 0.01808089 0.26391727 0.62143195 
nomask 0.00018841028 0.0 0.19992352 0.11307737 0.7593747 
nomask 0.00018495321 0.86611956 0.018982679 1.0 0.7078873 
mask 0.00018447638 0.19149205 0.5657223 0.5158001 0.73391813 
mask 0.00018036366 0.7636781 0.59616375 1.0 1.0 
mask 0.00017887354 0.0 0.8791574 1.0 1.0 
nomask 0.00017645955 0.21110395 0.0 0.5433588 0.15117271 
mask 0.00017273426 0.0 0.61311114 0.56823444 1.0 
mask 0.00017136335 0.003258165 0.12332398 0.011515617 0.42794335 
nomask 0.00017118454 0.55849963 0.0038136542 1.0 0.4423875 
mask 0.00016992571 0.31266102 0.3126697 1.0 1.0 
nomask 0.00016992424 0.31266102 0.3126697 1.0 1.0 
mask 0.00016969442 0.0 0.27379382 0.17841147 0.64280117 
mask 0.00016903877 0.0 0.0 0.0693903 0.16299215 
nomask 0.00016710162 0.121655926 0.0 0.45813298 0.45113197 
nomask 0.00016650558 0.089925766 0.69422644 0.65817845 1.0 
nomask 0.00016278028 0.004782647 0.012406927 0.40153435 0.064471364 
nomask 0.00016137958 0.0 0.0 0.59805954 0.48738664 
nomask 0.00016134977 0.0 0.511404 0.966215 0.99584717 
mask 0.00016072392 0.87867975 0.0 1.0 0.15379806 
mask 0.00016027689 0.0 0.0 0.4617777 0.2523445 
nomask 0.00015729666 0.0 0.022955656 0.17921099 0.28970274 
