nomask 0.99998313 63.54274 55.249855 332.4795 269.68277 
mask 0.011232197 62.59256 55.290737 332.3385 269.9404 
nomask 0.00032442808 35.32856 190.61647 214.64404 320.0 
mask 0.00029689074 0.0 203.58932 157.83878 320.0 
nomask 0.00029319525 0.0 203.58932 157.83878 320.0 
mask 0.00029239058 386.74078 0.0 433.0 320.0 
nomask 0.00022044778 3.2657309 173.75027 195.55504 320.0 
mask 0.00021672249 291.55264 209.83336 433.0 320.0 
nomask 0.00021004677 343.8687 191.59691 433.0 320.0 
mask 0.00020509958 59.43671 147.6448 433.0 320.0 
nomask 0.00018835068 142.39676 105.414925 433.0 320.0 
mask 0.0001834631 0.0 0.0 207.44235 211.38924 
mask 0.00018236041 0.0 234.21115 189.40987 320.0 
nomask 0.00017541647 267.82135 237.60927 433.0 320.0 
nomask 0.00017166138 3.976983 165.54176 433.0 320.0 
nomask 0.00016441941 327.12585 0.0 433.0 194.06186 
nomask 0.00016379356 276.9003 100.13429 433.0 293.85977 
mask 0.00015988946 279.50604 297.4019 433.0 318.93396 
nomask 0.00015932322 143.14488 178.96106 287.66592 320.0 
nomask 0.00015923381 48.760212 223.40213 369.78168 320.0 
nomask 0.00015768409 0.0 234.21115 189.40987 320.0 
nomask 0.00015124679 159.10474 208.61584 375.17496 320.0 
mask 0.00015088916 200.11293 43.286324 433.0 320.0 
mask 0.00015050173 350.64398 309.3282 415.99628 319.68872 
nomask 0.0001501739 252.6646 1.1331272 433.0 143.13918 
nomask 0.00014322996 87.17648 0.0 349.93146 121.22969 
mask 0.00013551116 369.74564 306.6287 424.35464 318.79297 
nomask 0.00012764435 223.128 3.463688 433.0 320.0 
nomask 0.00012475252 280.77353 122.350006 433.0 320.0 
nomask 0.00012287498 386.74078 0.0 433.0 320.0 
mask 0.00012096763 326.93408 312.32156 403.734 320.0 
mask 0.00011777878 48.760212 223.40213 369.78168 320.0 
nomask 0.000115305185 304.7001 24.742126 433.0 205.29091 
nomask 0.00011193752 247.76575 99.64221 327.17697 203.16074 
nomask 0.00011020899 0.0 105.87444 196.55511 213.77913 
nomask 0.00010985136 307.3441 177.95825 433.0 320.0 
nomask 0.00010842085 58.87241 107.59654 217.02753 312.33557 
mask 0.000108122826 3.2657309 173.75027 195.55504 320.0 
mask 0.00010794401 283.24405 195.79575 433.0 320.0 
nomask 0.0001065135 2.3021975 11.573753 416.11914 214.60182 
mask 0.000101685524 304.7001 24.742126 433.0 205.29091 
mask 9.641051e-05 268.59012 276.09134 421.8087 317.6098 
nomask 9.62615e-05 55.387966 164.9279 344.95505 277.4738 
nomask 9.572506e-05 319.32147 54.620934 433.0 266.8073 
nomask 9.304285e-05 0.0 0.0 185.32169 80.80905 
mask 9.11057e-05 276.9003 100.13429 433.0 293.85977 
nomask 8.8870525e-05 133.14737 0.0 347.64673 239.23628 
nomask 8.675456e-05 26.58772 0.0 249.666 104.53722 
nomask 8.666515e-05 0.0 0.0 105.7564 141.30115 
nomask 8.3744526e-05 55.611923 252.24545 433.0 320.0 
mask 7.8201294e-05 252.6646 1.1331272 433.0 143.13918 
nomask 7.817149e-05 0.0 145.41069 133.9476 314.80554 
nomask 7.5250864e-05 389.36908 209.48438 433.0 320.0 
nomask 7.504225e-05 243.02304 234.66133 433.0 320.0 
nomask 7.477403e-05 281.65295 289.1078 433.0 320.0 
mask 7.477403e-05 327.12585 0.0 433.0 194.06186 
mask 7.43866e-05 281.65295 289.1078 433.0 320.0 
mask 7.405877e-05 243.02304 234.66133 433.0 320.0 
nomask 7.402897e-05 55.471783 0.0 200.96893 147.37363 
mask 7.337332e-05 417.281 278.5887 429.397 320.0 
nomask 6.7561865e-05 335.7233 36.14589 433.0 306.90274 
mask 6.583333e-05 389.36908 209.48438 433.0 320.0 
nomask 6.443262e-05 0.0 0.0 157.43155 111.30917 
mask 6.315112e-05 0.0 270.70334 433.0 320.0 
nomask 6.279349e-05 0.0 253.51657 319.05865 320.0 
nomask 6.198883e-05 0.0 179.92282 185.17899 287.25134 
nomask 6.0617924e-05 4.6240807 0.0 187.39488 236.98648 
mask 6.0528517e-05 35.32856 190.61647 214.64404 320.0 
nomask 5.8561563e-05 59.38752 24.579535 364.5125 153.80711 
nomask 5.6803226e-05 238.41228 177.23026 433.0 292.03336 
nomask 5.5998564e-05 268.94052 0.0 433.0 120.44977 
nomask 5.4895878e-05 0.0 41.378983 107.78872 276.88477 
nomask 5.376339e-05 145.51129 0.0 290.37448 148.80904 
mask 5.2809715e-05 0.0 116.27522 110.77119 320.0 
mask 5.2273273e-05 415.03207 305.10992 433.0 320.0 
mask 4.87566e-05 159.10474 208.61584 375.17496 320.0 
nomask 4.786253e-05 246.70601 103.04496 433.0 211.4486 
mask 4.708767e-05 238.41228 177.23026 433.0 292.03336 
nomask 4.6163797e-05 36.953842 265.85522 366.49823 320.0 
mask 4.568696e-05 0.0 253.51657 319.05865 320.0 
mask 4.5597553e-05 316.93335 114.57353 433.0 320.0 
nomask 4.5120716e-05 0.0 83.54652 3.046178 149.72469 
mask 4.4077635e-05 0.0 2.0631075 299.98413 141.42784 
mask 4.3541193e-05 335.7233 36.14589 433.0 306.90274 
nomask 4.3153763e-05 0.0 27.231785 159.99033 162.01367 
nomask 4.23491e-05 369.74564 306.6287 424.35464 318.79297 
nomask 4.0888786e-05 230.3042 86.81576 313.55286 178.54648 
nomask 4.0471554e-05 61.85301 58.731735 167.6858 243.81271 
nomask 3.9488077e-05 0.0 67.725624 1.7428267 140.47647 
nomask 3.927946e-05 2.3876796 0.0 66.70637 133.94499 
nomask 3.8951635e-05 415.03207 305.10992 433.0 320.0 
mask 3.8951635e-05 0.0 179.92282 185.17899 287.25134 
mask 3.7819147e-05 0.0 0.0 185.32169 80.80905 
nomask 3.7312508e-05 329.0763 0.0 433.0 218.5083 
mask 3.710389e-05 0.0 105.87444 196.55511 213.77913 
mask 3.567338e-05 0.0 0.0 294.14255 83.72135 
nomask 3.2424927e-05 273.99368 25.225706 433.0 166.35623 
nomask 3.2156706e-05 2.0686336 40.793068 17.348524 208.25943 
nomask 3.1977892e-05 236.41139 0.0 433.0 84.750175 
nomask 3.027916e-05 323.60693 0.0 433.0 145.29915 
