nomask 0.999968 67.10827827453613 86.311962723732 237.88890838623047 335.6097221374512 
mask 0.0011738837 65.63834190368652 87.68851208686829 239.28936004638672 336.3249680995941 
nomask 0.0005738735 235.95006942749023 0.0 314.39191818237305 70.61971580982208 
nomask 0.0003285706 0.0 228.9830470085144 145.3145408630371 428.0 
nomask 0.00029802322 0.0 0.0 148.4192943572998 267.9527144432068 
nomask 0.00024598837 231.73324584960938 269.2250905036926 320.0 428.0 
mask 0.00024166703 195.14570236206055 303.1033148765564 320.0 428.0 
nomask 0.00021162629 179.61959838867188 3.4803666472434998 320.0 196.04486966133118 
nomask 0.00020906329 31.35784149169922 0.0 162.0279884338379 172.0939643383026 
mask 0.00020414591 0.0817251205444336 5.005468517541885 4.50420618057251 77.5103964805603 
nomask 0.0001898706 205.3318977355957 166.0765562057495 320.0 428.0 
nomask 0.00018548965 236.5755844116211 0.0 320.0 255.62539148330688 
nomask 0.00018292665 234.31827545166016 0.0 266.11351013183594 10.935846596956253 
nomask 0.00018161535 92.03253746032715 0.0 228.03592681884766 176.1486999988556 
nomask 0.00018113852 0.0 366.1699368953705 15.68272590637207 422.10815596580505 
nomask 0.00017535686 177.49069213867188 339.3752164840698 320.0 428.0 
mask 0.00017440319 43.04760932922363 196.53416657447815 320.0 428.0 
nomask 0.00017258525 0.0 0.0 77.8614091873169 195.9657862186432 
nomask 0.00016859174 21.72898292541504 254.4009246826172 162.17777252197266 428.0 
nomask 0.00016659498 202.16018676757812 128.25926208496094 320.0 396.87979793548584 
nomask 0.00016579032 0.0 109.28017973899841 59.14350986480713 265.2419891357422 
nomask 0.00016495585 225.44910430908203 239.910542011261 320.0 428.0 
mask 0.00016438961 248.55470657348633 253.73825645446777 320.0 428.0 
mask 0.00016194582 283.3821105957031 0.0 320.0 428.0 
nomask 0.00016108155 105.16358375549316 141.0208169221878 320.0 428.0 
mask 0.00015944242 100.05105972290039 133.82016742229462 320.0 428.0 
nomask 0.00015541911 49.26065444946289 0.0 276.24555587768555 115.02688014507294 
nomask 0.00015121698 289.29454803466797 273.74414801597595 320.0 428.0 
nomask 0.00014340878 0.0 0.0 136.20487213134766 111.42395329475403 
mask 0.00014257431 0.0 228.9830470085144 145.3145408630371 428.0 
mask 0.00013819337 289.29454803466797 273.74414801597595 320.0 428.0 
mask 0.00013336539 147.48658180236816 56.63456153869629 320.0 428.0 
nomask 0.00012892485 0.0 0.0 112.42420196533203 150.1134740114212 
nomask 0.00012615323 283.3821105957031 0.0 320.0 428.0 
mask 0.00012490153 0.0 366.1699368953705 15.68272590637207 422.10815596580505 
nomask 0.0001232326 1.6652297973632812 0.0 195.3034210205078 119.10543012619019 
mask 0.00012001395 0.0 0.0 148.4192943572998 267.9527144432068 
mask 0.00011897087 200.22050857543945 247.702250957489 320.0 428.0 
mask 0.00011846423 0.0 0.0 7.536585330963135 23.998584985733032 
nomask 0.00011730194 224.24779891967773 1.3723257333040237 315.7534980773926 38.68605124950409 
nomask 0.000116974115 249.0353012084961 0.17304924130439758 288.13072204589844 13.998069107532501 
nomask 0.00011602044 0.0 277.13690423965454 116.84815406799316 428.0 
nomask 0.00011506677 0.0 119.78159356117249 113.99415969848633 306.74278593063354 
nomask 0.00011321902 253.82919311523438 366.00779032707214 320.0 428.0 
nomask 0.00011199713 263.8735580444336 15.97068440914154 320.0 200.3925074338913 
nomask 0.00011193752 0.15587925910949707 154.7124823331833 4.376357793807983 227.19670510292053 
nomask 0.00011104345 0.0 1.9184176325798035 223.15540313720703 187.80774235725403 
mask 0.00010830164 205.8712387084961 388.0916886329651 320.0 428.0 
nomask 0.000105232 237.38937377929688 81.29270243644714 320.0 340.7175176143646 
nomask 0.00010430813 213.01284790039062 40.00779068470001 320.0 276.55280923843384 
nomask 0.00010085106 217.09407806396484 0.05064329877495766 245.95706939697266 11.506090834736824 
mask 9.945035e-05 213.01284790039062 40.00779068470001 320.0 276.55280923843384 
nomask 9.5009804e-05 0.0 6.115088939666748 85.46724319458008 257.03726053237915 
nomask 9.471178e-05 0.0 403.43272852897644 18.198304176330566 428.0 
mask 9.0420246e-05 0.0 373.130300283432 320.0 428.0 
nomask 8.9764595e-05 0.0 43.88980555534363 135.5455207824707 194.04257893562317 
nomask 8.916855e-05 7.4796223640441895 411.2947452068329 48.62661361694336 427.1155664920807 
nomask 8.7976456e-05 40.243492126464844 336.6022958755493 320.0 428.0 
nomask 8.59797e-05 0.0 337.8694167137146 225.0514030456543 428.0 
mask 8.5651875e-05 0.0 403.43272852897644 18.198304176330566 428.0 
mask 8.484721e-05 1.418624371290207 22.47212466597557 5.126365423202515 101.96487200260162 
mask 8.4370375e-05 1.9134849309921265 0.0 14.201138019561768 157.7006757259369 
nomask 8.416176e-05 0.0 80.96996545791626 82.57922172546387 348.5671615600586 
nomask 8.124113e-05 201.91343307495117 0.0 320.0 151.680295586586 
nomask 8.08239e-05 314.793701171875 1.4902318120002747 317.7651596069336 90.80981439352036 
mask 8.0794096e-05 202.16018676757812 128.25926208496094 320.0 396.87979793548584 
nomask 8.034706e-05 234.6668243408203 17.68767523765564 320.0 246.7426881790161 
nomask 7.9363585e-05 171.52620315551758 310.0655915737152 320.0 428.0 
nomask 7.852912e-05 25.248990058898926 415.95038747787476 69.97936725616455 427.71050357818604 
nomask 7.8350306e-05 59.76941108703613 206.0486317873001 243.75450134277344 329.29304695129395 
mask 7.599592e-05 7.4796223640441895 411.2947452068329 48.62661361694336 427.1155664920807 
nomask 7.5399876e-05 0.0 98.25221687555313 13.633701801300049 304.67342734336853 
nomask 7.471442e-05 237.12770462036133 9.682088628411293 261.6013526916504 47.557032346725464 
nomask 7.44462e-05 0.0 296.748628616333 23.218860626220703 428.0 
mask 7.31647e-05 171.52620315551758 310.0655915737152 320.0 428.0 
mask 7.009506e-05 0.0 0.0 213.11477661132812 111.42377471923828 
nomask 6.920099e-05 101.80706024169922 84.02835816144943 200.3160285949707 160.18642139434814 
nomask 6.8962574e-05 184.63642120361328 139.42965805530548 320.0 281.0355648994446 
mask 6.848574e-05 5.138437747955322 0.0 51.58123016357422 9.848202124238014 
nomask 6.788969e-05 3.128710389137268 222.76721596717834 8.444733023643494 289.01067090034485 
nomask 6.7681074e-05 29.852781295776367 308.3065462112427 213.1631088256836 428.0 
mask 6.702542e-05 179.61959838867188 3.4803666472434998 320.0 196.04486966133118 
nomask 6.6012144e-05 50.459909439086914 37.19195455312729 269.27661895751953 207.83646607398987 
mask 6.508827e-05 250.04058837890625 0.0 320.0 288.9083471298218 
nomask 6.505847e-05 174.7092628479004 235.36666250228882 320.0 387.3924889564514 
nomask 6.428361e-05 114.27058219909668 263.5746040344238 275.5359649658203 428.0 
nomask 6.341934e-05 280.15270233154297 413.3512463569641 314.25437927246094 427.0303349494934 
nomask 6.198883e-05 306.5428924560547 407.7223165035248 320.0 427.7879288196564 
mask 6.1154366e-05 0.0 109.28017973899841 59.14350986480713 265.2419891357422 
nomask 6.0647726e-05 4.438387155532837 376.8068895339966 34.80532169342041 424.069552898407 
nomask 6.043911e-05 102.91297912597656 241.0879669189453 215.10581970214844 428.0 
nomask 6.005168e-05 0.0817251205444336 5.005468517541885 4.50420618057251 77.5103964805603 
mask 5.8233738e-05 0.0 337.8694167137146 225.0514030456543 428.0 
nomask 5.787611e-05 0.43408527970314026 175.3741797208786 4.134206771850586 254.44531345367432 
nomask 5.7548285e-05 281.2906265258789 34.73533582687378 320.0 257.987664937973 
nomask 5.725026e-05 136.30666732788086 76.03626835346222 196.25425338745117 179.87272655963898 
nomask 5.555153e-05 43.33338260650635 155.9670901298523 156.35107040405273 428.0 
nomask 5.5521727e-05 173.14996719360352 0.0 283.1688117980957 190.74997806549072 
nomask 5.51641e-05 0.0 234.4387331008911 83.93190383911133 428.0 
mask 5.3942204e-05 65.6275463104248 329.9754605293274 299.36302185058594 428.0 
