nomask 0.9999893 69.404816 108.25658 334.1927 282.78906 
mask 0.14852715 70.824615 105.55839 326.1918 284.67148 
mask 0.00061395764 354.413 127.441025 428.0 279.92548 
nomask 0.000585407 157.85826 0.0 351.91632 237.73567 
nomask 0.00042259693 340.66995 0.0 428.0 220.38919 
mask 0.0002849996 1.0599374 52.711178 4.7627516 110.700874 
nomask 0.00027698278 56.08191 182.62479 203.87654 320.0 
mask 0.0002670288 0.58415043 0.0 10.041324 32.411774 
nomask 0.00025707483 0.0 214.64531 135.94543 320.0 
nomask 0.00025051832 368.2085 93.06561 428.0 269.71558 
nomask 0.00023296475 0.0 189.53346 255.32826 320.0 
mask 0.00022187829 56.02544 146.43658 428.0 320.0 
mask 0.00022122264 0.0 214.64531 135.94543 320.0 
mask 0.00019550872 133.81885 100.05223 428.0 320.0 
nomask 0.00019550705 133.81885 100.05223 428.0 320.0 
nomask 0.0001937747 0.58415043 0.0 10.041324 32.411774 
nomask 0.00019285083 0.0 0.0 191.83498 196.05237 
nomask 0.00016435981 56.02544 146.43658 428.0 320.0 
mask 0.00016000867 0.0 0.0 64.61287 96.05561 
nomask 0.00015845895 324.28894 69.98491 428.0 270.6327 
nomask 0.0001578629 341.4942 192.78308 428.0 320.0 
mask 0.00015550852 0.0 0.0 191.83498 196.05237 
mask 0.00014263391 0.0 238.57861 178.96468 320.0 
nomask 0.00014057755 0.0 95.24463 157.1276 229.05774 
mask 0.00013972851 219.61972 2.844677 428.0 320.0 
nomask 0.0001283884 0.0 238.57861 178.96468 320.0 
mask 0.00012713671 0.0 0.0 199.77084 81.22578 
mask 0.00012713671 398.9947 0.8576536 424.1202 116.57215 
nomask 0.00012239814 308.67667 183.2837 428.0 320.0 
mask 0.00012046099 0.0 61.91468 2.8969378 120.26649 
nomask 0.000120192766 246.09421 1.1472797 428.0 140.54959 
nomask 0.00011741642 219.61972 2.844677 428.0 320.0 
mask 0.0001116395 308.67667 183.2837 428.0 320.0 
mask 0.00011020899 341.4942 192.78308 428.0 320.0 
nomask 0.00010180473 0.0 15.632315 149.2566 162.16415 
mask 9.843707e-05 0.0 40.34558 2.6003625 100.56273 
mask 9.825826e-05 243.10133 237.06474 428.0 320.0 
nomask 9.2208385e-05 388.2237 206.80026 428.0 320.0 
mask 9.1701746e-05 212.34587 0.0 340.91882 52.665756 
nomask 9.036064e-05 0.76034904 134.92216 6.33062 191.97029 
mask 8.958578e-05 267.05627 238.51952 428.0 320.0 
mask 8.800626e-05 388.2237 206.80026 428.0 320.0 
mask 8.7708235e-05 374.96286 0.0 428.0 320.0 
mask 8.699298e-05 0.0 0.0 132.34312 48.66705 
mask 8.589029e-05 340.66995 0.0 428.0 220.38919 
nomask 8.511543e-05 274.27203 290.18677 428.0 320.0 
mask 8.404255e-05 274.27203 290.18677 428.0 320.0 
mask 8.1926584e-05 353.67053 192.50308 428.0 320.0 
nomask 8.165836e-05 267.05627 238.51952 428.0 320.0 
nomask 8.055568e-05 243.10133 237.06474 428.0 320.0 
mask 7.5131655e-05 56.08191 182.62479 203.87654 320.0 
nomask 7.259846e-05 245.36873 128.50258 428.0 275.32672 
nomask 6.982684e-05 311.04523 5.6629467 428.0 208.33923 
nomask 6.80387e-05 285.76318 29.352312 428.0 206.89209 
mask 6.765127e-05 323.47348 112.912056 428.0 304.42072 
nomask 6.735325e-05 0.0 0.0 103.39926 214.70879 
nomask 6.532669e-05 251.07217 109.7431 428.0 213.01169 
nomask 6.443262e-05 374.96286 0.0 428.0 320.0 
mask 6.41644e-05 285.76318 29.352312 428.0 206.89209 
mask 6.374717e-05 0.76514846 0.0 5.4124885 69.46297 
mask 6.312132e-05 47.27194 0.0 194.06824 145.92567 
nomask 6.2555075e-05 141.5511 0.0 282.54507 146.01698 
mask 6.0528517e-05 371.1959 0.0 428.0 105.74238 
nomask 5.8978796e-05 0.0 235.14496 296.79272 320.0 
nomask 5.7786703e-05 67.28726 120.39002 226.67572 316.42206 
mask 5.605817e-05 372.00873 59.990788 428.0 254.5133 
mask 5.5342913e-05 0.0 189.53346 255.32826 320.0 
nomask 5.492568e-05 374.05304 25.613441 428.0 221.09636 
nomask 5.4836273e-05 353.21585 150.34468 428.0 303.57196 
nomask 5.415082e-05 1.0599374 52.711178 4.7627516 110.700874 
mask 5.313754e-05 2.0335765 307.50067 23.328716 320.0 
nomask 5.3077936e-05 333.93713 48.67679 428.0 311.06873 
mask 5.2899122e-05 3.192535 0.0 108.65211 91.46995 
mask 5.173683e-05 0.0 0.0 99.16216 64.818504 
mask 5.1677227e-05 246.09421 1.1472797 428.0 140.54959 
mask 5.1617622e-05 293.3088 3.2216167 428.0 83.20494 
nomask 5.054474e-05 0.0 0.0 199.77084 81.22578 
nomask 5.0216913e-05 151.41882 201.10565 373.24542 320.0 
mask 4.9948692e-05 294.73563 0.0 428.0 43.1468 
nomask 4.9620867e-05 264.67072 0.0 428.0 124.834656 
mask 4.851818e-05 0.0 155.24461 58.147835 320.0 
mask 4.7564507e-05 0.0 279.36935 428.0 320.0 
nomask 4.6998262e-05 0.0 155.74242 151.7779 300.82635 
nomask 4.6014786e-05 5.7780914 52.95936 179.6644 279.85263 
nomask 4.5627356e-05 0.0 279.36935 428.0 320.0 
mask 4.5627356e-05 334.21805 250.29718 428.0 320.0 
mask 4.49121e-05 157.85826 0.0 351.91632 237.73567 
nomask 4.4703484e-05 0.0 0.85751534 304.31064 129.21568 
nomask 4.4584274e-05 334.21805 250.29718 428.0 320.0 
nomask 4.4554472e-05 268.74564 20.56715 428.0 162.65434 
mask 4.4375658e-05 274.59378 0.0 409.52798 52.802982 
mask 4.3928623e-05 0.76034904 134.92216 6.33062 191.97029 
mask 4.339218e-05 0.0 0.0 103.39926 214.70879 
mask 4.3213367e-05 409.5437 308.4176 428.0 320.0 
mask 4.3094158e-05 0.0 28.174906 185.37799 146.14894 
mask 4.1633844e-05 245.83633 172.64146 428.0 284.55936 
nomask 4.1097403e-05 47.27194 0.0 194.06824 145.92567 
nomask 4.0888786e-05 0.0 61.91468 2.8969378 120.26649 
mask 4.0769577e-05 323.1512 3.941059 427.99286 229.38005 
mask 4.0590763e-05 116.82244 0.0 256.247 59.79232 
