nomask 0.9999828 0.18304211 0.38153112 0.75365245 0.89292276 
mask 0.051240027 0.18454215 0.3727191 0.7377819 0.9058837 
nomask 0.00049993396 0.3660835 0.0 0.8196151 0.74964404 
nomask 0.00048181415 0.7454821 0.0 1.0 0.6396291 
nomask 0.00046274066 0.0 0.5961664 0.6002388 1.0 
nomask 0.0002976358 0.0 0.66786104 0.32052627 1.0 
nomask 0.00023758411 0.79074895 0.6006292 1.0 1.0 
nomask 0.00022467971 0.1361926 0.5648853 0.4793448 1.0 
nomask 0.00021481514 0.7137121 0.57865894 1.0 1.0 
mask 0.00017851591 0.0 0.66786104 0.32052627 1.0 
mask 0.00017771125 0.6642873 0.62346625 1.0 1.0 
nomask 0.00017654896 0.0 0.0 0.45460603 0.61389405 
nomask 0.00017309189 0.0 0.7430419 0.42586786 1.0 
mask 0.00016412139 0.79074895 0.6006292 1.0 1.0 
nomask 0.00015482306 0.17836197 0.39198673 0.39961034 0.71806467 
mask 0.00015321374 0.0 0.7430419 0.42586786 1.0 
nomask 0.00013822317 0.0 0.2996992 0.36059412 0.71667635 
mask 0.0001269877 0.0 0.5961664 0.6002388 1.0 
mask 0.00012046099 0.56435347 0.7399384 1.0 1.0 
nomask 0.000109285116 0.56435347 0.7399384 1.0 1.0 
mask 0.00010788441 0.12327418 0.4553565 0.99305904 0.998011 
nomask 0.00010356307 0.23968628 0.72576404 0.74063706 0.89285815 
mask 0.00010293722 0.0 0.9174251 0.17159256 1.0 
nomask 9.831786e-05 0.74705815 0.37168977 1.0 0.99773884 
nomask 9.787083e-05 0.9064108 0.6514365 1.0 1.0 
mask 9.715557e-05 0.61732674 0.7293552 1.0 1.0 
nomask 9.384751e-05 0.0 0.48336804 0.35724935 0.933563 
mask 9.3609095e-05 0.9064108 0.6514365 1.0 1.0 
nomask 9.173155e-05 0.32645562 0.32759383 1.0 1.0 
nomask 9.152293e-05 0.23031117 0.83048904 0.55764186 1.0 
mask 9.027281e-05 0.31266117 0.3126661 1.0 1.0 
nomask 8.9108944e-05 0.5781363 0.004367605 1.0 0.44095063 
mask 8.833408e-05 0.8750135 0.0 1.0 1.0 
nomask 8.574128e-05 0.8745705 0.15198791 1.0 0.7701488 
nomask 8.434057e-05 0.7940843 0.85525453 1.0 1.0 
nomask 8.314848e-05 0.61732674 0.7293552 1.0 1.0 
mask 8.21352e-05 0.0 0.4918449 0.12833413 1.0 
nomask 8.139014e-05 0.8750135 0.0 1.0 1.0 
mask 8.08835e-05 0.6426219 0.9056899 1.0 1.0 
nomask 7.981062e-05 0.74415654 0.016369432 1.0 0.6556941 
nomask 7.918477e-05 0.57215667 0.53688323 1.0 0.894959 
mask 7.5503376e-05 0.51006496 0.005344212 1.0 1.0 
nomask 7.376075e-05 0.6657168 0.09290746 1.0 0.64798236 
nomask 7.161498e-05 0.0 0.51133245 0.97086346 0.9964836 
mask 7.069111e-05 0.6657168 0.09290746 1.0 0.64798236 
nomask 6.8336725e-05 0.0 0.73375994 0.6877866 1.0 
mask 6.5624714e-05 0.010247035 0.96627885 0.06527864 1.0 
mask 6.443262e-05 0.0 0.0 0.41974044 0.7118122 
mask 6.28531e-05 0.87881887 0.25363052 1.0 0.8576766 
nomask 6.145239e-05 0.77035946 0.14189547 1.0 0.9808561 
nomask 5.9634447e-05 0.0 0.5309771 0.16167466 0.98795027 
mask 5.9604645e-05 0.23968628 0.72576404 0.74063706 0.89285815 
mask 5.8978796e-05 0.786508 0.0 1.0 0.70945597 
nomask 5.683303e-05 0.58840114 0.34181464 1.0 0.66417587 
nomask 5.6415796e-05 0.69027776 0.75898725 1.0 1.0 
nomask 5.5760145e-05 0.022577256 0.35743558 0.70855093 0.70770586 
nomask 5.3942204e-05 0.6502814 0.30997437 1.0 0.9093099 
mask 5.3197145e-05 0.57215667 0.53688323 1.0 0.894959 
nomask 5.030632e-05 0.17051536 0.4117418 0.44159472 0.5814313 
nomask 4.9859285e-05 0.0 0.34579787 0.2486528 1.0 
mask 4.87864e-05 0.0 0.0 0.45804846 0.25822005 
nomask 4.8190355e-05 0.00011930382 0.08071217 0.013348775 0.22118929 
nomask 4.7445297e-05 0.010247035 0.96627885 0.06527864 1.0 
mask 4.7177076e-05 0.968541 0.002315633 1.0 0.05706424 
mask 4.696846e-05 0.0 0.6329027 0.291325 0.86526805 
nomask 4.673004e-05 0.09033659 0.6975936 0.64771545 1.0 
nomask 4.6283007e-05 0.0030347882 0.024124704 0.019807432 0.15020436 
mask 4.553795e-05 0.71127605 0.0 1.0 0.13393265 
nomask 4.4614077e-05 0.0 0.0 0.23457122 0.6775584 
nomask 4.4047832e-05 0.0 0.0025037974 0.71990144 0.40046632 
mask 4.3809414e-05 0.86566275 0.057118446 1.0 0.64768136 
nomask 4.3570995e-05 0.0 0.8761209 1.0 1.0 
mask 4.3541193e-05 0.0 0.8761209 1.0 1.0 
nomask 4.2676926e-05 0.9535604 0.9599605 1.0 1.0 
nomask 4.2676926e-05 0.0 0.6329027 0.291325 0.86526805 
nomask 4.1991472e-05 0.31693858 0.74338394 1.0 1.0 
mask 4.10676e-05 0.1361926 0.5648853 0.4793448 1.0 
nomask 3.954768e-05 0.0 0.08579418 0.42955536 0.45073685 
mask 3.9458275e-05 0.23031117 0.83048904 0.55764186 1.0 
nomask 3.916025e-05 0.32765287 0.0 0.66204685 0.45367447 
mask 3.916025e-05 0.09033659 0.6975936 0.64771545 1.0 
mask 3.8802624e-05 0.4967699 0.8476672 0.80877113 1.0 
nomask 3.8713217e-05 0.8033707 0.24947068 1.0 0.6548321 
nomask 3.8683414e-05 0.67321503 0.1867711 1.0 0.84786946 
nomask 3.8534403e-05 0.371167 0.801754 0.7014428 1.0 
nomask 3.7431717e-05 0.20288125 0.76076883 0.92844534 1.0 
mask 3.72231e-05 0.0017781425 0.0081888735 0.047607638 0.45876634 
mask 3.6478043e-05 0.7777008 0.31161195 1.0 0.9930778 
mask 3.504753e-05 0.8576189 0.0 1.0 0.34461224 
mask 3.4570694e-05 0.76202476 0.005935967 1.0 0.7138022 
nomask 3.412366e-05 0.09429708 0.43716776 0.26803115 0.8142426 
nomask 3.388524e-05 0.00974074 0.17098552 0.43112272 0.88633543 
mask 3.33786e-05 0.0030347882 0.024124704 0.019807432 0.15020436 
nomask 3.322959e-05 0.023501724 0.026282012 0.98597276 0.6513339 
mask 3.3080578e-05 0.7774362 0.850025 1.0 0.9973082 
mask 3.2812357e-05 0.0 0.0 0.23841046 0.43714243 
mask 3.2365322e-05 0.010733217 0.0038078744 0.051495012 0.041184977 
mask 3.182888e-05 0.00011930382 0.08071217 0.013348775 0.22118929 
mask 3.144145e-05 0.69027776 0.75898725 1.0 1.0 
nomask 3.1143427e-05 0.0 0.40673018 0.11128464 0.95429444 
