nomask 0.99997926 32.26078224182129 48.80744504928589 157.45674151182175 235.913924574852 
mask 0.01514861 32.26078224182129 48.80744504928589 157.45674151182175 235.913924574852 
mask 0.00028660893 69.63845467567444 225.4107427597046 148.40994703769684 259.32860720157623 
mask 0.00027632713 33.712465330958366 243.61552673578262 129.819639980793 259.0115438103676 
mask 0.00025215745 0.0 0.0 90.95396441221237 165.32362872362137 
mask 0.00023049116 172.0841861963272 0.0 193.0 261.0 
nomask 0.00021418929 189.19587713479996 188.54918718338013 192.48073464632034 224.44049549102783 
mask 0.00021418929 26.24118548631668 120.13243469595909 193.0 261.0 
nomask 0.00021243095 118.02611941099167 1.0839208960533142 193.0 116.93032157421112 
nomask 0.00018674135 63.48823919892311 86.04561549425125 193.0 261.0 
mask 0.00018629432 29.942775905132294 227.77234464883804 121.79539757966995 258.88161331415176 
nomask 0.00018119812 0.0 155.02976381778717 99.05246317386627 261.0 
mask 0.0001809299 60.342725962400436 81.60558459162712 193.0 261.0 
nomask 0.00017148256 1.890586495399475 134.6663943529129 193.0 261.0 
nomask 0.00017035007 121.67899167537689 18.759143203496933 193.0 131.1577731370926 
nomask 0.00016862154 128.83965158462524 165.10362428426743 193.0 261.0 
nomask 0.00016513467 0.0 174.68271589279175 62.94684648513794 261.0 
mask 0.00015938282 86.93532636761665 240.93776375055313 156.92468404769897 260.18710988759995 
nomask 0.00015935302 0.0 1.7122372090816498 53.26889020204544 159.45194327831268 
nomask 0.000159055 23.89735335111618 148.19182920455933 89.69220447540283 261.0 
nomask 0.00015714765 81.94439589977264 223.8479676246643 150.2233897447586 260.342693567276 
nomask 0.00015464425 0.0 0.0 46.26556634902954 117.77591210603714 
mask 0.00015184283 182.89865016937256 73.90649485588074 192.08699762821198 207.72395396232605 
nomask 0.00015056133 152.21003210544586 0.0 193.0 175.35536134243011 
nomask 0.0001476109 86.93532636761665 240.93776375055313 156.92468404769897 260.18710988759995 
mask 0.00013822317 0.0 2.6107014566659927 136.00548815727234 113.2933566570282 
mask 0.00013545156 1.381740614771843 128.18192607164383 26.436109870672226 249.88019281625748 
nomask 0.00013497472 0.0 193.8747974038124 82.94074255228043 261.0 
nomask 0.0001335144 112.01994746923447 207.68616646528244 193.0 261.0 
nomask 0.00012877584 135.84611594676971 20.273202180862427 193.0 167.42790538072586 
nomask 0.00012764335 0.0 139.33664274215698 48.34227114915848 261.0 
nomask 0.00012740493 34.73246645927429 0.0 160.6133213043213 73.04692652821541 
nomask 0.00012657046 136.3927025794983 0.0 193.0 105.31487435102463 
mask 0.0001256764 112.01994746923447 207.68616646528244 193.0 261.0 
nomask 0.00012400746 23.454619213938713 0.0 87.8807058930397 119.51713943481445 
nomask 0.00011664629 139.65962582826614 104.52598062157631 193.0 261.0 
nomask 0.000112086535 111.86666071414948 102.32435721158981 193.0 226.44469517469406 
nomask 0.00011178851 43.663240402936935 197.36694395542145 179.39292168617249 261.0 
nomask 0.00011152029 0.8047238290309906 8.82385504245758 185.72860550880432 174.03953504562378 
nomask 0.00011134148 52.686348766088486 243.94537782669067 142.58024179935455 259.3624588251114 
mask 0.000110685825 0.0 222.81345516443253 58.83333170413971 257.63601046800613 
nomask 0.000110566616 1.2553983926773071 33.05560478568077 81.09580272436142 232.82054579257965 
nomask 0.00011050701 28.658503234386444 181.57166129350662 159.76000010967255 261.0 
mask 0.00010806322 135.84611594676971 20.273202180862427 193.0 167.42790538072586 
nomask 0.00010755658 0.0 86.09054356813431 85.88061571121216 172.9161776304245 
nomask 0.0001064837 182.89865016937256 73.90649485588074 192.08699762821198 207.72395396232605 
nomask 0.000105232 1.8305055648088455 161.32901269197464 45.281801864504814 261.0 
mask 0.00010457635 125.48107838630676 236.14696562290192 193.0 261.0 
nomask 0.00010386109 125.48107838630676 236.14696562290192 193.0 261.0 
nomask 0.00010022521 172.0841861963272 0.0 193.0 261.0 
nomask 9.894371e-05 111.33816939592361 194.59272873401642 193.0 261.0 
nomask 9.8377466e-05 128.92742478847504 50.51282948255539 193.0 215.94145113229752 
nomask 9.739399e-05 0.0 27.082535594701767 85.33261412382126 118.70539274811745 
nomask 9.474158e-05 0.0 0.0 80.8949481844902 67.05683040618896 
nomask 9.4383955e-05 174.24352204799652 171.79450035095215 193.0 261.0 
nomask 9.417534e-05 153.41855293512344 158.37866324186325 193.0 261.0 
mask 9.3370676e-05 0.0 193.8747974038124 82.94074255228043 261.0 
nomask 8.9854e-05 83.73162168264389 256.56028801202774 130.0367837548256 260.7061784863472 
nomask 8.8483095e-05 0.0 207.66242676973343 135.31696891784668 261.0 
mask 8.845329e-05 118.02611941099167 1.0839208960533142 193.0 116.93032157421112 
mask 8.815527e-05 0.0 223.68504112958908 192.9366376399994 261.0 
nomask 8.6545944e-05 112.23981761932373 84.96661832928658 193.0 172.89685606956482 
nomask 8.6426735e-05 0.0 2.6107014566659927 136.00548815727234 113.2933566570282 
nomask 8.380413e-05 0.0 217.17347288131714 50.41523724794388 261.0 
nomask 8.3088875e-05 7.782808572053909 0.0 116.46599960327148 93.08268508315086 
mask 8.291006e-05 153.41855293512344 158.37866324186325 193.0 261.0 
mask 8.240342e-05 174.24352204799652 171.79450035095215 193.0 261.0 
mask 8.097291e-05 99.2349808216095 2.9089683294296265 193.0 261.0 
mask 7.915497e-05 189.34066265821457 98.69604188203812 192.1514988541603 164.53128916025162 
nomask 7.8737736e-05 0.0 31.65506386756897 44.078676268458366 234.14797747135162 
mask 7.82609e-05 105.78987908363342 254.54566526412964 142.95544636249542 260.3536455631256 
nomask 7.790327e-05 1.6600272543728352 253.4487699866295 15.15228645503521 261.0 
nomask 7.751584e-05 0.0 114.19698965549469 56.929429680109024 260.3579081296921 
nomask 7.7068806e-05 9.322871685028076 221.38233733177185 173.91202002763748 261.0 
mask 7.6800585e-05 0.0 0.0 133.41300362348557 67.67199343442917 
mask 7.596612e-05 64.26874774694443 256.9638006091118 114.2527574300766 260.7154503464699 
nomask 7.57575e-05 99.2349808216095 2.9089683294296265 193.0 261.0 
mask 7.557869e-05 83.73162168264389 256.56028801202774 130.0367837548256 260.7061784863472 
mask 7.44462e-05 1.6600272543728352 253.4487699866295 15.15228645503521 261.0 
mask 7.331371e-05 23.89735335111618 148.19182920455933 89.69220447540283 261.0 
nomask 7.3224306e-05 190.10579651594162 176.85861611366272 193.0 219.44853222370148 
nomask 7.2687864e-05 64.13562121987343 0.0 128.39933609962463 122.09207966923714 
nomask 7.1525574e-05 26.63826432824135 87.41499611735344 96.44544371962547 261.0 
nomask 7.1287155e-05 25.582524091005325 23.92080406844616 166.37759351730347 123.0249205827713 
nomask 7.122755e-05 0.0 145.36216950416565 81.65652740001678 236.9454345703125 
mask 7.042289e-05 0.0 240.97082197666168 38.29998704791069 261.0 
mask 6.750226e-05 0.0 86.09054356813431 85.88061571121216 172.9161776304245 
mask 6.747246e-05 0.0 192.839164853096 136.71981018781662 261.0 
mask 6.720424e-05 23.454619213938713 0.0 87.8807058930397 119.51713943481445 
mask 6.5773726e-05 111.33816939592361 194.59272873401642 193.0 261.0 
nomask 6.5505505e-05 0.0 0.0 90.95396441221237 165.32362872362137 
nomask 6.455183e-05 184.61722189188004 250.37603509426117 193.0 261.0 
mask 6.4373016e-05 0.0 0.0 45.36916093528271 181.91101759672165 
mask 6.431341e-05 0.0 0.0 80.8949481844902 67.05683040618896 
mask 6.207824e-05 128.83965158462524 165.10362428426743 193.0 261.0 
mask 6.181002e-05 116.65665036439896 253.45158576965332 149.21680480241776 261.0 
mask 6.181002e-05 0.0 27.082535594701767 85.33261412382126 118.70539274811745 
nomask 6.0409307e-05 105.78987908363342 254.54566526412964 142.95544636249542 260.3536455631256 
mask 5.993247e-05 38.77865585684776 256.958869099617 81.8583770096302 260.5194811820984 
nomask 5.8442354e-05 0.0 240.97082197666168 38.29998704791069 261.0 
