nomask 0.99996865 0.15445277 0.16816005 0.82795835 0.90178204 
mask 0.010579705 0.15445277 0.16816005 0.82795835 0.90178204 
mask 0.00023528934 0.0 0.84785706 0.34642553 0.996551 
mask 0.00019317865 0.009714901 0.5165611 1.0 1.0 
mask 0.00018039346 0.0 0.0 0.4759671 0.64341354 
nomask 0.00017946959 0.61730695 0.003315419 1.0 0.44487968 
mask 0.00017431378 0.8739747 0.028029919 1.0 0.8967292 
mask 0.00017234683 0.328976 0.3296301 1.0 1.0 
nomask 0.00017151237 0.328976 0.3296301 1.0 1.0 
nomask 0.0001654923 0.0 0.0 0.23899278 0.44989395 
nomask 0.00015750527 0.009714901 0.5165611 1.0 1.0 
nomask 0.00015175343 0.0 0.74378645 0.42553967 1.0 
nomask 0.00013566017 0.0 0.6471307 0.568278 1.0 
nomask 0.00012874603 0.14482957 0.7026022 0.8322355 1.0 
nomask 0.000117480755 0.6322144 0.071982384 1.0 0.5052707 
nomask 0.00011712313 0.0 0.32944515 0.44631144 0.6635089 
mask 0.000115573406 0.0 0.7848988 0.29162595 0.962966 
mask 0.000114142895 0.4091159 0.85230905 0.77409256 1.0 
nomask 0.00011339784 0.0 0.0 0.41383365 0.25624853 
nomask 0.00011152029 0.71276885 0.5916748 1.0 1.0 
nomask 0.00011074543 0.7891969 0.0 1.0 0.6691376 
nomask 0.00010854006 0.0 0.68199956 0.3248139 1.0 
mask 0.00010842085 0.0 0.74378645 0.42553967 1.0 
mask 0.000108242035 0.16876142 0.8645849 0.546352 0.99602914 
nomask 0.000108003616 0.1255468 0.0 0.45688474 0.46237785 
nomask 0.00010767579 0.58203566 0.39009202 1.0 0.86399674 
nomask 0.00010514259 0.18272662 0.0 0.83070445 0.28081807 
mask 0.000102072954 0.0 0.011667147 0.6982733 0.43545753 
nomask 9.891391e-05 0.0 0.07582478 0.3531341 0.50662667 
nomask 9.423494e-05 0.5769082 0.79438776 1.0 1.0 
nomask 9.164214e-05 0.6746501 0.18371576 1.0 0.8349461 
mask 9.11355e-05 0.5769082 0.79438776 1.0 1.0 
nomask 8.767843e-05 0.0 0.84785706 0.34642553 0.996551 
nomask 8.7201595e-05 0.13263758 0.5736681 0.469146 1.0 
nomask 8.356571e-05 0.7197596 0.07051906 1.0 0.6405084 
nomask 8.332729e-05 0.010550141 0.03254059 0.95187783 0.67270136 
nomask 8.228421e-05 0.5839883 0.32546163 1.0 0.66686493 
mask 8.028746e-05 0.608972 0.97166234 0.78064495 0.99999565 
mask 7.742643e-05 0.40870082 0.78908587 0.78496194 0.9549215 
nomask 7.605553e-05 0.0 0.5727877 0.25159764 1.0 
mask 7.579771e-05 0.51447284 0.011050284 1.0 1.0 
nomask 7.57277e-05 0.580112 0.74535286 1.0 1.0 
nomask 7.510185e-05 0.0 0.13121244 0.23290838 0.8794671 
nomask 7.4625015e-05 0.12644273 0.08911401 0.86051893 0.47514027 
mask 7.44164e-05 0.61730695 0.003315419 1.0 0.44487968 
mask 7.3462725e-05 0.004715435 0.50632536 0.13905102 0.9167875 
nomask 7.164478e-05 0.70572317 0.0 1.0 0.41019544 
nomask 7.161939e-05 0.51447284 0.011050284 1.0 1.0 
nomask 7.021427e-05 0.045624137 0.0 0.60763186 0.35876864 
nomask 6.958842e-05 0.0 0.49456048 0.35744745 0.94307053 
mask 6.955862e-05 0.38079643 0.92959046 0.8221996 0.9942001 
mask 6.827712e-05 0.7197596 0.07051906 1.0 0.6405084 
mask 6.699562e-05 0.16428952 0.93113023 0.5874735 0.99642855 
nomask 6.6399574e-05 0.98565316 0.72936124 0.9997115 0.8742264 
nomask 6.6280365e-05 0.6506314 0.3844794 1.0 1.0 
mask 6.622076e-05 0.0 0.32944515 0.44631144 0.6635089 
nomask 6.607175e-05 0.22632289 0.7591484 0.93856835 1.0 
mask 6.407499e-05 0.0 0.9211518 0.1923354 1.0 
nomask 6.324053e-05 0.46341693 0.8537088 0.8108083 1.0 
mask 6.28531e-05 0.0 0.0 0.6847094 0.2582425 
mask 6.2167645e-05 0.580112 0.74535286 1.0 1.0 
nomask 6.210804e-05 0.33068126 0.0 0.6651312 0.46891904 
mask 6.181002e-05 0.0 0.0 0.41383365 0.25624853 
nomask 6.097555e-05 0.0 0.22752695 0.15090539 0.670685 
nomask 6.0230494e-05 0.0 0.9211518 0.1923354 1.0 
nomask 5.969405e-05 0.7951281 0.6058061 1.0 1.0 
nomask 5.8680773e-05 0.006248027 0.12533242 0.4281218 0.8863172 
mask 5.8352947e-05 0.6725522 0.63306975 1.0 1.0 
mask 5.8323145e-05 0.0 0.1074574 0.44147596 0.45428848 
nomask 5.5998564e-05 0.40870082 0.78908587 0.78496194 0.9549215 
nomask 5.51939e-05 0.9524879 0.9566687 1.0 1.0 
mask 5.4329634e-05 0.7951281 0.6058061 1.0 1.0 
mask 5.3435564e-05 0.0 0.0 0.23899278 0.44989395 
nomask 5.337596e-05 0.34145245 0.98261034 0.5884729 0.9952229 
mask 5.325675e-05 0.65594625 0.90223515 1.0 1.0 
mask 5.3197145e-05 0.1255468 0.0 0.45688474 0.46237785 
nomask 5.3077936e-05 0.65594625 0.90223515 1.0 1.0 
nomask 5.301833e-05 0.006271679 0.9714269 0.07599123 1.0 
mask 5.0723553e-05 0.006271679 0.9714269 0.07599123 1.0 
nomask 5.0097704e-05 0.0 0.15092355 0.19568563 0.5363218 
mask 5.00381e-05 0.009722158 0.5517994 0.4433689 1.0 
mask 4.9322844e-05 0.9573274 0.8625835 0.995513 0.9943521 
mask 4.8965216e-05 0.0 0.84725225 0.9918984 1.0 
nomask 4.887581e-05 0.608972 0.97166234 0.78064495 0.99999565 
nomask 4.8428774e-05 0.8983189 0.0 1.0 1.0 
nomask 4.813075e-05 0.54202104 0.0 0.8775439 0.47287133 
nomask 4.801154e-05 0.5470309 0.0 1.0 0.26873407 
nomask 4.7177076e-05 0.004715435 0.50632536 0.13905102 0.9167875 
nomask 4.6998262e-05 0.19133455 0.8621985 0.60121953 0.99117184 
nomask 4.643202e-05 0.0 0.0 0.13136083 0.31269336 
nomask 4.6283007e-05 0.52407753 0.2875984 0.8537258 1.0 
nomask 4.5835972e-05 0.38079643 0.92959046 0.8221996 0.9942001 
mask 4.544854e-05 0.19582939 0.9832719 0.43638116 0.9964673 
mask 4.5388937e-05 0.24095447 0.9855713 0.49085748 1.0 
nomask 4.4554472e-05 0.14155807 0.32719243 0.499591 1.0 
nomask 4.3720007e-05 0.9015398 0.66734374 1.0 1.0 
mask 4.2289495e-05 0.34145245 0.98261034 0.5884729 0.9952229 
nomask 4.145503e-05 0.0 0.22321427 0.31808108 0.76081795 
nomask 4.130602e-05 0.0 0.011667147 0.6982733 0.43545753 
nomask 4.10676e-05 0.052051187 0.8547535 0.90834796 1.0 
