nomask 0.9998944 108.94907 70.2263 340.70886 261.959 
mask 0.0110731125 107.435814 69.88454 337.54562 262.8671 
nomask 0.0004621148 0.0 0.0 201.34709 191.60233 
nomask 0.0004194677 11.510962 52.80771 84.37808 171.82173 
nomask 0.0004014969 369.57498 106.87767 423.91 234.42673 
nomask 0.0003077984 245.86545 255.77911 428.0 320.0 
nomask 0.00028848648 12.819745 0.0 266.40186 115.88191 
mask 0.00028684735 245.86545 255.77911 428.0 320.0 
nomask 0.00028556585 330.40015 108.15009 428.0 320.0 
nomask 0.00026661158 337.80536 192.58649 428.0 320.0 
nomask 0.0002577901 376.30426 121.35498 428.0 294.07123 
nomask 0.00025755167 388.24036 205.88457 428.0 320.0 
nomask 0.00025591254 0.0 203.09685 258.411 320.0 
mask 0.00025081635 376.30426 121.35498 428.0 294.07123 
mask 0.0002411902 388.24036 205.88457 428.0 320.0 
nomask 0.0002398789 254.20148 1.6906309 428.0 144.45209 
mask 0.00023818016 55.72403 146.44908 428.0 320.0 
nomask 0.00022444129 139.73152 175.52396 289.5019 320.0 
nomask 0.00021865964 337.5514 273.65616 428.0 320.0 
mask 0.00021404028 337.80536 192.58649 428.0 320.0 
mask 0.00021150708 274.3114 290.44727 428.0 320.0 
nomask 0.00020518899 140.30931 105.22933 428.0 320.0 
mask 0.00020077825 196.42233 42.588158 428.0 320.0 
mask 0.00019982457 379.38226 0.0 428.0 320.0 
mask 0.0001961299 133.81865 100.053185 428.0 320.0 
nomask 0.00019162893 255.45085 223.23492 428.0 320.0 
mask 0.00018501282 238.07565 233.97467 428.0 320.0 
nomask 0.0001835823 89.336494 248.81595 402.41513 320.0 
nomask 0.00018134713 379.38226 0.0 428.0 320.0 
nomask 0.0001796484 306.2359 180.6224 428.0 320.0 
nomask 0.00017565489 45.510223 178.06093 200.4118 320.0 
nomask 0.0001706481 284.77982 29.67908 428.0 206.89166 
nomask 0.00016713142 2.6347032 164.27377 428.0 320.0 
nomask 0.00016710162 80.61094 0.0 389.69162 171.9235 
nomask 0.00016483665 357.90604 197.37756 426.3031 304.87057 
mask 0.0001590848 284.77982 29.67908 428.0 206.89166 
nomask 0.00015237927 56.283928 227.05249 370.91788 320.0 
nomask 0.00015199184 334.90817 0.0 428.0 223.3931 
mask 0.00015071034 0.0 0.0 201.34709 191.60233 
nomask 0.00014925003 58.797226 0.0 394.46652 84.96685 
mask 0.00014653802 0.0 281.69394 428.0 320.0 
nomask 0.00013944507 0.0 281.69394 428.0 320.0 
mask 0.00013843179 56.283928 227.05249 370.91788 320.0 
mask 0.00013592839 322.73288 169.38242 428.0 320.0 
nomask 0.00013139844 241.32614 178.66092 428.0 284.42206 
nomask 0.0001296401 235.59705 174.50568 372.06833 320.0 
nomask 0.00012817979 0.0 0.0 103.617065 145.86047 
nomask 0.00012794137 240.08376 124.492645 428.0 276.22913 
nomask 0.0001245141 40.089577 224.06615 280.47498 320.0 
mask 0.00012406707 0.0 254.27864 295.38092 320.0 
nomask 0.00012362003 0.0 0.0 101.75645 227.53647 
nomask 0.00011757016 0.0 0.0 192.19365 80.431335 
nomask 0.00011482835 333.2599 36.717064 428.0 311.7781 
nomask 0.00011253357 252.92532 104.59421 428.0 209.74252 
nomask 0.00011202693 355.30283 251.06172 428.0 305.4493 
nomask 0.000106334686 257.70126 254.62614 404.71692 320.0 
mask 0.00010356307 254.20148 1.6906309 428.0 144.45209 
nomask 0.00010338426 105.15808 76.093575 193.78442 177.99254 
nomask 0.000100165606 0.0 68.29254 148.70491 263.51425 
mask 9.7841024e-05 40.089577 224.06615 280.47498 320.0 
mask 9.763241e-05 0.0 2.3199892 308.5545 134.94516 
nomask 9.6440315e-05 121.02637 0.0 312.28787 130.95212 
nomask 9.498e-05 317.88324 64.94528 428.0 256.21243 
nomask 9.357929e-05 55.61833 297.09894 227.53378 319.8405 
nomask 9.307265e-05 3.1461666 310.49933 28.81146 320.0 
mask 9.086728e-05 89.336494 248.81595 402.41513 320.0 
mask 8.940697e-05 269.54596 191.12903 428.0 320.0 
mask 8.761883e-05 45.510223 178.06093 200.4118 320.0 
nomask 8.34167e-05 104.52558 163.24104 137.25774 208.24936 
nomask 8.2075596e-05 0.0 115.94765 323.99283 270.7344 
nomask 8.031726e-05 407.91904 306.39758 428.0 320.0 
nomask 7.995963e-05 106.32251 83.76151 212.59468 265.15393 
mask 7.981062e-05 303.53522 261.88242 427.8172 314.64948 
mask 7.849932e-05 241.32614 178.66092 428.0 284.42206 
mask 7.7575445e-05 3.1461666 310.49933 28.81146 320.0 
nomask 7.650256e-05 0.0 106.79951 187.31432 212.30577 
mask 7.644296e-05 351.928 185.2208 425.83636 320.0 
mask 7.5906515e-05 55.61833 297.09894 227.53378 319.8405 
nomask 7.504225e-05 50.978764 0.0 197.04501 146.4852 
nomask 7.4356794e-05 84.3417 167.46939 179.4687 226.18631 
nomask 7.4118376e-05 0.0 0.0 145.21774 107.11168 
mask 7.331371e-05 0.0 193.51593 234.52701 320.0 
mask 7.238984e-05 1.7411048 312.2249 91.43257 317.9362 
nomask 7.18534e-05 384.2464 213.04901 428.0 310.57162 
nomask 7.098913e-05 0.0 28.560375 183.15894 144.58786 
nomask 7.006526e-05 104.46286 0.0 385.59506 42.77117 
nomask 6.881356e-05 367.42508 208.8139 428.0 320.0 
mask 6.818771e-05 367.42508 208.8139 428.0 320.0 
mask 6.738305e-05 76.22018 313.3745 187.04791 319.50732 
mask 6.7293644e-05 0.0 296.7967 188.03224 316.40002 
mask 6.7174435e-05 85.32582 183.899 340.77228 320.0 
mask 6.6548586e-05 0.0 273.13123 72.56032 320.0 
mask 6.607175e-05 58.797226 0.0 394.46652 84.96685 
mask 6.5386295e-05 39.353912 251.7226 207.8104 304.44077 
mask 6.529689e-05 0.0 0.0 192.19365 80.431335 
nomask 6.4998865e-05 122.159004 178.64885 309.73373 249.52803 
nomask 6.452203e-05 78.64962 166.06421 356.98007 276.66943 
nomask 6.368756e-05 338.42783 100.01266 408.52606 261.38586 
nomask 6.341934e-05 0.0 130.11467 154.24498 320.0 
nomask 6.338954e-05 1.7411048 312.2249 91.43257 317.9362 
