nomask 0.9999968 65.18362045288086 70.10773980617523 253.59827041625977 360.58861017227173 
mask 0.026614785 63.3493709564209 70.25432479381561 252.85816192626953 357.2034306526184 
mask 0.0017616749 220.13240814208984 370.3359251022339 320.0 425.1008520126343 
nomask 0.00024113059 190.95701217651367 360.22069358825684 320.0 426.50129222869873 
mask 0.0002259314 262.97895431518555 412.9224865436554 314.2632484436035 428.0 
mask 0.00022268295 0.0 0.7058300897479057 19.19418215751648 19.625745743513107 
mask 0.00021633506 0.0 6.4564328491687775 10.234555006027222 59.826037645339966 
nomask 0.00018915534 0.0 271.6894326210022 190.5589485168457 428.0 
mask 0.00017639995 243.5109519958496 392.5993938446045 320.0 427.66468620300293 
mask 0.00017607212 1.6683822870254517 272.6880524158478 21.087756156921387 428.0 
nomask 0.00016969442 0.0 0.7058300897479057 19.19418215751648 19.625745743513107 
nomask 0.00016653538 77.79329299926758 0.0 249.30185317993164 149.64350152015686 
mask 0.00015375018 210.89859008789062 277.1018524169922 320.0 428.0 
mask 0.00014773011 43.98029327392578 197.36356055736542 320.0 428.0 
nomask 0.00014731288 27.89543628692627 263.7084336280823 155.93753814697266 428.0 
nomask 0.00014388561 190.81645965576172 2.3525028228759766 320.0 190.87859070301056 
mask 0.00014305115 0.0 0.0 154.91390228271484 268.18169927597046 
nomask 0.00014209747 230.33313751220703 93.30335998535156 320.0 402.74054431915283 
nomask 0.00014048815 105.25961875915527 141.05076658725739 320.0 428.0 
mask 0.0001308024 181.42131805419922 314.9839949607849 320.0 428.0 
mask 0.00012928247 0.0 363.81450033187866 61.947336196899414 423.9038348197937 
nomask 0.00012683868 210.89859008789062 277.1018524169922 320.0 428.0 
mask 0.00012683868 200.4296112060547 324.1746389865875 320.0 428.0 
nomask 0.00012642145 0.0 0.0 77.46588706970215 194.9973967075348 
nomask 0.00011777878 200.4296112060547 324.1746389865875 320.0 428.0 
nomask 0.00011512637 2.9547691345214844 221.24960470199585 320.0 428.0 
mask 0.00011396408 147.8335475921631 57.93974447250366 320.0 428.0 
nomask 0.00011333823 181.42131805419922 314.9839949607849 320.0 428.0 
nomask 0.0001077652 76.80502891540527 274.5462327003479 243.199462890625 428.0 
nomask 0.0001065135 0.0 6.4564328491687775 10.234555006027222 59.826037645339966 
mask 0.00010475516 0.0 313.4481689929962 136.54939651489258 428.0 
mask 0.00010180473 2.880096435546875 259.00087690353394 44.80018138885498 425.28973388671875 
mask 9.986758e-05 254.90585327148438 260.9856162071228 320.0 428.0 
mask 9.9629164e-05 172.0096206665039 356.9930431842804 284.86202239990234 425.4315993785858 
mask 9.9390745e-05 0.0 3.6754285097122192 225.0186538696289 192.2080216407776 
nomask 9.897351e-05 254.90585327148438 260.9856162071228 320.0 428.0 
nomask 9.569526e-05 260.15214920043945 365.30231499671936 320.0 426.2036578655243 
nomask 9.420514e-05 13.781061172485352 0.0 190.81466674804688 154.83888828754425 
nomask 9.316206e-05 0.0 0.0 134.9526309967041 109.77417063713074 
nomask 9.083748e-05 227.07799911499023 389.3120481967926 320.0 425.580429315567 
mask 8.645654e-05 203.29387664794922 368.37052297592163 320.0 428.0 
nomask 8.445978e-05 164.61706161499023 4.745108604431152 320.0 428.0 
mask 8.100271e-05 284.2421531677246 0.0 320.0 428.0 
mask 7.7039e-05 3.0363917350769043 0.0 53.239994049072266 9.540163345634937 
nomask 7.370114e-05 46.301774978637695 342.349570274353 320.0 428.0 
mask 7.292628e-05 298.62340927124023 407.0325813293457 320.0 428.0 
nomask 7.1942806e-05 201.71810150146484 0.0 320.0 166.85223722457886 
mask 7.158518e-05 190.81645965576172 2.3525028228759766 320.0 190.87859070301056 
nomask 7.110834e-05 298.62340927124023 407.0325813293457 320.0 428.0 
nomask 7.092953e-05 272.5861167907715 407.9792356491089 319.45322036743164 428.0 
nomask 7.0393085e-05 39.71108913421631 0.0 147.77410507202148 196.09240901470184 
nomask 6.8992376e-05 115.2360725402832 275.7420253753662 271.3033103942871 428.0 
nomask 6.765127e-05 0.0 0.0 215.34452438354492 110.66910183429718 
nomask 6.684661e-05 207.17941284179688 164.6880805492401 320.0 428.0 
nomask 6.598234e-05 0.0 313.4481689929962 136.54939651489258 428.0 
mask 6.4998865e-05 0.8895421028137207 410.6625623703003 25.79793691635132 427.7738723754883 
mask 5.9962273e-05 242.53795623779297 415.92941761016846 299.46720123291016 428.0 
nomask 5.966425e-05 123.78171920776367 84.68944472074509 213.59186172485352 159.33910608291626 
nomask 5.7578087e-05 301.4300727844238 3.266004279255867 320.0 21.79035523533821 
nomask 5.7429075e-05 0.0 3.6754285097122192 225.0186538696289 192.2080216407776 
nomask 5.5789948e-05 263.3951187133789 392.3265814781189 320.0 428.0 
nomask 5.5640936e-05 232.97876358032227 65.68976879119873 320.0 353.1367049217224 
mask 5.5283308e-05 316.9871139526367 277.37081265449524 320.0 382.6981213092804 
nomask 5.4866076e-05 0.0 40.209478974342346 139.23752784729004 194.60620152950287 
nomask 5.3435564e-05 0.0 75.7554966211319 85.88601112365723 351.96672916412354 
nomask 5.3167343e-05 3.0363917350769043 0.0 53.239994049072266 9.540163345634937 
mask 4.9948692e-05 210.330810546875 331.2622501850128 320.0 427.55409693717957 
nomask 4.9084425e-05 0.0 240.59606790542603 84.05990600585938 428.0 
mask 4.8935413e-05 203.78253936767578 132.11156964302063 320.0 389.4814908504486 
mask 4.8696995e-05 40.880374908447266 300.92173433303833 269.9656677246094 428.0 
nomask 4.6879053e-05 0.0 125.74414074420929 220.2313232421875 367.64520025253296 
nomask 4.6759844e-05 316.9871139526367 277.37081265449524 320.0 382.6981213092804 
mask 4.6521425e-05 196.53535842895508 391.1307632923126 314.4296073913574 423.1572616100311 
mask 4.6521425e-05 0.0 0.0 134.9526309967041 109.77417063713074 
mask 4.643202e-05 0.0 356.4153513908386 106.27232551574707 422.98743629455566 
mask 4.595518e-05 0.0 271.6894326210022 190.5589485168457 428.0 
mask 4.5597553e-05 6.794627904891968 9.312914043664932 30.313472747802734 46.08232066035271 
nomask 4.3809414e-05 181.4569854736328 242.69754457473755 320.0 385.80367708206177 
nomask 4.3600798e-05 0.0 309.2810583114624 219.63977813720703 428.0 
mask 4.3570995e-05 301.80002212524414 371.74878907203674 319.3075752258301 428.0 
mask 4.3541193e-05 37.388601303100586 242.74698448181152 149.2337703704834 428.0 
nomask 4.181266e-05 251.06849670410156 0.0 320.0 294.363676071167 
mask 4.181266e-05 0.9419360756874084 326.591760635376 7.249693870544434 403.0850930213928 
nomask 4.1395426e-05 3.541593551635742 0.0 137.37444877624512 317.3150177001953 
mask 4.1365623e-05 0.0 261.5962679386139 96.43295288085938 428.0 
nomask 4.091859e-05 0.0 0.0 50.53746223449707 31.625551640987396 
mask 4.068017e-05 0.0 0.0 215.34452438354492 110.66910183429718 
mask 4.044175e-05 0.0 0.0 50.53746223449707 31.625551640987396 
nomask 3.889203e-05 0.0 141.29231548309326 141.42136573791504 284.4036011695862 
nomask 3.862381e-05 226.77536010742188 31.294644832611084 320.0 275.79467964172363 
nomask 3.838539e-05 315.6900215148926 320.4193489551544 320.0 411.25346875190735 
nomask 3.671646e-05 242.53795623779297 415.92941761016846 299.46720123291016 428.0 
nomask 3.620982e-05 176.8426513671875 0.0 320.0 115.283123254776 
mask 3.620982e-05 0.0 395.22669887542725 66.46648406982422 428.0 
nomask 3.5375357e-05 1.6683822870254517 272.6880524158478 21.087756156921387 428.0 
mask 3.5226345e-05 301.4300727844238 3.266004279255867 320.0 21.79035523533821 
mask 3.501773e-05 123.78171920776367 84.68944472074509 213.59186172485352 159.33910608291626 
nomask 3.4719706e-05 49.59456443786621 33.58165508508682 272.6360321044922 206.39301466941833 
mask 3.454089e-05 0.0 40.209478974342346 139.23752784729004 194.60620152950287 
nomask 3.4183264e-05 284.2421531677246 0.0 320.0 428.0 
