nomask 0.9999871 92.986885 61.401527 342.53946 277.41397 
mask 0.0064739585 93.080826 61.911163 344.5076 278.0496 
nomask 0.00026980042 276.10956 121.96939 428.0 320.0 
mask 0.00025624037 379.34796 0.0 428.0 320.0 
nomask 0.00025129318 255.00252 1.583662 428.0 142.79391 
mask 0.00024726987 270.28394 185.03278 428.0 320.0 
nomask 0.00023782253 301.22592 183.69412 428.0 320.0 
nomask 0.00022378564 0.0 135.16125 2.2855127 177.5009 
nomask 0.00022265315 370.2396 51.785095 425.95847 225.87433 
nomask 0.00021743774 15.004923 0.0 262.05963 113.600044 
nomask 0.00020945072 254.39455 221.43845 428.0 320.0 
nomask 0.00020590425 0.0 206.48787 257.47382 320.0 
nomask 0.00019592047 0.0 3.1349468 307.15036 137.19424 
nomask 0.00018715858 39.96118 196.24725 209.57968 320.0 
nomask 0.00018382072 70.56454 0.0 371.00208 88.03848 
mask 0.0001732707 57.746143 147.0519 428.0 320.0 
nomask 0.0001655817 0.0 122.572556 1.4592707 164.43419 
nomask 0.00016012788 75.86749 224.95528 350.9885 320.0 
nomask 0.00015702844 379.34796 0.0 428.0 320.0 
nomask 0.00015497208 140.70499 105.46727 428.0 320.0 
mask 0.0001526773 244.29196 233.23029 428.0 320.0 
nomask 0.00015231967 312.87292 57.819984 428.0 264.07837 
mask 0.00015065074 0.0 3.1349468 307.15036 137.19424 
mask 0.0001496258 133.81801 100.05302 428.0 320.0 
mask 0.00014901161 196.93344 43.30057 428.0 320.0 
nomask 0.00014823675 386.7877 207.18385 428.0 320.0 
nomask 0.00014698505 249.66103 254.90402 428.0 320.0 
nomask 0.00014358759 305.17276 69.40645 428.0 304.9213 
nomask 0.00014209747 294.40137 26.682129 428.0 206.42288 
mask 0.00014069676 255.00252 1.583662 428.0 142.79391 
mask 0.00013560057 386.7877 207.18385 428.0 320.0 
mask 0.00013303757 249.66103 254.90402 428.0 320.0 
nomask 0.00012898445 3.997719 164.82681 428.0 320.0 
nomask 0.00012621284 276.3505 290.00912 428.0 320.0 
nomask 0.00012519956 0.0 121.77275 112.522064 320.0 
mask 0.00012373924 276.3505 290.00912 428.0 320.0 
nomask 0.00012263656 416.21188 10.58015 426.6717 45.33204 
mask 0.000120699406 294.40137 26.682129 428.0 206.42288 
nomask 0.000113129616 420.84592 21.56615 427.06927 59.611427 
nomask 0.000110685825 66.48141 4.6834326 406.62302 153.56352 
nomask 0.00010880828 0.0 0.0 105.048065 149.65671 
mask 0.000108510256 304.42334 212.65015 428.0 320.0 
nomask 0.00010544062 3.2931812 0.0 181.83888 236.11641 
nomask 0.00010073185 68.97365 160.85806 353.91226 282.4956 
mask 9.953976e-05 1.2469003 312.79315 81.049034 318.72998 
nomask 9.867549e-05 0.0 0.0 188.96172 81.85136 
nomask 9.769201e-05 43.342484 233.55394 286.1636 320.0 
mask 9.7215176e-05 0.0 234.50235 187.99704 320.0 
nomask 9.712577e-05 138.84549 175.17586 290.36008 320.0 
nomask 9.611249e-05 334.73148 0.0 428.0 221.64429 
nomask 9.602308e-05 53.09777 0.0 197.43263 145.46216 
nomask 9.5665455e-05 95.367805 249.18811 398.07257 320.0 
nomask 9.5009804e-05 342.2493 134.90074 369.92593 174.48332 
nomask 9.456277e-05 0.0 234.50235 187.99704 320.0 
nomask 9.4503164e-05 187.10292 270.01926 328.52527 319.53198 
nomask 9.164214e-05 421.91855 52.974377 424.79718 105.29669 
nomask 8.7827444e-05 20.875357 57.321964 83.28745 166.94183 
mask 8.779764e-05 0.0 0.0 204.58199 195.83987 
mask 8.7440014e-05 54.781414 180.99709 200.1805 320.0 
nomask 8.684397e-05 339.34528 196.88824 428.0 320.0 
nomask 8.657575e-05 0.0 196.58034 158.66484 320.0 
nomask 8.645654e-05 0.0 106.46972 2.353491 151.90579 
nomask 8.550286e-05 243.03577 179.55127 428.0 287.6363 
nomask 8.419156e-05 119.80572 0.0 309.2517 129.65778 
mask 8.377433e-05 0.0 278.02823 428.0 320.0 
nomask 8.3208084e-05 0.0 70.36568 64.65775 211.97287 
nomask 8.150935e-05 0.0 114.77434 320.30157 272.66104 
mask 8.121133e-05 0.0 141.34479 73.03217 281.44748 
nomask 8.0525875e-05 125.04165 212.6351 315.3213 270.60886 
mask 8.0138445e-05 339.34528 196.88824 428.0 320.0 
mask 7.8350306e-05 0.0 233.86674 295.56467 320.0 
nomask 7.7843666e-05 0.027564606 148.52719 4.412606 199.00818 
mask 7.7694654e-05 421.91855 52.974377 424.79718 105.29669 
mask 7.6919794e-05 0.0 122.572556 1.4592707 164.43419 
nomask 7.507205e-05 0.0 6.362667 117.46995 197.67923 
mask 7.343292e-05 0.0 121.77275 112.522064 320.0 
nomask 7.238984e-05 249.66237 102.93399 428.0 210.90111 
nomask 7.182128e-05 219.11874 3.8216782 428.0 320.0 
mask 7.164478e-05 43.342484 233.55394 286.1636 320.0 
nomask 7.149577e-05 399.2829 102.24434 426.942 235.42747 
nomask 7.1406364e-05 280.22656 10.3250885 428.0 195.06058 
nomask 6.9737434e-05 0.0 141.34479 73.03217 281.44748 
mask 6.631017e-05 60.958717 0.0 385.91574 84.8991 
nomask 6.607175e-05 422.29623 37.511555 426.46967 86.62326 
nomask 6.5505505e-05 321.56134 1.8372345 427.66663 221.61563 
nomask 6.386638e-05 0.0 31.465225 182.37376 144.5561 
mask 6.312132e-05 0.0 135.16125 2.2855127 177.5009 
nomask 6.2942505e-05 406.7137 305.21378 428.0 319.04382 
mask 6.1035156e-05 0.0 106.46972 2.353491 151.90579 
nomask 5.9247017e-05 3.8393607 229.02576 256.41022 320.0 
nomask 5.814433e-05 0.0 106.75833 181.63173 211.75385 
nomask 5.787611e-05 226.50948 0.0 428.0 84.03622 
nomask 5.7429075e-05 4.9205465 168.5827 101.46579 307.46985 
mask 5.7160854e-05 0.0 206.81396 144.19554 320.0 
nomask 5.64754e-05 300.9234 0.0 428.0 129.6775 
nomask 5.632639e-05 1.2469003 312.79315 81.049034 318.72998 
nomask 5.6236982e-05 233.3296 0.0 379.00906 141.46176 
mask 5.5909157e-05 243.03577 179.55127 428.0 287.6363 
mask 5.51939e-05 202.44922 1.7925096 425.16107 80.33947 
nomask 5.4448843e-05 187.57184 0.0 419.62482 112.00429 
