nomask 0.99994624 59.86004829406738 100.0949057340622 252.49412536621094 363.6966404914856 
mask 0.07346901 60.127248764038086 100.59390950202942 252.77240753173828 363.60191893577576 
nomask 0.00032025576 239.29759979248047 0.0 320.0 266.3644127845764 
nomask 0.0002990663 2.646775245666504 225.5029673576355 146.27777099609375 428.0 
mask 0.00028973818 283.94283294677734 0.0 320.0 428.0 
nomask 0.00028681755 28.638501167297363 259.8683457374573 157.1772003173828 428.0 
mask 0.00025197864 0.0 0.0 150.15193939208984 264.4318685531616 
nomask 0.00023460388 0.0 0.0 150.15193939208984 264.4318685531616 
mask 0.00020435452 43.405818939208984 196.87171256542206 320.0 428.0 
nomask 0.00019857287 189.3557357788086 1.2918599247932434 320.0 189.4653058052063 
nomask 0.00018301606 105.24538040161133 141.0818259716034 320.0 428.0 
mask 0.00018188357 100.05077362060547 133.81959342956543 320.0 428.0 
nomask 0.00018143654 283.94283294677734 0.0 320.0 428.0 
nomask 0.00016096234 3.0632972717285156 220.7090311050415 320.0 428.0 
nomask 0.00016024709 253.3066749572754 258.5521421432495 320.0 428.0 
nomask 0.00015723705 73.31034660339355 0.0 288.3656311035156 304.4657440185547 
mask 0.00015074015 252.62683868408203 0.0 320.0 296.0883584022522 
nomask 0.00015071034 0.0 314.3155868053436 142.28537559509277 428.0 
nomask 0.00015059114 181.00675582885742 340.93346643447876 320.0 428.0 
mask 0.0001501441 181.00675582885742 340.93346643447876 320.0 428.0 
nomask 0.00014865398 0.0 271.194650888443 120.99128723144531 428.0 
nomask 0.00014173985 0.0 241.30524230003357 83.09510231018066 428.0 
nomask 0.00014147162 77.80747413635254 267.9563879966736 243.6402130126953 428.0 
nomask 0.00013923645 289.69493865966797 274.4667921066284 320.0 428.0 
nomask 0.00013870001 48.42324733734131 156.8256812095642 158.05866241455078 428.0 
nomask 0.0001385808 3.8034725189208984 62.697659492492676 133.1983470916748 376.4241256713867 
nomask 0.00013694167 36.00104331970215 0.0 284.98748779296875 113.90630602836609 
mask 0.00013536215 147.6502513885498 57.304372787475586 320.0 428.0 
mask 0.00013428926 253.3066749572754 258.5521421432495 320.0 428.0 
mask 0.0001322627 2.646775245666504 225.5029673576355 146.27777099609375 428.0 
nomask 0.00013074279 217.08919525146484 37.152419209480286 320.0 276.0216236114502 
mask 0.00012996793 0.0 314.3155868053436 142.28537559509277 428.0 
mask 0.0001283288 289.69493865966797 274.4667921066284 320.0 428.0 
nomask 0.00012612343 64.59887504577637 331.2692656517029 299.50382232666016 428.0 
nomask 0.00012412667 0.0 120.93409442901611 117.59173393249512 305.1991536617279 
nomask 0.00012347102 179.48186874389648 167.13622331619263 320.0 370.0279588699341 
mask 0.00012174249 205.65044403076172 388.61073112487793 320.0 428.0 
nomask 0.00012126565 205.65044403076172 388.61073112487793 320.0 428.0 
nomask 0.000120162964 164.4890594482422 4.569492340087891 320.0 428.0 
mask 0.00011643767 217.08919525146484 37.152419209480286 320.0 276.0216236114502 
nomask 0.00011539459 0.0 339.6721110343933 227.02421188354492 428.0 
nomask 0.00011527538 0.0 4.038510799407959 87.32156753540039 250.1769504547119 
mask 0.000108748674 179.64847564697266 312.0290038585663 320.0 428.0 
nomask 0.00010827184 199.9935531616211 243.21066856384277 320.0 428.0 
mask 0.00010809302 189.3557357788086 1.2918599247932434 320.0 189.4653058052063 
mask 0.00010675192 199.9935531616211 243.21066856384277 320.0 428.0 
nomask 9.980798e-05 248.30678939819336 44.51979446411133 320.0 408.49480867385864 
nomask 9.769201e-05 39.48108196258545 0.0 145.83271026611328 192.88075387477875 
nomask 9.584427e-05 235.93544006347656 75.50310564041138 320.0 353.82774114608765 
nomask 9.49204e-05 0.0 310.8793091773987 225.17414093017578 428.0 
nomask 9.429455e-05 179.64847564697266 312.0290038585663 320.0 428.0 
nomask 9.23574e-05 0.0 187.51785051822662 100.27449607849121 426.70354175567627 
mask 9.0777874e-05 39.81436729431152 302.73282170295715 270.9192657470703 428.0 
nomask 8.717179e-05 172.55020141601562 0.0 287.84332275390625 193.586599111557 
nomask 8.696318e-05 0.0 2.0140703320503235 224.52503204345703 182.1790165901184 
nomask 8.6426735e-05 105.16475677490234 0.0 212.29202270507812 198.0908603668213 
nomask 8.3476305e-05 9.902935028076172 0.0 194.83592987060547 146.58753871917725 
nomask 8.291006e-05 73.74126434326172 0.0 284.37984466552734 56.80369806289673 
mask 7.754564e-05 0.0 371.29870223999023 320.0 428.0 
nomask 7.721782e-05 58.113203048706055 115.16536545753479 187.68596649169922 295.75796818733215 
nomask 7.545948e-05 194.51772689819336 0.0 320.0 166.06211709976196 
mask 7.387996e-05 0.0 282.88070917129517 108.86478424072266 428.0 
nomask 7.31349e-05 0.0 62.09930396080017 77.14408874511719 373.9695541858673 
nomask 7.31349e-05 137.49982833862305 0.0 223.60586166381836 106.16214919090271 
mask 7.107854e-05 28.638501167297363 259.8683457374573 157.1772003173828 428.0 
mask 6.93202e-05 0.0 0.0 223.60475540161133 106.33170664310455 
nomask 6.878376e-05 169.62461471557617 0.0 320.0 111.42385125160217 
nomask 6.8724155e-05 0.0 0.0 144.54689025878906 106.78097075223923 
nomask 6.854534e-05 183.89122009277344 140.20537734031677 320.0 281.3385820388794 
nomask 6.765127e-05 0.0 236.50546407699585 138.61830711364746 386.791965007782 
nomask 6.583333e-05 61.965789794921875 130.14010870456696 130.67548751831055 265.03479051589966 
mask 6.246567e-05 0.0 339.6721110343933 227.02421188354492 428.0 
nomask 6.237626e-05 30.869836807250977 315.16119289398193 214.40834045410156 428.0 
nomask 6.172061e-05 0.0 39.117126166820526 139.43697929382324 193.37151765823364 
nomask 5.9962273e-05 237.7391815185547 0.0 320.0 200.30950808525085 
mask 5.969405e-05 0.0 143.72813653945923 141.7061996459961 283.55830121040344 
nomask 5.7578087e-05 202.4532699584961 28.41105204820633 320.0 220.65497374534607 
nomask 5.698204e-05 80.39334297180176 262.15538787841797 208.18809509277344 344.4342098236084 
nomask 5.671382e-05 176.5695571899414 236.4189314842224 320.0 383.419949054718 
nomask 5.6505203e-05 41.62210464477539 28.476461708545685 280.81689834594727 203.2990918159485 
nomask 5.5462122e-05 21.004600524902344 222.93170952796936 235.58839797973633 380.8095576763153 
nomask 5.468726e-05 0.0 0.0 76.5605354309082 181.15072774887085 
mask 5.4091215e-05 176.5695571899414 236.4189314842224 320.0 383.419949054718 
mask 5.2124262e-05 264.5854949951172 282.17625427246094 318.35803985595703 428.0 
mask 4.8309565e-05 0.0 412.61589789390564 20.977230072021484 428.0 
mask 4.6283007e-05 30.869836807250977 315.16119289398193 214.40834045410156 428.0 
nomask 4.401803e-05 308.18592071533203 414.55168199539185 320.0 428.0 
nomask 4.3332577e-05 7.956094741821289 227.0330023765564 67.92403221130371 405.44688177108765 
mask 4.172325e-05 183.89122009277344 140.20537734031677 320.0 281.3385820388794 
nomask 4.1484833e-05 0.0 73.55667078495026 60.64866542816162 223.81787776947021 
mask 4.1246414e-05 0.0 0.0 76.5605354309082 181.15072774887085 
nomask 4.0113926e-05 171.07393264770508 0.0 280.1599311828613 286.9742467403412 
mask 3.9190054e-05 110.10910034179688 0.0 267.12005615234375 329.62177896499634 
mask 3.838539e-05 0.0 236.50546407699585 138.61830711364746 386.791965007782 
nomask 3.695488e-05 184.48829650878906 99.92818635702133 219.957275390625 140.24917936325073 
mask 3.6418438e-05 235.93544006347656 75.50310564041138 320.0 353.82774114608765 
nomask 3.6150217e-05 161.76658630371094 0.0 317.66876220703125 77.3601506948471 
mask 3.5732985e-05 0.0 39.117126166820526 139.43697929382324 193.37151765823364 
mask 3.5136938e-05 0.0 361.20607328414917 48.918724060058594 428.0 
mask 3.5136938e-05 207.0853042602539 130.94570112228394 320.0 390.8188428878784 
