nomask 0.99991167 0.23782721 0.3275695 0.848433 0.8378762 
mask 0.02638498 0.24217716 0.30683386 0.8457135 0.83662736 
mask 0.0014743507 0.8403946 0.28540492 1.0 0.6697691 
nomask 0.0013478994 0.83939964 0.08159062 1.0 0.62247217 
nomask 0.0010612905 0.21612304 0.0 0.90814 0.6612589 
nomask 0.0010521114 0.7939112 0.0 1.0 0.68787175 
mask 0.00048983097 0.48926115 0.0014918894 0.7621381 0.14744486 
nomask 0.00040331483 0.7601348 0.0016605556 0.9959328 0.5064162 
nomask 0.00039428473 0.75812244 0.17266178 1.0 0.7392105 
nomask 0.00035697222 0.85858595 0.33223802 1.0 0.68989295 
nomask 0.0003361702 0.54773617 0.3407999 1.0 0.66295254 
mask 0.0002976656 0.12703359 0.45658356 1.0 1.0 
mask 0.00029575825 0.8689827 0.40498772 1.0 0.74059343 
nomask 0.0002848804 0.0 0.5648755 0.5535352 1.0 
nomask 0.00026652217 0.6490682 0.0 1.0 0.39180642 
nomask 0.00024569035 0.32737952 0.32842836 1.0 1.0 
nomask 0.00024288893 0.0 0.005605161 0.73652923 0.41555506 
mask 0.00024087886 0.31266123 0.3126643 1.0 1.0 
mask 0.00023761392 0.0 0.0 0.1412942 0.31500018 
nomask 0.00023052096 0.0 0.0 0.4545855 0.5998881 
nomask 0.0002297163 0.7164431 0.5939437 1.0 1.0 
nomask 0.00022873282 0.61675096 0.3281942 0.83927166 0.8214744 
nomask 0.00022387505 0.12382132 0.5602702 0.46483523 1.0 
mask 0.00022292137 0.7939112 0.0 1.0 0.68787175 
mask 0.00021713972 0.07667464 0.0106788725 0.45218706 0.1740403 
nomask 0.0002143383 0.0 0.2951031 0.36951452 0.71996236 
nomask 0.0002104342 0.6077784 0.0017066598 1.0 0.43630275 
nomask 0.00020951033 0.0032815337 0.5127155 1.0 1.0 
mask 0.00020766258 0.538518 0.7349514 1.0 1.0 
mask 0.00019589067 0.7164431 0.5939437 1.0 1.0 
mask 0.00019201636 0.58757377 0.0056196284 1.0 0.05577083 
nomask 0.00019085407 0.538518 0.7349514 1.0 1.0 
mask 0.00018510222 0.0 0.0 0.44346577 0.25165385 
nomask 0.00017631054 0.34810063 0.3287806 0.8791517 0.6139221 
mask 0.00017017126 0.54568857 0.0 0.89708203 0.16365413 
nomask 0.00016531348 0.7877549 0.5886798 1.0 1.0 
mask 0.00015810132 0.5645744 0.79383636 1.0 1.0 
mask 0.00015603488 0.5125792 0.008164883 1.0 1.0 
nomask 0.00015175343 0.84388256 0.40307394 0.9935398 0.8267647 
mask 0.00014871359 0.0 0.0 0.23479795 0.4182209 
nomask 0.00014433265 0.5645744 0.79383636 1.0 1.0 
nomask 0.00014400482 0.8799305 0.76951885 1.0 1.0 
nomask 0.00014320016 0.20583013 0.5390215 0.80908906 1.0 
mask 0.00014278293 0.8206345 0.0 1.0 0.8756296 
mask 0.00014260411 0.5321851 0.008630554 0.7761531 0.028798062 
mask 0.00014048815 0.4900229 0.011022817 0.81768537 0.07359631 
mask 0.00013706088 0.0 0.0 0.4545855 0.5998881 
nomask 0.00013628602 0.0 0.7905709 0.68268335 1.0 
nomask 0.00013497472 0.4409821 0.0 0.9648917 0.3513636 
mask 0.0001334548 0.12382132 0.5602702 0.46483523 1.0 
mask 0.00013318658 0.886854 0.45687082 1.0 1.0 
mask 0.00013259053 0.8799305 0.76951885 1.0 1.0 
mask 0.00013107061 0.81497395 0.10632995 0.99928856 0.6197568 
mask 0.00012898445 0.0 0.0 0.75010026 0.25945494 
nomask 0.00012877584 0.6167797 0.49621376 1.0 0.92946887 
mask 0.00012663007 0.7877549 0.5886798 1.0 1.0 
nomask 0.00012499094 0.65481097 0.06525545 1.0 0.5049943 
mask 0.00012499094 0.27147168 0.007407617 0.6573512 0.052515082 
nomask 0.0001244843 0.14709336 0.70917475 0.8814239 1.0 
nomask 0.0001244545 0.886854 0.45687082 1.0 1.0 
nomask 0.00012210011 0.6429076 0.90649164 1.0 1.0 
mask 0.000119775534 0.6429076 0.90649164 1.0 1.0 
nomask 0.00011539459 0.0 0.3926837 0.36524385 1.0 
nomask 0.000110358 0.22404525 0.59171146 0.88233495 0.83912987 
nomask 0.00010934472 0.24386053 0.3682774 0.48936504 0.9201727 
nomask 0.0001064837 0.53805304 0.39354128 1.0 0.8432756 
nomask 0.000103503466 0.544981 0.5250024 0.86524284 1.0 
nomask 0.00010317564 0.3274974 0.0 0.6721839 0.43871137 
nomask 0.000102072954 0.0 0.8793431 1.0 1.0 
mask 0.00010120869 0.0 0.8793431 1.0 1.0 
nomask 0.00010031462 0.74697465 0.35569513 0.9814642 0.69125557 
mask 0.000100046396 0.2501217 0.0019162372 0.6185288 0.14851213 
nomask 9.998679e-05 0.66441774 0.09155983 1.0 0.64709455 
nomask 9.986758e-05 0.77159333 0.31982577 1.0 1.0 
nomask 9.915233e-05 0.5257932 0.0 1.0 0.27014 
mask 9.870529e-05 0.0 0.5944418 0.59886765 1.0 
mask 9.8496675e-05 0.66441774 0.09155983 1.0 0.64709455 
nomask 9.638071e-05 0.085920036 0.69165564 0.645197 1.0 
nomask 9.408593e-05 0.7138012 0.22109213 1.0 0.46824518 
nomask 9.068847e-05 0.7838868 0.13224679 1.0 0.9403295 
mask 8.785725e-05 0.9292998 0.44471526 1.0 0.78803957 
mask 8.773804e-05 0.97471136 0.5407887 1.0 0.7549551 
nomask 8.7291e-05 0.033653438 0.34362042 0.7778565 0.68610144 
mask 8.72612e-05 0.0 0.3409674 0.44039452 0.6608398 
mask 8.5532665e-05 0.0 0.7001504 0.41280434 1.0 
nomask 8.368492e-05 0.0 0.19242874 0.2649808 0.8324233 
mask 8.293986e-05 0.085920036 0.69165564 0.645197 1.0 
mask 8.288026e-05 0.008910127 0.052199587 0.19595146 0.31202376 
nomask 8.273125e-05 0.0 0.7001504 0.41280434 1.0 
nomask 8.267164e-05 0.0 0.5338427 0.26697683 1.0 
nomask 8.201599e-05 0.0032458901 0.14306864 0.4228201 0.90263855 
nomask 8.0913305e-05 0.36317796 0.60264206 0.8670278 1.0 
nomask 7.69496e-05 0.13671315 0.0 0.8987901 0.28405246 
mask 7.5638294e-05 0.6077784 0.0017066598 1.0 0.43630275 
nomask 7.402897e-05 0.6520352 0.09635639 0.8731167 0.62221426 
mask 7.3194504e-05 0.14709336 0.70917475 0.8814239 1.0 
mask 7.301569e-05 0.008671194 0.0 0.27761245 0.26819113 
mask 7.2956085e-05 0.00092948973 0.26560068 0.12689504 0.63074714 
nomask 6.7293644e-05 0.0009107599 0.0 0.03156276 0.055063993 
mask 6.580353e-05 0.0 0.0 0.6282637 0.123261176 
