nomask 0.99996424 63.499844 40.13197 231.39743 176.44893 
mask 0.002806604 63.834385 40.41774 230.62343 176.82204 
nomask 0.00067684054 0.0 2.934529 104.69165 44.517036 
nomask 0.00037109852 0.7862955 0.5242647 75.52047 4.558146 
nomask 0.00036522746 0.0 0.0 144.13248 146.41312 
nomask 0.00032931566 45.410694 19.75113 246.01204 120.308174 
nomask 0.00031000376 195.37885 0.0 297.0 143.24327 
nomask 0.00028267503 24.961731 1.2325872 133.62772 35.72498 
nomask 0.00023654103 0.0 0.0 115.39685 68.47628 
nomask 0.00023168325 1.2582905 0.0 188.88504 65.26925 
nomask 0.00022932887 8.065165 0.92564005 19.155287 9.429923 
mask 0.00022646785 250.11328 91.58649 297.0 178.61348 
nomask 0.00022518635 181.1086 168.55588 297.0 236.0 
nomask 0.00022414327 202.5596 46.57979 297.0 231.59698 
mask 0.00022044778 181.1086 168.55588 297.0 236.0 
nomask 0.0002156496 0.0 0.0 73.067085 107.97914 
nomask 0.00020673871 0.0 130.84996 135.0341 236.0 
nomask 0.00020644069 195.89395 37.763924 297.0 194.96059 
nomask 0.00020575523 27.03268 0.48761982 166.07764 9.598101 
mask 0.00020262599 8.065165 0.92564005 19.155287 9.429923 
mask 0.00020220876 263.02988 0.0 297.0 236.0 
nomask 0.00020122528 142.4712 175.1835 297.0 236.0 
nomask 0.00020065904 0.0 43.318665 79.6751 193.20154 
nomask 0.00020051003 136.61163 31.524029 297.0 236.0 
mask 0.00019961596 0.7862955 0.5242647 75.52047 4.558146 
mask 0.0001938343 136.61163 31.524029 297.0 236.0 
nomask 0.00019156933 229.62799 140.42189 297.0 236.0 
nomask 0.0001834333 228.98581 58.605232 297.0 235.33023 
nomask 0.00017759204 0.0 1.9365076 113.54592 16.769953 
nomask 0.00017291307 0.0 2.186594 211.63289 103.988235 
mask 0.00016981363 142.4712 175.1835 297.0 236.0 
nomask 0.00016781688 3.437135 13.69779 42.845818 109.52851 
mask 0.0001642704 40.05398 108.41871 297.0 236.0 
mask 0.00016066432 0.0 1.9365076 113.54592 16.769953 
nomask 0.00016003847 0.92867154 1.7268769 5.869101 46.84513 
mask 0.00015860796 0.92867154 1.7268769 5.869101 46.84513 
nomask 0.0001577735 227.29176 0.21272361 297.0 160.42845 
mask 0.00015106797 229.62799 140.42189 297.0 236.0 
nomask 0.00014805794 244.41148 66.01951 297.0 177.83232 
mask 0.0001477432 92.85981 73.78923 297.0 236.0 
nomask 0.00014774193 92.85981 73.78923 297.0 236.0 
nomask 0.00014615059 86.51815 157.56747 270.79947 236.0 
nomask 0.00014561415 268.90485 151.62636 297.0 236.0 
nomask 0.00014153123 0.0 0.0 68.22986 16.191813 
nomask 0.00013804436 0.0 129.33751 79.20528 236.0 
nomask 0.00013640523 96.82961 0.0 199.3377 114.02613 
nomask 0.0001348257 36.669926 0.0 135.9125 108.35122 
nomask 0.00013414025 167.90485 77.820114 297.0 155.36615 
nomask 0.00013262033 194.44566 200.99503 297.0 236.0 
mask 0.00013247132 208.08244 195.0496 297.0 234.56912 
nomask 0.0001308024 8.745252 0.0 87.07488 66.47136 
nomask 0.00013035536 40.05398 108.41871 297.0 236.0 
mask 0.00013014674 268.90485 151.62636 297.0 236.0 
mask 0.00012671947 194.44566 200.99503 297.0 236.0 
nomask 0.00012663007 263.02988 0.0 297.0 236.0 
nomask 0.00012615323 223.39671 125.21402 297.0 236.0 
nomask 0.00012353063 208.08244 195.0496 297.0 234.56912 
mask 0.00012329221 2.5660818 0.0 126.29884 169.51306 
nomask 0.000118136406 59.078217 0.0 240.93008 90.601265 
nomask 0.00011640787 0.0 0.0 53.851055 37.6081 
nomask 0.00011205673 0.0 24.04687 132.30946 107.15118 
nomask 0.00011190772 0.0 65.24121 111.30635 170.01602 
mask 0.0001116395 0.0 2.934529 104.69165 44.517036 
nomask 0.000110924244 220.31027 174.17242 297.0 234.96416 
mask 0.00010833144 0.0 0.0 68.22986 16.191813 
nomask 0.000107973814 200.53485 20.657175 297.0 153.0871 
nomask 0.00010344386 0.0 52.220535 133.26335 211.04236 
nomask 0.000102967024 192.19716 213.76561 297.0 236.0 
mask 0.00010085106 192.19716 213.76561 297.0 236.0 
mask 0.00010034442 200.53485 20.657175 297.0 153.0871 
nomask 9.933114e-05 255.43169 226.48389 297.0 236.0 
mask 9.7841024e-05 0.0 0.0 131.07115 61.03138 
nomask 9.6440315e-05 93.96859 175.08253 283.524 236.0 
nomask 9.62019e-05 245.68224 143.5828 297.0 236.0 
nomask 9.614229e-05 0.0 0.0 71.09878 165.15706 
mask 9.5784664e-05 0.0 204.88101 297.0 236.0 
nomask 9.509921e-05 1.7803702 15.571727 6.6679463 61.429016 
mask 9.459257e-05 0.0 130.84996 135.0341 236.0 
nomask 9.056926e-05 281.22958 224.57018 297.0 236.0 
nomask 9.047985e-05 154.98251 131.1771 297.0 212.2059 
mask 9.045005e-05 27.03268 0.48761982 166.07764 9.598101 
nomask 8.8721514e-05 0.0 61.794292 1.6040568 109.51442 
nomask 8.839369e-05 0.0 204.88101 297.0 236.0 
nomask 8.7440014e-05 5.5186176 3.5740204 38.46129 27.170815 
mask 8.702278e-05 262.95538 65.689896 297.0 206.36536 
nomask 8.550286e-05 0.0 144.68333 119.72589 236.0 
nomask 8.4102154e-05 112.45097 203.22491 297.0 236.0 
nomask 8.350611e-05 192.10123 17.388542 297.0 122.58898 
nomask 8.2194805e-05 215.71481 115.21848 295.84427 218.00444 
mask 8.1032515e-05 0.5856168 224.47037 15.529009 236.0 
nomask 8.08835e-05 39.40246 79.60563 141.99918 236.0 
mask 8.034706e-05 1.2582905 0.0 188.88504 65.26925 
mask 8.034706e-05 227.28339 70.736305 297.0 175.61945 
mask 7.906556e-05 227.29176 0.21272361 297.0 160.42845 
nomask 7.891655e-05 0.5856168 224.47037 15.529009 236.0 
nomask 7.6174736e-05 27.532415 171.50397 197.75182 236.0 
nomask 7.534027e-05 261.26447 95.77361 297.0 236.0 
mask 7.495284e-05 206.75899 0.0 297.0 135.28741 
mask 7.495284e-05 0.0 2.186594 211.63289 103.988235 
mask 7.44462e-05 1.7803702 15.571727 6.6679463 61.429016 
