nomask 0.99997437 0.2307946 0.23572165 0.6206016 0.66814923 
mask 0.03388855 0.22976829 0.23283045 0.61937875 0.66703975 
nomask 0.00023376942 0.0055560917 0.19490765 0.13078658 0.68026644 
mask 0.00021502376 0.83305407 0.83826244 1.0 0.9928839 
nomask 0.00020352006 0.62189984 0.6948569 1.0 1.0 
mask 0.00019788742 0.62189984 0.6948569 1.0 1.0 
nomask 0.00019583106 0.8716641 0.78172493 1.0 1.0 
nomask 0.00019198656 0.30791998 0.45240906 0.64931536 0.6492672 
nomask 0.00018376112 0.75998837 0.5971868 1.0 1.0 
nomask 0.00017780066 0.08665437 0.3796737 0.25723818 0.7874551 
mask 0.00017243624 0.8716641 0.78172493 1.0 1.0 
nomask 0.000166893 0.0 0.58069444 0.44455597 1.0 
nomask 0.00016456842 0.048814528 0.27625817 0.1977436 0.66888833 
nomask 0.0001577735 0.64355385 0.9032332 1.0 1.0 
nomask 0.00015431643 0.0 0.018783033 0.26008597 0.6118847 
mask 0.0001501441 0.64355385 0.9032332 1.0 1.0 
nomask 0.00014540553 0.0 0.88117135 1.0 1.0 
mask 0.00014299154 0.12044495 0.45494246 0.9736541 0.9920925 
nomask 0.0001399517 0.006140694 0.17760521 0.030404657 0.8121688 
nomask 0.0001385212 0.0 0.0 0.26992407 0.3894162 
nomask 0.00013720989 0.0 0.28527358 0.36261082 0.72421515 
nomask 0.00013521314 0.8837489 0.0 1.0 1.0 
mask 0.00013464689 0.0 0.88117135 1.0 1.0 
nomask 0.00013172626 0.11803481 0.31607044 0.23542005 0.64837134 
nomask 0.00012230873 0.13943401 0.094037 0.84388566 0.80268323 
nomask 0.00011739135 0.3259559 0.32710916 1.0 1.0 
nomask 0.00011521578 0.0 0.26104563 0.16771582 0.6351038 
mask 0.00011514795 0.5081259 0.003458023 1.0 1.0 
mask 0.00011256337 0.75998837 0.5971868 1.0 1.0 
nomask 0.00011226535 0.045019507 0.0 0.5943603 0.3599426 
mask 0.000112160706 0.31266093 0.31266856 1.0 1.0 
nomask 0.00010642409 0.6296902 0.2728843 1.0 0.9179558 
mask 0.00010535121 0.94891036 0.96329767 1.0 1.0 
nomask 0.00010049343 0.0 0.51077145 0.94456244 0.9929823 
nomask 9.846687e-05 0.66714144 0.094643354 1.0 0.6470482 
mask 9.7990036e-05 0.0 0.6140008 0.55816966 1.0 
nomask 9.700656e-05 0.0 0.0 0.42475492 0.2613066 
mask 9.6440315e-05 0.0 0.26104563 0.16771582 0.6351038 
nomask 9.432435e-05 0.48152164 0.729491 1.0 1.0 
mask 9.3489885e-05 0.66714144 0.094643354 1.0 0.6470482 
nomask 9.277463e-05 0.14776489 0.0 0.87795186 0.27051592 
nomask 9.188056e-05 0.65082735 0.17516539 1.0 0.84207296 
nomask 9.179115e-05 0.0 0.3409176 0.14685935 0.7687547 
mask 9.0420246e-05 0.48152164 0.729491 1.0 1.0 
nomask 9.027333e-05 0.5081259 0.003458023 1.0 1.0 
nomask 8.827448e-05 0.6941362 0.0 1.0 0.5963792 
nomask 8.7320805e-05 0.6600489 0.35929233 0.7828124 0.6898963 
mask 8.586049e-05 0.9476185 0.86144525 0.99447286 1.0 
mask 8.422136e-05 0.9857594 0.583874 0.9951409 0.82985044 
mask 8.4131956e-05 0.8837489 0.0 1.0 1.0 
nomask 8.332729e-05 0.0 0.5415692 0.26463214 1.0 
mask 8.2820654e-05 0.853346 0.7087722 1.0 1.0 
nomask 8.201599e-05 0.12743002 0.0 0.45671064 0.4568951 
nomask 7.992983e-05 0.089826286 0.6910886 0.65068644 1.0 
nomask 7.894635e-05 0.65990555 0.2299178 0.7830367 0.56717527 
mask 7.879734e-05 0.9877531 0.63948786 0.9967106 0.8811799 
nomask 7.876754e-05 0.14120035 0.22998616 0.59517765 0.50271976 
nomask 7.8737736e-05 0.2901828 0.0 0.7151661 0.40941745 
nomask 7.8201294e-05 0.0 0.06733322 0.19160587 0.42928302 
nomask 7.671118e-05 0.9877531 0.63948786 0.9967106 0.8811799 
mask 7.531047e-05 0.71141195 0.0 0.9582509 0.14444089 
nomask 7.4505806e-05 0.7236984 0.037778854 1.0 0.64908075 
mask 7.4356794e-05 0.96097755 0.8137022 0.9961307 0.97754514 
mask 7.4356794e-05 0.006140694 0.17760521 0.030404657 0.8121688 
mask 7.31647e-05 0.41785002 0.7824783 0.79754674 0.9783142 
mask 7.304549e-05 0.0 0.0008196272 0.014333173 0.061148047 
nomask 7.203221e-05 0.0 0.54668593 0.44576535 0.92552066 
nomask 7.137656e-05 0.2766216 0.64282113 0.9147619 1.0 
mask 7.119775e-05 0.846908 0.9192883 1.0 1.0 
mask 7.0899725e-05 0.0 0.3409176 0.14685935 0.7687547 
mask 7.042289e-05 0.089826286 0.6910886 0.65068644 1.0 
mask 6.991625e-05 0.0 0.74412113 0.47253245 1.0 
mask 6.976724e-05 0.0 0.4201362 0.32729852 0.99988127 
nomask 6.940961e-05 0.9882949 0.69694287 1.0 0.9230742 
mask 6.9350004e-05 0.9784749 0.54394114 0.9927886 0.7527547 
nomask 6.902218e-05 0.0 0.74412113 0.47253245 1.0 
mask 6.866455e-05 0.0 0.54668593 0.44576535 0.92552066 
nomask 6.723404e-05 0.14603008 0.40467376 0.32773685 0.7750403 
nomask 6.702542e-05 0.97665143 0.7580351 0.9962114 0.96387416 
mask 6.4611435e-05 0.62919426 0.61228484 1.0 1.0 
nomask 6.3598156e-05 0.31828123 0.53729165 0.6694329 0.6693038 
nomask 6.341934e-05 0.37300104 0.2896369 0.62645864 0.6279227 
nomask 6.130338e-05 0.9857594 0.583874 0.9951409 0.82985044 
mask 6.1273575e-05 0.0 0.0 0.42475492 0.2613066 
mask 5.8203936e-05 0.9675817 0.56998014 1.0 1.0 
nomask 5.8054924e-05 0.8775232 0.22451082 1.0 0.80686426 
nomask 5.6922436e-05 0.94891036 0.96329767 1.0 1.0 
nomask 5.6803226e-05 0.71311843 0.28178808 0.85371923 0.66065156 
nomask 5.6743622e-05 0.6902414 0.27244294 0.7571904 0.3844077 
nomask 5.6624413e-05 0.96097755 0.8137022 0.9961307 0.97754514 
nomask 5.6535006e-05 0.59879094 0.5803835 1.0 1.0 
nomask 5.64456e-05 0.2659973 0.594929 0.7320675 1.0 
nomask 5.6415796e-05 0.41933274 0.5861581 0.6785556 0.73692924 
nomask 5.635619e-05 0.0 0.10167275 0.41065574 0.45291704 
nomask 5.596876e-05 0.2974965 0.30103606 0.6484714 0.94663674 
nomask 5.5253506e-05 0.11594686 0.5538124 0.47842535 1.0 
mask 5.429983e-05 0.0 0.5415692 0.26463214 1.0 
mask 5.4240227e-05 0.507423 0.5392494 1.0 0.9303551 
nomask 5.3703785e-05 0.0017703362 0.5541394 0.010993939 0.77226305 
nomask 5.298853e-05 0.507423 0.5392494 1.0 0.9303551 
