nomask 0.9999771 0.24904996 0.2032204 0.8365987 0.82959664 
mask 0.0041546226 0.25480008 0.20755437 0.840412 0.8236443 
nomask 0.000330925 0.061234057 0.5906085 0.48727524 1.0 
nomask 0.00022396445 0.7154366 0.5921843 1.0 1.0 
nomask 0.00021019578 0.8783705 0.33507872 0.9849329 0.7167932 
mask 0.00020289421 0.12779525 0.4568633 1.0 1.0 
nomask 0.00019320846 0.97672904 0.46035087 1.0 0.6511328 
nomask 0.00017696619 0.6632745 0.0 1.0 0.50626075 
nomask 0.00017687678 0.94486344 0.3665482 0.99390006 0.7341094 
nomask 0.000174433 0.27284563 0.5965104 0.71139127 1.0 
nomask 0.00016885996 0.0 0.19533035 0.35634065 0.80663645 
nomask 0.00016784668 0.32735074 0.3284565 1.0 1.0 
nomask 0.00016370416 0.78308725 0.0 1.0 0.680263 
nomask 0.00016334653 0.1802429 0.7045431 0.83155906 1.0 
nomask 0.00016245246 0.0 0.6014682 0.5495374 1.0 
mask 0.00015732701 0.31265977 0.31266534 1.0 1.0 
mask 0.00015676022 0.7154366 0.5921843 1.0 1.0 
nomask 0.00015434623 0.5812924 0.3242985 1.0 0.6615656 
mask 0.00015345216 0.5567081 0.72097313 1.0 1.0 
nomask 0.0001514256 0.5567081 0.72097313 1.0 1.0 
mask 0.0001424551 0.45806816 0.13487443 1.0 1.0 
nomask 0.000141114 0.0 0.27027863 0.26352525 1.0 
nomask 0.00014060736 0.0 0.008175686 0.7242023 0.4255463 
nomask 0.00013831258 0.004421234 0.5126801 1.0 1.0 
mask 0.0001270771 0.8420081 0.0 1.0 0.9116924 
nomask 0.00012493134 0.0 0.792684 0.6854055 1.0 
nomask 0.00012421608 0.8780891 0.77220654 1.0 1.0 
nomask 0.00012332201 0.20746452 0.0 0.82071847 0.35789895 
mask 0.00012105703 0.8412097 0.6146785 1.0 0.96913147 
nomask 0.00011765957 0.0 0.0 0.4692765 0.6029723 
nomask 0.00011765957 0.6280731 0.0 1.0 0.37160665 
mask 0.000112622976 0.8780891 0.77220654 1.0 1.0 
nomask 0.00011202693 0.6426937 0.90767515 1.0 1.0 
nomask 0.000111848116 0.5742434 0.7961151 1.0 1.0 
mask 0.000110924244 0.5742434 0.7961151 1.0 1.0 
mask 0.00011074543 0.061234057 0.5906085 0.48727524 1.0 
mask 0.00011020899 0.6426937 0.90767515 1.0 1.0 
nomask 0.00010922551 0.67401004 0.086719304 1.0 0.64630854 
mask 9.956956e-05 0.67401004 0.086719304 1.0 0.64630854 
nomask 9.8735094e-05 0.0 0.72212297 0.6853478 1.0 
mask 9.0032816e-05 0.0 0.72212297 0.6853478 1.0 
nomask 8.842349e-05 0.86153555 0.9544539 0.9911072 1.0 
nomask 8.571148e-05 0.4987367 0.050552726 0.8575152 0.7097665 
nomask 8.3476305e-05 0.8128581 0.598746 0.99666536 1.0 
nomask 8.3088875e-05 0.09769961 0.69957715 0.64812493 1.0 
nomask 8.264184e-05 0.32729554 0.0 0.6638957 0.47634643 
nomask 8.237362e-05 0.0 0.579123 0.3181139 1.0 
nomask 8.228421e-05 0.79047215 0.5973713 1.0 1.0 
nomask 8.222461e-05 0.95413315 0.95370835 1.0 1.0 
nomask 8.21054e-05 0.7273183 0.034745544 1.0 0.61092865 
nomask 7.805228e-05 0.0 0.23335418 0.18131338 0.64031315 
nomask 7.751584e-05 0.0 0.733855 0.45464203 1.0 
mask 7.709861e-05 0.0 0.87799835 1.0 1.0 
nomask 7.5012445e-05 0.0 0.87799835 1.0 1.0 
mask 7.253885e-05 0.79047215 0.5973713 1.0 1.0 
mask 7.1167946e-05 0.1286547 0.8116677 0.42647088 0.9969764 
nomask 7.098913e-05 0.87391716 0.21083665 0.9909064 0.5821614 
nomask 7.072091e-05 0.0 0.32795 0.43814275 0.6627964 
nomask 7.018447e-05 0.19319463 0.0 0.90736437 0.54844666 
nomask 6.943941e-05 0.54312533 0.0 0.8768018 0.4584275 
nomask 6.854534e-05 0.5310258 0.0 1.0 0.26166135 
mask 6.8455935e-05 0.1802429 0.7045431 0.83155906 1.0 
nomask 6.818771e-05 0.72336316 0.21041402 1.0 0.80252135 
nomask 6.66976e-05 0.55047363 0.55964106 0.8579362 1.0 
mask 6.4998865e-05 0.09769961 0.69957715 0.64812493 1.0 
mask 6.452203e-05 0.6151878 0.002576083 1.0 0.44588014 
nomask 6.2555075e-05 0.7641749 0.36515555 1.0 1.0 
mask 6.097555e-05 0.0 0.733855 0.45464203 1.0 
mask 6.067753e-05 0.0 0.0 0.4692765 0.6029723 
nomask 6.055832e-05 0.12349801 0.0 0.4618634 0.45299527 
nomask 6.043911e-05 0.0 0.0 0.23453903 0.6923498 
mask 5.981326e-05 0.94486344 0.3665482 0.99390006 0.7341094 
nomask 5.9247017e-05 0.5620781 0.38370746 1.0 0.85105616 
mask 5.915761e-05 0.0 0.008175686 0.7242023 0.4255463 
nomask 5.8710575e-05 0.98714656 0.41323474 1.0 0.60903025 
nomask 5.8680773e-05 0.7763861 0.76956874 1.0 1.0 
nomask 5.7578087e-05 0.55372655 0.086341664 1.0 0.4519549 
nomask 5.5640936e-05 0.0 0.0 0.4369873 0.2590605 
mask 5.555153e-05 0.0 0.792684 0.6854055 1.0 
mask 5.51939e-05 0.0 0.18938842 0.20701519 0.68076396 
nomask 5.5134296e-05 0.7482387 0.0 1.0 0.46344277 
nomask 5.4746866e-05 0.8783898 0.0 1.0 1.0 
mask 5.3614378e-05 0.0 0.53149766 0.27228075 1.0 
nomask 5.3584576e-05 0.0 0.5459593 0.4366726 0.9105496 
mask 5.349517e-05 0.97672904 0.46035087 1.0 0.6511328 
nomask 5.275011e-05 0.84634155 0.66095793 1.0 1.0 
nomask 5.1796436e-05 0.6300085 0.5097202 1.0 0.9271492 
mask 5.170703e-05 0.78308725 0.0 1.0 0.680263 
mask 5.1379204e-05 0.0267625 0.7871099 0.33626473 0.97956663 
mask 5.0663948e-05 0.7647916 0.8368499 1.0 0.9870728 
mask 5.00381e-05 0.86153555 0.9544539 0.9911072 1.0 
nomask 4.9859285e-05 0.0 0.09128764 0.41522354 0.45206198 
nomask 4.8607588e-05 0.0 0.0 0.27192932 0.40194955 
mask 4.848838e-05 0.9912272 0.23828946 1.0 0.50073296 
nomask 4.8190355e-05 0.6750674 0.85077953 1.0 1.0 
mask 4.7802925e-05 0.0 0.6014682 0.5495374 1.0 
nomask 4.6908855e-05 0.19727549 0.52526546 0.8475063 0.8561102 
mask 4.4584274e-05 0.0 0.0 0.4369873 0.2590605 
nomask 4.413724e-05 0.05215907 0.0 0.5756601 0.33625978 
nomask 4.2825937e-05 0.7647916 0.8368499 1.0 0.9870728 
