nomask 0.99994844 51.2354850769043 84.23487436771393 238.5515594482422 354.4052543640137 
nomask 0.008094341 2.099953293800354 226.66258573532104 14.850053787231445 270.6033363342285 
nomask 0.0016306639 3.789619207382202 212.13873291015625 40.275187492370605 370.07479667663574 
mask 0.0015724897 2.099953293800354 226.66258573532104 14.850053787231445 270.6033363342285 
mask 0.0015480816 53.323612213134766 87.35557079315186 240.52728652954102 351.2220182418823 
nomask 0.0011582077 0.0 57.26233100891113 6.056009531021118 94.07108163833618 
nomask 0.0010155737 0.17454743385314941 75.72007489204407 6.380541920661926 122.90852737426758 
nomask 0.00086703897 1.2913739681243896 210.30037450790405 8.588753342628479 269.66902923583984 
nomask 0.0007247925 34.11099910736084 259.0800623893738 75.7468843460083 391.3628349304199 
nomask 0.0006901026 6.967130899429321 224.65358567237854 30.364394187927246 264.5847547054291 
nomask 0.0005220473 12.893636226654053 201.38349950313568 58.6525821685791 352.92481231689453 
nomask 0.00043946505 0.0 42.25410804152489 5.973234176635742 80.57540285587311 
nomask 0.00037413836 0.7170403003692627 217.47518157958984 20.90221405029297 369.88805770874023 
nomask 0.00037136674 0.38570642471313477 235.29566597938538 12.34097957611084 310.1594202518463 
mask 0.00033003092 3.738013505935669 206.20176029205322 40.12623310089111 362.3445177078247 
nomask 0.00032892823 0.0 93.61973839998245 3.9729338884353638 148.33375215530396 
nomask 0.00032693148 4.152185916900635 264.8299388885498 51.595468521118164 407.29223012924194 
mask 0.000305593 283.60546112060547 0.0 320.0 428.0 
nomask 0.000302732 0.45088768005371094 223.49557447433472 146.10076904296875 428.0 
mask 0.00028923154 0.7170403003692627 217.47518157958984 20.90221405029297 369.88805770874023 
mask 0.00028079748 5.222506523132324 409.5368478298187 54.163055419921875 428.0 
nomask 0.00028052926 61.33742332458496 306.41328859329224 87.8429126739502 355.08715772628784 
nomask 0.00027242303 0.0 297.7320694923401 4.455777406692505 373.3983931541443 
nomask 0.00026157498 52.09538459777832 275.74850511550903 100.9437370300293 411.1714515686035 
nomask 0.00024533272 0.0 181.1602942943573 3.6806720495224 253.84262108802795 
nomask 0.00024241209 205.99615097045898 154.07462334632874 320.0 428.0 
mask 0.00023260713 43.82221221923828 197.29803609848022 320.0 428.0 
nomask 0.0002143383 25.630130767822266 260.2841715812683 159.05731201171875 428.0 
nomask 0.00021126866 105.2569580078125 141.04145514965057 320.0 428.0 
nomask 0.00020757318 252.19697952270508 254.65383863449097 320.0 428.0 
nomask 0.00020512938 239.01248931884766 0.0 320.0 259.2212390899658 
nomask 0.00020357966 235.09870529174805 333.6379933357239 261.3140678405762 368.76053190231323 
mask 0.00020349026 213.78517150878906 273.2032172679901 320.0 428.0 
nomask 0.0001925826 3.0841445922851562 221.19587898254395 320.0 428.0 
mask 0.00019171834 0.6734243035316467 260.2153944969177 9.624837636947632 328.33496379852295 
nomask 0.00019067526 0.0 274.53801822662354 6.189071536064148 351.8176441192627 
nomask 0.00018772483 44.78679656982422 302.6359062194824 68.24093818664551 354.7631196975708 
nomask 0.00018179417 283.60546112060547 0.0 320.0 428.0 
nomask 0.00018146634 9.828548431396484 0.0 198.1708526611328 152.75276911258698 
nomask 0.00017884374 0.6734243035316467 260.2153944969177 9.624837636947632 328.33496379852295 
mask 0.0001758039 0.0 274.53801822662354 6.189071536064148 351.8176441192627 
nomask 0.00017291307 196.44969940185547 310.62261962890625 320.0 428.0 
nomask 0.00016510487 182.6757049560547 1.8619877696037292 320.0 193.29427099227905 
nomask 0.00016361475 188.38727951049805 117.03002548217773 239.54740524291992 242.58641958236694 
mask 0.00016355515 0.0 42.25410804152489 5.973234176635742 80.57540285587311 
mask 0.00016114116 164.89547729492188 4.5318639278411865 320.0 428.0 
mask 0.00015667081 34.11099910736084 259.0800623893738 75.7468843460083 391.3628349304199 
nomask 0.00015538931 164.89547729492188 4.5318639278411865 320.0 428.0 
nomask 0.00015205145 0.0 156.07043433189392 1.234387755393982 240.0664894580841 
nomask 0.00015079975 218.79329681396484 36.516690373420715 320.0 275.49543809890747 
mask 0.00014853477 0.45088768005371094 223.49557447433472 146.10076904296875 428.0 
mask 0.00014659762 0.17454743385314941 75.72007489204407 6.380541920661926 122.90852737426758 
nomask 0.00014266372 40.89607238769531 0.0 146.48443222045898 197.81756329536438 
nomask 0.00014197826 3.059983253479004 0.0 135.02008438110352 316.7116365432739 
nomask 0.00013968349 116.76827430725098 274.0410170555115 277.25765228271484 428.0 
nomask 0.00013837218 51.68086051940918 0.0 272.3477554321289 121.70138239860535 
mask 0.0001359582 218.79329681396484 36.516690373420715 320.0 275.49543809890747 
mask 0.0001346767 3.059983253479004 0.0 135.02008438110352 316.7116365432739 
nomask 0.00013321638 5.222506523132324 409.5368478298187 54.163055419921875 428.0 
nomask 0.00013241172 288.39439392089844 275.0816276073456 320.0 428.0 
nomask 0.0001321137 42.02996253967285 291.60427618026733 130.8720874786377 363.8698077201843 
nomask 0.00013002753 1.0523778200149536 69.12017893791199 12.485857009887695 294.3579361438751 
mask 0.00012686849 6.967130899429321 224.65358567237854 30.364394187927246 264.5847547054291 
nomask 0.00012639165 0.0 314.55873012542725 140.11451721191406 428.0 
mask 0.00012084842 288.39439392089844 275.0816276073456 320.0 428.0 
nomask 0.00012078881 0.0 133.43202078342438 0.3163101524114609 222.9198215007782 
mask 0.000114142895 0.38570642471313477 235.29566597938538 12.34097957611084 310.1594202518463 
mask 0.000112354755 0.0 57.26233100891113 6.056009531021118 94.07108163833618 
mask 0.00011181831 206.56341552734375 387.8586220741272 320.0 428.0 
nomask 0.0001116097 206.56341552734375 387.8586220741272 320.0 428.0 
nomask 0.00011047721 0.0 109.72451388835907 0.7667611539363861 189.64616453647614 
mask 0.000110358 1.2913739681243896 210.30037450790405 8.588753342628479 269.66902923583984 
nomask 0.00010967255 105.6635570526123 242.67147254943848 214.2206573486328 428.0 
nomask 0.00010854006 34.451560974121094 299.00217509269714 272.2968864440918 428.0 
nomask 0.00010713935 0.0 141.30957353115082 141.6735076904297 283.7797603607178 
mask 0.00010582805 0.0 297.7320694923401 4.455777406692505 373.3983931541443 
nomask 0.000105798244 2.2912591695785522 235.49717569351196 16.155307292938232 424.8872756958008 
nomask 0.00010538101 0.0 368.3819773197174 111.8326187133789 428.0 
nomask 0.00010535121 42.86187171936035 146.50224339962006 162.0113754272461 418.8755054473877 
nomask 0.00010445714 175.92525482177734 166.92489194869995 320.0 377.3726167678833 
nomask 0.00010380149 0.0 250.00615572929382 81.82239532470703 428.0 
nomask 0.00010320544 2.008962631225586 16.170051217079163 312.33509063720703 284.5217161178589 
nomask 0.00010198355 0.9853768348693848 159.9717481136322 19.837265014648438 316.9024317264557 
nomask 0.000101715326 20.3529691696167 292.31811904907227 97.01642990112305 361.7909846305847 
mask 0.00010120869 3.317829966545105 410.6182246208191 22.170391082763672 428.0 
nomask 9.813905e-05 39.99889373779297 337.11506271362305 320.0 428.0 
nomask 9.638071e-05 31.65167808532715 206.0782115459442 75.8762264251709 345.3793079853058 
nomask 9.6052885e-05 58.8388729095459 269.2739691734314 157.50182151794434 346.05817556381226 
nomask 9.3877316e-05 0.5157685279846191 68.33178716897964 42.34718322753906 245.40087175369263 
nomask 9.381771e-05 0.0 388.68583488464355 53.21560859680176 428.0 
nomask 9.36687e-05 3.317829966545105 410.6182246208191 22.170391082763672 428.0 
mask 9.289384e-05 0.0 366.8659987449646 320.0 428.0 
mask 9.0777874e-05 0.0 314.55873012542725 140.11451721191406 428.0 
nomask 8.791685e-05 0.0 0.0 77.82156944274902 194.11270809173584 
mask 8.675456e-05 34.451560974121094 299.00217509269714 272.2968864440918 428.0 
nomask 8.672476e-05 194.01506423950195 0.0 320.0 163.0664745569229 
mask 8.639693e-05 0.0 93.61973839998245 3.9729338884353638 148.33375215530396 
mask 8.6307526e-05 0.0 388.68583488464355 53.21560859680176 428.0 
mask 8.5771084e-05 52.09538459777832 275.74850511550903 100.9437370300293 411.1714515686035 
nomask 8.556247e-05 0.16993999481201172 34.95713299512863 16.967344284057617 229.56548380851746 
