nomask 0.9999811 0.23179281 0.22967243 0.80645335 0.83795524 
mask 0.0041033626 0.23064724 0.22985157 0.80607617 0.8404385 
nomask 0.00031492114 0.08046919 0.60682976 0.47872448 1.0 
nomask 0.00030574203 0.27205005 0.24998528 0.5840918 0.4245476 
nomask 0.00022760034 0.17109084 0.704613 0.83082795 1.0 
nomask 0.00021767616 0.7871355 0.0 1.0 0.69752455 
nomask 0.0002142787 0.0 0.58903396 0.54647297 1.0 
nomask 0.00020569563 0.14180553 0.57401645 0.4140243 0.75646603 
nomask 0.00019234419 0.6054435 0.0032381415 1.0 0.4474128 
nomask 0.00018504262 0.71077627 0.5982049 1.0 1.0 
nomask 0.0001848638 0.0 0.6633068 0.35581836 1.0 
nomask 0.00018173456 0.2328378 0.0 0.9065695 0.7176117 
nomask 0.00018137693 0.0 0.0 0.47162274 0.59840894 
mask 0.00017917156 0.13055676 0.45771608 1.0 1.0 
mask 0.00016617775 0.71077627 0.5982049 1.0 1.0 
mask 0.00016236305 0.5641196 0.72793627 1.0 1.0 
nomask 0.00015857816 0.0 0.005699694 0.71761924 0.4237666 
nomask 0.0001539588 0.3279515 0.3289551 1.0 1.0 
mask 0.00014840144 0.31265944 0.31266516 1.0 1.0 
nomask 0.00014141202 0.0 0.011416227 0.2773117 0.60040116 
nomask 0.00014141202 0.0 0.20020685 0.2686693 0.8135816 
nomask 0.00014075637 0.5641196 0.72793627 1.0 1.0 
mask 0.00013640523 0.87982774 0.0 1.0 1.0 
nomask 0.00013393164 0.5759407 0.7959891 1.0 1.0 
nomask 0.0001333952 0.28037208 0.5993497 0.72020894 1.0 
mask 0.00013190508 0.11308955 0.5621823 0.46317345 1.0 
nomask 0.00013151765 0.7292064 0.030827582 1.0 0.61514515 
nomask 0.0001309812 0.118267626 0.0 0.92634714 0.27154312 
nomask 0.00012907386 0.6435167 0.27942848 1.0 0.7155419 
mask 0.00012794137 0.5759407 0.7959891 1.0 1.0 
nomask 0.0001257658 0.006354451 0.5134297 1.0 1.0 
mask 0.00012272596 0.4591297 0.13411194 1.0 1.0 
nomask 0.0001180172 0.9064783 0.6436122 1.0 1.0 
mask 0.00011745095 0.0 0.84370226 0.33553535 0.99348897 
nomask 0.0001167357 0.0 0.26923987 0.1845552 0.6221725 
mask 0.00011005998 0.9064783 0.6436122 1.0 1.0 
nomask 0.00010547042 0.7917042 0.6066657 1.0 1.0 
nomask 0.00010472536 0.6743257 0.08709505 1.0 0.64686215 
nomask 0.000101834536 0.6426629 0.9078122 1.0 1.0 
nomask 0.00010082126 0.6236146 0.0 1.0 0.3669905 
mask 0.00010058284 0.6426629 0.9078122 1.0 1.0 
mask 9.930134e-05 0.0 0.6354377 0.3897763 1.0 
nomask 9.87947e-05 0.0 0.791689 0.69248587 1.0 
nomask 9.664893e-05 0.6519564 0.4071505 1.0 1.0 
nomask 9.611249e-05 0.20665273 0.7796968 0.94106305 1.0 
nomask 9.5278025e-05 0.87982774 0.0 1.0 1.0 
mask 9.417534e-05 0.6743257 0.08709505 1.0 0.64686215 
mask 9.414554e-05 0.0 0.72613865 0.69421065 1.0 
mask 8.9108944e-05 0.7917042 0.6066657 1.0 1.0 
nomask 8.672476e-05 0.43587723 0.6790447 0.82646596 0.83095014 
nomask 8.279085e-05 0.0 0.0 0.24169189 0.44383663 
nomask 8.046627e-05 0.0 0.33383033 0.4365788 0.6595007 
nomask 7.9751015e-05 0.5627074 0.5656455 1.0 0.89098185 
nomask 7.855892e-05 0.8402042 0.026024237 1.0 0.4719739 
mask 7.852912e-05 0.6054435 0.0032381415 1.0 0.4474128 
nomask 7.69496e-05 0.5389749 0.0 0.87912357 0.46097273 
mask 7.605553e-05 0.0 0.36717296 0.17432897 0.71926916 
nomask 7.507205e-05 0.32787037 0.0 0.6636485 0.48058075 
mask 7.504225e-05 0.14180553 0.57401645 0.4140243 0.75646603 
mask 7.286668e-05 0.0 0.0 0.47162274 0.59840894 
nomask 7.125735e-05 0.5215285 0.0 1.0 0.2608228 
nomask 6.940961e-05 0.7509333 0.0 1.0 0.4671015 
mask 6.723404e-05 0.7871355 0.0 1.0 0.69752455 
nomask 6.6787004e-05 0.55979705 0.38779545 1.0 0.86251426 
nomask 6.663799e-05 0.0088400245 0.15621993 0.40836027 0.8820034 
nomask 6.631017e-05 0.0 0.41972485 0.36262944 1.0 
nomask 6.604195e-05 0.12267618 0.0 0.45845646 0.4536934 
nomask 6.3210726e-05 0.0 0.0 0.43072554 0.25424522 
nomask 6.237626e-05 0.39200345 0.0 0.9887699 0.3651471 
nomask 6.219745e-05 0.8135384 0.35417086 0.9334617 0.6802326 
mask 6.151199e-05 0.0 0.8739507 1.0 1.0 
nomask 6.097555e-05 0.0 0.32812133 0.7072879 0.8565339 
mask 5.9336424e-05 0.0 0.005699694 0.71761924 0.4237666 
nomask 5.6624413e-05 0.0958412 0.7126825 0.65381444 1.0 
mask 5.635619e-05 0.0 0.58903396 0.54647297 1.0 
mask 5.6266785e-05 0.81311274 0.6311811 1.0 1.0 
nomask 5.403161e-05 0.81311274 0.6311811 1.0 1.0 
nomask 5.376339e-05 0.048923105 0.0 0.5884521 0.3358032 
nomask 5.2839518e-05 0.7822414 0.1527923 1.0 0.83649135 
nomask 4.9740076e-05 0.014346316 0.16156745 0.2517084 0.55267876 
nomask 4.953146e-05 0.23198926 0.35015696 0.45066875 0.63579476 
mask 4.938245e-05 0.0 0.33383033 0.4365788 0.6595007 
mask 4.8965216e-05 0.0 0.791689 0.69248587 1.0 
nomask 4.8846006e-05 0.0 0.5504733 0.43000597 0.9072121 
nomask 4.7504902e-05 0.85509884 0.25128537 0.9894916 0.7197971 
nomask 4.708767e-05 0.01198107 0.55340815 0.26226154 0.9885602 
nomask 4.684925e-05 0.0 0.09713593 0.41919997 0.4525943 
nomask 4.6640635e-05 0.0012250841 0.71252227 0.58787477 1.0 
nomask 4.428625e-05 0.89064187 0.10579181 1.0 0.64822125 
mask 4.36306e-05 0.5627074 0.5656455 1.0 0.89098185 
mask 4.3541193e-05 0.0958412 0.7126825 0.65381444 1.0 
nomask 3.9875507e-05 0.22502527 0.604256 0.83951926 0.8396346 
nomask 3.8832426e-05 0.55407715 0.5477823 0.8516191 1.0 
nomask 3.7699938e-05 0.0 0.3417953 0.14662431 0.75749457 
mask 3.6597252e-05 0.58973706 0.3243231 1.0 0.6589953 
mask 3.6478043e-05 0.0 0.5504733 0.43000597 0.9072121 
mask 3.5703182e-05 0.0039542355 0.9692596 0.04396956 1.0 
mask 3.3706427e-05 0.0 0.84984094 0.15223554 1.0 
mask 3.3646822e-05 0.0 0.9300995 0.190355 1.0 
nomask 3.3169985e-05 0.9448572 0.9552666 1.0 1.0 
