nomask 0.9999945 0.30034232 0.1005093 0.72911084 0.59284955 
mask 0.0051682293 0.30034232 0.1005093 0.72911084 0.59284955 
nomask 0.0011880398 0.0 0.6551601 0.013686589 0.8248461 
nomask 0.0006056428 0.7957168 0.019987345 0.98777133 0.48220068 
mask 0.00038060546 0.0 0.6551601 0.013686589 0.8248461 
nomask 0.00021463633 0.005677454 0.40920272 0.18058673 0.76481175 
mask 0.00018063188 0.003440407 0.5247282 0.012516252 0.82137 
nomask 0.00018045306 0.6939106 0.6502377 1.0 1.0 
mask 0.00017240644 0.8188502 0.0 1.0 0.4309318 
nomask 0.00016406178 0.79558164 0.22075385 0.96524984 0.61607844 
nomask 0.00015410781 0.95080733 0.23430496 0.99404645 0.72937244 
nomask 0.0001462698 0.6683131 0.023340702 1.0 0.6178491 
nomask 0.00013834238 0.007267585 0.4976793 0.039659217 0.89963025 
nomask 0.00013741851 0.73498833 0.0 1.0 0.4191985 
nomask 0.00013631582 0.87361765 0.7825062 1.0 1.0 
nomask 0.00013521314 0.9866612 0.34973493 0.99693453 0.5898169 
mask 0.00013113022 0.6269748 0.7057354 1.0 1.0 
nomask 0.00012880564 0.0 0.0 0.40554637 0.25632256 
nomask 0.0001284182 0.003440407 0.5247282 0.012516252 0.82137 
nomask 0.00012651086 0.72295505 0.19660732 1.0 0.96553636 
nomask 0.00012651086 0.07884418 0.035037473 0.25253084 0.43260413 
nomask 0.00012594461 0.0094058765 0.76723844 0.031776376 0.90532774 
nomask 0.00012460351 0.86062825 0.031508505 1.0 0.58604044 
mask 0.00012263656 0.008346446 0.41602147 0.04513749 0.89461887 
nomask 0.00012165308 0.0 0.87719774 1.0 1.0 
mask 0.00011989474 0.87361765 0.7825062 1.0 1.0 
nomask 0.00011861324 0.0 0.0 0.24311715 0.4879208 
nomask 0.000112980604 0.63434684 0.0 1.0 0.5096499 
nomask 0.00011014938 0.6447306 0.90214694 1.0 1.0 
nomask 0.00011011958 0.1818316 0.0 0.8340292 0.27634367 
mask 0.000109404325 0.0 0.87719774 1.0 1.0 
mask 0.00010854006 0.11989272 0.4546919 0.96891403 0.9906423 
mask 0.00010794401 0.041543037 0.72461176 1.0 1.0 
mask 0.000106960535 0.7610234 0.60189164 1.0 1.0 
nomask 0.0001052618 0.0 0.9498283 0.056407545 0.9956679 
mask 0.00010457635 0.6447306 0.90214694 1.0 1.0 
mask 0.00010249019 0.017993012 0.0059476504 0.040629253 0.03654418 
nomask 9.9003315e-05 0.017993012 0.0059476504 0.040629253 0.03654418 
nomask 9.897351e-05 0.004098002 0.8740198 0.0489479 0.9753086 
nomask 9.5933676e-05 0.0 0.07168029 0.36395693 0.52275646 
mask 9.2926624e-05 0.5081165 0.0024122 1.0 1.0 
mask 9.2059374e-05 0.005677454 0.40920272 0.18058673 0.76481175 
mask 9.158254e-05 0.46767733 0.74225557 1.0 1.0 
nomask 9.0152025e-05 0.32577536 0.32694328 1.0 1.0 
nomask 8.755922e-05 0.29529476 0.11504334 0.4920795 0.4398746 
nomask 8.714199e-05 0.46767733 0.74225557 1.0 1.0 
nomask 8.690357e-05 0.022285968 0.0 0.59889615 0.28606266 
mask 8.674994e-05 0.3126604 0.31266907 1.0 1.0 
mask 8.562207e-05 0.00418457 0.7226567 0.07779996 1.0 
nomask 8.5383654e-05 0.29661357 0.36261737 0.76682675 0.55691403 
nomask 8.368492e-05 0.5711149 0.0 1.0 0.26688945 
nomask 8.311868e-05 0.0 0.0012377724 0.006285796 0.21667388 
mask 8.261204e-05 0.16806704 0.854849 0.54489464 1.0 
nomask 8.159876e-05 0.575698 0.092484325 1.0 0.44856325 
nomask 7.9512596e-05 0.9876057 0.40338722 1.0 0.63633835 
nomask 7.674098e-05 0.73029524 0.1496383 1.0 0.8166623 
mask 7.638335e-05 0.0 0.0 0.40554637 0.25632256 
nomask 7.4625015e-05 0.0 0.5105603 0.9380738 0.99212015 
nomask 7.274747e-05 0.98631227 0.012494348 0.99853075 0.2118068 
nomask 7.157399e-05 0.5081165 0.0024122 1.0 1.0 
nomask 6.8455935e-05 0.8803619 0.0 1.0 1.0 
mask 6.842613e-05 0.0027593002 0.7274978 0.14487782 0.97352624 
nomask 6.79791e-05 0.65704584 0.099322915 1.0 0.64956224 
mask 6.726384e-05 0.0 0.7981268 0.22436583 0.96777487 
nomask 6.6399574e-05 0.041543037 0.72461176 1.0 1.0 
nomask 6.5892935e-05 0.09120327 0.6950296 0.6518823 1.0 
nomask 6.571412e-05 0.86615014 0.0 1.0 0.33190912 
nomask 6.5654516e-05 0.0 0.7854564 0.70378196 1.0 
mask 6.4879656e-05 0.65704584 0.099322915 1.0 0.64956224 
mask 6.41346e-05 0.70746404 0.33062506 1.0 0.9855447 
mask 6.341934e-05 0.0062754042 0.82053447 0.047348157 0.9747938 
mask 6.330013e-05 0.0 0.79567194 0.13199463 0.96147025 
mask 6.0230494e-05 0.0 0.0012377724 0.006285796 0.21667388 
nomask 5.9872866e-05 0.0 0.0 0.34979564 0.38170618 
nomask 5.9843063e-05 0.0 0.0 0.2304939 0.0029283003 
nomask 5.969405e-05 0.92857945 0.07248941 0.9963678 0.5137054 
nomask 5.9485435e-05 0.0 0.17643085 0.37391818 0.8165978 
nomask 5.942583e-05 0.00063471263 0.06981537 0.0075155147 0.38299784 
nomask 5.915761e-05 0.0 0.0 0.030127091 0.5182586 
mask 5.8829784e-05 0.0094058765 0.76723844 0.031776376 0.90532774 
mask 5.814433e-05 0.93537384 0.02466786 1.0 0.40567577 
nomask 5.8084726e-05 0.15306064 0.039694086 0.28981787 0.42191786 
mask 5.8054924e-05 0.0 0.10415012 0.4325695 0.4600516 
nomask 5.77569e-05 0.71800035 0.10934305 1.0 0.35252196 
nomask 5.4895878e-05 0.57189894 0.1065712 0.7521348 0.42018747 
nomask 5.403161e-05 0.7235936 0.0 1.0 0.1385678 
mask 5.340576e-05 0.98631227 0.012494348 0.99853075 0.2118068 
nomask 5.3077936e-05 0.0 0.59350294 0.44563508 1.0 
nomask 5.2958727e-05 0.3671112 0.07450904 0.9749495 0.46543002 
nomask 5.2899122e-05 0.7390337 0.5286312 1.0 1.0 
nomask 5.2690506e-05 0.09788266 0.54453915 0.46871617 1.0 
mask 5.236268e-05 0.09120327 0.6950296 0.6518823 1.0 
nomask 5.1677227e-05 0.0 0.5132141 0.25034702 1.0 
mask 5.1677227e-05 0.86615014 0.0 1.0 0.33190912 
nomask 5.0872564e-05 0.0 0.32697815 0.45226955 0.6619361 
nomask 4.965067e-05 0.766373 0.0005131513 0.9296599 0.34247458 
nomask 4.9054623e-05 0.98912203 0.29801822 0.9991566 0.51771295 
nomask 4.839897e-05 0.21132421 0.022626385 0.34580708 0.38624513 
nomask 4.8190355e-05 0.0 0.7478609 0.5275646 1.0 
nomask 4.7951937e-05 0.1584219 0.7335354 0.96451116 1.0 
