nomask 0.99999624 68.44440460205078 90.25475704669952 266.4365768432617 386.3927721977234 
mask 0.0053735375 68.192138671875 92.08634233474731 266.34910583496094 388.2328143119812 
nomask 0.0016921461 274.4535446166992 112.96804475784302 320.0 283.2052319049835 
nomask 0.0008211136 36.81702136993408 0.24475328996777534 82.39130020141602 8.90748544037342 
nomask 0.00027889013 31.480157375335693 0.12039656937122345 62.29449272155762 10.710765711963177 
nomask 0.00024089217 79.85702514648438 0.0 290.8702087402344 311.20107674598694 
nomask 0.00022789836 185.00268936157227 191.1407012939453 249.68072891235352 319.9210467338562 
nomask 0.0002116859 315.3857612609863 187.91682648658752 319.36227798461914 269.38568091392517 
nomask 0.00021070242 193.3496856689453 1.9640883207321167 320.0 188.54733836650848 
mask 0.00020605326 41.5224552154541 195.80386924743652 320.0 428.0 
nomask 0.00020498037 0.0 82.30770015716553 83.24869155883789 357.36960792541504 
nomask 0.00019422174 29.871792793273926 0.0 163.53443145751953 168.17066025733948 
nomask 0.00018814206 204.46779251098633 115.9207398891449 320.0 306.51418375968933 
nomask 0.00018170476 252.7927017211914 0.0 320.0 290.93079137802124 
nomask 0.00017139316 104.90187644958496 140.74996888637543 320.0 428.0 
mask 0.00016242266 100.05107879638672 133.82065212726593 320.0 428.0 
nomask 0.00015288591 0.0 3.46479868888855 228.83230209350586 181.4260529279709 
nomask 0.00014713407 210.6492805480957 274.5443449020386 320.0 428.0 
nomask 0.0001450479 53.30787658691406 0.0 287.5715637207031 115.83900332450867 
nomask 0.0001449287 1.9212722778320312 219.68298721313477 320.0 428.0 
mask 0.00014272332 281.3502311706543 0.0 320.0 428.0 
mask 0.00014087558 36.81702136993408 0.24475328996777534 82.39130020141602 8.90748544037342 
nomask 0.00013709068 205.52459716796875 388.6102464199066 320.0 428.0 
nomask 0.00013706088 0.0 0.0 104.43121910095215 143.44980108737946 
mask 0.00013628602 205.52459716796875 388.6102464199066 320.0 428.0 
nomask 0.00013265014 0.0 0.0 132.3491382598877 108.60127389431 
mask 0.0001321733 146.74983024597168 58.09191632270813 320.0 428.0 
nomask 0.00013008714 290.48131942749023 279.48677945137024 320.0 428.0 
mask 0.00012865663 274.4535446166992 112.96804475784302 320.0 283.2052319049835 
nomask 0.00012797117 20.113191604614258 286.70921516418457 159.18524742126465 428.0 
nomask 0.00012594461 216.86288833618164 37.45033419132233 320.0 276.05172634124756 
mask 0.0001257956 210.6492805480957 274.5443449020386 320.0 428.0 
nomask 0.00012350082 301.6424751281738 141.81240391731262 314.2142677307129 318.637624502182 
nomask 0.00012260675 15.47663688659668 2.5004645958542824 123.68842124938965 28.36188319325447 
mask 0.00012236834 290.48131942749023 279.48677945137024 320.0 428.0 
nomask 0.00011005998 231.57337188720703 17.16818630695343 320.0 252.01944160461426 
mask 0.000108122826 216.86288833618164 37.45033419132233 320.0 276.05172634124756 
mask 0.00010371208 0.0 315.9870026111603 135.03113746643066 428.0 
nomask 0.00010240078 0.0 233.9694366455078 82.78130531311035 428.0 
mask 9.9897385e-05 176.717529296875 337.1479206085205 276.19876861572266 409.9713730812073 
nomask 9.980798e-05 183.8424301147461 317.44991874694824 320.0 428.0 
nomask 9.819865e-05 0.0 255.91486239433289 168.01532745361328 428.0 
mask 9.787083e-05 193.3496856689453 1.9640883207321167 320.0 188.54733836650848 
nomask 9.551644e-05 208.5357666015625 167.70260107517242 320.0 428.0 
nomask 9.512901e-05 1.406545639038086 0.0 134.05789375305176 306.11710834503174 
nomask 9.509921e-05 24.525537490844727 15.157783150672913 178.00277709960938 234.9773678779602 
mask 9.381771e-05 183.8424301147461 317.44991874694824 320.0 428.0 
nomask 9.247661e-05 105.18682479858398 0.0 214.25653457641602 193.85208988189697 
nomask 8.940697e-05 281.3502311706543 0.0 320.0 428.0 
mask 8.794665e-05 0.0 3.46479868888855 228.83230209350586 181.4260529279709 
nomask 8.6188316e-05 31.193161010742188 301.6468529701233 208.85822296142578 428.0 
mask 8.606911e-05 53.30787658691406 0.0 287.5715637207031 115.83900332450867 
mask 8.4638596e-05 284.97968673706055 146.9535802602768 320.0 387.95637941360474 
nomask 8.4102154e-05 284.97968673706055 146.9535802602768 320.0 387.95637941360474 
nomask 8.302927e-05 0.0 315.9870026111603 135.03113746643066 428.0 
nomask 8.2165e-05 52.10371971130371 0.0 115.54083824157715 6.371033493429422 
mask 8.165836e-05 0.0 140.4479466676712 79.25094604492188 428.0 
mask 8.156896e-05 196.9388198852539 196.51820957660675 260.07335662841797 320.6815233230591 
nomask 7.9900026e-05 0.0 375.0278182029724 320.0 428.0 
mask 7.9125166e-05 0.0 0.0 132.3491382598877 108.60127389431 
mask 7.775426e-05 0.0 375.0278182029724 320.0 428.0 
mask 7.751584e-05 315.6519317626953 175.0226410627365 319.8392868041992 260.7262990474701 
nomask 7.712841e-05 0.0 141.87533903121948 137.47601509094238 283.02617168426514 
nomask 7.516146e-05 0.0 42.52369648218155 138.14538955688477 195.30490374565125 
mask 7.5131655e-05 0.0 282.3321762084961 106.50333404541016 428.0 
mask 7.176399e-05 31.193161010742188 301.6468529701233 208.85822296142578 428.0 
nomask 7.084012e-05 0.0 314.4031398296356 219.60437774658203 428.0 
mask 6.887317e-05 31.480157375335693 0.12039656937122345 62.29449272155762 10.710765711963177 
nomask 6.598234e-05 185.82504272460938 167.7399616241455 320.0 367.4152970314026 
nomask 6.586313e-05 186.93870544433594 339.79951190948486 320.0 428.0 
mask 6.3568354e-05 252.7927017211914 0.0 320.0 290.93079137802124 
nomask 6.201863e-05 268.84138107299805 20.387086510658264 320.0 206.60517513751984 
mask 6.0617924e-05 186.93870544433594 339.79951190948486 320.0 428.0 
nomask 6.0230494e-05 176.24195098876953 241.2051124572754 320.0 386.1118474006653 
mask 5.7518482e-05 0.0 0.0 75.44343948364258 306.4182376861572 
mask 5.698204e-05 24.525537490844727 15.157783150672913 178.00277709960938 234.9773678779602 
nomask 5.6624413e-05 316.9384002685547 310.0233201980591 320.0 376.46683073043823 
nomask 5.6266785e-05 47.87280082702637 27.009470224380493 278.41522216796875 197.21413111686707 
mask 5.5640936e-05 184.9795150756836 137.73484885692596 320.0 284.372682094574 
mask 5.4985285e-05 52.10371971130371 0.0 115.54083824157715 6.371033493429422 
nomask 5.4568052e-05 248.13262939453125 144.25251078605652 320.0 428.0 
mask 5.438924e-05 231.57337188720703 17.16818630695343 320.0 252.01944160461426 
mask 5.376339e-05 39.806833267211914 241.58624362945557 150.4093837738037 428.0 
nomask 5.2124262e-05 20.968637466430664 0.0 109.7779369354248 66.12790381908417 
nomask 5.1915646e-05 0.0 0.0 68.28035354614258 94.17056095600128 
nomask 5.1617622e-05 140.7856845855713 80.45674580335617 172.19043731689453 117.07353413105011 
mask 5.1617622e-05 85.03009796142578 0.0 278.81187438964844 53.25196498632431 
mask 5.108118e-05 170.31187057495117 0.0 320.0 113.38901102542877 
mask 4.9978495e-05 0.0 314.4031398296356 219.60437774658203 428.0 
nomask 4.9710274e-05 227.67065048217773 0.0 320.0 168.86662006378174 
mask 4.848838e-05 0.0 141.87533903121948 137.47601509094238 283.02617168426514 
nomask 4.836917e-05 188.05585861206055 0.0 320.0 122.73039829730988 
nomask 4.7951937e-05 156.80392265319824 79.07492208480835 185.5350685119629 120.93443882465363 
mask 4.7922134e-05 19.770326614379883 0.0 184.1619110107422 148.07491970062256 
nomask 4.7653913e-05 0.0 14.20355212688446 105.46615600585938 245.14703941345215 
mask 4.696846e-05 0.0 42.52369648218155 138.14538955688477 195.30490374565125 
mask 4.643202e-05 1.406545639038086 0.0 134.05789375305176 306.11710834503174 
mask 4.5508146e-05 0.0 0.0 76.88422203063965 193.96283221244812 
nomask 4.476309e-05 0.0 338.6347403526306 217.40966796875 428.0 
mask 4.467368e-05 225.95666885375977 269.797425031662 320.0 367.6483380794525 
