nomask 0.99992806 0.31062296 0.22246355 0.7994578 0.76068187 
mask 0.0055321157 0.31062296 0.22246355 0.7994578 0.76068187 
nomask 0.0006802082 0.6157154 0.30687422 0.8077836 0.641142 
nomask 0.00053325295 0.7613138 0.32454702 1.0 1.0 
mask 0.00052699447 0.62222815 0.7206463 1.0 1.0 
nomask 0.00049737096 0.62222815 0.7206463 1.0 1.0 
nomask 0.00047889352 0.70620763 0.0 1.0 0.5669004 
nomask 0.00046798587 0.6687145 0.2112777 1.0 0.979733 
nomask 0.00043997169 0.77198887 0.5933324 1.0 1.0 
nomask 0.00043016672 0.8585638 0.011464685 1.0 0.5145383 
nomask 0.00042122602 0.0 0.6444274 0.5972532 1.0 
nomask 0.000415802 0.74356073 0.046242505 1.0 0.59809184 
mask 0.0002927482 0.77198887 0.5933324 1.0 1.0 
nomask 0.00026348233 0.29044223 0.0 0.720454 0.41182038 
nomask 0.00025472045 0.8754511 0.78167045 1.0 1.0 
nomask 0.00023946166 0.9725396 0.29844642 0.99536747 0.52919644 
mask 0.00023841858 0.0 0.6444274 0.5972532 1.0 
nomask 0.00023153424 0.57089585 0.3235641 1.0 0.65829736 
nomask 0.00023022294 0.9411306 0.14208162 0.9935444 0.5659689 
nomask 0.00022688508 0.0 0.0 0.55275345 0.60197103 
nomask 0.00022527575 0.16494775 0.4369721 0.30109742 0.8176906 
mask 0.00022244453 0.8754511 0.78167045 1.0 1.0 
nomask 0.00020441413 0.24290076 0.0 0.8779861 0.12228531 
mask 0.00019824505 0.0 0.88095605 1.0 1.0 
nomask 0.00019726157 0.0 0.88095605 1.0 1.0 
mask 0.00018909574 0.6157154 0.30687422 0.8077836 0.641142 
nomask 0.00018897653 0.72783035 0.0 1.0 0.40570658 
nomask 0.0001860857 0.6452643 0.9046383 1.0 1.0 
nomask 0.00018292665 0.2745933 0.49137142 0.83236533 0.76000714 
mask 0.00018003583 0.6452643 0.9046383 1.0 1.0 
mask 0.0001796484 0.123744786 0.45578206 0.99873227 0.9997057 
nomask 0.00017920136 0.364743 0.57103777 0.83989656 1.0 
mask 0.00016972423 0.24290076 0.0 0.8779861 0.12228531 
nomask 0.00016880035 0.4578161 0.12793383 1.0 1.0 
nomask 0.00016647577 0.13527763 0.0 0.87859094 0.2574312 
mask 0.00016617775 0.4578161 0.12793383 1.0 1.0 
mask 0.00016188622 0.848726 0.0 1.0 0.93284726 
nomask 0.000161618 0.09030309 0.6915687 0.65791357 1.0 
nomask 0.00016108155 0.4890544 0.045342118 0.86346877 0.72820663 
nomask 0.00016006827 0.8775287 0.16813153 1.0 0.723659 
nomask 0.00015959144 0.52994716 0.72762084 1.0 1.0 
nomask 0.00015312433 0.0 0.0025447607 0.2552489 0.6593607 
nomask 0.00015026331 0.21842074 0.21622004 0.7218644 0.4856369 
mask 0.0001411776 0.3126608 0.3126687 1.0 1.0 
nomask 0.00014117651 0.3126608 0.3126687 1.0 1.0 
nomask 0.00013905764 0.55397046 0.5666798 1.0 0.90309554 
nomask 0.00013515353 0.39943567 0.2212266 0.8898963 0.49672404 
nomask 0.0001347065 0.5668995 0.085530534 1.0 0.45320576 
mask 0.00012993813 0.09030309 0.6915687 0.65791357 1.0 
nomask 0.00012898445 0.5020851 0.3081581 0.97135544 0.5698094 
nomask 0.00012812018 0.0 0.17673594 0.55083007 0.949284 
nomask 0.00012731552 0.123744786 0.45578206 0.99873227 0.9997057 
mask 0.00012692809 0.52994716 0.72762084 1.0 1.0 
nomask 0.00012686849 0.66516453 0.09395167 1.0 0.6487564 
mask 0.00012683868 0.66516453 0.09395167 1.0 0.6487564 
nomask 0.000121474266 0.8223972 0.19127174 0.9584895 0.54929775 
mask 0.00012072921 0.7613138 0.32454702 1.0 1.0 
mask 0.00011751056 0.9725396 0.29844642 0.99536747 0.52919644 
nomask 0.000115931034 0.027371228 0.0 0.5955277 0.35189873 
nomask 0.00011488795 0.53473604 0.0041346364 0.948383 0.051453482 
nomask 0.000114649534 0.19970667 0.7787328 0.95396245 1.0 
mask 0.00011458993 0.9411306 0.14208162 0.9935444 0.5659689 
mask 0.000113517046 0.0 0.17673594 0.55083007 0.949284 
nomask 0.00011193752 0.6556105 0.19344965 1.0 0.8377508 
mask 0.00011187792 0.87891984 0.2640609 1.0 0.8621442 
nomask 0.00010320544 0.4948288 0.0 0.9166733 0.40300187 
nomask 0.00010314584 0.8836297 0.0 1.0 1.0 
nomask 0.000102996826 0.16158214 0.07493739 0.8366257 0.47773093 
mask 0.00010111928 0.9657185 0.0032127555 1.0 0.051031083 
mask 9.959936e-05 0.0 0.96278596 0.056896046 1.0 
nomask 9.8884106e-05 0.32289132 0.55706286 0.67654085 1.0 
nomask 9.75728e-05 0.0 0.0 0.27473348 0.41230375 
nomask 9.75728e-05 0.79016095 0.27035433 1.0 0.61625487 
nomask 9.703636e-05 0.0 0.6127695 0.44106358 1.0 
mask 9.703636e-05 0.0 0.0 0.46220428 0.62753564 
nomask 9.23872e-05 0.7327712 0.649521 0.8153599 0.7676643 
nomask 9.23574e-05 0.0 0.0 0.38636672 0.28394663 
mask 8.9854e-05 0.8585638 0.011464685 1.0 0.5145383 
mask 8.8751316e-05 0.76259625 0.008206159 1.0 0.65510905 
mask 8.550286e-05 0.98427504 0.0075125694 0.9994237 0.16490945 
nomask 8.3982944e-05 0.0 0.28536463 0.3604775 0.72466826 
nomask 8.3476305e-05 0.29802316 0.38265598 0.5045295 0.74289286 
nomask 8.058548e-05 0.86741227 0.35846597 1.0 0.9563132 
nomask 7.805228e-05 0.9814898 0.16771954 0.99371743 0.3562302 
mask 7.665157e-05 0.07936257 0.015702724 0.64328235 0.24681017 
mask 7.584691e-05 0.49931583 0.97066855 0.6719368 1.0 
nomask 7.5399876e-05 0.5522914 0.0 1.0 0.26012343 
nomask 7.43866e-05 0.0 0.72282815 0.7548947 1.0 
nomask 7.376075e-05 0.0 0.06391604 0.34178033 0.5125774 
nomask 7.280707e-05 0.010874219 0.20430651 0.22978505 0.7154001 
nomask 7.241964e-05 0.05050388 0.01610455 0.9841051 0.6538167 
mask 7.238984e-05 0.0 0.72282815 0.7548947 1.0 
mask 7.1913004e-05 0.5835302 0.006677985 1.0 0.45576444 
nomask 7.18832e-05 0.11290613 0.0 0.47636726 0.68266857 
nomask 7.086992e-05 0.7786692 0.7668414 1.0 1.0 
nomask 6.818771e-05 0.119935855 0.0 0.45784664 0.44507664 
nomask 6.738305e-05 0.09530853 0.23430592 0.5929874 0.753453 
mask 6.67274e-05 0.48916084 0.0 0.9670461 0.16131863 
nomask 6.66976e-05 0.0 0.34290832 0.17071302 0.7596739 
mask 6.338954e-05 0.53473604 0.0041346364 0.948383 0.051453482 
