nomask 0.9999821 0.2059319 0.20282301 0.78824294 0.8910291 
mask 0.008119166 0.20749164 0.2021155 0.79260623 0.89988625 
mask 0.00030735135 0.88836014 0.0 1.0 1.0 
mask 0.00026237965 0.0 0.9626761 0.19551092 0.99119836 
nomask 0.0002591014 0.5884042 0.005951658 1.0 0.44903362 
nomask 0.00024214387 0.21834254 0.0 0.8254038 0.34890145 
nomask 0.00023299456 0.0 0.008062616 0.71754754 0.43141818 
nomask 0.00023037195 0.88836014 0.0 1.0 1.0 
nomask 0.00022652745 0.6577611 0.32007113 1.0 0.91797507 
mask 0.00022506714 0.0 0.91187644 0.30357084 0.9933902 
nomask 0.00021323562 0.9049913 0.6455983 1.0 1.0 
mask 0.00021287799 0.0 0.008062616 0.71754754 0.43141818 
mask 0.00019881129 0.9049913 0.6455983 1.0 1.0 
mask 0.00019401312 0.04627662 0.9687835 0.23133758 0.99528 
mask 0.00019013882 0.0 0.0 0.4671341 0.61525023 
nomask 0.00018399954 0.64483094 0.9063293 1.0 1.0 
mask 0.0001810193 0.64483094 0.9063293 1.0 1.0 
nomask 0.00017940998 0.0 0.6570256 0.5971666 1.0 
nomask 0.00017404556 0.58579713 0.7985865 1.0 1.0 
nomask 0.00017392635 0.46096557 0.13484424 1.0 1.0 
mask 0.0001733005 0.13657498 0.46036604 1.0 1.0 
mask 0.00017258525 0.46096557 0.13484424 1.0 1.0 
nomask 0.00016415119 0.68236107 0.08693391 1.0 0.64442164 
mask 0.00015851855 0.58579713 0.7985865 1.0 1.0 
mask 0.00015759052 0.3126593 0.31266534 1.0 1.0 
nomask 0.00015758915 0.3126593 0.31266534 1.0 1.0 
mask 0.00015449524 0.831046 0.71535045 0.99685144 0.9755294 
mask 0.0001476407 0.5884042 0.005951658 1.0 0.44903362 
nomask 0.00014594197 0.8985333 0.7361689 0.960789 0.82805437 
mask 0.00014442205 0.68236107 0.08693391 1.0 0.64442164 
nomask 0.00014230609 0.7920317 0.60903025 1.0 1.0 
nomask 0.00014206767 0.13657498 0.46036604 1.0 1.0 
nomask 0.00013789535 0.6293402 0.082635924 1.0 0.5116216 
nomask 0.00013244152 0.09807432 0.7283876 0.6747864 1.0 
nomask 0.0001296401 0.103675514 0.6171941 0.4950982 1.0 
mask 0.00012922287 0.0 0.8439758 0.2629457 0.9935734 
mask 0.00012630224 0.7920317 0.60903025 1.0 1.0 
mask 0.00012508035 0.9908898 0.31701118 1.0 0.48906773 
nomask 0.0001244247 0.1609653 0.01274319 0.95088875 0.480097 
mask 0.00012281537 0.7820097 0.82777786 1.0 0.99909973 
mask 0.00012207031 0.042512655 0.8321092 0.88569665 1.0 
nomask 0.00012096763 0.6472813 0.4035203 1.0 1.0 
nomask 0.000120699406 0.98254263 0.7197626 0.9993882 0.87019306 
nomask 0.00011956692 0.0 0.0 0.4671341 0.61525023 
nomask 0.00011897087 0.0 0.87036777 1.0 1.0 
mask 0.00011488795 0.015022457 0.9022989 0.12659481 0.9778516 
mask 0.00010821223 0.00039851665 0.7288352 0.18389226 0.99580085 
nomask 0.00010588765 0.7342949 0.2074196 1.0 0.81570566 
nomask 0.00010538101 0.9903302 0.3612072 0.9997587 0.5224059 
nomask 0.00010237098 0.22870955 0.76553315 0.9184985 1.0 
nomask 0.00010237098 0.7845992 0.0 1.0 0.6867782 
nomask 9.897351e-05 0.11485115 0.27047873 0.23512605 0.6012422 
mask 9.8884106e-05 0.0 0.92287904 0.19544852 1.0 
nomask 9.49502e-05 0.0 0.73707396 0.42931807 1.0 
nomask 9.444356e-05 0.0 0.3523655 0.26076704 1.0 
nomask 9.2417e-05 0.235993 0.60552156 0.7653167 1.0 
nomask 8.8602304e-05 0.77654594 0.11155552 1.0 0.97377354 
mask 8.5771084e-05 0.0 0.73707396 0.42931807 1.0 
nomask 8.094311e-05 0.0 0.735463 0.69788074 1.0 
mask 7.882714e-05 0.6577611 0.32007113 1.0 0.91797507 
mask 7.7813864e-05 0.02011422 0.018297553 0.22087643 0.31998166 
nomask 7.390976e-05 0.9632064 0.8220026 1.0 0.9805408 
nomask 7.3343515e-05 0.95797396 0.95205295 1.0 0.9984975 
nomask 7.31051e-05 0.2311728 0.7213667 0.78255916 0.8892818 
nomask 7.221103e-05 0.32622468 0.0 0.6726168 0.4598608 
nomask 7.092953e-05 0.038945436 0.5307616 0.74537724 0.91127 
nomask 6.824732e-05 0.037412547 0.73685366 0.11369968 0.8262405 
nomask 6.791949e-05 0.0 0.6222391 0.36748576 1.0 
mask 6.7055225e-05 0.008692637 0.96272296 0.08321465 0.9988114 
nomask 6.6936016e-05 0.61764026 0.0 1.0 0.367909 
nomask 6.651878e-05 0.9809325 0.7679118 1.0 0.9313507 
nomask 6.604195e-05 0.0 0.23821327 0.62985003 0.92179084 
nomask 6.464124e-05 0.11521828 0.0 0.4581623 0.46292067 
nomask 6.443262e-05 0.57095313 0.73775864 1.0 1.0 
mask 6.2167645e-05 0.0 0.0 0.68669647 0.26246303 
mask 6.1541796e-05 0.9632064 0.8220026 1.0 0.9805408 
mask 5.9127808e-05 0.13324293 0.5749668 0.47044018 1.0 
mask 5.90384e-05 0.8719034 0.8101658 0.9796698 0.94693357 
nomask 5.865097e-05 0.5782292 0.3203944 1.0 0.65794384 
mask 5.7697296e-05 0.24890043 0.7769519 0.7264666 0.9196025 
mask 5.6415796e-05 0.9266055 0.7307518 1.0 0.9889924 
mask 5.6147575e-05 0.7845992 0.0 1.0 0.6867782 
nomask 5.5909157e-05 0.46468124 0.85765916 1.0 0.99732393 
nomask 5.4746866e-05 0.99542826 0.39126122 1.0 0.58499223 
nomask 5.4627657e-05 0.705943 0.6669051 0.9977541 1.0 
mask 5.4568052e-05 0.0 0.735463 0.69788074 1.0 
mask 5.438924e-05 0.98254263 0.7197626 0.9993882 0.87019306 
nomask 5.340576e-05 0.02011422 0.018297553 0.22087643 0.31998166 
mask 5.340576e-05 0.28664267 0.8297497 0.6637563 0.99392414 
mask 5.340576e-05 0.037412547 0.73685366 0.11369968 0.8262405 
mask 5.2452087e-05 0.0 0.68437284 0.5630432 1.0 
mask 5.1230192e-05 0.57095313 0.73775864 1.0 1.0 
nomask 5.0723553e-05 0.7041594 0.30847073 0.8380952 0.62008035 
nomask 4.8965216e-05 0.7521131 0.52879214 1.0 1.0 
nomask 4.735589e-05 0.831046 0.71535045 0.99685144 0.9755294 
mask 4.6670437e-05 0.93849486 0.43335462 0.9897838 0.8511635 
nomask 4.5865774e-05 0.0 0.48277903 0.3448934 0.95217776 
nomask 4.518032e-05 0.0 0.0 0.68669647 0.26246303 
nomask 4.4852495e-05 0.56740165 0.557673 1.0 0.9030448 
mask 4.476309e-05 0.9809325 0.7679118 1.0 0.9313507 
