nomask 0.9999877 67.81500959396362 65.261195987463 314.93231105804443 446.0652823448181 
nomask 0.020204484 0.0 303.64685422182083 62.26749622821808 501.0 
mask 0.0013327897 67.81500959396362 65.261195987463 314.93231105804443 446.0652823448181 
mask 0.0012610555 0.0 303.64685422182083 62.26749622821808 501.0 
mask 0.00050869584 0.0 0.0 237.57263898849487 296.45266807079315 
mask 0.00047788024 0.0 0.6153647303581238 160.9471755027771 90.80581998825073 
nomask 0.0004656911 72.3785685300827 0.0 346.4225363731384 145.13543048501015 
nomask 0.00046405196 0.0 333.5288783311844 239.6905918121338 501.0 
mask 0.00039744377 371.5471158027649 0.0 412.0 501.0 
nomask 0.00039175153 0.0 183.84968689084053 300.9256947040558 440.5134723186493 
nomask 0.00033655763 13.36022400856018 0.0 251.85493350028992 187.04588359594345 
nomask 0.00032380223 0.0 17.810026556253433 398.1750326156616 332.8758577108383 
nomask 0.00032362342 0.0 369.9985629916191 172.8308048248291 501.0 
nomask 0.0002912581 115.11134743690491 0.0 297.91440320014954 208.12831449508667 
nomask 0.00026887655 0.0 283.1362792253494 98.1228221654892 501.0 
nomask 0.00026518106 2.49269437789917 11.857372418045998 110.71675372123718 223.7904771566391 
mask 0.00026369095 0.0 369.9985629916191 172.8308048248291 501.0 
nomask 0.00025597215 42.558466374874115 307.37204003334045 211.01797604560852 501.0 
nomask 0.0002555251 96.31765329837799 315.48875069618225 309.91814136505127 501.0 
nomask 0.00023213029 22.786987781524658 425.42313569784164 369.653737783432 501.0 
nomask 0.00023141503 286.3836841583252 0.0 412.0 291.75837314128876 
nomask 0.00022530556 294.6713662147522 102.29156818985939 412.0 475.0643788576126 
nomask 0.00022211671 0.0 67.71399495005608 96.07221722602844 446.9239321947098 
nomask 0.00021710992 0.0 327.5283928513527 35.86727297306061 501.0 
mask 0.0002143383 22.786987781524658 425.42313569784164 369.653737783432 501.0 
mask 0.00021150708 1.2202798128128052 0.0 260.5681166648865 140.01524475216866 
mask 0.00020584464 3.5500991344451904 259.3778911828995 412.0 501.0 
nomask 0.00020030141 56.627893686294556 36.93747174739838 354.32847809791565 241.4832209944725 
nomask 0.0001977086 0.0 0.0 135.18986976146698 167.24590301513672 
nomask 0.0001950562 0.0 312.85062861442566 109.95746004581451 438.40695226192474 
nomask 0.00019422174 371.5471158027649 0.0 412.0 501.0 
mask 0.00018584728 135.42053472995758 164.91807621717453 412.0 501.0 
nomask 0.00018492341 135.42053472995758 164.91807621717453 412.0 501.0 
mask 0.00018405914 1.7224359512329102 4.704418122768402 177.87477457523346 36.9968596547842 
nomask 0.00018212199 0.0 0.0 177.27761924266815 127.316012352705 
nomask 0.0001771152 291.0161871910095 39.67696014046669 412.0 320.02633023262024 
nomask 0.00017637014 3.5500991344451904 259.3778911828995 412.0 501.0 
nomask 0.00016760826 0.0 2.849216043949127 288.4990584850311 219.48237159848213 
nomask 0.00016576052 0.0 166.93106871843338 180.75261044502258 332.66189700365067 
nomask 0.00016468763 232.81990432739258 400.32881462574005 412.0 501.0 
mask 0.00016251206 290.4796633720398 346.78387105464935 412.0 501.0 
mask 0.00016075373 286.3836841583252 0.0 412.0 291.75837314128876 
nomask 0.00015935302 6.363435745239258 358.4584810137749 256.74884700775146 501.0 
nomask 0.00015744567 400.0240604877472 408.83483523130417 409.5799210071564 494.8060092329979 
mask 0.00015053153 212.5752408504486 5.215863347053528 412.0 501.0 
mask 0.00014981627 291.0161871910095 39.67696014046669 412.0 320.02633023262024 
nomask 0.00014951825 212.5752408504486 5.215863347053528 412.0 501.0 
mask 0.00014948845 4.945956170558929 476.54863607883453 57.84231662750244 501.0 
nomask 0.00014925003 328.5590043067932 303.0775365829468 412.0 501.0 
mask 0.00014358759 0.0 5.882426351308823 8.40599362552166 89.58413869142532 
mask 0.00014302135 0.0 155.13453251123428 45.799109041690826 455.010691344738 
nomask 0.00014266372 0.0 116.67402036488056 61.985869109630585 339.566064119339 
nomask 0.0001385212 0.0 228.25723913311958 113.63365995883942 488.9061584472656 
nomask 0.00013774633 47.88705921173096 0.0 189.5376968383789 233.77827644348145 
mask 0.00013405085 0.0 333.5288783311844 239.6905918121338 501.0 
nomask 0.00013315678 235.01808524131775 190.1599749326706 312.45010256767273 379.37625324726105 
nomask 0.00013285875 14.707457959651947 45.49470555782318 92.39990347623825 296.06210392713547 
nomask 0.00013053417 0.0 10.420379161834717 140.45964217185974 289.19648855924606 
mask 0.00012731552 0.0 283.1362792253494 98.1228221654892 501.0 
nomask 0.00012689829 23.31631636619568 6.551620937883854 267.11145782470703 131.5672160089016 
nomask 0.00012630224 0.0 417.87908720970154 53.4021817445755 499.29106163978577 
nomask 0.00012493134 0.0 155.13453251123428 45.799109041690826 455.010691344738 
nomask 0.00012487173 268.0411901473999 452.5510838627815 412.0 501.0 
mask 0.00012400746 268.0411901473999 452.5510838627815 412.0 501.0 
nomask 0.00012096763 4.945956170558929 476.54863607883453 57.84231662750244 501.0 
nomask 0.000117361546 202.1976010799408 412.9055235385895 312.1562030315399 497.5585323572159 
nomask 0.00011703372 0.0 453.5646872520447 56.724691689014435 501.0 
nomask 0.00011661649 0.0 75.66120931506157 80.49900436401367 261.98501658439636 
nomask 0.00011354685 147.19368159770966 339.70895344018936 349.062180519104 501.0 
nomask 0.0001129508 371.1487011909485 328.97254550457 412.0 501.0 
nomask 0.00010946393 0.0 421.0002558231354 91.69500994682312 501.0 
nomask 0.00010710955 0.0 107.22225013375282 145.59247183799744 405.69153892993927 
nomask 0.000106960535 0.0 266.8546308875084 115.22256660461426 384.9490562081337 
nomask 0.00010681152 0.0 115.06227511167526 122.27888131141663 229.41219395399094 
nomask 0.00010609627 231.53063130378723 369.00765466690063 412.0 501.0 
mask 0.00010293722 52.732988119125366 285.3453750014305 193.65292882919312 501.0 
mask 0.000102460384 0.34255677089095116 24.58567540347576 5.756007481366396 125.6756220459938 
mask 0.00010147691 371.1487011909485 328.97254550457 412.0 501.0 
nomask 0.0001013577 10.088722258806229 259.8774812221527 86.68959486484528 501.0 
nomask 0.000101327896 224.59027528762817 0.0 368.932569026947 229.36908826231956 
mask 9.8347664e-05 0.0 362.609945833683 283.28226804733276 501.0 
nomask 9.5933676e-05 0.0 367.5147673487663 102.41615462303162 492.0645051598549 
nomask 9.3996525e-05 0.0 187.9769038259983 77.57301199436188 380.5971282720566 
mask 9.378791e-05 405.31189465522766 323.78030294179916 410.8426969051361 426.22056859731674 
nomask 9.354949e-05 292.6207981109619 285.341224193573 412.0 501.0 
nomask 9.268522e-05 0.0 50.89050194621086 183.13290691375732 225.79981157183647 
mask 9.101629e-05 212.84598302841187 416.8591530919075 322.1165928840637 496.93349236249924 
mask 8.9645386e-05 0.0 474.51990634202957 19.00006291270256 501.0 
nomask 8.696318e-05 222.56018781661987 33.077078595757484 405.935866355896 187.96682542562485 
mask 8.6158514e-05 137.23330402374268 0.0 277.4080591201782 241.02976763248444 
mask 8.606911e-05 261.717782497406 150.15320473909378 412.0 454.3148487210274 
mask 8.353591e-05 235.01808524131775 190.1599749326706 312.45010256767273 379.37625324726105 
mask 8.34465e-05 222.56018781661987 33.077078595757484 405.935866355896 187.96682542562485 
mask 8.276105e-05 0.0 0.0 177.27761924266815 127.316012352705 
nomask 8.183718e-05 0.0 474.51990634202957 19.00006291270256 501.0 
nomask 8.0764294e-05 3.9639294743537903 0.0 176.4717652797699 361.2340276837349 
nomask 7.992983e-05 0.0 166.12672278285027 119.67436611652374 278.4414766430855 
mask 7.969141e-05 403.23937249183655 299.8101042509079 409.55025601387024 413.7453603744507 
mask 7.855892e-05 404.90876507759094 346.4157929420471 409.80638670921326 450.98903632164 
nomask 7.814169e-05 162.76937472820282 10.355507858097553 410.38826751708984 134.0475476682186 
