nomask 0.9999759 66.595535 40.804615 164.07198 139.12067 
mask 0.021962285 66.67408 40.228767 163.72829 140.45119 
mask 0.00040990114 7.1552362 206.72418 89.50908 221.07114 
mask 0.00031989813 0.0 143.55234 38.487534 221.85173 
nomask 0.00029289722 5.4348135 0.0 147.37837 62.879982 
mask 0.00028666854 2.185893 194.46608 81.49851 221.4184 
nomask 0.00023660064 155.9387 37.19983 240.0 196.06937 
mask 0.0002015233 0.0 188.02432 70.016014 224.0 
nomask 0.00019523501 163.10008 145.1131 240.0 224.0 
mask 0.00016519427 138.6028 176.99097 240.0 224.0 
nomask 0.00016269088 0.0 44.753902 62.356304 224.0 
nomask 0.00015488267 209.47646 174.97015 240.0 224.0 
nomask 0.00015079975 0.063028336 184.30151 102.14879 224.0 
nomask 0.00015074015 5.9161053 6.961024 52.073334 90.39172 
mask 0.00014564395 170.48674 76.10378 240.0 222.76103 
mask 0.00014561415 0.0 140.54326 16.70491 224.0 
nomask 0.00013968349 51.229702 95.97963 137.13736 133.29593 
mask 0.00013682246 209.47646 174.97015 240.0 224.0 
mask 0.00013622642 0.0 167.74591 112.6722 224.0 
nomask 0.0001296699 0.0 167.74591 112.6722 224.0 
nomask 0.00012859702 0.0 196.8014 240.0 224.0 
nomask 0.00012615323 154.44055 202.19984 240.0 224.0 
mask 0.00012496114 155.9387 37.19983 240.0 196.06937 
mask 0.0001244545 0.0 166.08847 181.42497 224.0 
mask 0.00012436509 28.481054 101.8006 230.48195 221.32098 
nomask 0.00012382865 227.0175 214.59827 240.0 224.0 
nomask 0.00012156367 60.192417 105.134865 159.86696 138.41507 
nomask 0.000121086836 0.0 40.445747 87.80096 187.02704 
mask 0.00011947751 154.44055 202.19984 240.0 224.0 
nomask 0.00011879206 160.16441 12.625162 240.0 141.80533 
mask 0.000117987394 0.0 196.8014 240.0 224.0 
nomask 0.00011694431 52.40402 0.0 186.77742 88.103134 
mask 0.0001154542 170.83711 142.811 240.0 224.0 
nomask 0.0001129508 149.62567 0.0 240.0 88.23859 
nomask 0.00011253357 0.974082 32.37269 3.5199566 92.20453 
nomask 0.00010809302 164.12234 0.0 240.0 132.75049 
nomask 0.00010737777 0.0 188.02432 70.016014 224.0 
nomask 0.000100940466 78.13956 73.19586 240.0 224.0 
nomask 9.945035e-05 0.0 130.1566 106.135284 224.0 
nomask 9.8884106e-05 137.23209 72.702934 240.0 147.70724 
nomask 9.7960234e-05 7.1552362 206.72418 89.50908 221.07114 
mask 9.6043506e-05 75.038475 70.03778 240.0 224.0 
nomask 9.5278025e-05 24.221378 122.0361 111.72787 224.0 
nomask 9.480119e-05 97.91408 109.05133 177.89134 140.78047 
mask 9.268254e-05 121.90497 0.55384445 240.0 224.0 
nomask 9.256601e-05 0.0 166.08847 181.42497 224.0 
mask 8.9496374e-05 137.23209 72.702934 240.0 147.70724 
mask 8.916855e-05 0.0 44.753902 62.356304 224.0 
nomask 8.901954e-05 0.0 0.0 63.367302 148.45445 
nomask 8.812547e-05 41.675972 0.0 204.37703 61.67237 
mask 8.702278e-05 10.48315 218.24524 69.59401 221.96893 
nomask 8.6933374e-05 0.0 114.330734 222.89995 221.95523 
mask 8.657575e-05 120.63498 121.32961 240.0 209.43521 
mask 8.46684e-05 227.0175 214.59827 240.0 224.0 
mask 8.404255e-05 129.92743 156.05516 240.0 224.0 
nomask 8.389354e-05 211.48764 0.0 240.0 224.0 
nomask 8.264184e-05 0.89376974 80.157196 4.525985 124.67354 
mask 8.171797e-05 166.0508 0.0 240.0 37.693447 
nomask 7.9602e-05 0.0 0.0 58.576305 103.662 
nomask 7.814169e-05 0.0 120.89195 109.78429 206.98549 
nomask 7.802248e-05 160.14445 28.76486 188.6201 110.53451 
nomask 7.6919794e-05 0.0 175.79666 164.9313 224.0 
mask 7.688999e-05 5.4348135 0.0 147.37837 62.879982 
nomask 7.6562166e-05 159.0805 21.561388 240.0 145.05304 
mask 7.399917e-05 51.229702 95.97963 137.13736 133.29593 
nomask 7.3969364e-05 0.0 0.0 99.79979 57.933876 
nomask 7.367134e-05 51.99101 144.03915 229.14268 224.0 
nomask 7.367134e-05 0.47495764 71.05404 3.2491055 110.73406 
mask 7.31647e-05 159.0805 21.561388 240.0 145.05304 
nomask 7.238984e-05 236.16634 55.66959 238.27994 106.00989 
nomask 7.203749e-05 121.90497 0.55384445 240.0 224.0 
nomask 7.143617e-05 21.774689 155.43076 156.57632 224.0 
nomask 6.9499016e-05 0.0 22.15015 101.02273 102.04933 
mask 6.940961e-05 0.0 207.73396 47.250362 224.0 
nomask 6.893277e-05 1.8332647 24.247374 4.1274343 77.84719 
mask 6.818771e-05 89.15482 136.50664 240.0 224.0 
nomask 6.747246e-05 137.37335 18.601913 240.0 101.4392 
nomask 6.699562e-05 0.85536593 55.19212 3.0095525 101.12607 
mask 6.604195e-05 0.0 120.89195 109.78429 206.98549 
mask 6.29127e-05 0.0 161.16179 144.00296 224.0 
nomask 6.201863e-05 132.80075 0.0 240.0 58.164467 
nomask 5.978346e-05 0.0 73.35268 105.627335 148.01186 
mask 5.939603e-05 97.91408 109.05133 177.89134 140.78047 
mask 5.8859587e-05 21.774689 155.43076 156.57632 224.0 
mask 5.8621168e-05 8.416979 175.28117 98.04794 224.0 
mask 5.8054924e-05 0.974082 32.37269 3.5199566 92.20453 
nomask 5.736947e-05 0.2627653 68.511795 35.97989 162.97633 
mask 5.6803226e-05 115.51006 182.36809 222.82336 223.43883 
mask 5.64456e-05 168.94287 2.841764 240.0 54.8223 
mask 5.596876e-05 24.221378 122.0361 111.72787 224.0 
nomask 5.2928925e-05 20.810133 27.779911 58.91468 103.194595 
nomask 5.275011e-05 53.748306 89.29117 177.38994 143.28468 
nomask 5.2273273e-05 31.199387 0.0 113.10217 103.81952 
nomask 5.185604e-05 34.015335 24.117329 147.65265 125.642555 
mask 5.173683e-05 227.56955 2.1971774 240.0 12.859541 
mask 5.108118e-05 0.0 135.52267 104.53866 224.0 
mask 5.0604343e-05 211.48764 0.0 240.0 224.0 
nomask 4.914403e-05 0.0 135.52267 104.53866 224.0 
nomask 4.8995018e-05 78.62519 120.44767 162.82715 224.0 
mask 4.8846006e-05 60.192417 105.134865 159.86696 138.41507 
