nomask 0.9996573 0.5222474 0.24965099 0.81856805 0.630183 
mask 0.0019578934 0.52198625 0.2529704 0.82070196 0.6335818 
nomask 0.0017384887 0.004439537 0.18353784 0.017559048 0.41850364 
nomask 0.0015306473 0.0030370504 0.17434914 0.03817171 0.64054817 
mask 0.0015209913 0.004439537 0.18353784 0.017559048 0.41850364 
mask 0.000826329 0.9604624 0.0033160374 1.0 0.14392072 
nomask 0.00074082613 0.6585734 0.21056235 1.0 0.7815103 
mask 0.0007404685 0.753508 0.0 0.88994527 0.035493843 
mask 0.00073346496 0.9389551 0.0056904703 1.0 0.06615086 
nomask 0.000652045 0.8652342 0.18320826 0.98637503 0.58793604 
nomask 0.0006122291 0.64922726 0.090069294 1.0 0.51621544 
nomask 0.00053051114 0.52533674 0.22805004 0.93414843 0.4891885 
mask 0.0005300045 0.0015799887 0.14346956 0.033762746 0.5942768 
nomask 0.0005054176 0.0 0.6807108 0.5997859 1.0 
nomask 0.0004937053 0.0 0.2821742 0.015188575 0.49662295 
mask 0.00041913986 0.027077377 0.4148853 0.66126555 1.0 
mask 0.00041225553 0.008293301 0.81002456 0.54994667 1.0 
nomask 0.0003938079 0.0 0.19490923 0.10333169 0.6209871 
mask 0.00033661723 0.0 0.6807108 0.5997859 1.0 
nomask 0.00032696128 0.3188217 0.0 0.87407005 0.5782086 
nomask 0.00032240152 0.9441072 0.21299864 0.9958929 0.700372 
nomask 0.0003039837 0.9802099 0.49659964 0.9983545 0.68926984 
nomask 0.00030356646 0.6122138 0.3919527 0.81147975 0.6603618 
mask 0.00030189753 0.8921841 0.0039415453 0.9994262 0.058993705 
nomask 0.0002950728 0.7676594 0.58715236 1.0 1.0 
nomask 0.00028285384 0.0021683276 0.13585526 0.011385284 0.3054198 
nomask 0.00027883053 0.52895176 0.24382746 0.8175955 0.42001712 
nomask 0.00025832653 0.23928007 0.69233376 0.9157164 1.0 
nomask 0.00025817752 0.0 0.5109184 0.92904294 0.9909003 
mask 0.00025647428 0.50889623 0.0028451085 1.0 1.0 
mask 0.00025445223 0.32595038 0.32706603 1.0 1.0 
nomask 0.0002526641 0.45743525 0.12427598 1.0 1.0 
nomask 0.00024661422 0.57482326 0.33178094 1.0 0.65244687 
nomask 0.00024187565 0.9604624 0.0033160374 1.0 0.14392072 
nomask 0.00023504929 0.31265888 0.3126686 1.0 1.0 
nomask 0.00022938848 0.8265977 0.23209335 0.9414185 0.5679798 
mask 0.00022768974 0.0 0.2821742 0.015188575 0.49662295 
nomask 0.00022441149 0.76608944 0.16933063 1.0 0.99603736 
nomask 0.00022429228 0.76812595 0.0 1.0 0.6970154 
nomask 0.0002220571 0.9773404 0.538229 0.9952604 0.7344147 
mask 0.00021219254 0.62844557 0.7136163 1.0 1.0 
nomask 0.00021108985 0.62844557 0.7136163 1.0 1.0 
mask 0.00021073222 0.9277355 0.013836294 1.0 0.22058769 
mask 0.00019803643 0.67353517 0.003990894 0.8027248 0.034126125 
mask 0.00019297004 0.0 0.7424811 0.78205466 1.0 
mask 0.00018849969 0.23928007 0.69233376 0.9157164 1.0 
nomask 0.00018319488 0.37071732 0.22496441 0.79932284 0.46944574 
nomask 0.00017935038 0.0 0.87434924 1.0 1.0 
nomask 0.00017279387 0.0 0.010628924 0.7262881 0.42148912 
nomask 0.00017264485 0.83571285 0.0068478286 1.0 0.89212155 
nomask 0.00016891956 0.8779956 0.7860207 1.0 1.0 
nomask 0.00016525388 0.09366551 0.69621515 0.6585748 1.0 
nomask 0.0001566112 0.57742625 0.31503063 1.0 0.5526983 
mask 0.0001552403 0.7676594 0.58715236 1.0 1.0 
nomask 0.00014981627 0.5987793 0.0030113012 1.0 0.44900513 
nomask 0.00014963746 0.647969 0.89983416 1.0 1.0 
mask 0.00014868379 0.6960027 0.60035646 1.0 1.0 
mask 0.00014826655 0.0021683276 0.13585526 0.011385284 0.3054198 
mask 0.00014722347 0.523878 0.7470272 1.0 1.0 
mask 0.00014689565 0.0 0.87434924 1.0 1.0 
nomask 0.00014686584 0.0 0.0646521 0.031045016 0.5264953 
mask 0.00014322996 0.8779956 0.7860207 1.0 1.0 
nomask 0.00014182925 0.45235837 0.39959338 0.87080216 0.65440345 
mask 0.00013843179 0.647969 0.89983416 1.0 1.0 
nomask 0.00013118982 0.7435738 0.33156803 1.0 1.0 
nomask 0.00013047457 0.0 0.7152881 0.7043792 1.0 
mask 0.00012928247 0.0 0.6213834 0.047305226 1.0 
nomask 0.00012919307 0.01671496 0.22641286 0.5970825 0.8311459 
mask 0.00012916327 0.09366551 0.69621515 0.6585748 1.0 
mask 0.0001243949 0.0063914843 0.1651771 0.11000848 0.7943736 
nomask 0.00012156367 0.6078404 0.0 1.0 0.28106695 
nomask 0.000121444464 0.523878 0.7470272 1.0 1.0 
nomask 0.00012123585 0.8900879 0.50936306 0.9631532 0.6603224 
nomask 0.0001129508 0.9389551 0.0056904703 1.0 0.06615086 
mask 0.00011280179 0.0034268377 0.6980673 0.021090101 0.92647445 
mask 0.000112742186 0.0 0.015032731 0.0048779617 0.16719866 
mask 0.0001116693 0.57683206 0.0 0.90029883 0.06602612 
nomask 0.0001103282 0.6960027 0.60035646 1.0 1.0 
nomask 0.000110298395 0.7840255 0.4938679 0.8740744 0.6649277 
nomask 0.000110030174 0.6665665 0.09276876 1.0 0.6476617 
mask 0.00010043383 0.5609794 0.0 1.0 0.26343375 
mask 0.000100284815 0.6665665 0.09276876 1.0 0.6476617 
mask 9.906292e-05 0.0 0.23140353 0.5173341 0.9449927 
nomask 9.88245e-05 0.938528 0.01985316 1.0 0.3069386 
nomask 9.5427036e-05 0.8313353 0.4900276 0.9169618 0.6609103 
nomask 9.536743e-05 0.95416677 0.37559962 0.9999325 0.7660929 
nomask 9.509921e-05 0.35031083 0.25174183 0.8683257 0.88696605 
mask 9.4652176e-05 0.0 0.8670081 0.35257232 1.0 
nomask 9.301305e-05 0.89095896 0.49487284 1.0 0.64854807 
mask 9.262562e-05 0.0 0.9180128 0.5186265 0.9684997 
mask 9.1671944e-05 0.0 0.74230635 0.3521513 0.98915803 
nomask 9.146333e-05 0.88745904 0.3114795 0.96411836 0.44619358 
nomask 9.1433525e-05 0.8425674 0.31512123 0.9138954 0.44782782 
nomask 9.119511e-05 0.52969694 0.5474046 1.0 0.9107246 
nomask 8.97944e-05 0.747919 0.40150192 0.88562185 0.6613761 
mask 8.8870525e-05 0.0 0.68118024 0.14286369 1.0 
nomask 8.815527e-05 0.88708586 0.554973 0.9724694 0.70727396 
mask 8.7708235e-05 0.97607386 0.04747072 0.9981334 0.22200656 
mask 8.738041e-05 0.0 0.5504748 0.49491203 0.93316346 
nomask 8.59797e-05 0.9853774 0.43948108 1.0 0.68148345 
