nomask 0.99893737 46.753727 33.45559 161.79561 192.01564 
nomask 0.00071647763 0.0 151.93272 124.47388 232.0 
mask 0.00067827106 49.16467 34.134666 163.0428 191.93124 
nomask 0.00054228306 61.29016 0.0 154.8139 95.018486 
mask 0.0005039871 193.67859 0.0 217.0 232.0 
mask 0.0005016327 149.84651 153.40855 217.0 232.0 
nomask 0.00045347214 121.39777 185.01085 217.0 232.0 
nomask 0.00044110417 170.44785 137.97385 217.0 232.0 
nomask 0.00040271878 0.0 69.729294 141.4614 201.26009 
nomask 0.00039172173 128.07454 1.0948193 217.0 103.32999 
nomask 0.0003862977 193.67859 0.0 217.0 232.0 
nomask 0.00034967065 195.90154 150.07964 217.0 232.0 
nomask 0.00034421682 159.21948 2.2368898 217.0 146.29097 
nomask 0.00032544136 20.71259 170.22339 147.64163 232.0 
mask 0.0003181994 195.90154 150.07964 217.0 232.0 
mask 0.00031745434 0.0 201.55884 217.0 232.0 
nomask 0.00031530857 49.67694 183.07863 204.89442 232.0 
mask 0.00030902028 0.0 151.93272 124.47388 232.0 
nomask 0.00030452013 0.0 1.5561687 150.57509 103.14128 
nomask 0.00030305982 140.26497 210.04161 217.0 232.0 
nomask 0.00029811263 1.4220903 8.761535 211.96725 151.74712 
mask 0.00029751658 140.26497 210.04161 217.0 232.0 
nomask 0.00029033422 34.465984 21.079357 181.868 114.22608 
nomask 0.00028946996 148.30861 20.299496 217.0 149.25117 
nomask 0.00028723478 32.667088 0.0 186.90762 62.64796 
nomask 0.00027918816 138.2324 84.23519 217.0 232.0 
nomask 0.00025984645 0.0 0.0 103.79457 140.73398 
nomask 0.00025340915 136.72316 0.0 217.0 88.003395 
nomask 0.00024822354 75.84524 26.319996 165.59644 96.02274 
mask 0.0002475381 148.30861 20.299496 217.0 149.25117 
mask 0.00024485588 20.71259 170.22339 147.64163 232.0 
nomask 0.00023502111 119.55052 91.45046 217.0 205.46127 
nomask 0.00023204088 70.85924 127.761765 144.94125 232.0 
nomask 0.00021079183 162.79381 0.0 217.0 106.6844 
mask 0.00020518899 29.637897 106.91533 217.0 232.0 
nomask 0.00020495057 0.0 125.89994 153.37451 215.59344 
nomask 0.00019901991 117.8233 0.0 191.56729 108.18996 
nomask 0.0001988411 21.320784 0.0 109.95127 91.558495 
nomask 0.00018686056 71.37376 76.4554 217.0 232.0 
mask 0.00018438838 67.84704 72.53789 217.0 232.0 
nomask 0.00017878413 136.92316 16.211433 217.0 120.10057 
mask 0.00017783046 100.25466 30.933151 217.0 232.0 
nomask 0.00017607212 167.30446 27.586805 217.0 226.88968 
nomask 0.00017175078 146.75581 42.291042 217.0 189.08195 
nomask 0.00017020106 2.1069825 119.82653 217.0 232.0 
nomask 0.00016760256 111.46129 2.6508532 217.0 232.0 
nomask 0.00016272068 26.522608 168.57393 189.75777 232.0 
nomask 0.00015744567 0.0 25.512495 51.606655 210.46916 
nomask 0.00014525652 122.70204 75.95906 217.0 152.81258 
nomask 0.00014129281 22.96274 130.70001 101.80245 232.0 
nomask 0.00013187528 122.61468 0.0 217.0 60.638657 
mask 0.00012755394 128.07454 1.0948193 217.0 103.32999 
nomask 0.00012689829 0.0 76.38287 95.24109 154.00697 
nomask 0.00012609363 161.03862 0.0 217.0 140.1977 
mask 0.00012293458 138.31932 71.548325 217.0 214.65036 
nomask 0.00012028217 0.0 0.7795346 57.879124 142.35689 
nomask 0.00011745095 0.0 0.0 59.075993 91.68812 
nomask 0.00011706352 3.3013918 0.0 133.3765 64.62528 
mask 0.00011506677 32.667088 0.0 186.90762 62.64796 
mask 0.00010445714 0.0 1.5561687 150.57509 103.14128 
mask 0.000104010105 60.884426 171.45763 193.60732 232.0 
mask 9.8228455e-05 26.522608 168.57393 189.75777 232.0 
nomask 9.6678734e-05 1.1375539 27.30865 95.5523 213.07129 
nomask 9.641051e-05 110.79398 23.013483 217.0 84.46835 
nomask 9.4652176e-05 104.759094 38.192616 158.13667 177.00291 
nomask 9.328127e-05 43.220135 40.503853 126.02004 139.48831 
nomask 9.1671944e-05 63.249203 73.93379 215.68004 155.94655 
nomask 8.738041e-05 116.845566 128.29427 217.0 212.63321 
nomask 8.639693e-05 0.0 25.9612 32.747242 125.508514 
mask 8.4877014e-05 140.2212 145.6192 217.0 232.0 
nomask 8.383393e-05 118.063194 171.57643 217.0 232.0 
mask 8.323789e-05 118.063194 171.57643 217.0 232.0 
nomask 8.302927e-05 0.0 23.731464 94.19269 104.63113 
nomask 8.276105e-05 29.709827 75.3811 108.60931 232.0 
nomask 8.1539154e-05 88.301506 110.65888 188.70784 225.65765 
mask 8.043647e-05 0.08544216 50.969574 1.9113756 92.194176 
nomask 7.608533e-05 52.345043 14.038519 104.95179 124.726074 
mask 7.5906515e-05 0.4320829 40.391388 2.2168 81.81524 
nomask 7.4893236e-05 25.819782 26.991096 141.07767 84.646576 
nomask 7.387996e-05 0.4320829 40.391388 2.2168 81.81524 
nomask 7.3224306e-05 207.4897 223.12347 217.0 232.0 
nomask 7.18832e-05 0.0 128.514 91.09297 213.38194 
nomask 6.958842e-05 60.101902 23.457432 136.26965 111.77286 
mask 6.8962574e-05 1.6424601 0.0 91.698814 163.69945 
nomask 6.887317e-05 151.29008 131.3974 217.0 232.0 
nomask 6.699562e-05 187.4827 2.400264 217.0 128.51932 
nomask 6.6787004e-05 0.0 0.0 89.29268 59.53047 
mask 6.6667795e-05 22.96274 130.70001 101.80245 232.0 
nomask 6.580353e-05 0.08544216 50.969574 1.9113756 92.194176 
mask 6.517768e-05 0.0 128.514 91.09297 213.38194 
nomask 6.464124e-05 86.17811 0.0 216.48354 67.08106 
nomask 6.386638e-05 99.917984 0.0 217.0 32.459263 
nomask 6.368756e-05 211.51657 189.98271 215.84143 232.0 
mask 6.312132e-05 0.0 76.38287 95.24109 154.00697 
nomask 6.300211e-05 142.5297 0.0 189.12247 67.58628 
nomask 6.186962e-05 39.07893 1.697708 116.64043 81.95638 
mask 6.106496e-05 0.0 170.97842 94.63949 232.0 
nomask 6.0796738e-05 52.172844 150.06557 164.59863 232.0 
nomask 6.0349703e-05 0.0 124.98416 56.9224 232.0 
mask 6.0230494e-05 3.3013918 0.0 133.3765 64.62528 
