nomask 0.9989333 0.1124028 0.22093385 0.70092535 0.8059774 
nomask 0.014725894 0.95414245 0.1132938 0.99486876 0.49548694 
mask 0.009249508 0.95414245 0.1132938 0.99486876 0.49548694 
mask 0.0065124333 0.1213285 0.2186738 0.69750655 0.80336976 
nomask 0.0038518012 0.9755963 0.12796254 1.0 0.4255538 
nomask 0.0024676025 0.84107715 0.42048103 1.0 0.73943263 
mask 0.0024012625 0.9755963 0.12796254 1.0 0.4255538 
nomask 0.0010899305 0.898086 0.099791795 0.9973214 0.5060016 
mask 0.00064092875 0.9762409 0.23207176 0.9962393 0.5164004 
mask 0.000634253 0.89269704 0.15781924 1.0 0.7728015 
mask 0.0006209016 0.9760101 0.0 0.9904649 0.19017562 
nomask 0.0006105602 0.89269704 0.15781924 1.0 0.7728015 
mask 0.00060352683 0.84107715 0.42048103 1.0 0.73943263 
mask 0.00045728683 0.95799357 0.0 0.990593 0.07358581 
nomask 0.00042307377 0.9820867 0.45400175 0.9970483 0.6220417 
nomask 0.0003863275 0.78154397 0.59305114 1.0 1.0 
mask 0.00036627054 0.009600401 0.5157382 1.0 1.0 
mask 0.00036233664 0.97981846 0.06796615 0.99460185 0.2497272 
nomask 0.00033974648 0.0029815584 0.55355465 0.4579417 1.0 
nomask 0.00033146143 0.6218246 0.71205485 1.0 1.0 
nomask 0.00032818317 0.9762409 0.23207176 0.9962393 0.5164004 
nomask 0.00032138824 0.78980505 0.0 1.0 0.670733 
nomask 0.00031110644 0.9760101 0.0 0.9904649 0.19017562 
mask 0.0003090799 0.32890373 0.32961622 1.0 1.0 
nomask 0.0003067851 0.32890373 0.32961622 1.0 1.0 
mask 0.00030517578 0.66464245 0.63558716 1.0 1.0 
mask 0.00030487776 0.8890827 0.0 1.0 1.0 
mask 0.0003040135 0.98053616 0.3091746 0.99714917 0.56321687 
nomask 0.00029799342 0.009600401 0.5157382 1.0 1.0 
nomask 0.00029739738 0.97981846 0.06796615 0.99460185 0.2497272 
nomask 0.0002632141 0.8890827 0.0 1.0 1.0 
nomask 0.00025475025 0.57228404 0.0038783401 1.0 0.43937272 
nomask 0.00025239587 0.8261485 0.1418864 0.95332444 0.49855512 
mask 0.0002476275 0.8688855 0.0035378058 1.0 0.05453542 
nomask 0.00024354458 0.9015347 0.6383683 1.0 1.0 
nomask 0.00024157763 0.32778338 0.0 0.8159348 0.7404959 
nomask 0.00023952127 0.6691393 0.09426999 1.0 0.6428287 
nomask 0.00023800135 0.65574014 0.31015846 1.0 0.9274508 
nomask 0.00023624301 0.6377143 0.37185633 1.0 1.0 
nomask 0.00023344159 0.09371239 0.0 0.5109956 0.38366377 
mask 0.00022932887 0.9015347 0.6383683 1.0 1.0 
mask 0.0002233088 0.898086 0.099791795 0.9973214 0.5060016 
mask 0.00022298098 0.88923734 0.0060300417 0.9869091 0.10927573 
nomask 0.00022235513 0.9782006 0.4894767 0.9941481 0.7018232 
mask 0.00022146106 0.6691393 0.09426999 1.0 0.6428287 
nomask 0.00022032857 0.6394056 0.90747035 1.0 1.0 
mask 0.00021988153 0.6394056 0.90747035 1.0 1.0 
nomask 0.00021660328 0.12766728 0.05767256 0.5182202 0.7215488 
mask 0.00021018709 0.51549166 0.010148704 1.0 1.0 
nomask 0.00020927191 0.93339735 0.41738588 0.982806 0.80449885 
nomask 0.00020310283 0.75097233 0.39585924 0.9035211 0.69981563 
nomask 0.00019714724 0.51549166 0.010148704 1.0 1.0 
nomask 0.00019216537 0.11082417 0.0 0.9095145 0.25424534 
mask 0.0001885891 0.0 0.8218538 0.32632434 1.0 
nomask 0.00017672777 0.98053616 0.3091746 0.99714917 0.56321687 
nomask 0.00017106533 0.95799357 0.0 0.990593 0.07358581 
nomask 0.00016894937 0.0 0.33435512 0.4775875 0.6642914 
nomask 0.00016361475 0.0 0.3697183 0.25888246 1.0 
mask 0.0001629591 0.94689065 0.0 1.0 0.28606468 
nomask 0.00016131997 0.39051837 0.0 0.99336344 0.35508907 
nomask 0.00015857816 0.002688706 0.03760937 0.9714308 0.6624528 
nomask 0.0001526773 0.33281064 0.0 0.65942955 0.46460044 
nomask 0.00014799833 0.104037344 0.06150806 0.8390275 0.47247815 
mask 0.00014689565 0.0029815584 0.55355465 0.4579417 1.0 
nomask 0.00013911724 0.0 0.0 0.24135219 0.43113315 
nomask 0.0001373887 0.0 0.614113 0.30661666 1.0 
nomask 0.0001372993 0.33627847 0.559232 0.6574373 1.0 
nomask 0.00013566017 0.40553373 0.51907086 0.8518533 0.9705014 
nomask 0.00013560057 0.0 0.7299522 0.44522187 1.0 
mask 0.0001334548 0.0 0.8644634 1.0 1.0 
nomask 0.00013300776 0.0 0.0 0.35357136 0.3285463 
nomask 0.00013181567 0.74716616 0.17826188 1.0 0.8513571 
nomask 0.00012874603 0.0 0.8644634 1.0 1.0 
nomask 0.00012868643 0.9531881 0.28408957 0.99350697 0.68467647 
mask 0.00012847781 0.018610328 0.0 0.42839167 0.74684286 
nomask 0.00012409687 0.0 0.26776087 0.13162915 0.6661175 
nomask 0.00012266636 0.30560526 0.31313396 1.0 0.66746974 
nomask 0.000121444464 0.53608334 0.0 0.88504374 0.46258512 
nomask 0.00012126565 0.55758345 0.32821852 1.0 0.6636295 
nomask 0.000119775534 0.88923734 0.0060300417 0.9869091 0.10927573 
nomask 0.000118136406 0.062172875 0.58868253 0.51060736 1.0 
mask 0.00011590123 0.78980505 0.0 1.0 0.670733 
mask 0.000115185976 0.0 0.7299522 0.44522187 1.0 
nomask 0.000114291906 0.52118766 0.735934 1.0 1.0 
nomask 0.00011360645 0.30000475 0.7077954 0.909459 1.0 
nomask 0.00011315942 0.17140111 0.22102025 0.7174678 0.5037755 
nomask 0.00011205673 0.09957361 0.75105035 0.6874585 1.0 
nomask 0.00011113286 0.0 0.0 0.4407822 0.25561544 
nomask 0.000109910965 0.94689065 0.0 1.0 0.28606468 
mask 0.00010830164 0.9820867 0.45400175 0.9970483 0.6220417 
nomask 0.00010743737 0.56209826 0.016296744 0.9299363 0.30377865 
mask 0.00010615587 0.8582772 0.0 1.0 0.13575748 
nomask 0.00010597706 0.0 0.0 0.24254738 0.67809004 
nomask 0.0001052022 0.079178214 0.7093077 0.89326245 1.0 
nomask 0.00010406971 0.0 0.7887122 0.7046988 1.0 
mask 0.00010150671 0.86716753 0.0 1.0 0.07971342 
nomask 9.846687e-05 0.17665699 0.8671109 0.897212 0.9984471 
nomask 9.840727e-05 0.7907586 0.19577053 0.9606887 0.7559694 
mask 9.700656e-05 0.57228404 0.0038783401 1.0 0.43937272 
nomask 9.4115734e-05 0.85850203 0.50326663 1.0 0.649393 
