nomask 0.9999217 0.24712294 0.21771011 0.80528563 0.8359581 
mask 0.0034785867 0.24712294 0.21771011 0.80528563 0.8359581 
nomask 0.00041666627 0.86115324 0.25941318 1.0 0.66526234 
nomask 0.00035825372 0.026608407 0.0 0.5972308 0.36395195 
nomask 0.00034713745 0.0 0.0 0.2408105 0.4549844 
nomask 0.0003094375 0.0 0.0 0.33567706 0.33348888 
nomask 0.00029540062 0.0 0.14970754 0.20040148 0.5433974 
nomask 0.00029194355 0.0 0.0 0.4375642 0.2541605 
nomask 0.00027534366 0.60337645 0.0035904944 1.0 0.45129505 
nomask 0.00027140975 0.9493446 0.31746477 0.9884533 0.7781134 
nomask 0.00025850534 0.0 0.0067757964 0.71010935 0.4248976 
nomask 0.00024187565 0.0 0.0 0.23693657 0.7026497 
nomask 0.00023564696 0.0 0.19209233 0.2721622 0.8370303 
nomask 0.0002284646 0.12403025 0.0 0.45758188 0.45566845 
mask 0.00022220612 0.12908232 0.45732722 1.0 1.0 
nomask 0.00022014976 0.7073242 0.60162187 1.0 1.0 
nomask 0.00021570921 0.0 0.0 0.4742816 0.59864545 
nomask 0.00021231174 0.6290776 0.0 1.0 0.36837116 
nomask 0.00021216273 0.9854304 0.5562413 0.9995306 0.73600554 
nomask 0.00020754337 0.78265965 0.0 1.0 0.6928506 
nomask 0.00020721555 0.57754433 0.79737765 1.0 1.0 
mask 0.00020503998 0.65578216 0.6397835 1.0 1.0 
nomask 0.00020414591 0.07467508 0.59888065 0.48595488 1.0 
mask 0.00020116568 0.55573285 0.7260718 1.0 1.0 
nomask 0.00019904971 0.7510443 0.0 1.0 0.6761788 
nomask 0.00019857287 0.5969675 0.7009218 1.0 1.0 
nomask 0.00019672513 0.277731 0.59101164 0.71830845 1.0 
nomask 0.00019648671 0.17080066 0.7012202 0.8342022 1.0 
mask 0.00019431114 0.57754433 0.79737765 1.0 1.0 
nomask 0.00019320846 0.90706825 0.64492494 1.0 1.0 
mask 0.00019237399 0.88221127 0.0 1.0 1.0 
nomask 0.00018796325 0.14278144 0.0 0.87423855 0.26866353 
nomask 0.00018706918 0.3276858 0.32871976 1.0 1.0 
mask 0.00017952919 0.90706825 0.64492494 1.0 1.0 
nomask 0.00017860532 0.0 0.5992007 0.55278444 1.0 
mask 0.00017859455 0.31266007 0.3126657 1.0 1.0 
nomask 0.00016865134 0.33409518 0.0 0.66093874 0.4809728 
nomask 0.00016763806 0.6423877 0.9076898 1.0 1.0 
nomask 0.00016647577 0.5932571 0.32577825 1.0 0.66016775 
nomask 0.00016620755 0.6406195 0.068002075 1.0 0.5078856 
mask 0.00016498566 0.6423877 0.9076898 1.0 1.0 
mask 0.00016012788 0.45879143 0.133383 1.0 1.0 
mask 0.000159204 0.0 0.1977672 0.21425205 0.67777956 
nomask 0.00015696883 0.005263686 0.5130577 1.0 1.0 
nomask 0.00015312433 0.6709773 0.08922261 1.0 0.64670426 
nomask 0.00014987588 0.0 0.7921647 0.68657655 1.0 
nomask 0.00014841557 0.0 0.28812218 0.37527362 0.7232424 
nomask 0.00014680624 0.7894745 0.605176 1.0 1.0 
nomask 0.00014418364 0.88221127 0.0 1.0 1.0 
nomask 0.00013908744 0.54696137 0.0 0.8827271 0.4568583 
nomask 0.00013875961 0.0 0.102075085 0.42991826 0.45177716 
mask 0.00013807416 0.6709773 0.08922261 1.0 0.64670426 
nomask 0.00013798475 0.7302812 0.20148024 1.0 0.78249955 
mask 0.00013646483 0.0 0.0 0.4375642 0.2541605 
nomask 0.00013178587 0.98658174 0.44231585 0.9967465 0.6573095 
mask 0.00012549758 0.7894745 0.605176 1.0 1.0 
nomask 0.00012359023 0.00019210577 0.000154078 0.29247952 0.36482453 
nomask 0.0001206696 0.6280552 0.5094392 1.0 0.9319914 
nomask 0.00012040138 0.2035898 0.0 0.9068961 0.5399865 
nomask 0.000119537115 0.21054178 0.77867043 0.9451249 1.0 
nomask 0.000110566616 0.0 0.0 0.22901785 0.22098798 
mask 0.00010922551 0.60337645 0.0035904944 1.0 0.45129505 
mask 0.000107586384 0.0 0.87823594 1.0 1.0 
nomask 0.00010755658 0.7666456 0.35426742 1.0 1.0 
nomask 0.00010409951 0.096205056 0.7019837 0.65229326 1.0 
nomask 0.00010338426 0.0 0.87823594 1.0 1.0 
nomask 0.00010290742 0.32103884 0.19844487 0.6997521 0.37502667 
nomask 0.00010237098 0.0 0.22481164 0.32361254 0.46070597 
nomask 0.0001014173 0.23994574 0.28621405 0.57766604 0.47499275 
nomask 9.9658966e-05 0.19692805 0.510554 0.8334408 0.86162907 
mask 9.921193e-05 0.13564488 0.7103764 0.86601996 1.0 
nomask 9.8347664e-05 0.5628057 0.38819832 1.0 0.8600727 
nomask 9.766221e-05 0.043559633 0.120221555 0.23270857 0.62749636 
nomask 9.736419e-05 0.5552882 0.0 1.0 0.26413247 
mask 9.3758106e-05 0.0 0.61633706 0.40420878 1.0 
nomask 9.1820955e-05 0.0 0.0 0.5286865 0.13033015 
mask 9.176135e-05 0.32103884 0.19844487 0.6997521 0.37502667 
mask 9.086728e-05 0.10890739 0.5533129 0.46718878 1.0 
nomask 9.074807e-05 0.0 0.5303852 0.27001598 1.0 
nomask 8.711219e-05 0.0 0.3965786 0.3747639 1.0 
nomask 8.5383654e-05 0.0 0.0 0.11974903 0.55421436 
nomask 8.478761e-05 0.0 0.72494674 0.69787717 1.0 
mask 8.4370375e-05 0.0 0.0067757964 0.71010935 0.4248976 
nomask 8.2820654e-05 0.9901009 0.40108338 1.0 0.60774815 
nomask 8.1926584e-05 0.7792865 0.10954553 1.0 0.96022624 
mask 8.100271e-05 0.0 0.0 0.2408105 0.4549844 
mask 8.08537e-05 0.096205056 0.7019837 0.65229326 1.0 
nomask 7.906556e-05 0.0 0.0 0.12911639 0.32245147 
mask 7.671118e-05 0.0 0.7921647 0.68657655 1.0 
nomask 7.3224306e-05 0.0 0.17429519 0.115072 0.75921386 
nomask 7.31051e-05 0.8775567 0.018369079 1.0 0.5347729 
mask 7.289648e-05 0.0 0.33325765 0.4421141 0.66210735 
mask 7.122755e-05 0.0 0.0 0.4742816 0.59864545 
mask 7.095933e-05 0.12403025 0.0 0.45758188 0.45566845 
nomask 7.05719e-05 0.9582939 0.476488 0.99934626 0.9062562 
mask 7.05421e-05 0.0 0.17429519 0.115072 0.75921386 
nomask 7.033348e-05 0.52471507 0.021362275 0.8546698 0.68914986 
mask 7.006526e-05 0.0 0.102075085 0.42991826 0.45177716 
nomask 6.964803e-05 0.0 0.32304773 0.32599652 0.5540491 
mask 6.830692e-05 0.0 0.7333073 0.4596205 1.0 
