nomask 0.9978371 0.17800355 0.18152389 0.85728025 0.85676885 
mask 0.02730447 0.16990903 0.17389369 0.858191 0.8534323 
nomask 0.001957178 0.011474684 0.5075592 0.2510562 0.9721581 
nomask 0.0011493266 0.12131649 0.7094008 0.8501031 1.0 
mask 0.0008561313 0.8573456 0.013670772 1.0 0.89988375 
nomask 0.0008125603 0.0 0.15275866 0.2522259 0.879886 
mask 0.0006814301 0.12131649 0.7094008 0.8501031 1.0 
nomask 0.00063857436 0.65713155 0.3871813 1.0 1.0 
nomask 0.00061637163 0.5769861 0.779736 0.95136535 1.0 
nomask 0.00061422586 0.0008657761 0.0 0.07098587 0.044977523 
nomask 0.00061160326 0.43527958 0.6633897 0.8255365 0.9799696 
nomask 0.00059604645 0.0 0.38474193 0.3440153 0.99407685 
nomask 0.0005954206 0.0 0.4282705 0.15051684 0.97765434 
nomask 0.00057053566 0.4362449 0.8606695 1.0 1.0 
nomask 0.0005300939 0.0059477314 0.8181093 0.03600716 0.9580606 
nomask 0.00050747395 0.6375746 0.26936686 1.0 0.7232413 
nomask 0.0004707873 0.016181469 0.034765333 0.9703566 0.6736702 
nomask 0.0004544258 0.0 0.7042533 0.41750455 1.0 
mask 0.00044831634 0.0 0.0 0.47266245 0.66039515 
mask 0.00042563677 0.0 0.13708213 0.11629457 0.8615476 
nomask 0.00042134523 0.0 0.20964324 0.6189048 0.9313992 
nomask 0.000420928 0.0 0.7985505 0.7208575 1.0 
mask 0.00040832162 0.024021082 0.58060306 0.20948637 0.93251365 
nomask 0.00040316582 0.008659333 0.5539081 0.45549694 1.0 
nomask 0.000397712 0.6563562 0.6418632 1.0 1.0 
nomask 0.00039592385 0.009139359 0.00028512627 0.16797757 0.03503723 
mask 0.00039353967 0.008072555 0.51439726 1.0 1.0 
nomask 0.00039049983 0.12726498 0.5139425 0.87461615 0.8983327 
nomask 0.00038024783 0.08147064 0.61111057 0.50798976 1.0 
nomask 0.00037509203 0.0 0.62319857 0.31466144 0.88128215 
nomask 0.00035625696 0.06936087 0.030116633 0.525328 0.48930508 
nomask 0.00035429 0.70446455 0.0 1.0 0.59342206 
nomask 0.00035190582 0.30371487 0.6791789 0.891971 1.0 
mask 0.00034859776 0.4202589 0.840444 0.7459842 0.9952354 
nomask 0.00034800172 0.102772415 0.30801 0.48495412 1.0 
nomask 0.0003476441 0.0 0.13708213 0.11629457 0.8615476 
nomask 0.0003412068 0.7025431 0.07486576 1.0 0.64426225 
mask 0.00033846498 0.0 0.012087792 0.7279049 0.42455977 
mask 0.00033643842 0.0041194037 0.8632642 0.043384034 0.98227763 
nomask 0.0003337264 0.45896226 0.13619423 1.0 1.0 
nomask 0.0003336072 0.5501726 0.74044013 1.0 1.0 
mask 0.00033193827 0.6563562 0.6418632 1.0 1.0 
nomask 0.0003273785 0.0 0.70826477 0.30124307 0.97878546 
nomask 0.00032535195 0.50550866 0.03798279 0.86506295 0.6933297 
nomask 0.00032377243 0.32817057 0.5316094 0.678105 1.0 
nomask 0.00032144785 0.0041194037 0.8632642 0.043384034 0.98227763 
nomask 0.00031888485 0.0026607374 0.77594 0.028823398 0.9260326 
mask 0.00031670928 0.5501726 0.74044013 1.0 1.0 
mask 0.00031355023 0.45896226 0.13619423 1.0 1.0 
mask 0.0003103912 0.0 0.73728913 0.47123688 1.0 
nomask 0.00030970573 0.0 0.0 0.41679066 0.7904755 
mask 0.00030592084 0.7025431 0.07486576 1.0 0.64426225 
nomask 0.00029873848 0.62342787 0.61129916 0.9090916 1.0 
nomask 0.00029814243 0.117121875 0.8547623 0.79709625 0.99361324 
mask 0.00029605627 0.0 0.86482257 1.0 1.0 
nomask 0.00029435754 0.5003694 0.27243063 0.87352276 1.0 
mask 0.00029405951 0.117121875 0.8547623 0.79709625 0.99361324 
nomask 0.00029054284 0.5450382 0.54070103 0.8624852 1.0 
nomask 0.00028389692 0.57268614 0.7980585 1.0 1.0 
mask 0.0002833342 0.31265745 0.31266674 1.0 1.0 
nomask 0.00028333202 0.31265745 0.31266674 1.0 1.0 
nomask 0.00028070807 0.64859676 0.68949896 0.8753766 1.0 
nomask 0.00028067827 0.10375208 0.7451916 0.6751228 1.0 
nomask 0.000279665 0.33415127 0.78603435 0.72535634 1.0 
nomask 0.00027936697 0.7234632 0.70949155 0.99141717 1.0 
nomask 0.000271976 0.0 0.86482257 1.0 1.0 
mask 0.00027155876 0.57268614 0.7980585 1.0 1.0 
nomask 0.00026348233 0.5468304 0.56305224 1.0 0.90429527 
mask 0.00026333332 0.72390443 0.8482072 1.0 0.9997774 
nomask 0.00025331974 0.8832305 0.7827603 1.0 1.0 
nomask 0.00024837255 0.65144306 0.90479994 1.0 1.0 
mask 0.00024822354 0.4362449 0.8606695 1.0 1.0 
mask 0.00024661422 0.65144306 0.90479994 1.0 1.0 
nomask 0.00024306774 0.9668786 0.82527006 0.9992674 0.9928181 
mask 0.00023692846 0.008659333 0.5539081 0.45549694 1.0 
nomask 0.00023502111 0.0 0.012087792 0.7279049 0.42455977 
nomask 0.0002309382 0.0 0.33600533 0.4450389 0.66631186 
mask 0.0002297163 0.0 0.0 0.23052073 0.7709005 
mask 0.00022909045 0.0 0.7985505 0.7208575 1.0 
nomask 0.00022557378 0.79329056 0.59657633 1.0 1.0 
nomask 0.00021380186 0.59044385 0.38863677 1.0 0.85166353 
mask 0.00021326542 0.8832305 0.7827603 1.0 1.0 
mask 0.00021311641 0.08147064 0.61111057 0.50798976 1.0 
nomask 0.00021162629 0.0 0.0 0.451818 0.25128183 
mask 0.00021111965 0.0008657761 0.0 0.07098587 0.044977523 
mask 0.00021067262 0.0 0.43696538 0.30769956 0.9893621 
nomask 0.00020861626 0.88929963 0.0 1.0 1.0 
mask 0.00020554662 0.072321326 0.8108219 0.7974725 1.0 
nomask 0.00020042062 0.0 0.017052442 0.32011384 0.56845415 
mask 0.0001975596 0.009539068 0.0 0.67627156 0.28505287 
nomask 0.00019678473 0.0 0.73863316 0.5756842 0.9924936 
nomask 0.0001963377 0.0 0.85723513 0.3629294 1.0 
nomask 0.0001950264 0.0 0.0 0.23922564 0.4776035 
nomask 0.00019142032 0.66272664 0.850898 1.0 1.0 
nomask 0.0001899898 0.0 0.09331702 0.4582962 0.45333093 
nomask 0.0001899302 0.63747334 0.07406235 1.0 0.50532675 
mask 0.00018930435 0.79329056 0.59657633 1.0 1.0 
mask 0.00018641353 0.009139359 0.00028512627 0.16797757 0.03503723 
nomask 0.00018587708 0.0 0.33514655 0.18958327 0.7895516 
nomask 0.00018334389 0.93621147 0.95092756 1.0 1.0 
