nomask 0.99676675 62.184505 67.30215 111.99971 185.70691 
mask 0.023107678 62.495052 55.378307 109.38968 184.85736 
nomask 0.018814951 63.581966 40.749996 92.31861 130.20917 
nomask 0.0039229393 48.660313 111.874535 121.39314 184.55182 
nomask 0.0023047924 83.958176 50.763077 106.694664 132.39827 
nomask 0.0020189881 21.0686 51.501976 108.552956 217.36263 
nomask 0.001961112 42.82223 61.865257 121.216965 135.97432 
nomask 0.0018672049 0.0 2.9337273 42.97843 255.16823 
nomask 0.0016351342 73.38579 27.812256 99.35004 108.96454 
nomask 0.0012791753 127.93418 51.645794 183.0 266.70013 
nomask 0.001052022 27.840221 85.22635 113.68965 160.99329 
nomask 0.0008509159 92.9851 50.04638 114.67557 138.52377 
nomask 0.00080382824 0.0 171.23322 91.60393 275.0 
nomask 0.0007998347 56.962868 26.146702 109.034256 152.92209 
nomask 0.00075271726 76.356964 94.52056 118.701355 220.79854 
nomask 0.00070798397 11.879184 22.00709 108.07303 148.61258 
nomask 0.0007060468 25.828585 21.257568 63.440907 182.6092 
mask 0.00066921115 0.0 17.686466 68.92201 264.70435 
nomask 0.00064253807 125.5063 177.2912 183.0 275.0 
nomask 0.00063201785 94.65133 76.54186 129.85191 227.45575 
nomask 0.0006263852 68.28725 113.000336 162.1199 181.35295 
nomask 0.00060015917 138.3685 21.788736 183.0 256.24698 
nomask 0.0005839467 56.69801 69.247025 145.61353 239.24406 
nomask 0.0005721152 6.8114295 97.61423 111.47118 275.0 
nomask 0.0005592704 39.679035 138.24478 129.18219 201.14795 
nomask 0.00049751997 159.27051 216.14204 183.0 275.0 
mask 0.000469625 125.5063 177.2912 183.0 275.0 
nomask 0.0004682541 162.20663 0.0 183.0 275.0 
nomask 0.00045517087 62.248787 0.0 118.1674 143.09694 
nomask 0.0004428625 0.0 216.35861 124.42287 275.0 
nomask 0.00043791533 0.0 2.531137 129.80556 115.11369 
nomask 0.00042697787 34.49086 205.91577 175.04265 275.0 
mask 0.00042158365 159.27051 216.14204 183.0 275.0 
nomask 0.0004207492 117.88881 248.2952 183.0 275.0 
nomask 0.00042060018 69.217255 86.73857 163.01474 157.94165 
nomask 0.00040620565 31.452972 173.55507 137.39702 239.18585 
mask 0.0003991127 117.88881 248.2952 183.0 275.0 
nomask 0.0003978014 0.0 242.70322 183.0 275.0 
nomask 0.00039708614 29.051445 0.0 161.6393 70.26603 
mask 0.00039556623 0.0 171.23322 91.60393 275.0 
nomask 0.00039324164 50.14695 9.755269 87.56153 163.16689 
nomask 0.00039321184 0.0 0.0 79.220505 186.01988 
mask 0.00039169192 22.223225 125.30551 180.10828 273.70724 
nomask 0.0003913045 0.07088882 0.0 117.53922 75.83126 
nomask 0.00038823485 0.0 0.0 43.83006 153.31795 
nomask 0.00038436055 13.608314 220.98166 141.7163 275.0 
nomask 0.00038078427 119.17096 4.7065997 183.0 213.90521 
nomask 0.00037762523 85.50298 105.61726 115.97132 192.21585 
nomask 0.0003746152 123.2691 0.0 183.0 180.68866 
nomask 0.00037431717 65.86576 0.0 99.774895 135.55882 
nomask 0.00036486983 19.691051 204.76682 166.66304 275.0 
mask 0.00036391616 139.47426 0.0 183.0 225.82712 
nomask 0.0003567934 83.757614 34.781864 183.0 275.0 
mask 0.00035378337 0.0 242.70322 183.0 275.0 
nomask 0.00034555793 104.23226 1.1470248 183.0 119.74182 
mask 0.00034549832 83.757614 34.781864 183.0 275.0 
nomask 0.00031763315 113.44495 37.692394 135.75125 138.23712 
nomask 0.00031507015 64.519165 157.96759 153.94717 275.0 
nomask 0.0003142655 73.467514 61.368866 171.43373 128.66406 
mask 0.00031331182 127.93418 51.645794 183.0 266.70013 
nomask 0.0003132224 42.406357 31.774757 125.41014 103.031685 
nomask 0.00031235814 45.924664 0.0 140.2706 98.51053 
nomask 0.00030818582 0.0 140.67365 175.56348 273.6082 
mask 0.0003053546 17.230259 189.81827 120.489555 275.0 
mask 0.00030371547 25.828585 21.257568 63.440907 182.6092 
nomask 0.0002988875 115.477165 80.189514 183.0 275.0 
nomask 0.00029549003 122.0604 26.2703 183.0 177.87502 
mask 0.00029233098 65.86576 0.0 99.774895 135.55882 
nomask 0.00028914213 13.625877 0.0 92.06349 112.690575 
mask 0.00028194214 57.216732 85.98416 183.0 275.0 
nomask 0.00028193998 57.216732 85.98416 183.0 275.0 
mask 0.00028032064 122.0604 26.2703 183.0 177.87502 
mask 0.00027912855 0.0 216.35861 124.42287 275.0 
mask 0.0002746582 134.36201 0.0 182.09225 44.566517 
nomask 0.0002733767 29.847694 3.9886003 179.80849 118.720985 
mask 0.00026887655 56.69801 69.247025 145.61353 239.24406 
nomask 0.000261724 88.77836 71.39281 102.38464 109.996956 
mask 0.00026100874 0.07088882 0.0 117.53922 75.83126 
mask 0.00026097894 162.20663 0.0 183.0 275.0 
nomask 0.0002579093 0.0 56.84538 99.16817 129.00102 
nomask 0.00025752187 40.03583 130.66725 139.13318 259.86697 
mask 0.00024929643 51.735115 2.1276984 120.179214 74.47031 
mask 0.00024867058 29.051445 0.0 161.6393 70.26603 
mask 0.00024718046 24.084227 28.456667 129.98663 252.55667 
nomask 0.00024288893 45.193954 229.1413 142.9684 273.946 
nomask 0.00023904443 62.12713 130.6944 103.689735 271.62128 
mask 0.0002374649 45.193954 229.1413 142.9684 273.946 
nomask 0.0002336204 68.41745 15.011013 91.14209 101.27585 
nomask 0.00023087859 138.407 0.0 183.0 137.45332 
nomask 0.00022995472 77.16739 56.46986 93.573425 97.94487 
mask 0.00022917986 141.71753 2.6612098 179.38391 85.53844 
mask 0.00022768974 6.8114295 97.61423 111.47118 275.0 
nomask 0.00022390485 0.0 0.0 26.679644 184.69489 
nomask 0.000223279 80.852425 14.766554 107.61541 101.0761 
nomask 0.00022250414 51.735115 2.1276984 120.179214 74.47031 
nomask 0.00022050738 141.71753 2.6612098 179.38391 85.53844 
nomask 0.00021988153 134.36201 0.0 182.09225 44.566517 
mask 0.00021228194 4.401084 2.4334326 180.11494 181.1307 
mask 0.00020980835 34.49086 205.91577 175.04265 275.0 
nomask 0.00020825863 0.0 91.06254 80.056786 183.07391 
