nomask 0.98576784 1585.497917175293 1206.9887266159058 2468.8855590820312 2274.3527154922485 
nomask 0.011121571 1598.6551609039307 1633.9045457839966 2306.1502990722656 2401.5090436935425 
mask 0.007623434 2549.7038040161133 1099.3663001060486 4032.0 3014.3288040161133 
nomask 0.0008678436 2530.219139099121 520.574257850647 4032.0 2967.790949821472 
nomask 0.00065010786 101.10271453857422 1219.89945602417 2241.4052925109863 3024.0 
mask 0.0004156828 2050.6617279052734 13.858274459838867 4032.0 3024.0 
nomask 0.00039342046 0.0 1889.7527046203613 2014.4412460327148 3024.0 
nomask 0.00038725138 1877.0550842285156 1972.3432331085205 2354.504837036133 2396.6260414123535 
nomask 0.00038549304 1387.4238109588623 222.28745412826538 2617.650192260742 2090.1336994171143 
nomask 0.00036928058 2695.263931274414 1905.9127006530762 4032.0 3024.0 
mask 0.0003425777 2530.219139099121 520.574257850647 4032.0 2967.790949821472 
nomask 0.00033181906 2050.6617279052734 13.858274459838867 4032.0 3024.0 
mask 0.00031459332 2479.5706901550293 2054.909969329834 4032.0 3024.0 
nomask 0.00029620528 3530.371536254883 0.0 4032.0 3024.0 
mask 0.00029090047 504.9818515777588 1380.872706413269 4032.0 3024.0 
mask 0.0002822578 1667.6946716308594 1165.0256567001343 2430.7636184692383 2241.3236417770386 
nomask 0.00024142861 1319.0475997924805 992.2754144668579 4032.0 3024.0 
nomask 0.00023436546 3528.3037719726562 2402.009943008423 4032.0 3024.0 
mask 0.00023207068 1260.6462364196777 945.5151386260986 4032.0 3024.0 
nomask 0.00023001432 4.868282318115234 1549.0580778121948 4001.708839416504 3021.874737739563 
nomask 0.00022742152 1040.3316478729248 0.0 3117.775177001953 1930.7597579956055 
nomask 0.00021913648 2111.998191833496 1153.7450580596924 2928.086883544922 2663.5655422210693 
mask 0.0002104342 3530.371536254883 0.0 4032.0 3024.0 
mask 0.00020873547 1456.5247249603271 925.2088894844055 3368.621612548828 2712.8681659698486 
nomask 0.0002066791 392.9989814758301 2100.375909805298 2666.5718994140625 3024.0 
mask 0.00019955635 2155.371494293213 2180.811435699463 4032.0 3024.0 
nomask 0.00019171834 2614.5982933044434 2725.3230571746826 4032.0 3024.0 
mask 0.00018969178 3528.3037719726562 2402.009943008423 4032.0 3024.0 
nomask 0.0001822114 1483.4366626739502 1712.9375896453857 3409.6808166503906 3024.0 
mask 0.00017923117 0.0 1889.7527046203613 2014.4412460327148 3024.0 
mask 0.00017869473 2614.5982933044434 2725.3230571746826 4032.0 3024.0 
nomask 0.00017774105 0.0 27.861825942993164 2996.3259887695312 1229.9016709327698 
nomask 0.00017121434 1712.2400436401367 1253.2924432754517 3615.2777252197266 2033.4567346572876 
nomask 0.00016200542 0.0 2652.18869304657 4032.0 3024.0 
mask 0.00016060472 392.9989814758301 2100.375909805298 2666.5718994140625 3024.0 
mask 0.0001603365 2225.4190521240234 1606.8496742248535 4032.0 2824.6507244110107 
nomask 0.00015857816 1406.356086730957 1389.6369123458862 2321.0454597473145 2621.903660774231 
mask 0.00015369058 2694.0284156799316 284.15942430496216 4032.0 1955.590232849121 
nomask 0.00015226007 0.0 2368.0313415527344 2713.9521560668945 3024.0 
nomask 0.0001513362 2651.340042114258 0.0 4032.0 2019.9859857559204 
nomask 0.00015032291 2694.0284156799316 284.15942430496216 4032.0 1955.590232849121 
mask 0.00013807416 0.0 2652.18869304657 4032.0 3024.0 
mask 0.00013688207 1869.857442855835 1697.3413982391357 4032.0 3024.0 
nomask 0.00013634562 1681.4426364898682 1951.2813091278076 2218.6466674804688 2419.3227825164795 
mask 0.0001361072 3054.6571769714355 1765.5601358413696 4032.0 3024.0 
nomask 0.00012987852 0.0 530.2558178901672 1767.9491558074951 2904.399158477783 
mask 0.00012615323 0.0 564.736310005188 2133.392967224121 2960.994652748108 
mask 0.0001244545 2473.0617027282715 1032.021297454834 3702.823413848877 2400.092502593994 
nomask 0.0001219511 0.0 0.0 985.8132305145264 695.5139744281769 
nomask 0.000121712685 1695.4825973510742 1431.8651218414307 2588.4400177001953 2718.08371925354 
nomask 0.000121325254 1487.7472686767578 1045.5922622680664 2387.426845550537 1584.5925493240356 
nomask 0.00011539459 1929.6633911132812 1107.0595836639404 2549.955665588379 2041.2142753601074 
mask 0.00011447072 2514.248279571533 139.33120965957642 4032.0 2155.7733192443848 
nomask 0.0001128912 757.32275390625 2364.563618659973 4032.0 3024.0 
nomask 0.00011229515 1166.8167457580566 1480.286440372467 1396.248218536377 1772.8540878295898 
mask 0.000111967325 3847.376335144043 8.535210996866226 4032.0 185.94375264644623 
mask 0.00010982156 102.84051132202148 12.35909128189087 3974.6868324279785 1991.6138877868652 
nomask 0.00010919571 391.0011520385742 1659.3963375091553 1901.7956771850586 3024.0 
nomask 0.00010830164 1069.0137062072754 1045.5188126564026 2717.481101989746 1790.8734855651855 
mask 0.000106960535 689.5717506408691 2240.1446628570557 3571.7808952331543 3024.0 
nomask 0.00010150671 1166.5147762298584 1550.4100914001465 2670.6978149414062 2301.8888397216797 
nomask 0.00010091066 1900.8903694152832 999.2918801307678 2324.6018028259277 1300.069031238556 
mask 0.000100672245 0.0 2368.0313415527344 2713.9521560668945 3024.0 
nomask 9.9897385e-05 689.5717506408691 2240.1446628570557 3571.7808952331543 3024.0 
nomask 9.933114e-05 1707.2584476470947 1544.494288444519 3660.521484375 2324.0500745773315 
mask 9.6559525e-05 0.0 0.0 3148.189384460449 779.6848411560059 
mask 9.5039606e-05 3976.8637046813965 1872.2217693328857 4032.0 2365.916353225708 
nomask 9.456277e-05 464.2365131378174 318.87648725509644 2946.606399536133 2808.050931930542 
nomask 9.378791e-05 1605.5080547332764 1521.1903038024902 1908.07887840271 2017.6703853607178 
nomask 9.3102455e-05 548.7512111663818 1264.9375863075256 2359.128707885742 2032.6443729400635 
nomask 9.217858e-05 2469.601249694824 1576.8238334655762 4032.0 3024.0 
mask 9.211898e-05 3964.9320030212402 2039.2634897232056 4032.0 2523.212977409363 
mask 9.047985e-05 3449.7679023742676 20.543940871953964 4032.0 152.07487499713898 
mask 8.97944e-05 1266.608242034912 1953.6565704345703 3612.0186653137207 3024.0 
nomask 8.85129e-05 3976.8637046813965 1872.2217693328857 4032.0 2365.916353225708 
nomask 8.687377e-05 1950.7125778198242 882.6663336753845 2258.300926208496 1133.4912600517273 
mask 8.267164e-05 3467.5573081970215 0.0 4032.0 237.0547013282776 
nomask 8.228421e-05 2155.371494293213 2180.811435699463 4032.0 3024.0 
mask 8.094311e-05 388.75921154022217 0.0 1840.2309036254883 1439.9282670021057 
mask 8.0794096e-05 2280.4238891601562 1004.3870301246643 4032.0 2030.0304679870605 
nomask 8.049607e-05 0.0 0.0 2199.8748092651367 1808.2998790740967 
nomask 7.888675e-05 1917.8821334838867 1813.3809700012207 2324.2727966308594 2289.2035961151123 
nomask 7.754564e-05 0.0 0.0 712.1367931365967 946.0852518081665 
nomask 7.537007e-05 293.66416454315186 754.7935338020325 2133.1944580078125 2346.2394275665283 
nomask 7.468462e-05 0.0 1394.0861563682556 1057.2509536743164 3024.0 
mask 7.31647e-05 2086.017997741699 1526.5832176208496 4032.0 2390.3171253204346 
nomask 7.227063e-05 0.0 0.0 1903.7627449035645 782.2744131088257 
nomask 7.212162e-05 2207.7454833984375 17.54350733757019 4032.0 1362.255618095398 
mask 7.095933e-05 1317.9103775024414 0.0 2663.3174057006836 1333.5147399902344 
nomask 7.084012e-05 1351.2677364349365 2053.4085330963135 2253.3336296081543 2512.881546020508 
nomask 7.045269e-05 1456.5247249603271 925.2088894844055 3368.621612548828 2712.8681659698486 
nomask 6.952882e-05 3847.376335144043 8.535210996866226 4032.0 185.94375264644623 
mask 6.863475e-05 2863.680015563965 1.2542309761047363 4032.0 217.19367849826813 
nomask 6.714463e-05 1366.658208847046 1640.4162368774414 2609.668487548828 3024.0 
mask 6.54161e-05 2723.370048522949 1781.4239902496338 4032.0 3024.0 
mask 6.470084e-05 56.95285892486572 2482.1799688339233 1246.1759719848633 3024.0 
mask 6.41644e-05 0.0 0.0 985.8132305145264 695.5139744281769 
nomask 6.407499e-05 447.1262683868408 0.0 3640.61865234375 784.9094066619873 
mask 6.207824e-05 2207.7454833984375 17.54350733757019 4032.0 1362.255618095398 
mask 6.189942e-05 464.2365131378174 318.87648725509644 2946.606399536133 2808.050931930542 
