nomask 0.9999886 160.57806015014648 276.3013458251953 577.666711807251 772.6885986328125 
mask 0.11985749 160.57806015014648 276.3013458251953 577.666711807251 772.6885986328125 
nomask 0.0004208982 570.6150341033936 0.0 720.0 653.9585494995117 
nomask 0.0002924204 0.0 557.3571395874023 397.3527431488037 960.0 
nomask 0.00020712614 456.73633575439453 271.1583423614502 720.0 690.0156784057617 
mask 0.00019955635 444.78715896606445 702.458610534668 720.0 960.0 
nomask 0.00019094348 565.304217338562 574.5973777770996 720.0 960.0 
mask 0.00018933415 95.48402309417725 439.8291206359863 720.0 960.0 
nomask 0.00018268824 162.3334264755249 0.0 647.258448600769 657.1035003662109 
nomask 0.0001771748 444.78715896606445 702.458610534668 720.0 960.0 
nomask 0.00017222762 51.11969590187073 570.2802658081055 357.288179397583 960.0 
mask 0.00017043948 225.1150345802307 300.15652656555176 720.0 960.0 
nomask 0.00017040968 225.1150345802307 300.15652656555176 720.0 960.0 
nomask 0.00016081333 523.4198713302612 374.9956226348877 720.0 951.0637664794922 
mask 0.00014913082 565.304217338562 574.5973777770996 720.0 960.0 
nomask 0.0001425147 95.48402309417725 439.8291206359863 720.0 960.0 
nomask 0.00013267994 0.0 0.0 323.13722133636475 569.1196060180664 
nomask 0.00012767315 421.7032527923584 2.899961471557617 720.0 431.2760066986084 
nomask 0.000117480755 395.7935428619385 700.770263671875 720.0 960.0 
nomask 0.00011715293 0.0 282.08696365356445 253.2934856414795 696.9328880310059 
mask 0.00011599064 395.7935428619385 700.770263671875 720.0 960.0 
nomask 0.000115036964 542.1249103546143 520.0659942626953 720.0 960.0 
mask 0.000114262104 0.0 0.0 103.92045021057129 281.61051750183105 
mask 0.00011044741 1.9214808940887451 502.5648880004883 338.1243324279785 960.0 
nomask 0.0001039803 147.11066722869873 745.9903335571289 683.8568258285522 960.0 
mask 9.992719e-05 369.7611379623413 9.103031158447266 720.0 960.0 
mask 9.9778175e-05 3.816838413476944 916.3166427612305 44.52458381652832 960.0 
nomask 9.903312e-05 406.2282371520996 533.9260482788086 720.0 857.6466751098633 
mask 9.6440315e-05 8.003003597259521 931.3264846801758 109.71179008483887 955.9880447387695 
nomask 9.557605e-05 0.0 757.1148490905762 500.2530097961426 960.0 
mask 9.3221664e-05 51.11969590187073 570.2802658081055 357.288179397583 960.0 
nomask 9.223819e-05 331.5241241455078 127.80080795288086 720.0 960.0 
mask 9.036064e-05 477.87763595581055 594.0883255004883 720.0 960.0 
mask 8.4728e-05 570.6150341033936 0.0 720.0 653.9585494995117 
mask 8.46684e-05 682.5802659988403 0.0 719.5057439804077 75.28724670410156 
nomask 8.037686e-05 3.816838413476944 916.3166427612305 44.52458381652832 960.0 
nomask 7.838011e-05 653.5732698440552 621.8972396850586 720.0 960.0 
mask 7.811189e-05 0.0 883.7796020507812 118.94044518470764 960.0 
nomask 7.542968e-05 682.5802659988403 0.0 719.5057439804077 75.28724670410156 
mask 7.534027e-05 0.0 0.0 323.13722133636475 569.1196060180664 
nomask 7.417798e-05 389.95697021484375 375.36930084228516 720.0 821.1811065673828 
nomask 7.31647e-05 174.59113240242004 338.55711936950684 396.16055488586426 493.39874267578125 
mask 7.236004e-05 653.5732698440552 621.8972396850586 720.0 960.0 
nomask 7.1167946e-05 529.1221618652344 32.21672058105469 720.0 566.9066047668457 
mask 7.069111e-05 614.6283674240112 0.0 720.0 86.71990156173706 
nomask 6.777048e-05 88.53229522705078 677.5409317016602 618.2736396789551 960.0 
mask 6.765127e-05 589.9940156936646 32.13216304779053 720.0 460.7544708251953 
nomask 6.750226e-05 463.4063243865967 870.3487586975098 720.0 960.0 
mask 6.684661e-05 463.4063243865967 870.3487586975098 720.0 960.0 
mask 6.657839e-05 0.0 757.1148490905762 500.2530097961426 960.0 
mask 6.490946e-05 147.11066722869873 745.9903335571289 683.8568258285522 960.0 
mask 6.330013e-05 630.7669830322266 0.0 720.0 960.0 
mask 6.0230494e-05 88.53229522705078 677.5409317016602 618.2736396789551 960.0 
nomask 5.8591366e-05 481.30871772766113 86.46909713745117 720.0 621.5703392028809 
mask 5.814433e-05 406.2282371520996 533.9260482788086 720.0 857.6466751098633 
nomask 5.748868e-05 0.0 3.0632400512695312 192.93610095977783 559.8178482055664 
nomask 5.6564808e-05 104.99895572662354 355.3773021697998 349.8627519607544 960.0 
mask 5.635619e-05 481.30871772766113 86.46909713745117 720.0 621.5703392028809 
nomask 5.4240227e-05 556.2334585189819 168.22391510009766 720.0 791.0928726196289 
mask 5.3852797e-05 0.0 0.0 187.98946380615234 350.63867568969727 
mask 5.2809715e-05 0.0 699.8824310302734 332.558856010437 960.0 
nomask 5.248189e-05 603.8227128982544 320.6496047973633 718.8466501235962 765.0086975097656 
nomask 5.2034855e-05 8.003003597259521 931.3264846801758 109.71179008483887 955.9880447387695 
mask 5.0723553e-05 0.0 0.0 325.65276861190796 242.195405960083 
mask 5.057454e-05 0.0 305.70362091064453 185.97594022750854 960.0 
nomask 5.0008297e-05 557.1336936950684 139.92250442504883 720.0 935.7021903991699 
mask 4.9203634e-05 0.0 828.6197662353516 214.16263103485107 954.6158981323242 
nomask 4.902482e-05 229.81244087219238 517.6666259765625 487.3644161224365 960.0 
mask 4.7802925e-05 421.7032527923584 2.899961471557617 720.0 431.2760066986084 
nomask 4.7534704e-05 382.7972745895386 1.4338874816894531 610.5895185470581 652.9056358337402 
nomask 4.7177076e-05 358.88347148895264 803.1711387634277 720.0 960.0 
mask 4.684925e-05 634.569239616394 191.6974925994873 720.0 710.9064102172852 
nomask 4.464388e-05 237.0102882385254 0.0 476.57365322113037 446.8512153625488 
nomask 4.3958426e-05 614.6283674240112 0.0 720.0 86.71990156173706 
nomask 4.3720007e-05 0.0 3.329486846923828 504.95301246643066 401.6396713256836 
mask 4.2706728e-05 695.5010461807251 25.03813147544861 718.5025548934937 135.35080432891846 
mask 4.2021275e-05 88.70762586593628 0.0 326.38378858566284 428.8575267791748 
nomask 4.1604042e-05 630.7669830322266 0.0 720.0 960.0 
mask 4.130602e-05 179.1984486579895 840.9358978271484 640.735445022583 960.0 
nomask 4.056096e-05 517.6173305511475 596.4383125305176 720.0 831.533374786377 
mask 3.8981438e-05 550.6328344345093 330.7456684112549 720.0 960.0 
nomask 3.758073e-05 222.46404647827148 818.7292671203613 561.1503982543945 960.0 
mask 3.749132e-05 410.4348850250244 320.21138191223145 720.0 633.0839538574219 
nomask 3.6031008e-05 142.34114170074463 581.4170265197754 577.7641725540161 801.5691947937012 
nomask 3.5762787e-05 62.627112865448 680.2532958984375 468.1318187713623 960.0 
mask 3.4689903e-05 0.0 617.4540138244629 265.7822370529175 960.0 
mask 3.427267e-05 599.6907377243042 391.646146774292 718.1799173355103 813.508186340332 
mask 3.3706427e-05 517.6173305511475 596.4383125305176 720.0 831.533374786377 
nomask 3.3169985e-05 88.70762586593628 0.0 326.38378858566284 428.8575267791748 
nomask 3.1650066e-05 397.15576171875 521.5542411804199 615.3280162811279 960.0 
nomask 3.0249357e-05 0.0 506.15100860595703 189.58999156951904 960.0 
mask 2.9534101e-05 0.0 0.0 228.31254959106445 149.23798084259033 
mask 2.8729439e-05 62.627112865448 680.2532958984375 468.1318187713623 960.0 
nomask 2.8580427e-05 302.7821087837219 0.0 548.3236026763916 88.81673812866211 
nomask 2.849102e-05 0.0 150.68135261535645 172.87663221359253 843.449592590332 
nomask 2.8163195e-05 695.5010461807251 25.03813147544861 718.5025548934937 135.35080432891846 
nomask 2.8133392e-05 624.3649578094482 417.22789764404297 720.0 936.9875335693359 
nomask 2.810359e-05 0.0 699.8824310302734 332.558856010437 960.0 
mask 2.8043985e-05 0.0 326.7106819152832 305.9280824661255 639.2736625671387 
mask 2.7388334e-05 302.7821087837219 0.0 548.3236026763916 88.81673812866211 
