nomask 0.9956068 653.7917518615723 371.9470953941345 946.3154411315918 663.4358382225037 
mask 0.0021628737 0.0 7.761132717132568 438.2626533508301 185.6327247619629 
nomask 0.0013036132 7.726457118988037 5.738814175128937 471.75756454467773 170.73294639587402 
mask 0.0012577474 1239.071216583252 655.7921862602234 1431.503620147705 1032.9584527015686 
mask 0.0007959008 663.8114547729492 362.6372766494751 954.3533134460449 659.7471356391907 
mask 0.0006364286 0.0 140.29738426208496 787.5920104980469 1065.3471565246582 
mask 0.0004852116 620.3635740280151 690.3609466552734 1400.6792449951172 1080.0 
nomask 0.00041505694 1421.299467086792 573.0159544944763 1440.0 687.8890872001648 
mask 0.0004029274 1327.0395183563232 703.3298563957214 1440.0 1036.3944268226624 
nomask 0.00032630563 966.3138198852539 701.4548635482788 1440.0 1080.0 
nomask 0.00031396747 664.0074062347412 335.54898262023926 974.9676990509033 534.7541785240173 
nomask 0.0003080666 364.28325176239014 727.1826982498169 1360.1275062561035 1080.0 
nomask 0.00030097365 1414.321174621582 691.858971118927 1440.0 810.5870175361633 
mask 0.00029310584 1413.4890460968018 529.8128414154053 1437.9849529266357 664.1604852676392 
nomask 0.00028494 743.2829475402832 377.9867970943451 920.526065826416 544.0510582923889 
mask 0.00028023124 1025.5277252197266 381.15411043167114 1440.0 1080.0 
nomask 0.0002605915 673.3057451248169 382.46519565582275 873.43505859375 536.9642329216003 
nomask 0.00025573373 978.8875007629395 349.62140679359436 1076.4848899841309 486.7527973651886 
nomask 0.00025427341 685.7560873031616 421.6816234588623 850.8234786987305 619.8983716964722 
mask 0.0002503693 176.6019630432129 492.04310059547424 1426.501750946045 1077.0593118667603 
mask 0.00021329522 966.3138198852539 701.4548635482788 1440.0 1080.0 
nomask 0.00020161271 1401.778392791748 729.0513181686401 1439.2268371582031 871.0578060150146 
nomask 0.00020122528 470.2627372741699 353.86706471443176 1440.0 1080.0 
mask 0.00019729137 387.6320743560791 739.6724796295166 1330.8593273162842 1080.0 
mask 0.00019323826 450.23088455200195 337.6820147037506 1440.0 1080.0 
mask 0.00019216537 1421.299467086792 573.0159544944763 1440.0 687.8890872001648 
nomask 0.00019153953 827.3607158660889 432.38820791244507 941.3172626495361 599.6029758453369 
nomask 0.00019106269 1042.3908805847168 198.8150954246521 1440.0 1023.2865357398987 
mask 0.00018763542 734.4149208068848 5.662121772766113 1440.0 1080.0 
nomask 0.0001872778 736.9530200958252 456.6798484325409 914.6853733062744 668.3823895454407 
nomask 0.00018259883 0.0 552.467315196991 1393.564052581787 1075.758011341095 
nomask 0.00018256903 1418.1878471374512 641.2700843811035 1440.0 734.1591882705688 
nomask 0.00017732382 1264.0970420837402 851.3542556762695 1440.0 1080.0 
nomask 0.00017493963 197.3282289505005 100.15311598777771 290.23879051208496 187.18945741653442 
nomask 0.0001681447 41.41944408416748 207.20006704330444 846.0797882080078 911.4988017082214 
nomask 0.00016582012 0.0 16.005014777183533 300.3657388687134 220.77010810375214 
nomask 0.0001656115 1239.071216583252 655.7921862602234 1431.503620147705 1032.9584527015686 
nomask 0.00016155839 924.396858215332 975.9293031692505 1440.0 1080.0 
mask 0.00016021729 0.0 24.119965732097626 516.5179681777954 109.48491007089615 
mask 0.00015297532 1306.5650367736816 719.8979902267456 1440.0 1080.0 
mask 0.00015252829 924.396858215332 975.9293031692505 1440.0 1080.0 
nomask 0.00015124679 660.4833269119263 507.09219217300415 976.864128112793 686.6271185874939 
nomask 0.00014683604 115.02475261688232 886.0137176513672 1106.6217613220215 1080.0 
nomask 0.00014394522 0.0 24.119965732097626 516.5179681777954 109.48491007089615 
nomask 0.00014209747 1333.7010955810547 671.0481405258179 1440.0 1001.7818927764893 
nomask 0.0001411438 1413.4890460968018 529.8128414154053 1437.9849529266357 664.1604852676392 
mask 0.00014066696 940.93505859375 711.3383746147156 1419.0804862976074 1080.0 
nomask 0.0001348257 931.8873882293701 351.69177174568176 1035.3875255584717 481.61518692970276 
nomask 0.00013157725 1213.1156730651855 7.772945165634155 1440.0 960.0626420974731 
mask 0.00013074279 1401.778392791748 729.0513181686401 1439.2268371582031 871.0578060150146 
mask 0.00012886524 0.0 0.0 587.9619741439819 846.2387895584106 
nomask 0.00012859702 934.9251937866211 398.6115896701813 1021.7017364501953 526.3289415836334 
mask 0.00012531877 478.7966251373291 325.49787640571594 1170.2967166900635 966.9618844985962 
mask 0.0001244247 1199.5519351959229 848.0405902862549 1440.0 1020.7030534744263 
nomask 0.00012275577 0.0 667.084629535675 855.7469844818115 1080.0 
mask 0.000119537115 1237.5035190582275 437.24000215530396 1440.0 1073.137128353119 
nomask 0.000116199255 401.67423248291016 357.4699580669403 951.4179039001465 622.332444190979 
mask 0.00011378527 146.17155075073242 748.8764047622681 945.9841346740723 1080.0 
mask 0.0001128912 0.0 11.619844436645508 1071.485767364502 451.31200790405273 
mask 0.000110030174 952.2708892822266 105.30630469322205 1440.0 698.9971017837524 
nomask 0.00010943413 952.2708892822266 105.30630469322205 1440.0 698.9971017837524 
nomask 0.000108748674 192.25863933563232 32.73570656776428 308.89044284820557 134.6403157711029 
mask 0.00010764599 1040.6407928466797 898.1500911712646 1440.0 1068.4638404846191 
nomask 0.00010624528 0.0 951.5427446365356 1440.0 1080.0 
mask 0.00010585785 45.206626653671265 92.20024824142456 172.01114773750305 192.51632452011108 
nomask 0.00010305643 465.23662090301514 85.17686247825623 993.2428550720215 657.393593788147 
nomask 0.000101298094 45.206626653671265 92.20024824142456 172.01114773750305 192.51632452011108 
nomask 0.000101059675 398.80589962005615 0.0 1228.9318656921387 598.7493896484375 
mask 9.9897385e-05 0.0 296.3396680355072 403.03550720214844 1080.0 
nomask 9.852648e-05 934.81369972229 447.3437976837158 1003.5815906524658 570.0589799880981 
nomask 9.7453594e-05 63.81562650203705 144.03972566127777 158.11049222946167 219.7925716638565 
mask 9.703636e-05 319.729528427124 697.836971282959 1129.3396854400635 1080.0 
mask 9.5784664e-05 1414.321174621582 691.858971118927 1440.0 810.5870175361633 
nomask 9.384751e-05 820.0449371337891 395.86331248283386 948.9351654052734 542.0276856422424 
nomask 9.191036e-05 267.8657341003418 32.96414226293564 374.2991781234741 130.03615647554398 
mask 9.1314316e-05 0.0 838.010823726654 1036.424446105957 1080.0 
mask 9.000301e-05 981.2880992889404 803.7240171432495 1440.0 1069.2229270935059 
nomask 8.9764595e-05 1384.9218463897705 772.9573202133179 1438.8837718963623 948.8171911239624 
mask 8.943677e-05 1213.1156730651855 7.772945165634155 1440.0 960.0626420974731 
nomask 8.9138746e-05 689.457106590271 545.1658058166504 867.2218608856201 688.7160873413086 
mask 8.884072e-05 1384.9218463897705 772.9573202133179 1438.8837718963623 948.8171911239624 
nomask 8.8721514e-05 274.68214988708496 106.32909536361694 354.3952989578247 180.68758964538574 
mask 8.690357e-05 0.0 951.5427446365356 1440.0 1080.0 
mask 8.198619e-05 0.0 798.2364106178284 673.7371730804443 1080.0 
nomask 8.007884e-05 675.3105354309082 347.74290561676025 867.0434188842773 478.99118185043335 
nomask 7.286668e-05 631.3345813751221 352.52285957336426 1152.1730518341064 614.9281311035156 
nomask 6.997585e-05 0.0 11.619844436645508 1071.485767364502 451.31200790405273 
nomask 6.964803e-05 935.0305938720703 307.5615584850311 1033.362693786621 423.2103216648102 
mask 6.8843365e-05 1012.7370643615723 226.53250694274902 1440.0 1024.4046306610107 
mask 6.854534e-05 1298.3859729766846 648.445680141449 1371.1679935455322 715.5445075035095 
nomask 6.7949295e-05 477.87664890289307 0.0 955.4620742797852 483.0663800239563 
mask 6.7323446e-05 693.6142730712891 5.972995162010193 1362.216625213623 54.11431923508644 
mask 6.720424e-05 35.190796852111816 659.9151492118835 868.2326889038086 1080.0 
nomask 6.517768e-05 1111.5403747558594 0.0 1440.0 771.5434312820435 
nomask 6.4224005e-05 931.7099761962891 224.89086627960205 1440.0 929.9576997756958 
nomask 6.118417e-05 996.2591171264648 451.52685284614563 1079.1111373901367 573.2736396789551 
mask 6.0796738e-05 931.7099761962891 224.89086627960205 1440.0 929.9576997756958 
mask 5.9872866e-05 0.0 0.0 673.4797668457031 272.5124788284302 
nomask 5.915761e-05 513.5171985626221 364.6147835254669 590.0916481018066 457.9782521724701 
nomask 5.8591366e-05 668.1875324249268 438.03494453430176 754.8541259765625 603.7952041625977 
