nomask 0.9963801 453.2445 601.3096 662.978 958.467 
nomask 0.0028268099 437.60468 804.0225 695.1476 1053.1555 
nomask 0.001029551 510.23187 661.62164 688.0465 1085.9032 
nomask 0.00078728795 561.3438 651.92725 659.88776 888.2926 
nomask 0.00067287683 764.7708 224.42812 1080.0 1407.2098 
nomask 0.0005578697 677.53 482.9926 1080.0 1440.0 
nomask 0.0005016029 433.41638 898.41644 697.62085 1121.1393 
nomask 0.00048077106 462.42154 600.52203 602.0266 785.5111 
nomask 0.00047162175 468.63348 635.3082 593.59924 891.8748 
nomask 0.00046232343 45.05332 310.39532 623.25525 1200.0743 
nomask 0.000462085 501.83752 680.95105 632.55206 981.7313 
nomask 0.0004607141 138.6758 610.4872 637.34576 955.6668 
nomask 0.00042775273 737.4981 937.9504 1080.0 1440.0 
nomask 0.0003940165 447.80643 700.18494 615.96356 1082.6051 
nomask 0.00039324164 688.3507 682.65137 751.52057 853.7262 
mask 0.00033062696 684.0311 1010.86597 1080.0 1440.0 
mask 0.0003232658 681.37195 865.35205 1080.0 1440.0 
nomask 0.00032126904 490.0266 850.90045 639.9262 1061.5956 
nomask 0.00031355023 223.5344 956.6267 1011.63806 1440.0 
nomask 0.00027495623 120.517426 727.11096 668.9655 1066.2074 
nomask 0.00026765466 448.14716 694.3458 1045.6676 1394.4269 
mask 0.00026628375 132.80922 656.33203 1073.7426 1437.6127 
nomask 0.00025454164 564.2609 1053.0061 1080.0 1440.0 
nomask 0.00024995208 0.0 888.69904 547.3132 1440.0 
mask 0.00024533272 6.6925807 936.703 189.62845 1440.0 
nomask 0.00023567677 272.12173 592.82007 805.1293 1377.0066 
nomask 0.0002336204 552.104 763.0076 668.09564 1016.7942 
mask 0.00022447109 825.3373 857.4419 1080.0 1440.0 
mask 0.00022423267 0.0 227.8059 580.84595 1414.3805 
nomask 0.00021487474 494.7415 182.80438 1080.0 1440.0 
mask 0.00021371245 494.7415 182.80438 1080.0 1440.0 
nomask 0.00021004677 269.21973 1.0500956 840.63544 900.70636 
nomask 0.000207901 942.5642 1134.7764 1080.0 1440.0 
mask 0.00020730495 564.2609 1053.0061 1080.0 1440.0 
mask 0.00020310932 337.67297 450.2438 1080.0 1440.0 
nomask 0.00020310776 337.67297 450.2438 1080.0 1440.0 
nomask 0.00019428134 679.68567 641.6244 1012.15027 1271.154 
nomask 0.0001860559 695.5902 1299.6836 1080.0 1440.0 
nomask 0.00018426776 950.5053 0.0 1080.0 1440.0 
nomask 0.00018233061 787.0069 711.4686 1080.0 1440.0 
mask 0.00017943978 400.0726 1084.166 1063.9275 1440.0 
mask 0.00017860532 0.0 981.33765 102.59454 1440.0 
mask 0.00017848611 977.146 961.3947 1080.0 1440.0 
nomask 0.00017690659 471.23978 775.1769 586.30646 1013.31323 
mask 0.00017520785 695.5902 1299.6836 1080.0 1440.0 
nomask 0.0001744926 457.75827 612.3756 904.606 941.94415 
nomask 0.0001681447 465.78152 705.0968 702.1229 1327.5482 
nomask 0.0001591444 104.85727 1000.8059 707.95306 1440.0 
nomask 0.00015762448 0.0 16.265987 816.2756 605.7707 
nomask 0.00015637279 400.0726 1084.166 1063.9275 1440.0 
nomask 0.00015571713 0.0 1268.0514 1080.0 1440.0 
nomask 0.00015571713 648.67944 673.93634 693.3686 864.3527 
nomask 0.00014442205 0.0 1126.7913 743.4639 1440.0 
mask 0.00014427304 212.09818 1060.0862 1034.5762 1440.0 
nomask 0.00014260411 429.77963 854.0133 514.7496 1076.494 
mask 0.0001424849 763.9289 430.55832 1080.0 1434.1033 
mask 0.000133425 0.0 1268.0514 1080.0 1440.0 
mask 0.00012773275 104.85727 1000.8059 707.95306 1440.0 
nomask 0.00012609363 720.2471 137.03221 1080.0 930.909 
mask 0.00012296438 720.2471 137.03221 1080.0 930.909 
nomask 0.000119805336 432.12784 14.36986 1042.2528 962.2173 
mask 0.000119775534 351.84998 428.7688 886.0519 1283.3458 
nomask 0.00011906028 817.3221 0.0 1080.0 1057.597 
nomask 0.00011840463 547.53076 891.3671 1080.0 1317.6686 
nomask 0.000115305185 597.96313 555.7092 1080.0 1282.2574 
mask 0.000110685825 573.6524 772.81177 1080.0 1330.8499 
nomask 0.000109910965 792.00085 173.50417 1080.0 1282.9283 
mask 0.000109523535 950.5053 0.0 1080.0 1440.0 
nomask 0.00010663271 177.98807 367.50208 214.40804 454.67447 
nomask 0.000105559826 35.52296 694.2084 668.23737 1385.3958 
mask 0.00010472536 538.10394 589.95374 1019.7847 1411.8936 
mask 0.00010430813 0.0 887.7984 636.83 1440.0 
nomask 9.8347664e-05 562.53937 764.02795 971.3186 1440.0 
nomask 9.6946955e-05 209.40648 893.7052 775.24384 1238.7069 
nomask 9.685755e-05 486.04242 256.59546 689.9817 931.22943 
nomask 9.62615e-05 0.0 145.52821 450.5504 1399.8613 
nomask 9.6172094e-05 377.72284 395.7515 703.64124 1174.6543 
nomask 9.414554e-05 202.11134 871.57324 865.49994 1440.0 
nomask 9.0807676e-05 235.22179 677.61945 567.25995 1137.8331 
nomask 8.946657e-05 106.33238 773.5522 514.84064 1440.0 
mask 8.839369e-05 28.479298 3.6738539 1063.4565 946.4109 
mask 8.749962e-05 745.65186 245.91629 1080.0 1383.8602 
nomask 8.559227e-05 341.58405 701.27094 472.54865 1149.2823 
mask 8.2969666e-05 192.5971 0.26297247 374.805 22.430828 
nomask 8.261204e-05 117.7121 483.79352 640.1948 830.2182 
nomask 8.1419945e-05 619.086 3.938899 1080.0 625.95044 
nomask 8.031726e-05 38.91764 28.475746 650.4291 908.5175 
nomask 8.016825e-05 1.0350528 248.46637 11.633967 517.7054 
mask 7.903576e-05 541.8438 1190.5145 913.24084 1431.6046 
nomask 7.861853e-05 352.77997 783.569 717.10736 1440.0 
nomask 7.778406e-05 103.99608 409.54974 160.94499 528.3633 
nomask 7.69496e-05 299.26953 458.81506 502.56668 1163.4132 
nomask 7.677078e-05 538.50574 589.3257 1080.0 950.2829 
nomask 7.5012445e-05 406.38052 725.018 533.92725 1108.3292 
mask 7.328391e-05 12.649676 144.26349 51.988163 792.5731 
nomask 7.2449446e-05 353.74146 0.0 721.3958 653.67694 
nomask 7.1406364e-05 228.04877 441.91553 538.67926 902.31775 
nomask 6.830692e-05 0.0 1064.1694 838.3984 1440.0 
mask 6.759167e-05 1.661473 292.7624 11.610754 600.74176 
nomask 6.7442656e-05 689.44885 616.5273 758.94916 800.85645 
