nomask 0.9790094 311.3314998149872 509.9610185623169 418.93176913261414 666.8175458908081 
mask 0.012916923 311.3314998149872 509.9610185623169 418.93176913261414 666.8175458908081 
mask 0.003671199 622.9188823699951 0.0 1080.0 246.62094354629517 
mask 0.002747029 0.0 40.2228569984436 1048.3018898963928 600.542049407959 
mask 0.0017897487 76.0519552230835 23.766474723815918 743.0787777900696 921.6636657714844 
mask 0.0010019243 296.16499185562134 6.416916847229004 1068.730022907257 1007.607307434082 
mask 0.00094744563 673.4591674804688 7.541985511779785 1080.0 137.2016966342926 
mask 0.00089117885 251.3169229030609 511.7280149459839 551.250729560852 1047.7944374084473 
mask 0.0007109642 0.0 1195.1868438720703 411.1120891571045 1440.0 
mask 0.00047308207 0.0 95.5168104171753 430.7367503643036 1356.0491752624512 
mask 0.00029039383 558.9060974121094 11.481914520263672 1080.0 1440.0 
nomask 0.0002847314 558.9060974121094 11.481914520263672 1080.0 1440.0 
nomask 0.00027036667 422.8503477573395 565.6958198547363 482.55561232566833 675.0968170166016 
mask 0.00026780367 106.42398118972778 278.08855533599854 589.4037795066833 1084.661464691162 
mask 0.00025826693 1025.8839869499207 7.222778499126434 1080.0 81.21631264686584 
mask 0.00024658442 0.19112348556518555 749.8551750183105 1080.0 1440.0 
nomask 0.00023335218 0.19112348556518555 749.8551750183105 1080.0 1440.0 
mask 0.00023260713 140.3612744808197 1126.7107772827148 205.79300165176392 1251.2847518920898 
nomask 0.0002168417 337.66746640205383 450.23109912872314 1080.0 1440.0 
mask 0.0002167821 337.66746640205383 450.23109912872314 1080.0 1440.0 
mask 0.00020569563 923.1337738037109 0.524272620677948 1071.2074184417725 76.63793206214905 
nomask 0.00018459558 277.11952686309814 488.0179738998413 354.22237157821655 629.4911527633667 
nomask 0.00017747283 235.70762515068054 948.876371383667 1022.1190023422241 1440.0 
mask 0.00017008185 902.4299955368042 0.0 1080.0 1337.5737762451172 
mask 0.00015285611 99.67442214488983 1249.577579498291 522.9157876968384 1440.0 
mask 0.00015217066 355.0652074813843 0.0 718.8227677345276 685.6370830535889 
nomask 0.0001373589 88.4597897529602 1183.6242485046387 838.536365032196 1440.0 
mask 0.00013017654 0.0 0.0 907.0625996589661 156.74331665039062 
mask 0.00012505054 0.0 0.0 508.6434853076935 252.40342140197754 
nomask 0.00011381507 900.3940057754517 1173.9054679870605 1080.0 1440.0 
mask 0.00011008978 707.8455591201782 139.93277549743652 1080.0 926.1237716674805 
mask 0.000109016895 0.0 16.352559328079224 515.8215916156769 124.03536558151245 
mask 0.00010472536 6.097243130207062 152.58314609527588 273.86975169181824 914.2061805725098 
nomask 0.000101447105 682.2158932685852 1309.7445487976074 1080.0 1440.0 
mask 0.00010052323 878.7333869934082 1214.463129043579 1080.0 1440.0 
nomask 0.000100284815 905.5051589012146 0.0 1080.0 1396.503324508667 
mask 9.903312e-05 31.897441148757935 948.2151317596436 645.6518268585205 1440.0 
mask 9.599328e-05 0.0 0.0 856.1765027046204 371.21729850769043 
mask 9.4115734e-05 981.6997003555298 955.0866508483887 1080.0 1440.0 
mask 8.8721514e-05 115.49619913101196 0.0 505.5530333518982 700.0202465057373 
mask 8.532405e-05 398.19297194480896 4.718306064605713 985.665078163147 238.36750745773315 
mask 8.431077e-05 320.4231905937195 255.18253326416016 733.1064319610596 1180.1163482666016 
mask 8.395314e-05 88.4597897529602 1183.6242485046387 838.536365032196 1440.0 
nomask 8.106232e-05 707.8455591201782 139.93277549743652 1080.0 926.1237716674805 
mask 7.176399e-05 748.0538463592529 0.0 1080.0 198.6525535583496 
mask 6.881356e-05 396.4776563644409 16.788026690483093 962.5158977508545 109.28439617156982 
mask 6.8455935e-05 772.8659105300903 1194.4105052947998 1080.0 1440.0 
mask 6.711483e-05 199.54598665237427 392.97889709472656 842.557361125946 1004.7688865661621 
nomask 6.4343214e-05 1025.8839869499207 7.222778499126434 1080.0 81.21631264686584 
nomask 6.330013e-05 0.0 18.187479972839355 919.8571872711182 547.5613403320312 
mask 6.106496e-05 238.92064332962036 264.3695068359375 506.0717511177063 810.9528064727783 
mask 6.070733e-05 810.6865382194519 8.909022957086563 1059.6211123466492 41.34632706642151 
mask 5.8621168e-05 509.7434914112091 0.0 1080.0 371.51800632476807 
mask 5.814433e-05 1049.2367792129517 26.060010194778442 1080.0 215.41786193847656 
nomask 5.5998564e-05 1019.1122674942017 1374.651861190796 1080.0 1440.0 
mask 5.5104494e-05 0.0 69.78665828704834 124.49987590312958 1017.2074699401855 
mask 5.504489e-05 132.83919095993042 441.5488529205322 1011.928174495697 1308.894739151001 
mask 5.4568052e-05 1.3273152709007263 806.6009330749512 154.59891200065613 1233.1585121154785 
nomask 5.4121017e-05 292.05612659454346 453.78933906555176 479.22067165374756 669.6793556213379 
mask 5.325675e-05 256.1847138404846 966.4550971984863 1003.2393622398376 1440.0 
mask 5.3167343e-05 214.63218927383423 962.6663589477539 846.4507055282593 1440.0 
mask 5.3077936e-05 943.3555912971497 0.0 1080.0 497.15975761413574 
nomask 5.1110983e-05 0.0 1278.0945682525635 1080.0 1440.0 
mask 5.096197e-05 766.5816235542297 1074.8153114318848 1080.0 1419.7453308105469 
mask 5.0395727e-05 636.2251710891724 11.458911895751953 1080.0 619.4342422485352 
nomask 4.938245e-05 719.0476870536804 1198.866834640503 1080.0 1440.0 
mask 4.8309565e-05 122.53841400146484 1324.9080848693848 584.4394612312317 1415.0361442565918 
mask 4.6759844e-05 818.4839773178101 0.0 1080.0 768.834400177002 
nomask 4.658103e-05 0.0 935.2025127410889 643.2593393325806 1440.0 
mask 4.6491623e-05 0.0 433.21048736572266 631.0727548599243 1258.2184982299805 
nomask 4.634261e-05 748.0538463592529 0.0 1080.0 198.6525535583496 
nomask 4.6283007e-05 932.0215630531311 1387.5334167480469 1077.6075768470764 1440.0 
mask 4.5359135e-05 1059.2639708518982 79.01060342788696 1077.243869304657 327.92380571365356 
mask 4.3332577e-05 0.0 1171.8853569030762 263.33951711654663 1440.0 
nomask 4.196167e-05 1059.2639708518982 79.01060342788696 1077.243869304657 327.92380571365356 
mask 4.068017e-05 922.1976613998413 0.0 1080.0 115.34617781639099 
mask 4.005432e-05 9.611100554466248 676.3723039627075 282.0376253128052 1417.9346466064453 
mask 3.9875507e-05 945.1834630966187 0.0 1080.0 778.7912750244141 
mask 3.97861e-05 0.0 1101.3988780975342 781.055896282196 1440.0 
nomask 3.9696693e-05 622.9188823699951 0.0 1080.0 246.62094354629517 
mask 3.9190054e-05 0.0 1278.0945682525635 1080.0 1440.0 
nomask 3.9100647e-05 1049.2367792129517 26.060010194778442 1080.0 215.41786193847656 
nomask 3.8444996e-05 6.097243130207062 152.58314609527588 273.86975169181824 914.2061805725098 
nomask 3.7908554e-05 417.6435363292694 488.708438873291 485.54850697517395 639.3798351287842 
mask 3.772974e-05 122.4305248260498 303.25969219207764 716.2717938423157 669.0584135055542 
mask 3.7521124e-05 831.7326521873474 1140.0379657745361 1080.0 1440.0 
mask 3.7312508e-05 0.0 1209.1994762420654 192.4162244796753 1440.0 
mask 3.6507845e-05 737.4603009223938 1222.4638366699219 1080.0 1440.0 
nomask 3.6120415e-05 310.7867431640625 438.79218578338623 398.81619930267334 594.073634147644 
mask 3.6090612e-05 349.4112288951874 1406.0610008239746 501.6873371601105 1436.341381072998 
mask 3.59416e-05 233.27496886253357 1414.561414718628 473.6928641796112 1433.171911239624 
nomask 3.5375357e-05 434.12161231040955 612.070140838623 487.13098883628845 710.3347778320312 
mask 3.4481287e-05 0.0 12.526366710662842 20.016033053398132 218.91185760498047 
mask 3.33786e-05 0.0 756.2943649291992 75.11967301368713 1257.0656204223633 
mask 3.3318996e-05 876.592276096344 2.477867603302002 1080.0 207.3410439491272 
nomask 3.3020973e-05 738.110146522522 923.792781829834 1080.0 1440.0 
mask 3.287196e-05 593.0853366851807 0.0 974.6809816360474 755.9912109375 
nomask 3.221631e-05 0.0 0.0 550.1067566871643 358.0661916732788 
mask 3.20673e-05 197.7377164363861 120.30364036560059 516.2447154521942 642.7251720428467 
mask 3.1977892e-05 848.8603162765503 0.0 1078.6107015609741 479.7600746154785 
