nomask 0.9999772 725.613979101181 1165.5203849077225 1670.696415901184 2408.2023352384567 
mask 0.33878407 733.9039468765259 1181.9232106208801 1668.0356073379517 2404.5180678367615 
mask 0.0028889477 0.0 12.326406314969063 736.0701179504395 254.38673608005047 
nomask 0.0018759072 0.0 0.0 585.4709935188293 253.0328370630741 
nomask 0.0015948117 1242.484745979309 1351.9459813833237 1694.105830192566 2390.8687084913254 
mask 0.0012232363 1756.8839025497437 1473.6176580190659 1940.1257133483887 2489.3468767404556 
mask 0.0010741651 1876.8648028373718 1613.3000925183296 1947.8073143959045 2249.594032764435 
nomask 0.0008158088 1730.7227897644043 1403.402328491211 1943.5521936416626 2360.8868420124054 
mask 0.00072169304 15.413728952407837 9.749396238476038 467.62445867061615 121.43534421920776 
mask 0.00066781044 1889.8368287086487 1513.9634758234024 1959.8559546470642 2063.3480101823807 
nomask 0.0006008446 515.049113035202 0.0 1804.6265840530396 1922.846257686615 
nomask 0.0005618036 15.413728952407837 9.749396238476038 467.62445867061615 121.43534421920776 
mask 0.0005031526 1813.084020614624 1564.4273236393929 1918.5448455810547 2602.1059155464172 
nomask 0.00050213933 1889.8368287086487 1513.9634758234024 1959.8559546470642 2063.3480101823807 
nomask 0.00040188432 0.0 0.0 766.5420770645142 401.2686647474766 
mask 0.000346303 60.45544691383839 14.58340510725975 153.06851506233215 163.79365604370832 
nomask 0.0003298521 0.0 1956.9017589092255 1145.9064841270447 3250.0 
nomask 0.0003271103 323.7602138519287 252.88818031549454 1503.3144307136536 2560.736119747162 
nomask 0.0003181994 1658.4371399879456 1405.5293202400208 1960.0 2849.0380346775055 
nomask 0.00030452013 60.45544691383839 14.58340510725975 153.06851506233215 163.79365604370832 
nomask 0.00029835105 1377.2305870056152 0.0 1960.0 1999.6841251850128 
nomask 0.00027894974 652.4714756011963 144.26340907812119 1340.6003093719482 2279.913157224655 
nomask 0.0002708733 1729.1544127464294 2547.3589301109314 1960.0 3250.0 
nomask 0.00027051568 1188.0879402160645 2308.7247908115387 1960.0 3250.0 
mask 0.00026848912 1188.0879402160645 2308.7247908115387 1960.0 3250.0 
nomask 0.0002629757 1406.0400080680847 1922.160118818283 1960.0 3250.0 
nomask 0.00024548173 1923.0178451538086 1384.9749863147736 1960.0 1839.4929766654968 
mask 0.00023728609 1729.1544127464294 2547.3589301109314 1960.0 3250.0 
mask 0.00023269653 1658.4371399879456 1405.5293202400208 1960.0 2849.0380346775055 
nomask 0.00023001432 1495.872905254364 1931.7563772201538 1960.0 3250.0 
mask 0.00022232533 239.87739443778992 1480.310320854187 1936.284737586975 3238.455355167389 
mask 0.00022220612 1406.0400080680847 1922.160118818283 1960.0 3250.0 
mask 0.00019615889 0.0 1956.9017589092255 1145.9064841270447 3250.0 
nomask 0.00018972158 1753.8207483291626 1515.571504831314 1926.5926933288574 1968.5804545879364 
nomask 0.00018328428 414.44990634918213 2474.3326008319855 1908.3481168746948 3250.0 
nomask 0.00017923117 639.7838020324707 1064.521498978138 1960.0 3250.0 
nomask 0.00017917156 979.6957290172577 1138.582170009613 1960.0 2167.9803133010864 
nomask 0.00017604232 0.0 2869.000181555748 1960.0 3250.0 
mask 0.0001706481 612.8150188922882 1016.1695331335068 1960.0 3250.0 
nomask 0.00016957521 1266.9812178611755 2939.5498633384705 1960.0 3250.0 
mask 0.00016781688 1642.1422576904297 0.0 1960.0 2912.0202362537384 
nomask 0.00016516447 0.0 0.0 657.7058827877045 466.4182960987091 
mask 0.00016394258 22.25283846259117 86.32564544677734 51.149389147758484 542.5806790590286 
mask 0.00016281009 1266.9812178611755 2939.5498633384705 1960.0 3250.0 
mask 0.00016084313 1043.2570552825928 2383.185386657715 1960.0 3250.0 
mask 0.0001604557 0.0 2869.000181555748 1960.0 3250.0 
nomask 0.00015845895 971.7336308956146 1838.3029848337173 1784.7959899902344 2398.8838642835617 
nomask 0.00015795231 0.0 1662.195235490799 1894.381558895111 3236.6913855075836 
nomask 0.00015696883 182.9357874393463 2249.6471107006073 1280.764126777649 3250.0 
nomask 0.00015306473 1600.3139638900757 2016.9799774885178 1960.0 3250.0 
nomask 0.0001527071 0.0 33.41667726635933 1422.421224117279 1360.846996307373 
mask 0.00015190244 897.8367292881012 414.42836076021194 1960.0 3250.0 
nomask 0.000151366 1043.2570552825928 2383.185386657715 1960.0 3250.0 
mask 0.00014433265 1299.133005142212 311.96053326129913 1960.0 2106.158271431923 
nomask 0.00014126301 145.97997665405273 979.3125241994858 1207.7966856956482 2325.373634696007 
nomask 0.00013613701 1299.133005142212 311.96053326129913 1960.0 2106.158271431923 
mask 0.00013613701 0.0 0.0 657.7058827877045 466.4182960987091 
mask 0.00013288856 1495.872905254364 1931.7563772201538 1960.0 3250.0 
mask 0.00013282895 182.9357874393463 2249.6471107006073 1280.764126777649 3250.0 
mask 0.00013136864 1923.0178451538086 1384.9749863147736 1960.0 1839.4929766654968 
nomask 0.000117987394 919.238737821579 1973.5868275165558 1801.0475301742554 3250.0 
nomask 0.00011712313 1642.1422576904297 0.0 1960.0 2912.0202362537384 
mask 0.000115811825 1753.8207483291626 1515.571504831314 1926.5926933288574 1968.5804545879364 
nomask 0.000115484 651.1539220809937 0.0 1295.3109550476074 1500.4973709583282 
mask 0.00011456013 1600.3139638900757 2016.9799774885178 1960.0 3250.0 
nomask 0.000113755465 1456.798529624939 1165.8631637692451 1960.0 3250.0 
nomask 0.000108897686 1236.0694122314453 723.1718674302101 1960.0 2542.467623949051 
nomask 0.0001077652 1868.1107473373413 3103.079691529274 1960.0 3250.0 
nomask 0.000106573105 496.9611406326294 1960.7601761817932 1451.8425750732422 3250.0 
nomask 9.62913e-05 1513.521556854248 1404.873013496399 1903.0437898635864 1967.4363732337952 
nomask 9.5784664e-05 1876.8648028373718 1613.3000925183296 1947.8073143959045 2249.594032764435 
mask 9.402633e-05 20.38351997733116 251.77138857543468 41.98232039809227 809.0619444847107 
mask 9.378791e-05 1839.8752880096436 1687.4448359012604 1956.733102798462 3139.7943198680878 
nomask 9.146333e-05 1007.2322821617126 97.33553975820541 1740.7628560066223 2222.5440442562103 
nomask 9.1314316e-05 1207.6841831207275 1586.1130505800247 1960.0 3002.939835190773 
nomask 8.878112e-05 1483.9373517036438 0.0 1960.0 2211.1882716417313 
mask 8.612871e-05 668.5279178619385 1312.0763152837753 1125.3397750854492 2274.557515978813 
nomask 8.550286e-05 0.0 0.0 376.5992444753647 389.417078346014 
nomask 8.4638596e-05 874.7874867916107 1151.019647717476 1862.3961305618286 1955.4043412208557 
nomask 8.4370375e-05 1392.2818660736084 744.7390407323837 1960.0 3048.3245700597763 
nomask 8.380413e-05 142.31967091560364 0.0 1857.2548913955688 898.2813060283661 
nomask 8.377433e-05 1934.3783855438232 1238.4849190711975 1960.0 1688.8897567987442 
mask 8.371472e-05 1697.36887216568 1209.915816783905 1944.5848107337952 2219.820022583008 
nomask 8.121133e-05 22.25283846259117 86.32564544677734 51.149389147758484 542.5806790590286 
mask 7.894635e-05 414.44990634918213 2474.3326008319855 1908.3481168746948 3250.0 
nomask 7.5787306e-05 684.962055683136 1253.880813717842 1147.4954223632812 2228.351429104805 
mask 7.531047e-05 0.0 1175.8244782686234 710.9911561012268 3134.584352374077 
mask 7.465482e-05 0.0 9.887860156595707 1012.2294759750366 406.2098041176796 
nomask 7.4118376e-05 516.9161534309387 1105.1678657531738 1501.7111229896545 1909.9940359592438 
nomask 6.893277e-05 0.0 0.0 933.0805850028992 811.1104816198349 
nomask 6.878376e-05 1421.86443567276 2043.7209904193878 1960.0 2771.2288796901703 
mask 6.791949e-05 361.0107159614563 1922.803059220314 1612.266457080841 3250.0 
mask 6.723404e-05 0.0 0.0 376.5992444753647 389.417078346014 
nomask 6.699562e-05 116.4797979593277 1926.2976795434952 1036.6163659095764 3250.0 
nomask 6.681681e-05 1293.4054207801819 2510.3025883436203 1960.0 3250.0 
mask 6.508827e-05 38.50152373313904 52.68132872879505 285.9000599384308 298.4135281294584 
nomask 6.297231e-05 1750.9906601905823 1381.489858031273 1909.3632102012634 1776.134967803955 
mask 6.246567e-05 8.272984325885773 1348.756268620491 364.02567982673645 2483.679547905922 
mask 6.169081e-05 1483.9373517036438 0.0 1960.0 2211.1882716417313 
nomask 6.151199e-05 581.3016223907471 1648.6233621835709 1126.9770789146423 2283.1898480653763 
