nomask 0.9999914 310.10202 187.44833 1116.6117 566.09845 
mask 0.3699336 310.10202 187.44833 1116.6117 566.09845 
mask 0.0016504526 21.207539 555.5185 224.73523 824.0 
mask 0.0014815927 1384.2177 123.66064 1413.0 267.188 
nomask 0.0011606216 12.505314 101.416626 56.64944 179.97783 
nomask 0.0009877384 1384.2177 123.66064 1413.0 267.188 
mask 0.0008021295 1393.606 106.70736 1413.0 249.77617 
nomask 0.0007237196 1393.606 106.70736 1413.0 249.77617 
nomask 0.0005045235 39.50128 109.46434 136.5634 171.84454 
nomask 0.000446558 0.0 0.0 659.50934 506.2283 
nomask 0.0004427135 1002.84143 0.0 1413.0 472.36334 
nomask 0.00038138032 224.46068 263.71796 470.48206 503.38138 
nomask 0.0003553927 1043.2864 310.97116 1413.0 801.5488 
nomask 0.00034368038 4.1442437 79.25158 50.756042 158.81367 
mask 0.00031921268 1354.4524 85.73748 1402.4636 341.11188 
nomask 0.00030517578 898.61816 237.2697 1413.0 601.2061 
nomask 0.00029453635 1074.1094 476.10123 1413.0 824.0 
nomask 0.00027769804 868.0534 567.48346 1413.0 824.0 
mask 0.0002580881 868.0534 567.48346 1413.0 824.0 
mask 0.00022637844 176.51248 375.81448 1413.0 824.0 
nomask 0.00021976233 1354.4524 85.73748 1402.4636 341.11188 
nomask 0.00021865964 0.0 513.3674 787.751 824.0 
nomask 0.00021764636 956.4342 170.96365 1413.0 814.15564 
nomask 0.00021123886 478.45163 195.46756 1201.066 412.12677 
nomask 0.00020840764 1041.835 41.50108 1413.0 507.2411 
nomask 0.00020632148 647.1717 106.3395 1413.0 824.0 
mask 0.0002052486 1379.6844 369.18198 1406.2861 510.2292 
mask 0.0002027154 1074.1094 476.10123 1413.0 824.0 
mask 0.00020182133 647.1717 106.3395 1413.0 824.0 
mask 0.00019294024 1043.2864 310.97116 1413.0 801.5488 
nomask 0.00018820167 700.79297 134.08102 1087.8619 535.6136 
nomask 0.00018402934 237.00208 91.203094 1161.112 441.96588 
mask 0.00017992005 441.78964 257.6379 1413.0 824.0 
nomask 0.00017991869 441.78964 257.6379 1413.0 824.0 
nomask 0.00016373396 1238.4896 641.41833 1413.0 824.0 
nomask 0.00016140938 176.51248 375.81448 1413.0 824.0 
mask 0.00015854836 1290.3135 381.72195 1413.0 690.46124 
nomask 0.00015625358 82.56778 0.0 785.94073 275.03247 
nomask 0.00015336275 182.78108 0.0 642.16675 370.72327 
mask 0.00014171004 1238.4896 641.41833 1413.0 824.0 
mask 0.00014039874 4.1442437 79.25158 50.756042 158.81367 
nomask 0.00013557076 180.4414 184.63968 949.69324 406.08984 
nomask 0.00013518333 214.11983 152.91988 693.333 687.57404 
nomask 0.0001282394 0.0 233.11548 494.20825 594.8852 
mask 0.0001270473 1158.8862 291.97702 1406.6476 655.28546 
mask 0.00012558699 0.0 539.26764 749.2537 824.0 
nomask 0.00012490153 275.01895 247.79996 615.24133 508.12402 
nomask 0.00012278557 894.2619 0.0 1413.0 288.0338 
nomask 0.00011527538 214.54756 0.0 1238.1456 221.30962 
nomask 0.00011476874 800.3556 79.06557 1413.0 378.045 
nomask 0.00011384487 912.7726 745.6257 1413.0 824.0 
nomask 0.000112235546 1180.9495 155.06439 1269.9196 228.30151 
mask 0.00011205673 1385.0978 202.5736 1407.1737 336.51486 
mask 0.000110805035 1247.0416 21.413042 1413.0 431.995 
mask 0.000110179186 912.7726 745.6257 1413.0 824.0 
mask 0.00010985136 0.0 725.072 1413.0 824.0 
nomask 0.00010699034 0.0 725.072 1413.0 824.0 
mask 0.00010612607 0.0 263.90677 347.1323 824.0 
nomask 0.00010493398 0.0 22.811323 375.8858 509.1447 
nomask 0.00010237098 0.0 0.0 592.4084 212.17758 
mask 0.000101447105 1218.4413 352.5083 1413.0 803.95886 
mask 0.00010034442 12.505314 101.416626 56.64944 179.97783 
mask 9.933114e-05 1109.1565 515.7367 1234.9054 598.75824 
nomask 9.924173e-05 1060.3932 0.0 1413.0 363.28046 
mask 9.8615885e-05 0.0 25.291298 32.139313 121.01716 
nomask 9.739399e-05 394.94357 535.16486 1283.1116 824.0 
nomask 9.581447e-05 0.0 0.0 342.2997 364.96313 
mask 9.5278025e-05 1244.4098 172.59592 1413.0 607.70337 
mask 9.0032816e-05 1192.2832 0.0 1413.0 781.1739 
nomask 8.779764e-05 442.61856 317.0323 1196.1758 545.10913 
nomask 8.776784e-05 937.6237 76.5056 1413.0 535.7628 
nomask 8.678436e-05 298.9873 0.0 1133.615 324.1985 
nomask 8.586049e-05 1244.4098 172.59592 1413.0 607.70337 
mask 8.583069e-05 937.6237 76.5056 1413.0 535.7628 
mask 8.568168e-05 1361.7289 3.1177819 1413.0 35.993446 
nomask 8.3863735e-05 1247.0416 21.413042 1413.0 431.995 
nomask 8.34465e-05 758.313 0.0 1235.9901 378.8592 
nomask 8.133054e-05 1386.2068 311.25403 1413.0 437.0895 
mask 8.016825e-05 0.0 504.7756 900.97864 824.0 
nomask 7.972121e-05 785.1181 0.0 1413.0 213.17984 
nomask 7.82609e-05 1246.5887 0.0 1413.0 824.0 
nomask 7.811189e-05 0.0 135.41487 339.26364 720.12616 
nomask 7.6800585e-05 745.8998 608.5257 1413.0 824.0 
nomask 7.677078e-05 0.0 4.9671307 989.27 349.64703 
mask 7.638335e-05 1382.8019 424.36923 1411.9244 543.11505 
nomask 7.596612e-05 0.66777605 263.22366 18.01576 370.26276 
nomask 7.560849e-05 0.0 87.234924 596.49054 374.79587 
nomask 7.537007e-05 1385.0978 202.5736 1407.1737 336.51486 
nomask 7.5012445e-05 771.14624 451.3259 1413.0 749.2502 
mask 7.426739e-05 1082.801 13.115095 1413.0 556.78253 
mask 7.399917e-05 785.1152 272.20996 1413.0 539.2753 
nomask 7.376075e-05 665.1196 375.3305 1155.6163 545.3712 
mask 7.250905e-05 745.8998 608.5257 1413.0 824.0 
mask 7.250905e-05 0.0 450.69858 634.8718 757.763 
mask 7.122755e-05 2.6223164 0.0 583.426 578.7947 
mask 7.107854e-05 6.195997 378.67447 200.05916 676.6401 
mask 7.036328e-05 39.50128 109.46434 136.5634 171.84454 
nomask 7.006526e-05 40.435287 192.7673 326.20895 551.7039 
nomask 6.7949295e-05 462.29736 0.0 937.3513 401.65442 
nomask 6.642938e-05 1158.8862 291.97702 1406.6476 655.28546 
