nomask 0.99949753 0.3328203 0.3747366 0.63058186 0.6781711 
mask 0.009490907 0.3328203 0.3747366 0.63058186 0.6781711 
mask 0.0068222582 0.8750133 0.5320765 0.9887231 0.85909617 
mask 0.0018126369 0.9352673 0.55563855 0.9903766 0.8844409 
nomask 0.0011887848 0.8615483 0.54422355 0.9994254 0.8964298 
nomask 0.0011056364 0.29092985 0.055246353 0.45527118 0.36486015 
mask 0.0010070503 0.0 0.21025771 0.26206285 1.0 
mask 0.0008777678 0.0 0.0 0.0072108414 0.24522418 
mask 0.00081932545 0.9631666 0.5820221 0.9983454 0.798993 
nomask 0.0007723272 0.9381044 0.5738962 0.9969684 0.95818216 
nomask 0.00059247017 0.14980143 0.32163596 0.5972697 0.70273566 
nomask 0.00058475137 0.0 0.6071446 0.49294317 1.0 
nomask 0.00052431226 0.30472982 0.27472886 0.8184979 0.8940723 
nomask 0.00050228834 0.7716149 0.6052294 1.0 1.0 
nomask 0.00049582124 0.74915874 0.12710193 1.0 1.0 
nomask 0.00045737624 0.55623317 0.06638768 0.9880122 0.5633756 
nomask 0.00045511127 0.3948183 0.33274144 0.89843166 0.56836843 
nomask 0.00044804811 0.37177306 0.4062415 0.83490855 0.65631366 
nomask 0.0004440844 0.63625985 0.7155545 1.0 1.0 
mask 0.0004005134 0.93867505 0.616078 1.0 1.0 
mask 0.0003760159 0.9680008 0.65784615 0.99698097 0.8953926 
mask 0.00037240982 0.63625985 0.7155545 1.0 1.0 
nomask 0.00033828616 0.69093955 0.0 1.0 0.65303385 
mask 0.00032904744 0.0 0.6071446 0.49294317 1.0 
mask 0.0003272295 0.12290436 0.45592186 0.9954695 0.9987097 
nomask 0.00031730533 0.0 0.008627281 0.7302674 0.41510963 
nomask 0.0003117323 0.31680363 0.51188505 0.7484723 0.99123263 
nomask 0.00030836463 0.0 0.0015974641 0.27653494 0.7173591 
mask 0.00030627847 0.9765766 0.4913806 0.99688464 0.726161 
mask 0.00029474497 0.9779222 0.43612856 0.99510324 0.64789313 
mask 0.0002917584 0.50906795 0.005138278 1.0 1.0 
nomask 0.00029090047 0.6038578 0.38352728 0.92471915 0.71882117 
nomask 0.00028684735 0.8705423 0.7864209 1.0 1.0 
nomask 0.00028386712 0.45828795 0.1255345 1.0 1.0 
mask 0.00025692582 0.7716149 0.6052294 1.0 1.0 
nomask 0.00025573373 0.87871206 0.0 1.0 1.0 
nomask 0.0002515316 0.0 0.51172733 0.971022 0.9964864 
mask 0.00024806117 0.31265995 0.31266972 1.0 1.0 
nomask 0.00024805928 0.31265995 0.31266972 1.0 1.0 
mask 0.00024661422 0.0033741295 0.0 0.18341762 0.0269123 
mask 0.0002452135 0.8705423 0.7864209 1.0 1.0 
nomask 0.00024461746 0.19315854 0.7481556 0.9553982 1.0 
nomask 0.00023764372 0.64693385 0.9013858 1.0 1.0 
nomask 0.00023543835 0.24641743 0.0 0.90273225 0.5684457 
nomask 0.00023442507 0.75163925 0.11191827 1.0 0.8436161 
nomask 0.00022569299 0.0 0.88061017 1.0 1.0 
mask 0.0002246499 0.009602432 0.006843202 0.035629835 0.07577178 
mask 0.00022360682 0.64693385 0.9013858 1.0 1.0 
nomask 0.0002195239 0.88446945 0.24659717 0.99993306 0.8313683 
mask 0.00021907687 0.005527585 0.07561572 0.011724793 0.31652713 
nomask 0.00021860003 0.095479995 0.6966396 0.6558554 1.0 
nomask 0.00021460652 0.9680008 0.65784615 0.99698097 0.8953926 
mask 0.00019776821 0.0 0.88061017 1.0 1.0 
nomask 0.00019440055 0.33603185 0.48049855 0.5746216 0.9572053 
nomask 0.00019416213 0.9418705 0.14824396 0.9924757 0.5724741 
nomask 0.00019171834 0.0 0.13410714 0.37654367 0.98671067 
nomask 0.00018814206 0.50061274 0.74030066 1.0 1.0 
nomask 0.00018686056 0.67155135 0.09199515 1.0 0.6467043 
mask 0.0001770556 0.9479488 0.36833417 0.9983996 0.7695968 
mask 0.0001770258 0.095479995 0.6966396 0.6558554 1.0 
mask 0.00017338991 0.8830096 0.68595207 1.0 0.84888875 
mask 0.00017100573 0.2794211 0.5817771 0.7215972 1.0 
mask 0.00017014146 0.02945438 0.37967995 0.55925393 1.0 
mask 0.00016921759 0.67155135 0.09199515 1.0 0.6467043 
nomask 0.00016602874 0.12292305 0.1066148 0.75067115 0.9372983 
mask 0.00016456842 0.89238214 0.34948608 1.0 0.91249514 
nomask 0.00015887618 0.27594948 0.6214115 0.85264957 0.86344165 
nomask 0.0001578629 0.0 0.7804975 0.64547855 1.0 
nomask 0.00015160441 0.54068446 0.33829516 1.0 0.6647827 
nomask 0.00014066696 0.8476079 0.0 1.0 0.25686747 
nomask 0.00014039874 0.07302573 0.028050214 0.5047878 0.59303963 
nomask 0.0001398921 0.85850924 0.1192185 0.9971407 0.54970014 
nomask 0.00013810396 0.33612007 0.12738144 0.65708464 0.66880417 
mask 0.00013539195 0.87871206 0.0 1.0 1.0 
mask 0.00013434887 0.29777128 0.6956712 0.6104478 1.0 
mask 0.00013110042 0.0 0.7804975 0.64547855 1.0 
nomask 0.00012874603 0.9765766 0.4913806 0.99688464 0.726161 
mask 0.00012853742 0.0 0.5338116 0.4325949 0.9224773 
mask 0.0001258254 0.031846255 0.0010611713 0.9869007 0.6593435 
nomask 0.00012546778 0.56205225 0.38990578 1.0 0.8766638 
nomask 0.00012400746 0.65580946 0.40581727 0.82591516 0.7214532 
nomask 0.00011983514 0.7481589 0.0 1.0 0.5123193 
nomask 0.00011900067 0.6447395 0.6428348 1.0 1.0 
nomask 0.00011873245 0.6417351 0.0 1.0 0.3931216 
mask 0.00011745095 0.0 0.0 0.2571096 0.14618495 
nomask 0.000116974115 0.722104 0.44797403 0.97972983 0.8182973 
mask 0.00011613965 0.017599773 0.001540631 0.043937746 0.38094345 
nomask 0.000113248825 0.5385474 0.0 0.90232086 0.49297997 
mask 0.00011137128 0.19315854 0.7481556 0.9553982 1.0 
nomask 0.0001103878 0.6973488 0.34533727 0.8706444 0.65236753 
nomask 0.00010883808 0.6531929 0.18211508 0.88150287 0.69086426 
nomask 0.00010803342 0.9779222 0.43612856 0.99510324 0.64789313 
nomask 0.00010728836 0.51577127 0.0 1.0 0.26062515 
mask 0.0001065433 0.0 0.33330095 0.4272227 0.6662398 
nomask 0.0001065135 0.1358521 0.7408314 0.90449655 1.0 
mask 0.00010558963 0.8255886 0.49700826 0.9586432 0.8690682 
nomask 0.00010430813 0.02945438 0.37967995 0.55925393 1.0 
nomask 0.00010237098 0.93392026 0.49220437 0.9930104 0.8106598 
nomask 0.00010192394 0.9631666 0.5820221 0.9983454 0.798993 
mask 0.00010177493 0.58978486 0.0037374198 1.0 0.44449487 
