nomask 0.92558205 0.4033741 0.29052836 0.6091032 0.6327117 
nomask 0.0063451827 0.42781726 0.4561998 0.6087301 0.698407 
mask 0.004250288 0.4014216 0.28086638 0.61403126 0.62785214 
mask 0.0011788011 0.6432035 0.24425459 1.0 0.9837514 
nomask 0.00078237057 0.4332942 0.3498378 0.63260686 0.7833034 
nomask 0.0007362664 0.039676607 0.1931256 0.5558829 0.83338106 
nomask 0.0007071495 0.6284945 0.14765137 1.0 0.9843814 
mask 0.00056797266 0.34489286 0.21775177 0.86376965 0.92343533 
mask 0.0005081892 0.0 0.13200381 0.5382025 0.96942997 
nomask 0.00038704276 0.6739929 0.6405897 1.0 1.0 
nomask 0.0003284812 0.123426005 0.41704166 0.6109761 0.65818965 
mask 0.00031653047 0.566378 0.7907759 1.0 1.0 
mask 0.0003117323 0.4595637 0.12759113 1.0 1.0 
nomask 0.00030875206 0.4595637 0.12759113 1.0 1.0 
nomask 0.00029447675 0.34172845 0.14588389 0.6620686 0.6388879 
nomask 0.00029334426 0.25032958 0.66122186 0.92809534 1.0 
nomask 0.00028195977 0.11103825 0.31849825 0.59321576 0.5685521 
nomask 0.00026014447 0.0 0.6320158 0.59787774 1.0 
nomask 0.00024700165 0.08506721 0.816681 0.7644085 1.0 
mask 0.00023978949 0.656495 0.15951046 0.8886131 0.7849064 
mask 0.00023916364 0.13067153 0.4579726 1.0 1.0 
nomask 0.00023770332 0.0 0.010731325 0.73973674 0.41939652 
mask 0.00023186207 0.0 0.6320158 0.59787774 1.0 
nomask 0.00021409988 0.8829549 0.0 1.0 1.0 
nomask 0.00021255016 0.07080874 0.043204367 0.50464606 0.6479383 
mask 0.00020314787 0.3126617 0.31267127 1.0 1.0 
nomask 0.00020314631 0.3126617 0.31267127 1.0 1.0 
nomask 0.00019621849 0.87566876 0.7963727 1.0 1.0 
mask 0.00018772483 0.09901866 0.0380989 0.7603153 0.92101955 
nomask 0.00018745661 0.24900903 0.2498911 0.50690025 0.64980567 
nomask 0.00018554926 0.42143822 0.3125335 0.87190855 0.5709533 
nomask 0.00018268824 0.64304626 0.9043009 1.0 1.0 
nomask 0.0001823008 0.13067153 0.4579726 1.0 1.0 
nomask 0.00017997622 0.5016964 0.31021535 0.7370818 0.751356 
mask 0.00017604232 0.90834236 0.669809 1.0 1.0 
mask 0.00017294288 0.64304626 0.9043009 1.0 1.0 
nomask 0.00017079711 0.09163225 0.2189974 0.5930664 0.47951776 
nomask 0.0001707077 0.33793834 0.0 0.6548705 0.4725741 
nomask 0.0001668632 0.34557647 0.4069286 0.7098059 0.656553 
nomask 0.00016108155 0.112095356 0.0 0.9231131 0.25631958 
mask 0.00016000867 0.08506721 0.816681 0.7644085 1.0 
mask 0.00015851855 0.66893023 0.09433213 1.0 0.647907 
mask 0.00015765429 0.8829549 0.0 1.0 1.0 
mask 0.00015345216 0.7053751 0.6318059 1.0 1.0 
nomask 0.00015246868 0.40910137 0.5146916 0.56771517 0.762087 
mask 0.00015231967 0.82158387 0.3864202 1.0 1.0 
nomask 0.00014907122 0.59137076 0.002951488 1.0 0.44026726 
nomask 0.00014767051 0.66893023 0.09433213 1.0 0.647907 
mask 0.0001449287 0.5500683 0.32302523 1.0 0.6706162 
nomask 0.00013419986 0.4024239 0.0 1.0 0.4005497 
nomask 0.00013378263 0.656495 0.15951046 0.8886131 0.7849064 
mask 0.00012370944 0.5372131 0.53489393 1.0 0.93552536 
nomask 0.00012072921 0.69394875 0.08181727 1.0 0.93364024 
nomask 0.00012046099 0.0 0.8817613 1.0 1.0 
nomask 0.00011816621 0.43409836 0.22984883 0.9140918 0.47622523 
nomask 0.00011762977 0.20600218 0.0 0.8220603 0.3497535 
nomask 0.00011733174 0.7499469 0.0 1.0 0.78659 
mask 0.000115185976 0.17859012 0.7709796 1.0 1.0 
mask 0.000112086535 0.73736703 0.0062039793 0.9999249 0.8541988 
nomask 0.00010496378 0.28033164 0.0 0.88700247 0.57117987 
mask 0.000104278326 0.58540326 0.4331414 0.97885543 0.9014831 
mask 0.00010305643 0.20713332 0.65001565 0.7474804 1.0 
mask 0.00010174513 0.49948284 0.563738 0.9385897 1.0 
mask 0.00010100007 0.0 0.8817613 1.0 1.0 
mask 9.953976e-05 0.44206348 0.29030025 0.93335676 0.72289026 
mask 9.769201e-05 0.5477021 0.73424715 1.0 1.0 
mask 9.602308e-05 0.0 0.173469 0.26552963 1.0 
mask 9.0032816e-05 0.0 0.58051777 0.6173015 1.0 
mask 9.000301e-05 0.35844958 0.005207166 0.99754786 0.25057912 
mask 8.8751316e-05 0.7499469 0.0 1.0 0.78659 
mask 8.627772e-05 0.0 0.0 0.4064967 0.7810016 
nomask 8.4728e-05 0.95002544 0.9601466 1.0 1.0 
nomask 8.383393e-05 0.4417148 0.083805054 0.63858825 0.5691563 
mask 8.2969666e-05 0.2291306 0.0 0.94529045 0.12789495 
mask 8.2850456e-05 0.0 0.010731325 0.73973674 0.41939652 
nomask 8.004904e-05 0.35992834 0.35076812 0.56850576 0.79949546 
nomask 7.712841e-05 0.2291306 0.0 0.94529045 0.12789495 
mask 7.605553e-05 0.59137076 0.002951488 1.0 0.44026726 
nomask 7.4505806e-05 0.31344026 0.50724596 0.7850781 0.728767 
nomask 7.1018934e-05 0.36542284 0.073844895 0.5631259 0.5680667 
nomask 6.6667795e-05 0.49714577 0.04269421 0.93686104 0.70215416 
nomask 6.347895e-05 0.3903364 0.5945778 0.4818585 0.7607925 
nomask 6.1780214e-05 0.36317688 0.058687672 0.72964793 0.4929222 
mask 6.16014e-05 0.1591844 0.8606459 0.51952654 1.0 
mask 5.9515238e-05 0.22991213 0.3801629 0.7384325 0.9771686 
nomask 5.8948994e-05 0.4150957 0.09158026 0.95263517 0.35163295 
mask 5.748868e-05 0.44483724 0.5207941 0.5914573 0.7482435 
nomask 5.722046e-05 0.5500683 0.32302523 1.0 0.6706162 
mask 5.6624413e-05 0.0 0.6780396 0.1971389 0.9924564 
mask 5.5521727e-05 0.7182205 0.6207088 1.0 0.8829386 
nomask 5.5342913e-05 0.5164272 0.0 1.0 0.25477302 
mask 5.403161e-05 0.35692444 0.57602876 0.84567046 1.0 
nomask 5.3614378e-05 0.21915548 0.11655435 0.70308125 0.36196184 
mask 5.3346157e-05 0.82543087 0.9676357 0.9559728 0.9965132 
nomask 5.3077936e-05 0.42427033 0.49726617 0.56077105 0.6591383 
nomask 5.2541494e-05 0.37317833 0.52125907 0.5034049 0.7785516 
nomask 5.2332878e-05 0.22736397 0.3345773 0.7852428 0.6609043 
nomask 5.2154064e-05 0.12416302 0.0 0.46601057 0.46981505 
nomask 4.979968e-05 0.0 0.0 0.46565434 0.25073916 
mask 4.953146e-05 0.0 0.7411412 0.7386341 0.9981419 
