nomask 0.99990934 247.51431721448898 271.15284538269043 844.0838613510132 947.4798684120178 
mask 0.0172683 247.51431721448898 271.15284538269043 844.0838613510132 947.4798684120178 
nomask 0.0010230243 716.6986558437347 0.0 926.0 830.3254776000977 
nomask 0.0007779896 0.0 0.0 424.3519058227539 716.6429948806763 
mask 0.0007441044 758.1704699993134 790.0594244003296 922.7151901721954 1228.0 
nomask 0.00039681792 168.83894366025925 19.337512135505676 852.9838778972626 714.6485910415649 
mask 0.0003951788 752.9269390106201 0.0 926.0 1052.4765057563782 
mask 0.00038030744 115.66298681497574 560.3378521203995 926.0 1228.0 
nomask 0.00032147765 423.3860125541687 165.10747718811035 926.0 1228.0 
nomask 0.00030621886 274.8174982070923 0.0 659.2362854480743 491.038027882576 
mask 0.00030219555 423.3860125541687 165.10747718811035 926.0 1228.0 
nomask 0.00027555227 702.1478877067566 0.0 926.0 857.3371772766113 
mask 0.00027239323 289.52322322130203 383.9536637067795 926.0 1228.0 
nomask 0.00027233362 289.52322322130203 383.9536637067795 926.0 1228.0 
nomask 0.00027012825 597.3155173063278 0.0 926.0 445.40590262413025 
nomask 0.00026711822 115.66298681497574 560.3378521203995 926.0 1228.0 
nomask 0.00025048852 0.0 736.4908556938171 489.11471831798553 1228.0 
nomask 0.00023072958 727.9982272386551 719.3766632080078 926.0 1182.665373802185 
nomask 0.00022533536 0.0 8.012455940246582 652.3530540466309 510.84808373451233 
nomask 0.00022366643 815.6942160129547 952.6389830112457 926.0 1228.0 
mask 0.0002143383 504.19849395751953 883.4000566005707 926.0 1228.0 
nomask 0.00021359324 730.5928925275803 709.451488494873 926.0 1228.0 
mask 0.0002130866 716.6986558437347 0.0 926.0 830.3254776000977 
nomask 0.00021034479 0.0 0.0 231.65056896209717 862.0080845355988 
mask 0.00020623207 617.9377801418304 103.09167718887329 926.0 797.2733283042908 
mask 0.00020509958 717.5193339586258 673.7444281578064 926.0 1209.6053428649902 
nomask 0.00020039082 320.2810456752777 272.1849061846733 844.6037878990173 631.9958934783936 
mask 0.00019100308 198.6045177578926 1135.6795527935028 630.4932887554169 1225.0381844043732 
mask 0.00019067526 815.6942160129547 952.6389830112457 926.0 1228.0 
nomask 0.00018846989 0.0 973.1624290943146 621.8106257915497 1228.0 
nomask 0.0001860857 244.69512313604355 827.3268451690674 828.291451215744 1228.0 
nomask 0.00018540025 504.19849395751953 883.4000566005707 926.0 1228.0 
nomask 0.00018399954 805.3597099781036 607.5273734331131 926.0 1228.0 
nomask 0.00018066168 156.57218194007874 0.0 816.6705961227417 324.8142613172531 
nomask 0.00017985702 671.9534569978714 743.3931705951691 926.0 1228.0 
nomask 0.00017878413 490.5830968618393 407.1435489654541 926.0 813.4400179386139 
mask 0.00017488003 730.5928925275803 709.451488494873 926.0 1228.0 
nomask 0.0001731515 0.0 346.1416758298874 343.2088957428932 884.213906288147 
mask 0.00016772747 384.2158944606781 1070.3629002571106 926.0 1228.0 
nomask 0.00016748905 617.9377801418304 103.09167718887329 926.0 797.2733283042908 
mask 0.00016665459 530.4646091461182 978.261670589447 926.0 1228.0 
nomask 0.0001628995 0.0 64.25749146938324 340.76794546842575 623.5810141563416 
nomask 0.00016018748 530.4646091461182 978.261670589447 926.0 1228.0 
mask 0.00015696883 631.7088240385056 805.279123544693 926.0 1228.0 
mask 0.00015681982 0.0 1081.3644733428955 926.0 1228.0 
mask 0.00015512109 686.24023270607 910.885324716568 926.0 1210.5626537799835 
nomask 0.000154078 501.41478955745697 0.0 819.5829023122787 556.7165906429291 
nomask 0.00015354156 695.4366405010223 0.0 926.0 559.058741569519 
nomask 0.00015354156 384.2158944606781 1070.3629002571106 926.0 1228.0 
nomask 0.00015315413 0.0 1081.3644733428955 926.0 1228.0 
mask 0.00015056133 728.449437379837 958.8671765327454 926.0 1228.0 
nomask 0.00015044212 441.38932478427887 64.6069952249527 831.9954587221146 888.9260220527649 
nomask 0.0001501441 85.409333050251 857.0548660755157 600.6602125167847 1228.0 
nomask 0.00014740229 567.5019245147705 5.148062229156494 926.0 544.427343249321 
nomask 0.00014328957 117.5194336771965 181.211585521698 444.9610601067543 1050.8801336288452 
nomask 0.00014171004 597.9641008377075 1113.178171634674 926.0 1228.0 
mask 0.00013956428 682.3879743814468 767.0702018737793 926.0 1045.2207345962524 
mask 0.00013667345 597.9641008377075 1113.178171634674 926.0 1228.0 
mask 0.00013291836 0.0 661.0213935375214 419.2810765504837 1228.0 
nomask 0.00013202429 209.63769578933716 481.01605343818665 415.2861419916153 867.6610424518585 
mask 0.00013196468 81.06441396474838 33.801990389823914 474.35493087768555 747.079026222229 
nomask 0.00013116002 500.4410035610199 693.7058868408203 805.0107741355896 1228.0 
nomask 0.00013104081 0.0 0.0 389.7267847061157 311.15261697769165 
nomask 0.00013104081 682.3879743814468 767.0702018737793 926.0 1045.2207345962524 
nomask 0.00012716651 533.1363251209259 985.9813485145569 877.8893530368805 1228.0 
nomask 0.00012284517 0.0 367.91524744033813 236.6638309955597 1228.0 
mask 0.00012099743 85.409333050251 857.0548660755157 600.6602125167847 1228.0 
nomask 0.00011816621 772.439528465271 529.9612181186676 926.0 1084.2725641727448 
nomask 0.00011575222 522.8094358444214 0.0 926.0 316.18305563926697 
nomask 0.00010898709 694.6894254684448 462.8864336013794 926.0 1228.0 
nomask 0.000107228756 1.8254278898239136 0.0 562.5841479301453 353.61051619052887 
nomask 0.000106453896 266.00910353660583 244.71616172790527 632.7076680660248 730.6860191822052 
nomask 0.00010570884 295.29890620708466 686.7456750869751 624.3600872755051 1228.0 
mask 9.9390745e-05 0.0 0.0 633.9439010620117 317.56793224811554 
nomask 9.936094e-05 593.3209691047668 86.11693853139877 926.0 628.159330368042 
nomask 9.930134e-05 390.12263536453247 0.0 923.4278538227081 463.5073425769806 
nomask 9.8735094e-05 111.34588545560837 866.9047236442566 837.4485609531403 1228.0 
nomask 9.8615885e-05 220.16827815771103 630.9789290428162 592.4635870456696 855.1571521759033 
mask 9.858608e-05 0.0 973.1624290943146 621.8106257915497 1228.0 
mask 9.36687e-05 634.0807819366455 1045.8223934173584 926.0 1228.0 
mask 9.2834234e-05 772.439528465271 529.9612181186676 926.0 1084.2725641727448 
nomask 8.893013e-05 750.1073033809662 102.65066200494766 926.0 508.7832667827606 
nomask 8.869171e-05 3.2402114309370518 1183.1080541610718 55.84950801730156 1228.0 
mask 8.773804e-05 234.23623764514923 1200.5574774742126 460.44612300395966 1223.6951384544373 
mask 8.761883e-05 111.34588545560837 866.9047236442566 837.4485609531403 1228.0 
nomask 8.6426735e-05 25.663314998149872 397.6252624988556 690.2151870727539 832.7113988399506 
nomask 8.621812e-05 489.6124017238617 464.535835146904 926.0 1017.9733486175537 
mask 8.556247e-05 533.1363251209259 985.9813485145569 877.8893530368805 1228.0 
nomask 8.5383654e-05 92.77817419171333 685.6094036102295 428.4530886411667 1228.0 
nomask 8.329749e-05 686.24023270607 910.885324716568 926.0 1210.5626537799835 
mask 7.921457e-05 244.69512313604355 827.3268451690674 828.291451215744 1228.0 
nomask 7.82609e-05 682.2698042392731 641.1925632953644 926.0 926.0499083995819 
mask 7.82609e-05 307.162780046463 0.0 610.6861846446991 581.3619120121002 
mask 7.531047e-05 0.0 0.0 389.7267847061157 311.15261697769165 
mask 7.4476004e-05 702.1478877067566 0.0 926.0 857.3371772766113 
mask 7.3581934e-05 199.25012081861496 1195.1424748897552 383.96208530664444 1221.0435211658478 
mask 7.301569e-05 3.2402114309370518 1183.1080541610718 55.84950801730156 1228.0 
mask 7.18236e-05 0.0 412.19517743587494 409.0170531272888 814.780282497406 
nomask 7.137656e-05 560.7945408821106 277.90939342975616 926.0 926.3019170761108 
mask 7.122755e-05 682.2698042392731 641.1925632953644 926.0 926.0499083995819 
