nomask 0.9993049 165.20425 146.87721 956.3766 643.9379 
mask 0.057222188 170.20943 140.36151 960.26855 627.5836 
mask 0.015942603 15.870382 4.9853473 390.44342 118.44763 
nomask 0.015609264 17.82915 114.57169 230.53008 396.69196 
mask 0.002911359 0.0 668.48474 326.67108 792.0 
nomask 0.002134174 3.172867 5.7077894 44.08219 112.911156 
nomask 0.0021018982 9.177994 88.46228 79.81855 454.28156 
nomask 0.0015576184 0.0 1.5436413 202.73938 123.52138 
mask 0.0012065172 3.172867 5.7077894 44.08219 112.911156 
nomask 0.0011586249 0.0 668.48474 326.67108 792.0 
nomask 0.0010267198 15.870382 4.9853473 390.44342 118.44763 
nomask 0.0009458661 0.351852 0.6084111 60.541008 47.619106 
nomask 0.0008158386 5.3900247 54.543087 35.720886 165.93535 
nomask 0.00079226494 0.0 0.0 596.5053 188.52716 
mask 0.00074127316 17.82915 114.57169 230.53008 396.69196 
nomask 0.0007377565 5.94531 645.76184 36.533295 785.30615 
nomask 0.0007160306 12.582053 7.0256286 200.6443 37.232376 
nomask 0.00071528554 0.0 689.6551 53.185303 788.7393 
mask 0.0007070899 0.0 563.71515 73.029755 792.0 
nomask 0.00066524744 0.0 749.30524 72.53904 792.0 
nomask 0.00063690543 0.0 0.0 770.03375 93.24027 
mask 0.0006173849 0.0 722.0647 419.59344 784.36053 
mask 0.0005970299 12.418677 3.01364 207.66858 238.78717 
mask 0.0005751848 0.0 0.0 552.55884 526.25653 
mask 0.00056296587 0.0 1.5436413 202.73938 123.52138 
mask 0.0005571544 0.351852 0.6084111 60.541008 47.619106 
mask 0.0005412996 5.3900247 54.543087 35.720886 165.93535 
nomask 0.00053447485 577.061 12.907706 970.92456 557.7044 
mask 0.00050362945 0.0 749.30524 72.53904 792.0 
nomask 0.000500381 0.0 0.0 274.09985 363.8997 
mask 0.00048938394 0.0 0.0 596.5053 188.52716 
mask 0.00048211217 0.0 689.6551 53.185303 788.7393 
mask 0.00045406818 1.9112164 571.5712 210.36641 792.0 
mask 0.00044927 12.582053 7.0256286 200.6443 37.232376 
nomask 0.00042507052 0.0 563.71515 73.029755 792.0 
mask 0.00042286515 6.6437936 765.37305 215.90614 787.3149 
nomask 0.00041779876 0.0 0.0 83.8928 258.2256 
nomask 0.00041505694 0.0 0.0 446.46652 114.08017 
nomask 0.0004131794 9.512908 0.0 482.1466 600.158 
mask 0.0004069209 45.439648 0.0 269.89874 185.18411 
mask 0.00039982796 0.0 1.415209 653.01324 99.67579 
nomask 0.00039315224 8.589176 428.66693 524.73254 792.0 
nomask 0.00038957596 5.484946 616.59515 207.00938 792.0 
mask 0.00036722422 40.345505 56.171223 133.41098 135.71617 
nomask 0.00035458803 136.12971 0.0 514.2003 369.0896 
mask 0.00035384297 24.524206 13.046485 150.9844 83.7404 
mask 0.000349164 0.0 0.0 446.46652 114.08017 
mask 0.00034874678 976.3629 15.531582 1132.0 731.397 
nomask 0.00034719706 0.0 0.0 195.06429 70.72705 
mask 0.0003426969 9.177994 88.46228 79.81855 454.28156 
nomask 0.00034078956 12.418677 3.01364 207.66858 238.78717 
nomask 0.00033915043 45.703213 0.0 1012.40454 201.47098 
nomask 0.00033172965 0.0 689.5251 90.776436 792.0 
nomask 0.000323534 6.6437936 765.37305 215.90614 787.3149 
mask 0.00032183528 5.94531 645.76184 36.533295 785.30615 
nomask 0.00031003356 742.6508 301.2319 1132.0 792.0 
nomask 0.00030946732 0.0 722.40424 185.92007 792.0 
nomask 0.00030514598 3.2958841 177.31453 23.588392 412.593 
nomask 0.0003014505 0.0 53.88492 430.66382 398.17273 
nomask 0.00029316545 719.1172 218.13062 1132.0 572.6728 
mask 0.0002886951 0.0 722.40424 185.92007 792.0 
nomask 0.00028464198 0.0 722.0647 419.59344 784.36053 
nomask 0.00028261542 0.0 0.0 467.9163 269.74518 
nomask 0.0002797842 792.7264 0.0 1132.0 467.6597 
mask 0.00027245283 0.0 0.0 83.8928 258.2256 
nomask 0.00027224422 0.0 267.0014 521.3687 527.96875 
nomask 0.00023707747 0.0 0.84584403 329.09042 72.04941 
nomask 0.00023213029 521.14813 108.09842 1132.0 792.0 
nomask 0.00023078918 352.6496 526.94086 1022.4238 792.0 
mask 0.00022384524 0.0 689.5251 90.776436 792.0 
mask 0.00022089481 521.14813 108.09842 1132.0 792.0 
mask 0.00022056699 154.03058 364.7627 1132.0 792.0 
mask 0.00021922588 0.0 0.84584403 329.09042 72.04941 
nomask 0.00021913648 132.96758 241.53522 553.0222 775.35297 
nomask 0.00021800399 15.622759 708.09155 161.28026 778.7141 
nomask 0.00021496415 15.043255 0.0 738.2455 266.72107 
nomask 0.00020906329 709.6628 0.0 1132.0 283.76627 
nomask 0.00020900369 24.524206 13.046485 150.9844 83.7404 
mask 0.00020435452 0.0 0.0 274.09985 363.8997 
nomask 0.0002040267 5.9279613 89.014336 34.716335 211.93784 
nomask 0.00020250678 0.0 0.0 146.07957 229.12964 
mask 0.0002014339 0.0 0.0 195.06429 70.72705 
mask 0.0001963079 8.589176 428.66693 524.73254 792.0 
nomask 0.00019150972 630.47736 632.07404 1132.0 792.0 
nomask 0.00018852949 88.8786 40.92475 989.95306 388.28467 
mask 0.00018817186 630.47736 632.07404 1132.0 792.0 
mask 0.00018687714 353.92743 247.63164 1132.0 792.0 
nomask 0.0001868759 353.92743 247.63164 1132.0 792.0 
mask 0.00018441677 61.234325 770.8839 300.3431 784.3962 
nomask 0.0001809001 154.03058 364.7627 1132.0 792.0 
nomask 0.00018084049 895.2265 470.12537 1132.0 792.0 
mask 0.00018051267 5.9279613 89.014336 34.716335 211.93784 
mask 0.00017768145 1.1597166 144.11588 121.97064 579.94244 
nomask 0.00017732382 721.78204 57.560974 1132.0 400.9487 
nomask 0.00016874075 0.0 11.254734 131.41786 442.2016 
nomask 0.00016757846 0.0 109.319824 277.83414 696.3209 
nomask 0.00016361475 61.234325 770.8839 300.3431 784.3962 
mask 0.00016313791 15.622759 708.09155 161.28026 778.7141 
nomask 0.0001628995 7.5302553 600.1929 21.23723 769.83856 
mask 0.00016149879 895.2265 470.12537 1132.0 792.0 
