nomask 0.99970603 0.2893486 0.19701159 0.71133065 0.62363124 
mask 0.016098768 0.28833675 0.19274212 0.71416426 0.63305163 
nomask 0.0012366176 0.9728472 0.74238735 0.99329746 0.84144586 
nomask 0.00060763955 0.0032969117 0.0 0.6066435 0.28535795 
nomask 0.0005283952 0.0 0.00898461 0.44604298 0.47013462 
mask 0.0004092753 0.9728472 0.74238735 0.99329746 0.84144586 
nomask 0.00038918853 0.96789116 0.7811015 0.9896278 0.8729164 
nomask 0.00038728118 0.49004 0.26288623 0.71438855 0.59136 
nomask 0.00032556057 0.0 0.0 0.24553579 0.4492164 
mask 0.00031164289 0.0 0.826734 0.3290572 0.9898135 
nomask 0.0003039837 0.9817392 0.6879199 0.99906164 0.8003661 
nomask 0.00027954578 0.0 0.0 0.419743 0.25546217 
nomask 0.0002513528 0.0 0.0 0.24798727 0.71549416 
nomask 0.00022062659 0.011958495 0.13224693 0.30995595 0.57734907 
nomask 0.00021019578 0.0 0.10520528 0.37525845 0.35448253 
nomask 0.00019305944 0.8736062 0.7836574 1.0 1.0 
mask 0.00019028783 0.96789116 0.7811015 0.9896278 0.8729164 
nomask 0.0001835525 0.6790527 0.648638 1.0 1.0 
nomask 0.00017553568 0.12596436 0.0 0.46200973 0.4613175 
mask 0.00017002225 0.8736062 0.7836574 1.0 1.0 
mask 0.00016522408 0.0 0.0 0.419743 0.25546217 
mask 0.00016322732 0.0 0.26084375 0.26666397 1.0 
mask 0.00015950203 0.0 0.0 0.30410853 0.14702192 
nomask 0.00015065074 0.09008744 0.088317335 0.6274955 0.55148375 
nomask 0.00014910102 0.6422053 0.90411747 1.0 1.0 
nomask 0.00014677644 0.17334476 0.0 0.8631964 0.27084565 
nomask 0.0001449287 0.69380724 0.0 1.0 0.594594 
nomask 0.00014325976 0.32397455 0.0 0.6645366 0.49650547 
mask 0.0001423955 0.0 0.10569838 0.44441763 0.45571247 
mask 0.00014230609 0.6422053 0.90411747 1.0 1.0 
nomask 0.00014021993 0.9914916 0.6295333 1.0 0.76637197 
mask 0.00013500452 0.6790527 0.648638 1.0 1.0 
nomask 0.00012907386 0.0 0.88395095 1.0 1.0 
mask 0.00012645125 0.119463354 0.454656 0.9660555 0.98977816 
nomask 0.00012469292 0.9926829 0.56236684 1.0 0.73581326 
mask 0.00012382865 0.0 0.01364194 0.42112416 0.066336684 
mask 0.00012239814 0.0032969117 0.0 0.6066435 0.28535795 
mask 0.000118881464 0.0 0.88395095 1.0 1.0 
mask 0.000108897686 0.0 0.0 0.24553579 0.4492164 
nomask 0.000105023384 0.71895623 0.18500262 1.0 0.9554154 
mask 0.000104010105 0.9456354 0.95732397 1.0 0.9990799 
nomask 0.000102728605 0.32577476 0.3269437 1.0 1.0 
nomask 0.00010186434 0.0 0.21908955 0.37723652 0.4619559 
mask 9.819159e-05 0.31266066 0.31266886 1.0 1.0 
nomask 9.8109245e-05 0.8830385 0.0 1.0 1.0 
nomask 9.688735e-05 0.0 0.0032428503 0.3556922 0.14178029 
mask 9.6811855e-05 0.50822705 0.003025055 1.0 1.0 
mask 9.62615e-05 0.0 0.0 0.24798727 0.71549416 
nomask 9.432435e-05 0.66198725 0.09709564 1.0 0.6480874 
mask 9.250641e-05 0.66198725 0.09709564 1.0 0.6480874 
mask 9.23872e-05 0.0 0.5382459 0.46059215 0.93012035 
nomask 9.149313e-05 0.6198102 0.0 1.0 0.3781402 
nomask 8.85129e-05 0.0 0.51054424 0.9357691 0.9918104 
nomask 8.749962e-05 0.0 0.28064197 0.39036536 0.7290068 
mask 8.666515e-05 0.8630313 0.01678291 1.0 0.5750257 
nomask 8.6545944e-05 0.23613021 0.66295516 0.9335201 1.0 
nomask 8.645654e-05 0.0 0.01364194 0.42112416 0.066336684 
nomask 8.562207e-05 0.0 0.0 0.12077896 0.57321286 
mask 8.550286e-05 0.9466727 0.87523746 0.99830973 0.97682655 
mask 8.225441e-05 0.0 0.63048553 0.5406815 1.0 
nomask 8.2075596e-05 0.09467074 0.68868 0.6523552 1.0 
nomask 8.0525875e-05 0.7199305 0.050048888 0.9891646 0.49962962 
nomask 7.915497e-05 0.004598707 0.19200243 0.56378675 0.46231085 
mask 7.870793e-05 0.864958 0.9713894 0.9867764 0.99920213 
nomask 7.817149e-05 0.9456354 0.95732397 1.0 0.9990799 
nomask 7.754564e-05 0.38014686 0.20805982 0.86406875 0.47628823 
mask 7.7039e-05 0.0 0.12367326 0.41004473 0.9154541 
mask 7.7039e-05 0.8499897 0.37346458 1.0 0.83596206 
mask 7.560849e-05 0.0 0.8539901 0.18730256 0.9992652 
nomask 7.552837e-05 0.50822705 0.003025055 1.0 1.0 
mask 7.3611736e-05 0.8830385 0.0 1.0 1.0 
nomask 7.3581934e-05 0.0 0.62155473 0.5779517 1.0 
nomask 7.355213e-05 0.007838979 0.0 0.5036499 0.17756723 
mask 7.292628e-05 0.12596436 0.0 0.46200973 0.4613175 
nomask 7.2568655e-05 0.8499897 0.37346458 1.0 0.83596206 
mask 7.2062016e-05 0.00516635 0.63745487 0.052564293 1.0 
nomask 7.05719e-05 0.8630313 0.01678291 1.0 0.5750257 
nomask 6.937981e-05 0.6428848 0.0385319 1.0 0.67809033 
mask 6.914139e-05 0.09467074 0.68868 0.6523552 1.0 
mask 6.902218e-05 0.0 0.3281844 0.4514956 0.66190195 
mask 6.79791e-05 0.759744 0.83949023 1.0 0.9992706 
nomask 6.762147e-05 0.91994876 0.7560612 0.9699008 0.8211478 
mask 6.759167e-05 0.66860723 0.05144003 0.9913559 0.45816728 
mask 6.5237284e-05 0.0058737546 0.0037802448 0.1838434 0.03390042 
mask 6.324053e-05 0.83246696 0.9161722 1.0 1.0 
mask 6.207824e-05 0.825052 0.9782466 0.9604193 0.9977606 
nomask 6.070733e-05 0.94549334 0.5729607 0.9968879 0.9590284 
mask 5.9574842e-05 0.9862678 0.3067947 1.0 0.46103114 
nomask 5.77271e-05 0.9903752 0.27225542 1.0 0.42290884 
mask 5.4448843e-05 0.0055096447 0.0 0.55286837 0.13418248 
nomask 5.2332878e-05 0.5458109 0.0 0.89651746 0.45354375 
mask 5.0902367e-05 0.0 0.019477218 0.38570687 0.5913204 
nomask 4.965067e-05 0.0 0.0 0.24720657 0.30508512 
mask 4.87864e-05 0.0 0.08348894 0.11145347 0.70141864 
mask 4.7832727e-05 0.16142368 0.5933361 0.8174588 1.0 
mask 4.6491623e-05 0.94812214 0.006068133 1.0 0.049806144 
nomask 4.61936e-05 0.9642484 0.82274854 0.995021 0.93641543 
mask 4.6163797e-05 0.9924317 0.49665254 1.0 0.70309347 
mask 4.5984983e-05 0.000429485 0.0070486814 0.01936168 0.15937084 
nomask 4.4941902e-05 0.9466727 0.87523746 0.99830973 0.97682655 
