nomask 0.9999525 292.37507796287537 287.75159472227097 807.7507154941559 869.1797866821289 
nomask 0.020287424 8.147839553654194 552.2630714178085 29.973710112273693 864.9195690155029 
mask 0.011555374 11.360755447298288 508.83527755737305 29.402584984898567 858.0973534584045 
mask 0.0072755516 9.96541403606534 459.2623989582062 22.56204165518284 776.1571118831635 
nomask 0.005520433 9.676250547170639 495.58437848091125 36.3563906699419 964.7517521381378 
nomask 0.0053522587 9.96541403606534 459.2623989582062 22.56204165518284 776.1571118831635 
mask 0.0033506155 4.904556356370449 601.7343705892563 33.841954834759235 887.748898267746 
mask 0.0030873716 8.42643441259861 501.7668789625168 43.55941715836525 982.6211814880371 
mask 0.0014680028 8.641070082783699 411.20999574661255 17.72682663053274 658.0378079414368 
nomask 0.001188457 8.641070082783699 411.20999574661255 17.72682663053274 658.0378079414368 
mask 0.0010565221 302.5421748161316 287.944850564003 805.1589388847351 873.5744500160217 
mask 0.0007651746 3.019001580774784 358.03936207294464 10.795764081180096 573.0419081449509 
mask 0.0006341636 0.8540308326482773 577.9395269155502 72.54733550548553 1206.244644165039 
nomask 0.00041234493 3.642083525657654 505.02836298942566 53.30012084543705 1063.6883890628815 
mask 0.00037816167 8.531751852482557 264.6635516881943 40.97221654653549 843.846426486969 
nomask 0.00036543608 800.8972225189209 0.0 1148.0 766.730776309967 
nomask 0.00028395653 492.3060065507889 355.0141384601593 816.3274521827698 812.9920871257782 
nomask 0.0002706945 0.8540308326482773 577.9395269155502 72.54733550548553 1206.244644165039 
nomask 0.00026077032 3.019001580774784 358.03936207294464 10.795764081180096 573.0419081449509 
mask 0.00025093555 713.8016359806061 1218.1554007530212 1148.0 1290.3376636505127 
nomask 0.00024423003 833.2445816993713 832.2483305931091 1148.0 1316.0 
mask 0.00021281838 736.9230313301086 1102.6453938484192 1148.0 1305.1398649215698 
mask 0.0002052486 722.0176301002502 927.3594627380371 1148.0 1316.0 
nomask 0.00019997358 420.9389191865921 295.8662614226341 950.5901980400085 622.1238718032837 
nomask 0.00019398332 284.83588671684265 0.0 866.4837386608124 475.60633277893066 
nomask 0.00018557906 1000.4092121124268 1028.0424814224243 1148.0 1316.0 
nomask 0.00018426776 664.3536968231201 1045.8337063789368 1148.0 1316.0 
nomask 0.00018370152 713.8016359806061 1218.1554007530212 1148.0 1290.3376636505127 
nomask 0.00017187 13.034493923187256 0.0 701.3099665641785 367.18602085113525 
nomask 0.00016990304 74.06047677993774 1207.7539811134338 529.6279797554016 1289.7691326141357 
mask 0.00016215444 1000.4092121124268 1028.0424814224243 1148.0 1316.0 
nomask 0.00015690923 8.531751852482557 264.6635516881943 40.97221654653549 843.846426486969 
nomask 0.00015088916 14.5276590436697 322.89005625247955 146.53129476308823 787.5143194198608 
nomask 0.00015029311 195.22882163524628 0.0 995.4974474906921 353.7052149772644 
nomask 0.00014826655 191.62016427516937 289.9611237645149 745.608907699585 644.6283822059631 
mask 0.00014686584 1.8744333907961845 757.6304361820221 29.954552933573723 1023.8251702785492 
mask 0.00014483929 877.1542465686798 785.4190378189087 1148.0 1316.0 
mask 0.00014445186 100.50591099262238 1125.1699848175049 568.303490281105 1316.0 
nomask 0.00013932586 100.50591099262238 1125.1699848175049 568.303490281105 1316.0 
nomask 0.0001372397 739.806097984314 1188.3066585063934 1148.0 1316.0 
nomask 0.00013560057 0.0 726.810453414917 520.0099341869354 1316.0 
nomask 0.00013536215 0.0 1157.8826394081116 1148.0 1316.0 
mask 0.00013107061 739.806097984314 1188.3066585063934 1148.0 1316.0 
nomask 0.00013068318 143.26391273736954 0.0 522.2800395488739 596.3827427625656 
mask 0.00012794137 0.0 1157.8826394081116 1148.0 1316.0 
nomask 0.00012013316 165.52912610769272 1287.0157418251038 429.1394832134247 1311.1136765480042 
mask 0.00011536479 14.5276590436697 322.89005625247955 146.53129476308823 787.5143194198608 
nomask 0.00011482835 840.2811145782471 260.94437193870544 1148.0 1266.8168098926544 
mask 0.00011447072 137.03396999835968 598.2672960758209 1108.12535572052 1302.2222998142242 
nomask 0.000112086535 846.4134645462036 37.182384729385376 1148.0 800.0042748451233 
nomask 0.000101327896 1015.1875460147858 0.0 1148.0 1316.0 
nomask 9.9897385e-05 525.181307554245 161.75511991977692 1148.0 1316.0 
nomask 9.959936e-05 304.0991088151932 871.9941251277924 1039.8384022712708 1316.0 
mask 9.942055e-05 525.181307554245 161.75511991977692 1148.0 1316.0 
nomask 9.87947e-05 39.621587336063385 494.93952560424805 114.60410624742508 637.8555836677551 
nomask 9.801984e-05 40.862961396574974 559.0256727933884 105.45676404237747 702.1239070892334 
nomask 9.6440315e-05 809.8258748054504 322.8426786661148 947.7948536872864 720.188729763031 
nomask 9.512901e-05 198.45398473739624 128.80098867416382 963.9903612136841 1027.1808996200562 
nomask 9.3102455e-05 299.35851216316223 345.4787324666977 565.6064400672913 1014.9891719818115 
nomask 9.2327595e-05 33.967253774404526 309.96113258600235 249.42909252643585 830.5254807472229 
nomask 9.068847e-05 760.3302426338196 127.06543159484863 1148.0 853.0041060447693 
nomask 9.018183e-05 358.9343400001526 411.4721804857254 1148.0 1316.0 
mask 9.0152025e-05 358.9343400001526 411.4721804857254 1148.0 1316.0 
nomask 8.800626e-05 989.6335332393646 1265.218679189682 1148.0 1313.0560791492462 
nomask 8.794665e-05 351.51848685741425 405.6440706253052 1091.4644136428833 869.4980165958405 
mask 8.660555e-05 760.3302426338196 127.06543159484863 1148.0 853.0041060447693 
nomask 8.240342e-05 848.050901889801 411.4123309850693 928.8237085342407 595.3529862165451 
mask 8.189678e-05 0.0 549.5902774333954 151.83433711528778 1171.736739873886 
nomask 8.1032515e-05 367.3467855453491 669.5196561813354 786.6077933311462 900.904257774353 
nomask 7.9602e-05 137.03396999835968 598.2672960758209 1108.12535572052 1302.2222998142242 
nomask 7.838011e-05 1087.0667345523834 1259.8048486709595 1148.0 1316.0 
nomask 7.57277e-05 663.419406414032 350.8122799396515 852.724817276001 765.0152213573456 
nomask 7.44462e-05 0.0 0.0 526.877522945404 780.9969205856323 
nomask 7.328391e-05 105.3348799943924 913.4599456787109 750.6498608589172 1316.0 
mask 7.18832e-05 0.0 813.7527170181274 664.7817707061768 1316.0 
nomask 7.1674585e-05 26.754480838775635 676.9758999347687 100.91049760580063 840.0123717784882 
nomask 7.137656e-05 38.0742329955101 622.7463693618774 98.03509467840195 775.9206161499023 
mask 7.131696e-05 1015.1875460147858 0.0 1148.0 1316.0 
nomask 6.970763e-05 649.7596344947815 434.42893505096436 1148.0 861.498185634613 
nomask 6.9350004e-05 777.8081243038177 256.3367840051651 1148.0 1059.2428183555603 
nomask 6.863475e-05 736.9230313301086 1102.6453938484192 1148.0 1305.1398649215698 
nomask 6.720424e-05 639.5451183319092 0.0 1148.0 340.97625374794006 
nomask 6.571412e-05 0.0 199.29228746891022 266.00046479701996 1176.7097392082214 
nomask 6.5505505e-05 0.0 9.198232889175415 759.4176433086395 551.1723672151566 
nomask 6.535649e-05 0.0 0.0 361.3684628009796 443.27250277996063 
nomask 6.404519e-05 1100.9114623069763 13.27894127368927 1148.0 66.90004931390285 
nomask 6.404519e-05 0.0 340.6864582300186 118.43506300449371 1086.1906247138977 
nomask 6.389618e-05 1.8744333907961845 757.6304361820221 29.954552933573723 1023.8251702785492 
nomask 6.377697e-05 660.5251178741455 122.82719665765762 1148.0 594.7790820598602 
mask 6.201863e-05 105.3348799943924 913.4599456787109 750.6498608589172 1316.0 
mask 6.1661005e-05 39.621587336063385 494.93952560424805 114.60410624742508 637.8555836677551 
nomask 6.148219e-05 32.413150906562805 449.37091588974 322.9609432220459 956.7167801856995 
nomask 6.142259e-05 0.0 0.0 488.7451106309891 338.96137285232544 
nomask 6.0617924e-05 620.9973256587982 0.0 1006.1108195781708 572.8832638263702 
nomask 6.02901e-05 359.6457664966583 704.6295852661133 777.798407793045 1316.0 
nomask 5.978346e-05 1122.9398186206818 38.369716852903366 1145.279171705246 181.37312734127045 
mask 5.7578087e-05 559.1460894346237 0.0 1148.0 191.2188212275505 
nomask 5.733967e-05 0.0 449.8306510448456 125.2613052725792 669.5901734828949 
nomask 5.671382e-05 0.0 927.9289350509644 675.451183795929 1316.0 
nomask 5.6624413e-05 821.225873708725 0.0 1148.0 511.07237815856934 
