nomask 0.9999306 294.4474768638611 1337.6855850219727 946.1289954185486 2185.923957824707 
mask 0.050711215 300.72183161973953 1339.0256309509277 943.2181012630463 2186.6805267333984 
mask 0.0011692047 881.187436580658 1619.653058052063 1980.0 2640.0 
nomask 0.0009915829 232.45531529188156 1574.0224170684814 990.7044446468353 2640.0 
nomask 0.0007365048 418.62853467464447 1350.6322288513184 1407.6435041427612 2366.975555419922 
mask 0.0006465912 11.043263711035252 1533.0128574371338 126.03170022368431 2374.34832572937 
nomask 0.00063982606 945.5022650957108 1840.1178359985352 1955.9436106681824 2640.0 
mask 0.0004658401 29.319292455911636 1498.6239051818848 289.85896825790405 2412.355842590332 
nomask 0.00046548247 0.0 1735.2515316009521 944.2364126443863 2640.0 
nomask 0.00038570166 236.428305208683 1534.9766635894775 566.9373822212219 2211.087112426758 
mask 0.00035488605 11.447710487991571 1740.0820541381836 56.5458744764328 2216.2688541412354 
nomask 0.0003347695 1590.1120162010193 1891.1300611495972 1969.2191290855408 2614.898371696472 
nomask 0.00032633543 0.0 1196.749370098114 18.861921429634094 1423.703441619873 
nomask 0.00030624866 0.0 671.9350790977478 899.953528046608 2382.036123275757 
nomask 0.0003016293 0.0 1328.7329578399658 766.3227152824402 2345.5946159362793 
nomask 0.00029924512 192.41570949554443 1927.7372646331787 1152.4758088588715 2521.895627975464 
mask 0.0002837181 8.272850587964058 1651.314868927002 46.960189528763294 2057.0447731018066 
nomask 0.00024917722 452.34958827495575 1847.574634552002 1708.023705482483 2640.0 
nomask 0.00023937225 416.72456324100494 1909.4505786895752 1902.9401993751526 2640.0 
mask 0.00022247434 1404.9531841278076 2150.2495622634888 1980.0 2630.0511503219604 
nomask 0.00021827221 0.0 1920.1438808441162 910.145788192749 2640.0 
nomask 0.00020286441 0.0 46.706721782684326 746.1479115486145 1576.7069149017334 
mask 0.00019696355 0.0 1789.6143436431885 1037.6199388504028 2640.0 
mask 0.00018903613 1867.1971571445465 11.059971749782562 1980.0 129.81113702058792 
mask 0.00018686056 452.34958827495575 1847.574634552002 1708.023705482483 2640.0 
nomask 0.00018674135 1365.2228128910065 1707.989559173584 1980.0 2640.0 
mask 0.00017905235 255.0947606563568 1207.3049855232239 1980.0 2640.0 
mask 0.0001771152 1710.5233097076416 1812.0209312438965 1980.0 2640.0 
nomask 0.00017249584 162.40039587020874 2076.898727416992 1518.0917859077454 2640.0 
nomask 0.00016659498 0.0 1602.4549627304077 574.3046647310257 2640.0 
nomask 0.00016358495 0.0 1483.7181758880615 276.2912392616272 2523.221197128296 
mask 0.00016137958 1011.0096573829651 19.939870834350586 1980.0 2640.0 
nomask 0.00015923381 0.0 2066.3668727874756 1391.416847705841 2640.0 
nomask 0.0001526177 648.9068752527237 867.7302503585815 1980.0 2640.0 
mask 0.00014919043 619.0692365169525 825.4475998878479 1980.0 2640.0 
nomask 0.00014844537 1404.9531841278076 2150.2495622634888 1980.0 2630.0511503219604 
mask 0.00014612079 1365.2228128910065 1707.989559173584 1980.0 2640.0 
mask 0.00013929605 0.0 1920.1438808441162 910.145788192749 2640.0 
mask 0.00013819337 416.72456324100494 1909.4505786895752 1902.9401993751526 2640.0 
nomask 0.00013369322 9.193657636642456 1354.4053173065186 1980.0 2640.0 
nomask 0.00013294816 1873.2266557216644 2512.5132608413696 1980.0 2640.0 
nomask 0.00013235211 1895.2281296253204 2160.528073310852 1980.0 2545.880026817322 
nomask 0.00013157725 1267.1183037757874 2390.231237411499 1980.0 2640.0 
mask 0.00012755394 1722.7548480033875 12.284316569566727 1977.0396566390991 134.32329833507538 
nomask 0.00012734532 118.03023755550385 2282.2291374206543 1307.310004234314 2640.0 
nomask 0.00012725592 1801.029281616211 1758.3120918273926 1980.0 2640.0 
mask 0.00012660027 191.34169399738312 1823.3803224563599 1300.7024574279785 2640.0 
mask 0.00012627244 1311.107679605484 2221.0845851898193 1980.0 2640.0 
mask 0.0001244247 1801.029281616211 1758.3120918273926 1980.0 2640.0 
nomask 0.00012430549 1710.5233097076416 1812.0209312438965 1980.0 2640.0 
mask 0.00012224913 1267.1183037757874 2390.231237411499 1980.0 2640.0 
mask 0.000118047 0.0 1602.4549627304077 574.3046647310257 2640.0 
mask 0.00011771917 6.39753520488739 1808.1095266342163 42.48841468244791 2357.8182077407837 
nomask 0.00011727214 0.07659408263862133 1408.170018196106 20.814936384558678 1729.5383977890015 
nomask 0.00011524558 1647.362630367279 2197.4802017211914 1980.0 2608.088150024414 
mask 0.00011283159 0.0 1196.749370098114 18.861921429634094 1423.703441619873 
mask 0.00010973215 1322.6280462741852 247.55688428878784 1980.0 1705.579490661621 
nomask 0.00010958314 8.272850587964058 1651.314868927002 46.960189528763294 2057.0447731018066 
nomask 0.00010818243 0.0 1276.418924331665 24.35762085020542 1573.4486961364746 
nomask 0.00010558963 1715.2788126468658 2521.042127609253 1972.7208173274994 2629.850206375122 
nomask 0.00010371208 5.26468813419342 1552.696237564087 33.468456231057644 1902.2386264801025 
mask 0.0001013577 5.26468813419342 1552.696237564087 33.468456231057644 1902.2386264801025 
nomask 0.00010058284 1666.5364122390747 0.0 1980.0 2398.6957454681396 
nomask 9.730458e-05 1322.6280462741852 247.55688428878784 1980.0 1705.579490661621 
mask 9.5933676e-05 1055.3357362747192 1101.6728281974792 1980.0 2457.680425643921 
nomask 9.5397234e-05 1311.107679605484 2221.0845851898193 1980.0 2640.0 
nomask 9.483099e-05 0.0 2318.769464492798 1980.0 2640.0 
nomask 9.4383955e-05 351.58538460731506 2098.1290769577026 995.3556203842163 2640.0 
mask 9.122491e-05 40.64447343349457 15.719339847564697 1975.6026792526245 1730.4487037658691 
nomask 9.024143e-05 0.0 23.381173610687256 1525.5913066864014 1056.0285758972168 
nomask 8.958578e-05 669.1318953037262 1491.1019611358643 1289.877212047577 2640.0 
nomask 8.946657e-05 1289.4362998008728 409.7653841972351 1980.0 2568.654670715332 
nomask 8.678436e-05 1468.9560341835022 0.0 1980.0 2063.256254196167 
nomask 8.627772e-05 789.172437787056 2061.2112522125244 1531.3585710525513 2640.0 
mask 8.3476305e-05 1666.5364122390747 0.0 1980.0 2398.6957454681396 
nomask 8.234382e-05 1014.7649645805359 1384.1912841796875 1803.8652348518372 2640.0 
nomask 8.031726e-05 1433.8888764381409 1317.6425671577454 1980.0 2640.0 
nomask 8.0019236e-05 279.1221472620964 1852.1549606323242 469.89470332860947 2215.58970451355 
nomask 7.754564e-05 0.0 749.443187713623 717.6231551170349 1884.4351816177368 
mask 7.736683e-05 390.85174173116684 2.491854429244995 1293.0898761749268 428.4813380241394 
mask 7.709861e-05 0.0 46.706721782684326 746.1479115486145 1576.7069149017334 
mask 7.671118e-05 0.0 1881.984043121338 1315.1220345497131 2640.0 
nomask 7.6293945e-05 1871.2372398376465 2275.249443054199 1979.1580653190613 2612.70938873291 
mask 7.5638294e-05 0.0 2318.769464492798 1980.0 2640.0 
mask 7.5250864e-05 0.0 0.0 265.11088013648987 801.0562777519226 
nomask 7.510185e-05 308.26023906469345 1901.2427186965942 876.5792191028595 2330.6179189682007 
mask 7.495284e-05 118.03023755550385 2282.2291374206543 1307.310004234314 2640.0 
nomask 7.253885e-05 376.07203513383865 1387.8488731384277 978.3682250976562 1858.6638450622559 
mask 7.233024e-05 1687.3241972923279 1420.3965997695923 1980.0 2640.0 
nomask 6.842613e-05 1441.1622762680054 1955.5166244506836 1980.0 2640.0 
mask 6.741285e-05 1316.9265174865723 1928.381953239441 1980.0 2600.076355934143 
nomask 6.699562e-05 73.35729137063026 1688.0839920043945 485.4844504594803 2640.0 
mask 6.6906214e-05 1433.8888764381409 1317.6425671577454 1980.0 2640.0 
nomask 6.625056e-05 319.0632086992264 1711.6745281219482 913.2934838533401 2227.222423553467 
nomask 6.613135e-05 0.0 1653.4220266342163 556.5984857082367 2240.0011682510376 
mask 6.574392e-05 1376.970008611679 261.95875883102417 1965.5994236469269 2353.5175037384033 
mask 6.476045e-05 1468.9560341835022 0.0 1980.0 2063.256254196167 
mask 6.219745e-05 789.172437787056 2061.2112522125244 1531.3585710525513 2640.0 
nomask 6.0886145e-05 384.80020344257355 1215.47114610672 1361.4614868164062 1781.12717628479 
mask 6.0230494e-05 232.45531529188156 1574.0224170684814 990.7044446468353 2640.0 
