nomask 0.79253924 0.15615244 0.5043303 0.4268189 0.70917296 
mask 0.27906618 0.1318565 0.49206394 0.44154394 0.7386902 
mask 0.0094818175 0.049386114 0.4526097 0.5736681 0.93629384 
nomask 0.0027242005 0.035349965 0.48981363 0.56648403 0.954503 
nomask 0.0016075075 0.0 0.6379417 0.52359205 1.0 
mask 0.0015169978 0.0 0.65060484 0.55259657 1.0 
mask 0.0013758838 0.020290732 0.62693465 0.6013706 1.0 
mask 0.001375556 0.034820348 0.44630867 0.39224112 0.6934319 
nomask 0.0012215376 0.034820348 0.44630867 0.39224112 0.6934319 
nomask 0.001177609 0.15101054 0.5076285 0.6318095 0.7361972 
nomask 0.0009971261 0.02025941 0.5523503 0.3249738 0.97445965 
mask 0.00088456273 0.0 0.49413544 0.41039014 0.9339523 
mask 0.0008678436 0.06378403 0.2969906 0.52292776 0.7966212 
mask 0.0008595586 0.12428525 0.35951808 0.8932184 0.9285699 
nomask 0.00074112415 0.08355817 0.32842395 0.48646697 0.7704716 
nomask 0.0005906522 0.0 0.6890732 0.6754662 1.0 
nomask 0.0005838275 0.0 0.48645133 0.121868715 1.0 
nomask 0.00054332614 0.0 0.0 0.4070869 0.7417022 
nomask 0.0005430877 0.0 0.51206166 0.9685274 0.9961453 
nomask 0.0005361736 0.2725048 0.5095936 0.4886496 0.66251576 
nomask 0.0005276501 0.42986867 0.5275533 0.50832134 0.64819694 
mask 0.00051373243 0.070183486 0.72701037 0.8865334 1.0 
mask 0.00049710274 0.0 0.48645133 0.121868715 1.0 
nomask 0.0004955828 0.0 0.0081934035 0.7677454 0.39957 
nomask 0.00049188733 0.0036647245 0.8719261 0.051832482 0.987755 
nomask 0.00047662854 0.0 0.30593786 0.37605482 0.72005177 
mask 0.0004390478 0.3271485 0.3281315 1.0 1.0 
nomask 0.0004325509 0.3271485 0.3281315 1.0 1.0 
nomask 0.0004234612 0.0 0.5376602 0.4721985 0.9084169 
mask 0.00041216612 0.1545034 0.4489355 0.6567585 0.67502415 
mask 0.0004106462 0.40920132 0.6340295 0.97348744 1.0 
nomask 0.00040721893 0.09389393 0.5236583 0.4730813 1.0 
nomask 0.00039801002 0.8783837 0.79096615 1.0 1.0 
nomask 0.00039720535 0.0 0.7738625 0.74228954 1.0 
mask 0.000394804 0.5108289 0.0059609413 1.0 1.0 
nomask 0.00038820505 0.11454858 0.50438756 0.39116776 0.92476684 
nomask 0.00038453937 0.0 0.025659114 0.27858046 0.62978876 
nomask 0.0003671348 0.6401608 0.9055358 1.0 1.0 
nomask 0.00036379695 0.08352342 0.7842684 0.78009665 1.0 
mask 0.00035959482 0.02025941 0.5523503 0.3249738 0.97445965 
mask 0.00035485625 0.0 0.30593786 0.37605482 0.72005177 
nomask 0.00035259128 0.0 0.3313609 0.25999713 1.0 
mask 0.00034746528 0.6401608 0.9055358 1.0 1.0 
nomask 0.00034466386 0.87951887 0.0 1.0 1.0 
nomask 0.0003425777 0.0 0.525884 0.32815254 0.74950296 
mask 0.0003376603 0.9082763 0.6653608 1.0 1.0 
mask 0.00033718348 0.0 0.56875634 0.008246448 0.722244 
nomask 0.0003351312 0.5108289 0.0059609413 1.0 1.0 
mask 0.00032803416 0.0 0.30910477 0.11164517 0.84163225 
mask 0.0003272891 0.0 0.60010904 0.48268053 0.8672722 
nomask 0.000310719 0.3645493 0.5200041 0.46857205 0.6559368 
nomask 0.00030767918 0.19663858 0.6619016 0.9450332 1.0 
mask 0.0003067255 0.0 0.525884 0.32815254 0.74950296 
nomask 0.0003065169 0.0 0.3895164 0.19592649 0.7070057 
mask 0.0003041625 0.23517554 0.49117285 0.55740476 0.77935773 
nomask 0.0002975762 0.6617428 0.70458007 0.6986574 0.7459223 
mask 0.0002911687 0.0 0.7367294 0.5047149 1.0 
mask 0.0002835691 0.32057685 0.42941397 0.53567356 0.8718255 
nomask 0.00027886033 0.0 0.43783134 0.2923613 0.66187686 
nomask 0.0002782941 0.0 0.9409213 0.06262465 1.0 
mask 0.00027814507 0.6141494 0.83306247 0.9481631 0.98645157 
nomask 0.00027254224 0.0 0.8819075 1.0 1.0 
nomask 0.00026968122 0.14848742 0.28226483 0.3745601 0.7215303 
mask 0.00026327372 0.0 0.3313609 0.25999713 1.0 
mask 0.00025752187 0.6638342 0.09624827 1.0 0.645867 
mask 0.00025177002 0.09686297 0.67672753 0.65765715 1.0 
nomask 0.0002490282 0.6638342 0.09624827 1.0 0.645867 
mask 0.00024372339 0.0 0.6144033 0.007616917 0.76699895 
mask 0.00024327636 0.0 0.43783134 0.2923613 0.66187686 
mask 0.00024235249 0.09389393 0.5236583 0.4730813 1.0 
nomask 0.00024107099 0.0 0.30910477 0.11164517 0.84163225 
mask 0.00023764372 0.87951887 0.0 1.0 1.0 
mask 0.00023624301 0.29351836 0.36617404 0.66725934 1.0 
mask 0.00023290515 0.0 0.8819075 1.0 1.0 
nomask 0.00023138523 0.6635729 0.649475 1.0 1.0 
nomask 0.00022920966 0.1905253 0.3080604 0.78006727 0.7243854 
nomask 0.00022488832 0.031828225 0.35272047 0.50675803 0.59293735 
nomask 0.00021860003 0.0 0.5719906 0.22208698 0.96026707 
nomask 0.00021380186 0.29034787 0.55434 0.43659437 0.6850475 
mask 0.00020983815 0.68486995 0.65696704 1.0 1.0 
mask 0.00020849705 0.0 0.3895164 0.19592649 0.7070057 
mask 0.00020608306 0.00956136 0.011248648 0.993267 0.6532454 
nomask 0.00020009279 0.32057685 0.42941397 0.53567356 0.8718255 
nomask 0.00019866228 0.0 0.63497347 0.4116251 1.0 
mask 0.00019839406 0.1905253 0.3080604 0.78006727 0.7243854 
nomask 0.00019806623 0.2037433 0.5172715 0.469598 0.9449811 
nomask 0.00019046664 0.0 0.38708115 0.650296 0.8710973 
mask 0.00018921494 0.0 0.7057566 0.013580805 0.87310046 
nomask 0.00018242002 0.0 0.08830643 0.43788075 0.45985788 
mask 0.00018116832 0.2037433 0.5172715 0.469598 0.9449811 
mask 0.0001783967 0.0 0.0 0.4070869 0.7417022 
mask 0.00017470121 0.1636619 0.61041456 0.7136867 0.87284416 
mask 0.0001680851 0.9818511 0.009863101 0.99721146 0.21336469 
nomask 0.00016096234 0.1636619 0.61041456 0.7136867 0.87284416 
mask 0.00015723705 0.7897837 0.8318475 1.0 0.9995217 
mask 0.00015196204 0.031828225 0.35272047 0.50675803 0.59293735 
mask 0.00014773011 0.094662696 0.08652353 0.68490446 0.977906 
mask 0.0001450777 0.08888532 0.57170165 0.35929424 0.7283436 
nomask 0.00014448166 0.6863338 0.0 1.0 0.6538987 
mask 0.00014448166 0.14848742 0.28226483 0.3745601 0.7215303 
