nomask 0.9999709 214.13222 199.48625 532.27795 410.2232 
mask 0.057049125 0.0 465.4736 130.07281 581.92487 
nomask 0.049806565 0.0 509.0219 144.02185 598.9704 
mask 0.03845793 0.0 509.0219 144.02185 598.9704 
nomask 0.03226027 0.0 465.4736 130.07281 581.92487 
mask 0.0060525835 211.94 201.73445 532.20215 406.77823 
mask 0.0053448677 2.3150325 561.13684 117.269516 600.0 
nomask 0.0038430393 11.684391 492.25687 101.5466 573.29706 
nomask 0.002930969 2.3150325 561.13684 117.269516 600.0 
mask 0.0028041601 11.684391 492.25687 101.5466 573.29706 
nomask 0.0020940602 15.032416 465.59573 102.93755 539.6701 
mask 0.0010244548 15.032416 465.59573 102.93755 539.6701 
nomask 0.0010228157 46.796574 490.99524 129.0917 571.2891 
mask 0.001020968 0.0 542.2464 110.74414 600.0 
nomask 0.00094881654 0.0 542.2464 110.74414 600.0 
nomask 0.00093337893 0.41983128 560.1965 60.388916 600.0 
nomask 0.00090005994 59.561043 462.85602 128.00279 541.87866 
nomask 0.0008869469 6.773998 487.1249 40.635014 588.34296 
nomask 0.0008710325 5.711095 460.24988 20.909954 564.62897 
nomask 0.00086542964 2.8116317 520.3308 55.82273 594.8065 
mask 0.0008032024 0.41983128 560.1965 60.388916 600.0 
nomask 0.00070509315 39.467537 570.0874 152.65529 600.0 
mask 0.0006633401 39.467537 570.0874 152.65529 600.0 
mask 0.00062304735 5.711095 460.24988 20.909954 564.62897 
mask 0.00049483776 0.0 548.16254 190.69417 600.0 
mask 0.00048223138 6.773998 487.1249 40.635014 588.34296 
mask 0.0004476905 2.8116317 520.3308 55.82273 594.8065 
mask 0.00042936206 46.796574 490.99524 129.0917 571.2891 
nomask 0.000395298 58.78039 426.8652 188.11047 586.49725 
nomask 0.0003501475 0.0 524.3389 75.53734 600.0 
nomask 0.0003401637 521.1039 368.48608 800.0 600.0 
nomask 0.00033643842 269.689 219.85876 540.8247 325.10513 
nomask 0.0003311634 0.0 548.16254 190.69417 600.0 
mask 0.00030326843 0.0 524.3389 75.53734 600.0 
nomask 0.00027525425 101.993225 496.95166 160.68132 566.6629 
mask 0.00026628375 24.164455 529.0402 149.95578 600.0 
nomask 0.00025576353 0.0 485.22183 73.88423 600.0 
nomask 0.00025245547 0.0 116.2729 350.29108 542.0031 
nomask 0.00024065375 104.73416 465.5985 163.91792 533.88275 
mask 0.00023692846 4.2617083 406.75757 51.775562 600.0 
mask 0.00023558736 521.1039 368.48608 800.0 600.0 
nomask 0.00023382902 24.164455 529.0402 149.95578 600.0 
nomask 0.00022953749 553.2192 121.236404 800.0 593.76044 
nomask 0.00022700429 701.2548 471.67825 800.0 600.0 
mask 0.00021973252 0.0 458.6812 68.88304 598.9119 
nomask 0.00021851063 111.883415 437.6217 166.732 481.67416 
mask 0.0002180934 2.2193618 0.0 24.962038 45.174553 
nomask 0.00021386147 90.87266 579.2207 192.1559 600.0 
mask 0.00020727515 59.561043 462.85602 128.00279 541.87866 
mask 0.00019231439 701.2548 471.67825 800.0 600.0 
nomask 0.00018164515 516.2018 542.1094 800.0 600.0 
mask 0.00017848611 97.78175 273.29373 790.6019 597.90765 
mask 0.00017464161 0.0 0.0 143.58003 187.72899 
mask 0.0001733303 516.2018 542.1094 800.0 600.0 
nomask 0.00016206503 756.66125 571.76544 800.0 600.0 
nomask 0.00016155839 0.0 528.40875 800.0 600.0 
nomask 0.00015723705 0.0 338.166 355.42148 600.0 
mask 0.00015259524 406.77942 2.6574612 800.0 600.0 
nomask 0.00015187263 0.0 448.11917 104.26512 555.0906 
mask 0.00015169382 0.0 448.11917 104.26512 555.0906 
mask 0.00015071034 0.0 528.40875 800.0 600.0 
mask 0.0001502037 0.0 0.0 373.55695 157.51222 
nomask 0.00014933944 304.44037 194.13011 688.4178 338.58453 
mask 0.0001488924 90.87266 579.2207 192.1559 600.0 
nomask 0.00014802814 73.72754 411.86584 527.4478 600.0 
nomask 0.00014799833 702.34576 0.0 800.0 600.0 
nomask 0.00014668703 261.1052 196.49246 800.0 600.0 
mask 0.0001402903 250.12872 187.60161 800.0 600.0 
mask 0.00013896823 3.1521738 376.0603 138.8153 554.5118 
nomask 0.0001386404 4.2617083 406.75757 51.775562 600.0 
nomask 0.00013279915 70.07927 436.17386 125.54629 491.1823 
nomask 0.0001322627 113.5917 64.18456 603.39844 493.35437 
mask 0.00013154745 84.05056 0.0 360.76068 283.6253 
nomask 0.00012859702 0.0 306.76712 769.8149 597.20013 
mask 0.00012853742 756.66125 571.76544 800.0 600.0 
mask 0.00012746453 532.2369 57.03977 800.0 389.0793 
nomask 0.00012597442 532.2369 57.03977 800.0 389.0793 
nomask 0.000121474266 181.75629 311.15036 477.8968 408.3835 
mask 0.00012078881 73.72754 411.86584 527.4478 600.0 
nomask 0.000120043755 112.12129 417.41183 158.57983 452.02255 
nomask 0.000119740296 406.77942 2.6574612 800.0 600.0 
mask 0.00011959672 702.34576 0.0 800.0 600.0 
mask 0.00011703372 3.753167 424.21436 11.642601 547.32404 
nomask 0.00011476874 245.88773 395.46002 723.4376 600.0 
mask 0.0001103282 0.0 0.0 108.3024 329.29068 
mask 0.0001090467 681.4077 505.41846 800.0 597.269 
mask 0.000108629465 71.47908 450.72562 184.7341 597.61145 
nomask 0.00010576844 100.26394 527.7412 167.39902 593.0636 
nomask 9.9390745e-05 84.05056 0.0 360.76068 283.6253 
mask 9.825826e-05 0.0 0.0 619.8933 158.93744 
mask 9.6440315e-05 552.7205 126.55458 800.0 584.8813 
nomask 9.253621e-05 3.753167 424.21436 11.642601 547.32404 
mask 8.7589025e-05 0.0 0.0 254.60573 214.07596 
mask 8.6694956e-05 421.8337 488.8739 701.9143 599.7413 
nomask 8.636713e-05 548.83167 0.0 800.0 361.2095 
nomask 8.094311e-05 78.18222 483.4788 181.91924 600.0 
nomask 8.049607e-05 81.33383 0.0 771.9411 169.41145 
nomask 7.8350306e-05 3.1521738 376.0603 138.8153 554.5118 
mask 7.611513e-05 101.993225 496.95166 160.68132 566.6629 
nomask 7.510185e-05 16.476233 312.76218 181.2779 582.12146 
