nomask 0.9998931 181.80638551712036 236.94753646850586 397.62428998947144 490.10605812072754 
mask 0.24614644 179.87871766090393 234.91735458374023 395.52083015441895 492.9567337036133 
mask 0.008191794 7.218595594167709 612.7181529998779 77.14635729789734 800.0 
mask 0.003381312 0.0 669.520092010498 113.20527791976929 796.2186813354492 
nomask 0.003045559 3.2260291278362274 630.0715923309326 74.88252818584442 800.0 
nomask 0.0015133321 0.0 669.520092010498 113.20527791976929 796.2186813354492 
mask 0.0014282763 470.38800716400146 676.4321327209473 600.0 796.8335151672363 
mask 0.0010428727 508.94250869750977 756.6726207733154 600.0 800.0 
mask 0.0010148883 491.873574256897 595.1738357543945 600.0 785.4028701782227 
mask 0.0008139014 1.7611965537071228 687.726879119873 38.73952478170395 793.272876739502 
nomask 0.0005737245 1.7611965537071228 687.726879119873 38.73952478170395 793.272876739502 
mask 0.0005555451 0.7844723761081696 634.7420692443848 51.52630805969238 800.0 
nomask 0.0005199909 508.94250869750977 756.6726207733154 600.0 800.0 
mask 0.00048717856 13.884041458368301 657.7357292175293 65.94400405883789 767.8811073303223 
mask 0.00046992302 3.866592049598694 759.3621730804443 89.46273922920227 797.1249103546143 
nomask 0.00044685602 0.0 745.0291633605957 39.94959443807602 800.0 
nomask 0.00041994452 3.866592049598694 759.3621730804443 89.46273922920227 797.1249103546143 
mask 0.0003643632 30.44852614402771 5.14606237411499 280.90623021125793 125.22413730621338 
nomask 0.000346452 137.59313821792603 529.7206878662109 564.259135723114 800.0 
nomask 0.00033301115 4.364453628659248 620.7845687866211 17.97436662018299 754.2130470275879 
mask 0.00032767653 586.5025520324707 569.5548057556152 596.7637538909912 713.8871192932129 
mask 0.0003221035 0.0 745.0291633605957 39.94959443807602 800.0 
nomask 0.0003196299 470.38800716400146 676.4321327209473 600.0 796.8335151672363 
nomask 0.00028938055 13.884041458368301 657.7357292175293 65.94400405883789 767.8811073303223 
mask 0.00028279424 154.31395769119263 204.54070568084717 498.85493516921997 733.1862449645996 
nomask 0.00028201938 491.873574256897 595.1738357543945 600.0 785.4028701782227 
mask 0.00027608871 4.835209250450134 637.8005981445312 149.7898668050766 779.1091918945312 
nomask 0.00027436018 417.62473583221436 141.7494773864746 600.0 768.4287071228027 
nomask 0.0002542138 561.9484305381775 758.5385322570801 600.0 800.0 
mask 0.00025042892 512.5204682350159 633.39524269104 600.0 768.1578159332275 
mask 0.0002502501 503.99104356765747 682.5514793395996 599.6225237846375 800.0 
mask 0.00024113059 73.629891872406 364.58425521850586 595.6506371498108 798.3087539672852 
mask 0.00023978949 0.0 14.655855298042297 302.42156982421875 66.86502695083618 
nomask 0.00022599101 406.729531288147 517.9619789123535 600.0 800.0 
mask 0.0002219975 4.7224681824445724 556.9207191467285 38.51834535598755 800.0 
mask 0.00022122264 516.997504234314 707.5078010559082 593.8138246536255 795.0253486633301 
nomask 0.00021132827 524.3956089019775 629.993486404419 600.0 800.0 
nomask 0.00020617247 0.0 14.655855298042297 302.42156982421875 66.86502695083618 
nomask 0.00020483136 385.9176993370056 722.5008964538574 600.0 800.0 
mask 0.00019979477 542.7865505218506 533.559513092041 600.0 800.0 
mask 0.00019836426 4.364453628659248 620.7845687866211 17.97436662018299 754.2130470275879 
nomask 0.00019451976 528.8319826126099 0.0 600.0 800.0 
nomask 0.00019344687 195.96744775772095 262.1476411819458 600.0 800.0 
mask 0.00019341707 385.9176993370056 722.5008964538574 600.0 800.0 
mask 0.00018888712 519.438099861145 729.4445514678955 600.0 800.0 
mask 0.00018846989 561.9484305381775 758.5385322570801 600.0 800.0 
nomask 0.00018578768 0.0 522.6428508758545 352.10126638412476 800.0 
mask 0.00018575788 305.61532974243164 4.176902770996094 600.0 800.0 
mask 0.00018465519 187.59614825248718 250.1356601715088 600.0 800.0 
nomask 0.00018060207 0.0 409.2839241027832 581.4371466636658 796.9902992248535 
mask 0.0001783967 347.1011281013489 632.6927185058594 600.0 800.0 
nomask 0.00017663836 519.438099861145 729.4445514678955 600.0 800.0 
mask 0.00017392635 575.4121899604797 654.6897411346436 600.0 766.9365406036377 
mask 0.00017043948 0.0 522.6428508758545 352.10126638412476 800.0 
mask 0.00016719103 145.86971998214722 541.7319297790527 550.4167914390564 800.0 
nomask 0.00016596913 0.0 687.1377468109131 53.764258325099945 800.0 
nomask 0.00015416741 43.55138540267944 635.6657981872559 461.24314069747925 800.0 
nomask 0.00015282631 0.0 704.4747352600098 600.0 800.0 
nomask 0.00014689565 305.61532974243164 4.176902770996094 600.0 800.0 
nomask 0.0001423657 503.99104356765747 682.5514793395996 599.6225237846375 800.0 
nomask 0.00013840199 399.6512174606323 0.0 600.0 521.6377258300781 
nomask 0.00013515353 516.997504234314 707.5078010559082 593.8138246536255 795.0253486633301 
nomask 0.00013419986 398.87938499450684 76.90212726593018 600.0 517.1444892883301 
mask 0.0001333952 0.0 704.4747352600098 600.0 800.0 
nomask 0.00013306737 0.0 8.64841341972351 285.849791765213 126.24387741088867 
mask 0.00013288856 0.0 687.1377468109131 53.764258325099945 800.0 
mask 0.00013017654 422.97524213790894 508.5752487182617 600.0 800.0 
mask 0.00012996793 398.87938499450684 76.90212726593018 600.0 517.1444892883301 
mask 0.00012981892 584.3732714653015 609.3887329101562 599.5591521263123 737.9062652587891 
nomask 0.00012922287 363.5397434234619 675.0128746032715 567.8816556930542 798.8101959228516 
mask 0.00012007356 56.01003170013428 549.7394561767578 393.38496923446655 800.0 
mask 0.0001193881 569.1884279251099 703.2903671264648 600.0 790.3010368347168 
nomask 0.00011858344 4.7224681824445724 556.9207191467285 38.51834535598755 800.0 
nomask 0.00011855364 16.215645521879196 633.3837985992432 61.6785854101181 718.9762592315674 
nomask 0.00011822581 160.8283817768097 0.0 512.257719039917 457.29103088378906 
nomask 0.000118047 586.5826606750488 521.0755825042725 595.9022283554077 687.5974178314209 
nomask 0.00011745095 0.0 0.0 248.1463372707367 565.0755882263184 
nomask 0.00011640787 38.34799826145172 773.6399173736572 123.93226325511932 798.6146450042725 
nomask 0.00011625886 411.0962390899658 734.807825088501 600.0 795.3902721405029 
nomask 0.00011178851 0.0 7.518613338470459 435.9712243080139 325.66585540771484 
nomask 0.00010919571 467.5449728965759 778.5257816314697 574.6630311012268 797.0277309417725 
mask 0.000108748674 528.8319826126099 0.0 600.0 800.0 
mask 0.00010693073 0.0 726.2555599212646 133.4206759929657 793.7477588653564 
nomask 0.00010690093 575.4121899604797 654.6897411346436 600.0 766.9365406036377 
mask 0.00010621548 0.0 725.6392478942871 86.03745102882385 800.0 
nomask 0.00010600686 327.5404930114746 2.615213394165039 600.0 355.22289276123047 
nomask 9.959936e-05 569.1884279251099 703.2903671264648 600.0 790.3010368347168 
nomask 9.551644e-05 416.8888449668884 671.8228340148926 445.71436643600464 729.9014091491699 
nomask 9.456277e-05 0.0 726.2555599212646 133.4206759929657 793.7477588653564 
mask 9.071827e-05 532.9131245613098 542.7188873291016 583.0828070640564 615.7529830932617 
mask 8.967519e-05 417.62473583221436 141.7494773864746 600.0 768.4287071228027 
mask 8.8870525e-05 0.0 260.96529960632324 368.5773253440857 721.2607860565186 
mask 8.8870525e-05 561.6330742835999 562.350606918335 600.0 800.0 
mask 8.785725e-05 586.9325280189514 486.0290050506592 597.0894455909729 630.5885791778564 
mask 8.434057e-05 2.042979374527931 0.0 30.10966032743454 36.92237138748169 
nomask 8.422136e-05 586.9325280189514 486.0290050506592 597.0894455909729 630.5885791778564 
nomask 8.291006e-05 3.380617406219244 579.9525260925293 10.175761207938194 707.766056060791 
nomask 7.903576e-05 449.6632933616638 546.5278148651123 560.1718068122864 791.5897846221924 
mask 7.7068806e-05 0.0 2.4296417832374573 125.0794529914856 23.742668330669403 
nomask 7.620454e-05 154.31395769119263 204.54070568084717 498.85493516921997 733.1862449645996 
