mask 0.36318666 1223.8844804763794 1572.7563171386719 1431.2611227035522 1916.2015342712402 
nomask 0.08676875 1223.8844804763794 1572.7563171386719 1431.2611227035522 1916.2015342712402 
mask 0.007025093 73.07785749435425 37.229970932006836 2240.4878482818604 2392.501808166504 
mask 0.0012027919 1271.511191368103 1677.5285682678223 1509.6241979599 2086.2801933288574 
mask 0.00095143914 0.0 34.85074424743652 2489.9825706481934 1261.7122020721436 
mask 0.0009089112 0.0 207.07647514343262 1277.7419714927673 3854.1616973876953 
nomask 0.00081276894 1345.0757989883423 2508.1925468444824 1534.9160985946655 2864.8780403137207 
mask 0.00061896443 0.0 77.23318290710449 750.567883014679 3215.9363021850586 
mask 0.00048825145 0.0 477.70437812805176 398.3510398864746 3317.87198638916 
mask 0.0004172027 1336.3272743225098 682.7144107818604 2975.9825191497803 3711.207664489746 
nomask 0.00040903687 1322.9406995773315 2387.0283851623535 1511.2071046829224 2752.5790214538574 
mask 0.0003642738 279.48888516426086 0.0 1425.412190437317 2029.3371276855469 
mask 0.0002924502 105.4829249382019 436.5325813293457 1550.9410915374756 1954.0240287780762 
mask 0.00028845668 0.0 0.0 1545.862343788147 1018.4027481079102 
mask 0.00028210878 0.0 0.0 970.7617077827454 571.8256244659424 
mask 0.00027236342 987.9872188568115 0.0 2019.3244886398315 1964.1093063354492 
mask 0.00024050474 1345.0757989883423 2508.1925468444824 1534.9160985946655 2864.8780403137207 
mask 0.00024050474 1.3317360877990723 0.0 2571.7839889526367 437.5665235519409 
nomask 0.00023761392 0.0 0.0 970.7617077827454 571.8256244659424 
mask 0.00023689866 3.365884780883789 150.81052780151367 1023.5206990242004 2167.5048294067383 
mask 0.00023385882 1563.5960540771484 32.67014694213867 3024.0 4032.0 
nomask 0.00023210049 1563.5960540771484 32.67014694213867 3024.0 4032.0 
nomask 0.00022101402 1316.4266653060913 2137.749355316162 1512.0358686447144 2518.215099334717 
mask 0.00020986795 0.0 2100.273410797119 3024.0 4032.0 
nomask 0.00020182133 1197.8925104141235 2382.081756591797 1395.0372161865234 2706.0463943481445 
nomask 0.0001976192 0.0 2100.273410797119 3024.0 4032.0 
mask 0.00019714236 1981.0686864852905 3436.7720375061035 3024.0 4020.0262413024902 
mask 0.00019565225 0.0 0.0 399.25176644325256 1229.156930923462 
mask 0.000195086 1239.254825592041 1089.213581085205 2130.1908645629883 2404.690418243408 
mask 0.00018751621 945.4665627479553 1260.6455154418945 3024.0 4032.0 
nomask 0.0001874268 945.4665627479553 1260.6455154418945 3024.0 4032.0 
nomask 0.00017422438 251.51634407043457 3332.727493286133 2325.2146339416504 4032.0 
mask 0.00017243624 2521.054009437561 0.0 3024.0 3788.118209838867 
mask 0.00016993284 0.0 0.0 731.0229864120483 1924.8568725585938 
nomask 0.0001630485 2992.158737182617 2605.0991706848145 3024.0 3001.6465644836426 
mask 0.00016179681 0.0 0.0 1526.9069366455078 523.8523035049438 
mask 0.00015699863 1153.8418493270874 0.0 2556.0874013900757 2972.59188079834 
nomask 0.00015491247 663.7453050613403 2647.534481048584 2869.5231199264526 4032.0 
nomask 0.00014808774 1073.5422277450562 2435.4646339416504 1223.7837238311768 2676.857608795166 
nomask 0.00014600158 0.0 0.0 399.25176644325256 1229.156930923462 
nomask 0.00014510751 0.0 0.0 1545.862343788147 1018.4027481079102 
nomask 0.00013881922 1204.000904560089 2135.8445320129395 1424.3302731513977 2519.004810333252 
nomask 0.00012382865 2531.9171619415283 0.0 3024.0 3940.608856201172 
mask 0.00012135506 0.0 0.0 647.0178093910217 744.716817855835 
mask 0.00012084842 713.7237553596497 45.25308680534363 2440.7156352996826 297.53064823150635 
nomask 0.00011661649 2509.7539443969727 3281.403007507324 3024.0 4032.0 
mask 0.00011584163 550.7693481445312 36.77984046936035 3024.0 1893.1547584533691 
nomask 0.00010970235 0.0 0.0 647.0178093910217 744.716817855835 
mask 0.00010895729 0.0 0.0 887.0380725860596 1141.701244354248 
mask 0.000108361244 1985.9306001663208 391.4559688568115 3024.0 2594.4294204711914 
nomask 0.00010642409 960.3467330932617 2464.6745681762695 1104.4746980667114 2702.423240661621 
mask 0.00010570884 671.8371992111206 0.0 1401.2273511886597 1225.6533393859863 
mask 0.00010031462 251.51634407043457 3332.727493286133 2325.2146339416504 4032.0 
mask 9.921193e-05 0.0 427.77522468566895 1000.4011945724487 1499.5293674468994 
nomask 9.918213e-05 1909.3231058120728 3669.3087615966797 3024.0 4032.0 
mask 9.88543e-05 359.2702589035034 0.0 1068.9149923324585 1255.1856708526611 
mask 9.7334385e-05 1909.3231058120728 3669.3087615966797 3024.0 4032.0 
mask 9.6946955e-05 1464.8154287338257 3296.66658782959 2939.6652460098267 4032.0 
mask 9.49502e-05 2509.7539443969727 3281.403007507324 3024.0 4032.0 
nomask 9.211898e-05 0.0 0.0 1526.9069366455078 523.8523035049438 
mask 9.2089176e-05 0.0 44.414063930511475 1487.7379260063171 317.17209577560425 
mask 8.711219e-05 2092.5435676574707 3700.3168144226074 3024.0 3981.396251678467 
nomask 8.2820654e-05 334.8481729030609 3954.7265625 923.7163753509521 4003.2719192504883 
mask 8.249283e-05 0.0 0.0 1212.2305054664612 1595.56156539917 
mask 8.127093e-05 0.0 861.9747819900513 1002.0546669960022 1893.3088073730469 
nomask 8.055568e-05 1.3317360877990723 0.0 2571.7839889526367 437.5665235519409 
nomask 8.0525875e-05 1985.9306001663208 391.4559688568115 3024.0 2594.4294204711914 
nomask 7.992983e-05 1192.7297687530518 1447.182415008545 1407.0899820327759 1828.767837524414 
mask 7.838011e-05 0.0 3456.649154663086 1190.5096077919006 4012.583106994629 
mask 7.6413155e-05 2637.3482666015625 0.48003602027893066 3005.0177364349365 196.18200516700745 
mask 7.56979e-05 334.8481729030609 3954.7265625 923.7163753509521 4003.2719192504883 
mask 7.498264e-05 2179.3244190216064 745.4376754760742 2995.0855464935303 3921.8235397338867 
nomask 7.31349e-05 0.0 21.99042320251465 2729.856565475464 1114.1127891540527 
nomask 7.107854e-05 2997.0253372192383 2743.6886444091797 3024.0 3187.8998794555664 
nomask 7.098913e-05 1179.218825340271 1243.8617534637451 1368.8103876113892 1581.769380569458 
mask 7.0124865e-05 2878.650698661804 0.0 3023.7272901535034 238.52180099487305 
mask 6.997585e-05 911.6218829154968 0.0 3024.0 490.8762216567993 
nomask 6.663799e-05 0.0 0.0 731.0229864120483 1924.8568725585938 
nomask 6.377697e-05 17.152467012405396 0.0 867.8834953308105 991.4494743347168 
mask 6.0111284e-05 374.20657539367676 1276.5989513397217 2837.5245037078857 3778.042304992676 
mask 5.969405e-05 2569.4916400909424 3903.995922088623 3024.0 4011.5566749572754 
mask 5.9068203e-05 1179.434217453003 1886.8566570281982 1443.76864528656 2252.5456008911133 
nomask 5.853176e-05 2569.4916400909424 3903.995922088623 3024.0 4011.5566749572754 
nomask 5.6236982e-05 0.0 3568.524238586426 3024.0 4032.0 
mask 5.6147575e-05 1204.000904560089 2135.8445320129395 1424.3302731513977 2519.004810333252 
nomask 5.4597855e-05 0.0 2617.338970184326 1856.0089616775513 4032.0 
mask 5.415082e-05 2992.158737182617 2605.0991706848145 3024.0 3001.6465644836426 
mask 5.3673983e-05 0.0 571.1132984161377 664.8956701755524 2265.7096939086914 
mask 5.3077936e-05 1316.4266653060913 2137.749355316162 1512.0358686447144 2518.215099334717 
nomask 5.1796436e-05 2877.467574119568 3896.131015777588 3024.0 4032.0 
nomask 5.108118e-05 488.0787076950073 3498.4617805480957 659.7290081977844 3692.304828643799 
nomask 5.057454e-05 0.0 287.16340827941895 417.18883752822876 2926.0522842407227 
mask 5.0485134e-05 60.219669342041016 3726.117244720459 1240.1764154434204 3955.722713470459 
mask 4.991889e-05 1300.0994925498962 1896.2153091430664 1508.7948031425476 2237.4723587036133 
nomask 4.9859285e-05 209.81007742881775 3962.697452545166 759.822624206543 4009.160144805908 
nomask 4.938245e-05 359.2702589035034 0.0 1068.9149923324585 1255.1856708526611 
mask 4.8339367e-05 52.269492387771606 3922.2878494262695 514.8963775634766 3998.8648223876953 
nomask 4.786253e-05 0.0 0.0 711.4588937759399 1334.558235168457 
mask 4.6879053e-05 0.0 1218.0280380249023 1806.707239151001 3638.5383911132812 
mask 4.673004e-05 0.0 1306.2959060668945 1375.2589931488037 2668.2193336486816 
