mask 0.9815469 1119.1341590881348 1383.9395656585693 1667.3472805023193 2237.9924240112305 
mask 0.0028506517 14.182849645614624 533.6311054229736 794.5699682235718 2266.7752990722656 
mask 0.0024493933 1256.9204034805298 1351.0767974853516 1602.545256614685 1873.2879753112793 
mask 0.0012185872 1597.961820602417 1472.5961608886719 1850.7989959716797 1910.998477935791 
mask 0.0011896491 1991.2279844284058 1336.3474617004395 2245.77387714386 1710.176845550537 
nomask 0.00070911646 60.275049448013306 496.5500764846802 769.786717414856 2344.133571624756 
nomask 0.0006416142 600.6380746364594 757.5927600860596 778.9056444168091 1048.25435256958 
mask 0.0006299615 0.0 0.0 730.1615982055664 1881.6784744262695 
mask 0.0005976856 1162.1960892677307 1407.8574028015137 1529.2034311294556 2038.3688163757324 
mask 0.00059488416 2408.2231492996216 17.884552359580994 2851.1223249435425 239.80901670455933 
nomask 0.00058797 1990.636962890625 1344.7624740600586 2237.664499282837 1734.9061431884766 
mask 0.00051921606 196.36478805541992 181.7087516784668 1450.9079475402832 2449.990894317627 
mask 0.0005186796 114.47058892250061 1096.9205932617188 1229.8972549438477 2320.6566123962402 
mask 0.0005083084 1482.5041680335999 2111.8225135803223 3024.0 3968.6902198791504 
mask 0.00041496754 1626.4835214614868 1352.8870525360107 1865.942593574524 1781.7707805633545 
mask 0.00040313601 2196.251174926758 22.49490863084793 2621.595262527466 141.37440061569214 
mask 0.00039634109 191.67505288124084 863.0662822723389 1619.0322160720825 3055.9647903442383 
mask 0.000359416 1313.4272174835205 2944.7138328552246 3024.0 4032.0 
mask 0.00035655499 2188.2605781555176 465.9811592102051 3024.0 3478.2390747070312 
mask 0.00035220385 468.4569368362427 1361.5759162902832 2796.4199380874634 3770.2415657043457 
nomask 0.00034877658 524.303605556488 2694.390106201172 2905.6536598205566 4032.0 
mask 0.00032415986 336.86977207660675 764.4785785675049 1025.232931137085 2667.272689819336 
nomask 0.00032186508 1119.1341590881348 1383.9395656585693 1667.3472805023193 2237.9924240112305 
nomask 0.00032040477 0.0 0.0 109.11361134052277 312.329137802124 
mask 0.0003170967 279.96072006225586 1450.562479019165 1197.0618538856506 2800.78768157959 
mask 0.0002962947 2071.0998859405518 29.315595030784607 2458.519821166992 112.57242715358734 
mask 0.000295192 0.0 1029.8124618530273 1074.9387617111206 2759.3816871643066 
mask 0.0002914667 896.6245536804199 1647.7996501922607 2162.7862701416016 3844.68660736084 
nomask 0.00028392673 2168.7017126083374 676.7927799224854 3024.0 3958.185333251953 
mask 0.00028166175 1357.7402243614197 1407.0721378326416 1704.7225885391235 2023.8538513183594 
mask 0.00027504563 2056.778203010559 13.78509521484375 2912.143000602722 270.30292224884033 
mask 0.0002746582 1914.233865737915 3429.2897300720215 3024.0 4032.0 
mask 0.00026339293 1388.1726965904236 519.0129203796387 3024.0 4032.0 
nomask 0.00026082993 990.5310988426208 1324.5594749450684 3024.0 4032.0 
nomask 0.0002592802 10.081792831420898 2067.669593811035 3024.0 4032.0 
mask 0.00025466084 0.0 51.883063316345215 2264.8833932876587 1685.2278900146484 
nomask 0.00025227666 2314.2923612594604 2432.10848236084 3024.0 4032.0 
mask 0.0002513826 945.4844970703125 1260.6864910125732 3024.0 4032.0 
mask 0.000246495 0.0 0.0 109.11361134052277 312.329137802124 
mask 0.00024318695 0.0 0.0 418.1654920578003 1311.6086711883545 
mask 0.00024208426 0.0 484.09957122802734 459.1161289215088 2715.9199447631836 
mask 0.00024017692 1980.9437770843506 2986.878776550293 3024.0 3988.4933166503906 
nomask 0.00023639202 0.0 2680.6191902160645 1805.1367692947388 4032.0 
mask 0.00021955371 0.0 374.871376991272 1222.7824659347534 1906.3349533081055 
mask 0.00021833181 154.2557201385498 1632.9292430877686 1800.4790725708008 3981.613265991211 
nomask 0.0002105236 1782.723913192749 3211.155258178711 3024.0 4032.0 
nomask 0.00020730495 1544.4230918884277 29.544227600097656 3024.0 4032.0 
mask 0.00020310283 1643.1566734313965 3319.20219039917 3024.0 4019.645565032959 
nomask 0.00019937754 1914.233865737915 3429.2897300720215 3024.0 4032.0 
mask 0.00019586086 979.9229021072388 917.9063758850098 1962.2044830322266 3205.7794075012207 
nomask 0.00019466877 1423.0730681419373 2946.29061126709 3024.0 4032.0 
mask 0.00019156933 452.5790684223175 1318.3910293579102 1725.1540174484253 2265.0338973999023 
nomask 0.00018721819 2654.5605297088623 0.0 3024.0 4006.5576553344727 
mask 0.00018334389 1923.4220066070557 2858.748767852783 3024.0 4032.0 
nomask 0.00018006563 1951.8716096878052 3633.7821006774902 3024.0 4032.0 
nomask 0.00017884374 279.96072006225586 1450.562479019165 1197.0618538856506 2800.78768157959 
nomask 0.00017768145 0.0 3538.1374282836914 3024.0 4032.0 
mask 0.00017735362 0.0 1282.5255088806152 2015.0651321411133 2647.396774291992 
nomask 0.00017550588 1194.0606036186218 3488.6365356445312 2282.006435394287 4032.0 
nomask 0.0001706183 2731.2029914855957 2718.1206092834473 3024.0 4032.0 
mask 0.00016924739 0.0 0.0 1360.327543258667 1032.6033668518066 
mask 0.00016856194 233.83319234848022 397.95354080200195 2573.410514831543 3258.465099334717 
mask 0.00016829371 1951.8716096878052 3633.7821006774902 3024.0 4032.0 
mask 0.00016358495 2731.2029914855957 2718.1206092834473 3024.0 4032.0 
mask 0.00015756488 1554.0261554718018 912.3847675323486 2845.560522079468 3321.935417175293 
mask 0.000156492 0.0 336.8825168609619 1227.293083190918 3460.196846008301 
mask 0.00015479326 1779.0047492980957 1509.2179870605469 1979.1521472930908 1935.885669708252 
mask 0.00015455484 1039.5005407333374 1620.3348426818848 1306.9048919677734 2199.7457542419434 
nomask 0.00015234947 232.68458461761475 3233.4623107910156 2356.5175065994263 4032.0 
mask 0.00014913082 0.0 3538.1374282836914 3024.0 4032.0 
mask 0.00014814734 1082.2333445549011 1543.5873584747314 1636.3364038467407 3337.2134170532227 
nomask 0.0001475215 1597.961820602417 1472.5961608886719 1850.7989959716797 1910.998477935791 
mask 0.00014477968 1166.9206566810608 80.56013488769531 2954.060468673706 2465.174446105957 
mask 0.00014281273 2314.2923612594604 2432.10848236084 3024.0 4032.0 
nomask 0.00013959408 1818.7553186416626 2489.8229942321777 3024.0 4032.0 
nomask 0.00013411045 0.0 1236.7121772766113 1425.1775121688843 2243.3170852661133 
mask 0.00013229251 0.0 3149.5255966186523 2205.8664951324463 4032.0 
nomask 0.00013047457 2307.5824012756348 0.0 3024.0 3037.001392364502 
nomask 0.00013038516 2474.324194908142 179.11587524414062 3024.0 3218.7464332580566 
nomask 0.00012919307 1561.2510738372803 3738.393814086914 2766.4299659729004 3992.376022338867 
mask 0.00012761354 2071.50129032135 0.0 2923.5146226882935 511.95022201538086 
mask 0.00012615323 0.0 723.6003398895264 757.9550213813782 4032.0 
mask 0.00012424588 1521.3188180923462 3512.1444969177246 2693.580388069153 4032.0 
nomask 0.00012257695 1643.1566734313965 3319.20219039917 3024.0 4019.645565032959 
nomask 0.000120431185 402.9989583492279 575.312873840332 588.7131922245026 858.3361873626709 
nomask 0.00012013316 336.86977207660675 764.4785785675049 1025.232931137085 2667.272689819336 
mask 0.000120043755 2013.1105613708496 382.6727771759033 3024.0 2602.7331619262695 
mask 0.00011959672 888.0380687713623 318.195613861084 2052.973603248596 2430.419231414795 
mask 0.00011661649 316.9967179298401 0.0 1383.981472492218 1926.8220176696777 
nomask 0.000116586685 1779.0047492980957 1509.2179870605469 1979.1521472930908 1935.885669708252 
nomask 0.00011596084 1256.9204034805298 1351.0767974853516 1602.545256614685 1873.2879753112793 
nomask 0.00011372566 1794.7525262832642 1438.8518772125244 3024.0 3900.4898071289062 
nomask 0.0001090765 1521.3188180923462 3512.1444969177246 2693.580388069153 4032.0 
nomask 0.00010871887 1801.063244819641 3923.652900695801 2467.2322969436646 4011.5069274902344 
mask 0.00010830164 0.0 864.8323774337769 1413.8609547615051 1960.110523223877 
nomask 0.000107586384 0.0 781.6686115264893 377.1519949436188 3341.0360412597656 
mask 0.00010621548 299.3041934967041 0.0 2907.2769412994385 1093.8238735198975 
nomask 0.00010576844 2071.0998859405518 29.315595030784607 2458.519821166992 112.57242715358734 
mask 0.00010532141 2594.9280967712402 64.06428337097168 3024.0 2459.7709579467773 
nomask 0.00010487437 299.3041934967041 0.0 2907.2769412994385 1093.8238735198975 
