nomask 0.8765651 0.15489481 0.6322311 0.22157706 0.71926785 
nomask 0.5392865 0.6456412 0.34648013 0.7491665 0.4872241 
mask 0.10405457 0.15489481 0.6322311 0.22157706 0.71926785 
mask 0.09541842 0.6456412 0.34648013 0.7491665 0.4872241 
nomask 0.0049939156 0.98433036 0.30354053 1.0 0.38156503 
nomask 0.0022433698 0.0 0.9491664 0.062133655 1.0 
nomask 0.0017574728 0.35381684 0.44239247 0.4007946 0.50924337 
nomask 0.0013484657 0.14388824 0.5504312 0.20210344 0.62172157 
nomask 0.0012690425 0.14106326 0.5993999 0.21219213 0.7057365 
nomask 0.0012426674 0.3005164 0.5010984 0.35085925 0.56451786 
mask 0.0009806156 0.98433036 0.30354053 1.0 0.38156503 
nomask 0.0009588897 0.98696846 0.33313042 1.0 0.42736083 
nomask 0.0008946359 0.00663808 0.95806825 0.12674177 1.0 
nomask 0.0005720854 0.29377306 0.6956163 0.3434108 0.7530399 
nomask 0.0005495548 0.40468192 0.4408297 0.4581254 0.5125643 
mask 0.0005131364 0.0 0.9491664 0.062133655 1.0 
nomask 0.0005001128 0.098296165 0.55178565 0.16153818 0.6316071 
mask 0.00038704276 0.98696846 0.33313042 1.0 0.42736083 
nomask 0.00027915835 0.64220923 0.3060603 0.7172938 0.4041608 
nomask 0.0002786517 0.598309 0.3219942 0.6696132 0.43334013 
nomask 0.00026872754 0.25511456 0.49455702 0.31734067 0.5684371 
nomask 0.00026625395 0.3470781 0.4900807 0.39542142 0.54619503 
nomask 0.00026589632 0.02987865 0.89736164 0.11990611 0.99218774 
nomask 0.0002487898 0.29771984 0.442903 0.35312837 0.53046733 
nomask 0.00024616718 0.0 0.64698064 0.0035584008 0.75533986 
nomask 0.00023293495 0.24594225 0.6946075 0.29875198 0.7534566 
nomask 0.00022611022 0.44776982 0.43848413 0.50644463 0.51972705 
mask 0.00022608042 0.11830008 0.4546846 0.960055 0.9879458 
mask 0.0002116561 0.0 0.64698064 0.0035584008 0.75533986 
nomask 0.00020474195 0.9081633 0.6680341 1.0 1.0 
mask 0.00019437075 0.9081633 0.6680341 1.0 1.0 
nomask 0.0001938045 0.7994568 0.8572898 1.0 1.0 
nomask 0.00019270182 0.09870693 0.5784451 0.16783503 0.67582595 
nomask 0.00019013882 0.8650246 0.36444938 0.8967988 0.41140813 
nomask 0.00018686056 0.080608845 0.8074698 0.7666706 1.0 
nomask 0.00018164515 0.22993091 0.6782218 0.93001735 1.0 
mask 0.00018081069 0.6438935 0.9033763 1.0 1.0 
nomask 0.00018000603 0.0 0.86367136 0.075977765 1.0 
mask 0.00017940998 0.2099444 0.0 1.0 0.26271093 
nomask 0.00017929077 0.030171394 0.661564 0.567203 1.0 
nomask 0.00017908216 0.35173082 0.3987351 0.40192622 0.48824787 
nomask 0.00017493963 0.32584453 0.32697386 1.0 1.0 
mask 0.00017434223 0.5086362 0.0025277138 1.0 1.0 
nomask 0.00017085671 0.0 0.5106877 0.92786586 0.9907479 
mask 0.00016883016 0.2817877 0.0 0.9987069 0.12770689 
nomask 0.00016874075 0.00086609274 0.7796838 0.13882318 1.0 
mask 0.00016466144 0.31265962 0.31266952 1.0 1.0 
mask 0.000164181 0.967245 0.0 1.0 0.057192758 
nomask 0.00016334653 0.8257551 0.0 1.0 0.8775035 
nomask 0.00016263127 0.19108418 0.68166995 0.24630612 0.74787796 
nomask 0.00015228987 0.9873536 0.25804102 1.0 0.33968443 
nomask 0.00014579296 0.0 0.8821753 1.0 1.0 
nomask 0.00014445186 0.7371188 0.37661147 0.8014696 0.4785326 
mask 0.00014421344 0.6603188 0.09538829 1.0 0.6449995 
nomask 0.00013893843 0.4032362 0.49170008 0.45816135 0.5514464 
mask 0.00013744831 0.023946553 0.0013249815 0.99455523 0.64124453 
nomask 0.00013741084 0.5086362 0.0025277138 1.0 1.0 
mask 0.00013709068 0.00663808 0.95806825 0.12674177 1.0 
nomask 0.00013577938 0.9072128 0.34555972 0.948198 0.40690374 
nomask 0.00013568997 0.6603188 0.09538829 1.0 0.6449995 
mask 0.00013464689 0.080608845 0.8074698 0.7666706 1.0 
nomask 0.00013408065 0.7360403 0.3349642 0.79882437 0.4365209 
nomask 0.00013190508 0.07677832 0.8905119 0.1532133 0.9744717 
mask 0.00013032556 0.8257551 0.0 1.0 0.8775035 
mask 0.00012922287 0.54454166 0.0 0.88177973 0.45236826 
nomask 0.0001283288 0.6832566 0.65960544 1.0 1.0 
nomask 0.00012800097 0.004095657 0.897822 0.03790707 1.0 
mask 0.00012764335 0.0 0.43931106 0.15746155 0.8682778 
mask 0.00012677908 0.0 0.8821753 1.0 1.0 
nomask 0.00012406707 0.9966154 0.3847499 1.0 0.4938367 
mask 0.00012266636 0.0 0.015051603 0.80713224 0.40111017 
nomask 0.0001219511 0.5972955 0.29326493 0.6597736 0.38441283 
nomask 0.000119149685 0.65959686 0.0 1.0 0.63557637 
nomask 0.00011831522 0.14699294 0.5054278 0.19778548 0.574843 
mask 0.00011438131 0.4824159 0.097889364 0.79631627 0.4203359 
nomask 0.0001142025 0.40359288 0.21578752 0.6713744 0.49862236 
nomask 0.000112980604 0.19328324 0.5419606 0.25328055 0.6182071 
nomask 0.00011244416 0.0 0.66762036 0.58609664 1.0 
mask 0.000112235546 0.0 0.5968625 0.0048150574 0.7212501 
nomask 0.00010937452 0.6828447 0.31129667 0.7445988 0.39740768 
mask 0.000108122826 0.7649302 0.12758908 1.0 0.85577416 
mask 0.00010675192 0.6832566 0.65960544 1.0 1.0 
nomask 0.000102579594 0.24311653 0.6502325 0.30155793 0.7098344 
nomask 0.00010159612 0.5999681 0.4125804 0.6708851 0.52775335 
nomask 9.7721815e-05 0.0 0.015051603 0.80713224 0.40111017 
nomask 9.7602606e-05 0.0 0.68003035 0.0026106583 0.8060621 
mask 9.688735e-05 0.27736595 0.22857967 0.8757845 0.9171214 
nomask 9.5933676e-05 0.0 0.5968625 0.0048150574 0.7212501 
nomask 9.328127e-05 0.023946553 0.0013249815 0.99455523 0.64124453 
mask 8.9645386e-05 0.043201804 0.2673105 0.6082169 0.69273424 
mask 8.919835e-05 0.54302156 0.0 1.0 0.29136178 
mask 8.9108944e-05 0.40359288 0.21578752 0.6713744 0.49862236 
nomask 8.890033e-05 0.78924197 0.38975695 0.84305733 0.46097282 
mask 8.714199e-05 0.75242794 0.0 1.0 0.46956766 
nomask 8.7082386e-05 0.0 0.43931106 0.15746155 0.8682778 
mask 8.228421e-05 0.29377306 0.6956163 0.3434108 0.7530399 
nomask 8.189678e-05 0.599417 0.35921535 0.67401767 0.4931794 
nomask 8.028746e-05 0.5586974 0.29308248 0.61315507 0.37530482 
mask 7.8737736e-05 0.9873536 0.25804102 1.0 0.33968443 
mask 7.838011e-05 0.0 0.0 0.44682664 0.6389265 
