mask 0.62793285 874.1626710891724 1149.7088441848755 1175.0635299682617 1436.2778663635254 
nomask 0.17933941 874.1626710891724 1149.7088441848755 1175.0635299682617 1436.2778663635254 
mask 0.15701401 2800.2387771606445 1124.1485595703125 3247.9549255371094 1595.0036487579346 
nomask 0.037138134 2800.2387771606445 1124.1485595703125 3247.9549255371094 1595.0036487579346 
mask 0.0024823546 3955.2110595703125 1242.1118803024292 4032.0 1704.2993745803833 
nomask 0.0023545623 3955.2110595703125 1242.1118803024292 4032.0 1704.2993745803833 
nomask 0.00133273 3981.014133453369 1152.2415490150452 4032.0 1594.209852218628 
nomask 0.001245439 2015.4884662628174 1973.7338190078735 2198.2509269714355 2123.037142753601 
nomask 0.00094369054 3419.2424240112305 1318.0865364074707 3682.626663208008 1602.1054601669312 
mask 0.0007671416 256.4058952331543 8.994287967681885 2433.2245559692383 1780.892629623413 
mask 0.000757426 3981.014133453369 1152.2415490150452 4032.0 1594.209852218628 
nomask 0.0006672144 2764.5063972473145 1030.5831270217896 3167.169605255127 1395.935194015503 
mask 0.0006671548 0.0 2303.8976640701294 1570.4489479064941 3024.0 
mask 0.0006119907 3939.616069793701 1357.3453087806702 4032.0 1839.431339263916 
mask 0.00056630373 1028.9435634613037 32.29736012220383 1848.7589893341064 106.6917793750763 
nomask 0.0005347729 3939.616069793701 1357.3453087806702 4032.0 1839.431339263916 
mask 0.00038543344 2015.4884662628174 1973.7338190078735 2198.2509269714355 2123.037142753601 
mask 0.00035843253 2764.5063972473145 1030.5831270217896 3167.169605255127 1395.935194015503 
mask 0.0003348887 716.478401184082 11.211418569087982 2151.0153465270996 193.18545627593994 
mask 0.0003336668 508.00755500793457 1380.7158036231995 4032.0 3024.0 
mask 0.00032168627 3991.501476287842 1019.7367372512817 4032.0 1433.5154399871826 
mask 0.00029319525 55.43309783935547 2006.626808166504 2310.805892944336 3024.0 
nomask 0.00028210878 3991.501476287842 1019.7367372512817 4032.0 1433.5154399871826 
nomask 0.00027111173 0.0 2050.403497695923 2412.380126953125 3024.0 
nomask 0.0002657175 1319.9115715026855 992.966561794281 4032.0 3024.0 
mask 0.00025716424 1260.646837234497 945.5090103149414 4032.0 3024.0 
nomask 0.00025340915 10.544300079345703 1550.1233224868774 4032.0 3024.0 
mask 0.0002529323 0.0 44.810391426086426 956.7025508880615 2158.684447288513 
nomask 0.00024926662 2662.415702819824 2359.59752368927 4032.0 3024.0 
nomask 0.00024792552 0.0 33.54630768299103 2063.0361099243164 179.36613714694977 
nomask 0.00024214387 3396.7258071899414 1190.9485030174255 3653.6683502197266 1447.8136010169983 
mask 0.00023573637 3946.8455543518066 1656.8801250457764 4032.0 2173.86012840271 
mask 0.00021600723 1650.264793395996 1502.6640586853027 1779.5139999389648 1706.8089179992676 
mask 0.00020715594 2064.563621520996 22.166101455688477 4032.0 3024.0 
nomask 0.00019970536 3590.657295227051 1429.0241990089417 3832.2040786743164 1731.225191116333 
nomask 0.00017514825 3585.218719482422 1312.3115944862366 3835.412910461426 1632.8376789093018 
mask 0.0001579225 0.0 37.67877209186554 1626.3401069641113 465.95640563964844 
mask 0.00015315413 0.0 0.0 1651.1636123657227 2314.5924682617188 
nomask 0.00015166402 0.0 37.67877209186554 1626.3401069641113 465.95640563964844 
mask 0.00014382601 3961.4518432617188 1854.2997035980225 4027.4741821289062 2314.299030303955 
nomask 0.00013953447 3671.0434341430664 2012.571810722351 4032.0 3024.0 
mask 0.00013509393 1514.8244304656982 9.116282477974892 2075.917579650879 83.62291234731674 
nomask 0.00013414025 2577.477310180664 2736.3972759246826 4032.0 3024.0 
mask 0.00013321638 2111.329845428467 2309.520029067993 3931.6377296447754 3024.0 
mask 0.00013291836 3671.0434341430664 2012.571810722351 4032.0 3024.0 
nomask 0.0001309812 1834.4159774780273 1839.4933433532715 1979.9818725585938 1999.6722564697266 
mask 0.00012764335 2577.477310180664 2736.3972759246826 4032.0 3024.0 
nomask 0.0001269579 3348.4279861450195 0.5923733711242676 4032.0 2673.329023361206 
nomask 0.00012615323 819.6902160644531 2071.352949142456 3752.09383392334 3024.0 
nomask 0.00012356043 792.7315349578857 1040.1918683052063 1119.2872467041016 1367.95467710495 
nomask 0.0001231134 2794.799961090088 904.720232963562 3049.373851776123 1107.2935409545898 
mask 0.000120818615 0.0 946.1245450973511 2332.229507446289 2648.6476106643677 
nomask 0.00011950731 3029.482795715332 596.5890183448792 4032.0 2898.4738025665283 
mask 0.00011911988 26.064293146133423 1771.3877992630005 124.76125502586365 2078.7182779312134 
mask 0.000115185976 743.6061515808105 16.89194478839636 1893.0992431640625 58.87435296177864 
mask 0.00011244416 0.0 36.27494949102402 1656.6321086883545 223.22860050201416 
mask 0.000111192465 0.0 2050.403497695923 2412.380126953125 3024.0 
mask 0.000105559826 0.0 0.0 3096.5464668273926 858.7337465286255 
mask 0.00010251999 0.0 13.602611795067787 884.1118640899658 79.5994057059288 
nomask 0.00010082126 323.5095806121826 2454.779748916626 3108.1698303222656 3024.0 
mask 9.8377466e-05 3419.2424240112305 1318.0865364074707 3682.626663208008 1602.1054601669312 
nomask 9.545684e-05 0.0 2676.5795516967773 4032.0 3024.0 
nomask 9.292364e-05 3951.401412963867 538.0384576320648 4032.0 915.9514446258545 
nomask 9.2446804e-05 0.0 0.0 1090.436840057373 518.4772939682007 
nomask 9.2327595e-05 1028.9435634613037 32.29736012220383 1848.7589893341064 106.6917793750763 
mask 8.958578e-05 475.90001106262207 3.498931936919689 1873.581293106079 30.632628053426743 
mask 8.749962e-05 2634.6866569519043 301.9510831832886 4032.0 1949.8573780059814 
mask 8.7201595e-05 3094.240779876709 2359.999108314514 4032.0 3024.0 
mask 8.6307526e-05 3348.4279861450195 0.5923733711242676 4032.0 2673.329023361206 
nomask 8.445978e-05 1395.2553119659424 1219.896572113037 1590.63596534729 1407.0759229660034 
mask 8.353591e-05 0.0 318.02239894866943 531.3868217468262 2176.5297288894653 
nomask 8.34167e-05 1512.3604888916016 2207.6379375457764 3965.9839096069336 3024.0 
mask 8.291006e-05 1849.6816005706787 1485.9736032485962 2051.673500061035 1694.9053945541382 
nomask 8.201599e-05 2634.6866569519043 301.9510831832886 4032.0 1949.8573780059814 
mask 8.1926584e-05 992.2504806518555 764.5939650535583 3479.4113845825195 2761.726667404175 
mask 8.177757e-05 0.0 2676.5795516967773 4032.0 3024.0 
nomask 8.171797e-05 3835.480442047119 1150.171531677246 4031.1725578308105 2084.1935634613037 
mask 8.067489e-05 84.1454222202301 35.91676998138428 523.7479419708252 359.40728974342346 
mask 7.984042e-05 274.07069206237793 76.3899393081665 3853.319595336914 1325.1359868049622 
nomask 7.972121e-05 3109.759105682373 1792.806607246399 4032.0 3024.0 
mask 7.662177e-05 1833.5020179748535 1348.7608966827393 2054.3291015625 1586.6159734725952 
nomask 7.542968e-05 3071.625629425049 911.9648880958557 4032.0 2999.165199279785 
mask 7.483363e-05 403.1917448043823 0.0 1871.5847854614258 1467.8447971343994 
mask 7.43866e-05 424.48957872390747 292.7789840698242 1350.8988361358643 1820.350121498108 
mask 7.376075e-05 0.0 266.20842933654785 1774.7407665252686 1405.3913583755493 
mask 7.3224306e-05 36.68139696121216 1654.1609573364258 99.03215646743774 2039.9071426391602 
mask 7.098913e-05 323.5095806121826 2454.779748916626 3108.1698303222656 3024.0 
nomask 7.0780516e-05 1850.0899143218994 1949.405324935913 2031.7838859558105 2121.880874633789 
mask 6.9111586e-05 59.430949687957764 904.4920434951782 913.305456161499 2287.1641302108765 
mask 6.905198e-05 2997.8537406921387 1072.1343383789062 4032.0 3018.5266971588135 
nomask 6.818771e-05 27.15292453765869 0.0 1126.9219207763672 889.5228323936462 
nomask 6.723404e-05 784.4157772064209 945.8599462509155 1048.7443771362305 1165.9002027511597 
mask 6.6548586e-05 4021.055076599121 862.1119780540466 4032.0 1263.4893221855164 
mask 6.586313e-05 34.47031205892563 1469.7937803268433 65.77031207084656 1953.4847974777222 
nomask 6.568432e-05 3867.2479248046875 2902.273896217346 4032.0 3024.0 
mask 6.458163e-05 0.0 0.0 1879.2873516082764 775.6797194480896 
mask 6.240606e-05 1427.3378620147705 1337.2503061294556 1629.8631649017334 1565.8024263381958 
nomask 6.234646e-05 0.0 0.0 1879.2873516082764 775.6797194480896 
mask 6.195903e-05 3590.657295227051 1429.0241990089417 3832.2040786743164 1731.225191116333 
nomask 6.0349703e-05 3905.6123542785645 446.1079773902893 4001.8143424987793 709.8816647529602 
