nomask 0.96829766 2200.3936 1627.5227 2397.555 1932.7238 
mask 0.905362 264.1509 1228.7867 558.1514 1742.3529 
nomask 0.44482306 908.3783 1267.088 1093.3787 1594.0522 
nomask 0.2799427 264.1509 1228.7867 558.1514 1742.3529 
mask 0.2735142 908.3783 1267.088 1093.3787 1594.0522 
mask 0.051347733 2200.3936 1627.5227 2397.555 1932.7238 
mask 0.007922918 111.17978 41.443306 1585.9835 1062.0221 
nomask 0.003409654 1998.2543 1442.293 2119.2883 1680.1996 
nomask 0.003232181 2143.1064 1649.8413 2336.7375 2014.6182 
nomask 0.0032236278 37.98544 2515.6094 82.358246 3032.871 
nomask 0.0031795204 1816.3077 1592.7664 1988.2776 1874.7013 
mask 0.0020094514 2343.2156 765.166 3015.1338 4000.6875 
nomask 0.001965344 1980.0029 1556.0254 2126.443 1835.6407 
nomask 0.0018337369 0.0 1158.5579 37.19482 1535.0015 
nomask 0.0016857088 0.0 1000.5939 32.63836 1387.415 
nomask 0.001252383 34.582138 2639.1226 85.80328 3261.4927 
mask 0.0010897517 0.0 1158.5579 37.19482 1535.0015 
mask 0.0010576844 0.0 1000.5939 32.63836 1387.415 
mask 0.00083997846 0.0 1309.4755 32.73897 1737.9034 
nomask 0.0007465184 16.912066 1682.8555 69.33977 2132.8389 
nomask 0.00070026517 30.571875 2390.1038 63.95079 2921.4177 
nomask 0.0006056726 1832.2961 1451.3597 1999.1287 1733.9585 
nomask 0.00060012937 0.0 1309.4755 32.73897 1737.9034 
nomask 0.0005299747 884.47736 1023.2567 1082.92 1344.4827 
mask 0.00052541494 2214.568 2057.2163 2945.049 4032.0 
nomask 0.00050622225 2110.4917 1423.9377 2283.4258 1764.2373 
nomask 0.0004749596 0.0 1539.1893 45.36958 1983.9386 
nomask 0.0004722476 576.34393 1366.9161 782.08795 1666.4739 
nomask 0.00046271086 1781.5048 1754.3754 1977.3907 2100.4324 
mask 0.00046104193 0.0 1539.1893 45.36958 1983.9386 
nomask 0.00040274858 112.05654 2549.5618 276.89148 2899.2644 
nomask 0.00040015578 21.871447 2079.182 149.23904 3648.094 
nomask 0.00037184358 572.8475 1568.5973 776.7602 1831.8058 
nomask 0.00036340952 295.75107 1003.9003 505.40024 1334.744 
nomask 0.00036031008 410.34415 993.90466 615.4446 1278.9852 
mask 0.00034314394 16.912066 1682.8555 69.33977 2132.8389 
nomask 0.0003183782 1222.221 1580.709 1373.7426 1880.1827 
mask 0.00030249357 2.3769343 745.52106 54.890087 1191.1298 
nomask 0.00029978156 34.612137 1848.105 460.4423 3435.0237 
nomask 0.00029540062 587.8269 1044.4558 777.5535 1265.037 
nomask 0.00027275085 2.3769343 745.52106 54.890087 1191.1298 
mask 0.00025722384 403.61282 1849.7758 3024.0 4032.0 
nomask 0.00025719404 758.4269 1189.3271 947.47577 1518.3468 
nomask 0.0002566576 15.172955 2125.299 41.77325 2753.8503 
nomask 0.00024792552 2231.824 1447.1532 2430.9558 1877.9175 
nomask 0.00022244453 2910.077 3290.2268 3011.787 3977.2402 
mask 0.0002217688 945.48737 1260.6777 3024.0 4032.0 
nomask 0.00022176711 945.48737 1260.6777 3024.0 4032.0 
nomask 0.00021767616 9.725119 1868.5856 46.175964 2430.399 
mask 0.00021535158 13.867467 47.733597 2289.8787 1603.1405 
nomask 0.00021123886 594.8427 1179.7192 789.46466 1485.007 
mask 0.00020468235 593.39417 1737.1738 776.84393 1973.7745 
nomask 0.00020185113 2208.4534 671.0092 3024.0 3935.3323 
nomask 0.00019937754 25.86021 2075.4727 3024.0 4032.0 
mask 0.00018936396 1720.6998 3030.3079 3024.0 4032.0 
nomask 0.00018906593 1399.1641 1477.0021 1507.0831 1690.474 
mask 0.00018703938 264.69424 1730.1343 507.21872 2036.559 
mask 0.00018212199 895.8909 1721.9358 1099.2493 2085.6926 
mask 0.00017341971 2205.5396 2984.4954 3024.0 3975.7014 
mask 0.00016301812 1555.0946 38.022926 3024.0 4032.0 
nomask 0.00016263127 2595.258 1733.6096 2698.192 2036.5133 
nomask 0.0001539886 14.679578 493.8353 81.60333 959.43085 
nomask 0.00015324354 119.40594 2709.1794 297.09076 3130.0518 
nomask 0.00014999509 2005.1881 1296.3555 2123.271 1521.3514 
mask 0.0001475811 572.8475 1568.5973 776.7602 1831.8058 
nomask 0.00014418364 1392.8444 537.5139 3024.0 4032.0 
nomask 0.0001412034 1205.2041 1426.953 1348.7721 1663.5243 
nomask 0.00013932586 290.9344 797.2888 494.96432 1078.0529 
mask 0.00013202429 15.172955 2125.299 41.77325 2753.8503 
mask 0.00012606382 1222.221 1580.709 1373.7426 1880.1827 
nomask 0.00012513995 1945.8394 1724.1973 2130.684 2082.644 
nomask 0.00012490153 9.464332 2811.1199 64.73266 3486.067 
nomask 0.00012421608 126.301125 2356.6355 296.3176 2738.0583 
nomask 0.00012418628 2853.149 3847.541 3024.0 4032.0 
nomask 0.00012406707 2580.8616 1585.1018 2704.2344 1894.1223 
nomask 0.00012332201 1389.1793 1633.7947 1517.918 1887.7831 
nomask 0.0001231134 2407.9136 1355.0118 2553.4666 1710.1097 
mask 0.00012227893 14.679578 493.8353 81.60333 959.43085 
nomask 0.00011742115 2974.9143 3060.036 3024.0 3950.2136 
nomask 0.00011700392 593.39417 1737.1738 776.84393 1973.7745 
nomask 0.00011694431 2374.4844 1545.9817 2529.714 1897.0398 
nomask 0.00011360645 2505.2698 3377.545 3024.0 4008.5962 
mask 0.00011229515 37.98544 2515.6094 82.358246 3032.871 
mask 0.000104635954 80.52573 1734.0118 350.29547 2032.395 
nomask 9.968877e-05 2250.0356 1601.1086 3024.0 4032.0 
nomask 9.948015e-05 1932.1285 3652.2183 3024.0 4032.0 
nomask 9.894371e-05 2754.0552 2698.9795 3024.0 4032.0 
mask 9.846687e-05 111.104385 1500.272 360.8972 1910.1382 
mask 9.769201e-05 0.0 0.0 1209.4045 1150.1251 
nomask 9.62913e-05 726.9153 2763.6006 2867.0432 4032.0 
mask 9.557605e-05 1932.1285 3652.2183 3024.0 4032.0 
nomask 9.530783e-05 2870.0635 3483.0854 3021.0593 4032.0 
mask 9.49204e-05 9.725119 1868.5856 46.175964 2430.399 
mask 9.396672e-05 2754.0552 2698.9795 3024.0 4032.0 
mask 9.396672e-05 290.9344 797.2888 494.96432 1078.0529 
mask 8.767843e-05 0.0 95.180305 165.11598 1403.7538 
mask 8.7201595e-05 0.0 61.51746 56.95877 585.0664 
nomask 8.657575e-05 260.44495 3309.7676 2321.8867 4032.0 
nomask 8.627772e-05 2129.3157 1257.7775 2278.4624 1511.938 
nomask 8.5771084e-05 0.0 61.51746 56.95877 585.0664 
