mask 0.68302375 2577.9264793395996 988.0911297798157 2930.1000938415527 1335.8142085075378 
mask 0.39462298 1585.5777053833008 1017.2454886436462 2095.466651916504 1465.106433391571 
nomask 0.3340699 2577.9264793395996 988.0911297798157 2930.1000938415527 1335.8142085075378 
mask 0.0019353926 1756.8870735168457 691.7842662334442 2791.6339073181152 1631.461332321167 
nomask 0.0018190145 1591.3899879455566 1025.5616970062256 2112.7287826538086 1483.8845701217651 
nomask 0.0017617941 3946.653293609619 1044.0116987228394 4028.3073921203613 1293.187388420105 
nomask 0.0010458529 2557.820571899414 883.2970991134644 2901.6366119384766 1229.3298454284668 
mask 0.00092312694 1204.3313827514648 113.4300377368927 2507.604949951172 1215.0393447875977 
mask 0.00083869696 1054.575044631958 10.85720443725586 2720.1626586914062 808.1229085922241 
mask 0.0008150935 1255.0786056518555 715.4094014167786 2780.2335662841797 2350.06854057312 
nomask 0.0007673502 985.9100818634033 1454.2247157096863 1273.4042987823486 1760.999771118164 
nomask 0.00072816014 1756.8870735168457 691.7842662334442 2791.6339073181152 1631.461332321167 
nomask 0.00069475174 1004.4176416397095 1040.1282420158386 1191.3030738830566 1250.2420763969421 
nomask 0.00066164136 3701.030101776123 1054.682710647583 3848.444103240967 1239.466612815857 
mask 0.0006415546 1586.2778949737549 1184.5019702911377 1999.1193866729736 1584.5119800567627 
nomask 0.00061044097 3956.3194427490234 1169.6425280570984 4029.507339477539 1449.6131615638733 
mask 0.0005812347 2160.670440673828 1184.327133178711 2475.842514038086 1384.3716115951538 
mask 0.00057932734 1724.454008102417 1482.4429750442505 2069.491985321045 1726.357689857483 
nomask 0.00056898594 3966.4679260253906 887.9779572486877 4032.0 1192.0150094032288 
mask 0.00049981475 1878.707805633545 1010.2906665802002 2221.846607208252 1284.0585479736328 
nomask 0.000485152 1724.454008102417 1482.4429750442505 2069.491985321045 1726.357689857483 
mask 0.00048047304 1267.7716598510742 1133.1238317489624 2212.187187194824 2270.4060831069946 
nomask 0.0004672706 1267.7716598510742 1133.1238317489624 2212.187187194824 2270.4060831069946 
mask 0.00045624375 1553.2013568878174 1459.4387369155884 1930.477975845337 1685.8279237747192 
mask 0.00045081973 96.90908718109131 1243.8376307487488 957.9734544754028 3024.0 
nomask 0.0004503429 3961.047134399414 735.7774744033813 4028.010108947754 1068.6329097747803 
mask 0.00039884448 1404.4143733978271 1002.6494736671448 1655.7445850372314 1311.9714732170105 
mask 0.00035709143 2557.820571899414 883.2970991134644 2901.6366119384766 1229.3298454284668 
nomask 0.00033554435 96.90908718109131 1243.8376307487488 957.9734544754028 3024.0 
mask 0.00032696128 2037.3308486938477 855.9536561965942 3027.9134674072266 1774.5537929534912 
nomask 0.00032693148 1031.1546821594238 2519.24525642395 1241.5960807800293 2812.2812690734863 
nomask 0.00032636523 2160.670440673828 1184.327133178711 2475.842514038086 1384.3716115951538 
nomask 0.00032284856 3697.7907485961914 1173.2558884620667 3866.5529022216797 1393.4363751411438 
nomask 0.00031995773 1243.0596656799316 1040.5217156410217 1464.482276916504 1268.0729384422302 
nomask 0.00031203032 996.6413555145264 2048.2207374572754 3823.22021484375 3024.0 
nomask 0.00030705333 1738.583610534668 1563.4989023208618 2094.0881423950195 1804.4053373336792 
mask 0.00029224157 506.69982147216797 1380.5600724220276 4032.0 3024.0 
mask 0.00028517842 2094.131881713867 974.6101069450378 3920.1806716918945 3024.0 
mask 0.00027287006 2249.870532989502 1138.5675745010376 2837.3256340026855 1931.2952642440796 
nomask 0.00026509166 3958.99715423584 589.4343953132629 4015.5972747802734 922.7220568656921 
nomask 0.00026229024 1848.29984664917 388.53636932373047 4032.0 3024.0 
mask 0.0002553463 887.0553760528564 1947.5875597000122 3141.9010162353516 3024.0 
nomask 0.0002529323 298.6630039215088 2430.882579803467 3092.9716186523438 3024.0 
nomask 0.00025227666 2699.443199157715 520.6199498176575 4032.0 2922.2080307006836 
mask 0.00025227666 1099.9466571807861 115.49676561355591 3063.7787475585938 1803.5255641937256 
nomask 0.0002400577 3676.153964996338 914.5321998596191 3826.139934539795 1109.071291923523 
mask 0.00023582578 1262.7166442871094 558.5967335700989 3548.4906692504883 2781.804096221924 
nomask 0.00023111701 0.0 2006.8703184127808 2313.9447898864746 3024.0 
mask 0.0002283752 2699.443199157715 520.6199498176575 4032.0 2922.2080307006836 
nomask 0.00022646785 1260.6463565826416 945.5161299705505 4032.0 3024.0 
mask 0.00022643805 1332.7312774658203 0.0 2648.181198120117 1302.7790966033936 
mask 0.00022640824 1260.6463565826416 945.5161299705505 4032.0 3024.0 
nomask 0.00022256374 1338.9271202087402 1445.883994102478 1665.697322845459 1695.4345922470093 
nomask 0.00021907687 3229.319091796875 2589.7527379989624 4032.0 3024.0 
nomask 0.00021868944 8.778865814208984 1549.2538232803345 4032.0 3024.0 
nomask 0.00021752715 3664.382080078125 2018.8982105255127 4032.0 3024.0 
mask 0.00021073222 2553.9842491149902 1251.8133573532104 2851.1501426696777 1584.5655126571655 
mask 0.0002078116 3664.382080078125 2018.8982105255127 4032.0 3024.0 
mask 0.00020632148 2204.9000244140625 919.1233863830566 2445.273536682129 1087.8956336975098 
nomask 0.00020620227 2743.5884284973145 1952.2295751571655 4032.0 3024.0 
nomask 0.00020211935 2204.9000244140625 919.1233863830566 2445.273536682129 1087.8956336975098 
nomask 0.00019982457 985.7020797729492 1336.1893873214722 1235.2207145690918 1587.881830215454 
mask 0.00019854307 629.3218002319336 51.62376666069031 3958.6025390625 1276.9453811645508 
mask 0.00019651651 2591.3222465515137 2733.758677482605 4032.0 3024.0 
nomask 0.00019189715 14.702629566192627 573.8963327407837 626.2981395721436 2171.124017715454 
mask 0.00018644333 1405.3125915527344 1105.73992395401 1673.280086517334 1491.9594311714172 
nomask 0.00018551946 1223.6688480377197 1224.1424102783203 1796.432825088501 2013.246826171875 
mask 0.00018465519 2162.890811920166 1064.326419353485 2457.058879852295 1246.770748615265 
nomask 0.00018376112 3951.305522918701 1291.692711353302 4021.4109992980957 1670.0370683670044 
mask 0.00017952919 3946.653293609619 1044.0116987228394 4028.3073921203613 1293.187388420105 
nomask 0.00017488003 3374.7309379577637 15.194967269897461 4032.0 2685.292568206787 
nomask 0.00017032027 1553.2013568878174 1459.4387369155884 1930.477975845337 1685.8279237747192 
mask 0.00016900897 298.6630039215088 2430.882579803467 3092.9716186523438 3024.0 
nomask 0.00016570091 0.0 2266.794164657593 3026.5873489379883 3024.0 
nomask 0.0001616776 0.0 2672.166266441345 4032.0 3024.0 
mask 0.00016105175 0.0 2266.794164657593 3026.5873489379883 3024.0 
mask 0.00015926361 3374.7309379577637 15.194967269897461 4032.0 2685.292568206787 
mask 0.00015923381 355.94643115997314 1139.8702011108398 2093.977352142334 2935.369119644165 
nomask 0.00015735626 1188.226661682129 2501.6528577804565 1380.7503204345703 2792.074604988098 
mask 0.00015681982 2743.5884284973145 1952.2295751571655 4032.0 3024.0 
mask 0.0001552999 2201.533058166504 1450.1721897125244 2462.922592163086 1694.065996170044 
mask 0.00015410781 2419.4132652282715 1431.3142046928406 2699.3891258239746 1710.6553344726562 
nomask 0.0001527071 1003.7234001159668 1155.5580468177795 1222.240951538086 1407.7400336265564 
nomask 0.00014925003 3965.82625579834 259.87155282497406 4032.0 588.535966873169 
mask 0.00014439225 2676.1034660339355 291.44959115982056 4032.0 1950.9673233032227 
nomask 0.00014311075 0.0 427.40995931625366 1698.8359851837158 2851.5691509246826 
nomask 0.00014099479 2649.0295486450195 0.0 4032.0 2047.3173522949219 
mask 0.00014078617 0.0 2025.7067642211914 2171.5324516296387 3024.0 
mask 0.00014066696 1397.6219215393066 0.0 3968.7464561462402 862.5954837799072 
mask 0.00013798475 1377.4155578613281 1245.0598683357239 1644.7610893249512 1621.6722564697266 
nomask 0.0001373589 1739.2622909545898 903.3782229423523 2062.836639404297 1169.7285046577454 
mask 0.0001372993 0.0 2672.166266441345 4032.0 3024.0 
nomask 0.00013321638 594.4679918289185 1004.019962310791 1551.9484176635742 2289.35391998291 
nomask 0.00013303757 3962.7765197753906 418.0519380569458 4023.0449752807617 746.4889512062073 
mask 0.00013279915 0.0 1950.2149829864502 895.5418252944946 3024.0 
nomask 0.00013059378 1307.9640083312988 1573.227596282959 1722.275333404541 1797.5364017486572 
nomask 0.00012749434 2676.1034660339355 291.44959115982056 4032.0 1950.9673233032227 
mask 0.0001270473 241.6626205444336 597.6942772865295 2302.636974334717 2475.011827468872 
mask 0.00012499094 1935.3253498077393 1299.3399424552917 2238.05082321167 1600.0304861068726 
mask 0.00012329221 1338.9271202087402 1445.883994102478 1665.697322845459 1695.4345922470093 
