mask 0.96968937 793.44794 1759.5286 1062.8575 2179.924 
mask 0.26475266 1341.8231 1603.5018 1547.4349 1873.776 
nomask 0.020378113 1909.3159 1568.4357 2081.353 1793.8107 
nomask 0.017178655 1341.8231 1603.5018 1547.4349 1873.776 
nomask 0.011301726 793.44794 1759.5286 1062.8575 2179.924 
nomask 0.010294706 1852.2969 1583.4321 2028.5067 1814.1101 
mask 0.00740245 1852.2969 1583.4321 2028.5067 1814.1101 
mask 0.0043872893 0.9729032 2680.8538 116.73261 3125.6855 
mask 0.0042517185 0.0 3273.1929 776.76587 3977.6123 
mask 0.0029138327 1909.3159 1568.4357 2081.353 1793.8107 
mask 0.002270341 40.649315 2708.4717 611.1813 3978.2698 
nomask 0.0021962523 1943.7236 1468.5298 2070.0867 1680.6478 
mask 0.0021424592 1.8122002 7.6998177 489.60672 187.51244 
nomask 0.0015902221 2101.3484 1617.5051 2287.9795 1847.8455 
mask 0.0015340149 1185.1782 1567.2394 1433.409 1912.3821 
nomask 0.0013028085 1844.8763 1457.3615 1988.2338 1678.6005 
nomask 0.0008971989 1641.6401 1595.9117 1852.4021 1851.606 
nomask 0.00084245205 1843.4346 1230.9954 1985.7051 1506.4968 
nomask 0.00071930885 1320.7396 1499.4558 1509.4258 1772.841 
mask 0.0006789863 996.8065 1718.8281 1233.4336 2113.9382 
mask 0.0006367266 1641.6401 1595.9117 1852.4021 1851.606 
nomask 0.00063222647 1955.3395 1247.9095 2076.8193 1472.6725 
mask 0.00061941147 1994.5372 2609.8057 2965.0793 4032.0 
mask 0.00059610605 1168.6664 1739.7391 1381.9314 2033.9492 
nomask 0.000564605 2231.9492 1621.9572 2389.335 1843.8717 
mask 0.000543803 1089.9075 42.43038 1442.8818 153.27754 
nomask 0.00045090914 13.664034 743.7112 55.537533 1135.9594 
mask 0.00036990643 12.451197 1.6224253 232.25645 187.50668 
mask 0.00036129355 1947.1892 30.426888 2215.618 120.20875 
mask 0.0003426075 1454.804 1612.2184 1655.2148 1882.6577 
nomask 0.00030744076 2251.692 2002.8212 2409.5308 2357.4517 
mask 0.0002925992 1001.21985 1521.8617 1246.4899 1944.6875 
nomask 0.0002758503 0.9729032 2680.8538 116.73261 3125.6855 
mask 0.00026848912 0.0 3226.456 421.21 3921.2388 
mask 0.00026100874 20.974403 91.17941 105.44447 515.9672 
nomask 0.00025561452 709.5386 2611.077 2298.4414 4032.0 
nomask 0.00025254488 2521.4895 1966.0785 2713.4985 2328.3416 
mask 0.00023764372 1844.8763 1457.3615 1988.2338 1678.6005 
mask 0.00023674965 825.5184 1561.7416 1089.9457 2071.37 
mask 0.00023651123 1991.1456 3268.008 3024.0 4017.0889 
mask 0.00021272898 0.0 14.366128 613.552 349.17496 
mask 0.00020614266 1320.7396 1499.4558 1509.4258 1772.841 
mask 0.00020447373 0.0 3082.3542 1151.904 4032.0 
mask 0.00020104647 98.00485 2037.2948 748.17773 4032.0 
mask 0.00019726157 1934.5568 1468.4906 3024.0 3998.5173 
mask 0.00019589067 367.88116 1835.6444 2970.9343 4010.9941 
mask 0.0001912713 77.30945 72.97066 331.8668 366.21448 
nomask 0.00019106269 632.11285 610.1613 746.68335 859.8838 
nomask 0.00018081069 1955.6132 1012.117 2088.514 1285.7853 
nomask 0.00017979741 0.0 2591.2556 1704.2433 4032.0 
nomask 0.00017419457 2092.9805 1717.3397 2303.3445 2027.1586 
mask 0.00017344952 143.51308 2405.2856 562.2921 3655.565 
mask 0.0001705885 2101.3484 1617.5051 2287.9795 1847.8455 
mask 0.00016927719 7.126561 2721.1792 257.51144 4032.0 
nomask 0.000164181 621.0269 392.83826 754.7296 638.4794 
nomask 0.00015756488 986.87756 1320.299 3024.0 4032.0 
nomask 0.0001566112 767.0914 2759.8884 2748.3235 4032.0 
mask 0.00015151435 945.48486 1260.6782 3024.0 4032.0 
mask 0.00015041232 673.7759 78.38314 2488.4124 2382.6494 
mask 0.00014781952 165.47905 0.0 582.63226 152.73993 
mask 0.00014641881 872.47046 2107.6516 1112.3605 2439.575 
mask 0.00014448166 2334.6538 1448.0526 3024.0 2888.6575 
mask 0.00014346838 351.48883 0.0 705.8856 122.63874 
nomask 0.00014013052 0.0 2061.5115 2896.9128 4010.9758 
mask 0.00013741851 1175.147 1972.8322 1336.0385 2197.2124 
mask 0.00013445847 1542.5531 17.844921 3024.0 4032.0 
mask 0.00012847781 0.0 0.0 796.0453 609.34064 
nomask 0.00012564659 2971.2285 1964.7961 3015.0312 2365.2935 
mask 0.00012397766 10.437176 3112.7397 102.6623 3613.392 
mask 0.00012382865 2126.4998 2984.943 3024.0 3982.1765 
nomask 0.00012260675 57.327694 3045.1287 1301.8164 4032.0 
mask 0.00012105703 1827.9635 1705.4156 2044.3033 1952.7877 
mask 0.00012072921 259.36374 2901.9631 459.5448 3365.424 
nomask 0.000118911266 2657.054 3176.4824 3024.0 4032.0 
mask 0.0001180172 94.12338 3099.0957 350.06735 3546.4565 
nomask 0.00011727214 40.649315 2708.4717 611.1813 3978.2698 
nomask 0.00011691451 1744.8641 3927.021 2080.4163 4012.539 
mask 0.00011369586 2124.9968 2538.4663 3024.0 3556.7456 
nomask 0.000113248825 10.079913 557.3874 51.884518 898.5834 
nomask 0.00011244416 892.7796 1451.6047 1074.1235 1697.2739 
nomask 0.00011050701 1941.2467 3643.1902 3024.0 4032.0 
mask 0.000109642744 18.74556 2446.9045 99.27736 2778.1755 
nomask 0.00010827184 2119.9182 1950.2775 2296.372 2307.1924 
nomask 0.000108003616 2400.5142 1977.2273 2601.2373 2339.711 
mask 0.000107795 2746.647 2696.03 3024.0 4032.0 
nomask 0.00010672212 0.0 3273.1929 776.76587 3977.6123 
nomask 0.00010561955 1542.5531 17.844921 3024.0 4032.0 
mask 0.00010377169 1941.2467 3643.1902 3024.0 4032.0 
nomask 0.00010365248 2409.7644 1641.0544 2539.6873 1851.9176 
mask 0.00010102987 0.0 2611.0142 1609.0288 4032.0 
nomask 0.00010100007 2146.157 1030.1091 2246.1814 1218.2795 
mask 0.000100940466 337.20004 1689.992 1530.768 3931.8513 
mask 0.0001001358 101.01419 2928.8652 315.15823 3344.5715 
mask 9.933114e-05 1943.7236 1468.5298 2070.0867 1680.6478 
nomask 9.87649e-05 2305.7622 2375.9182 3024.0 4032.0 
mask 9.661913e-05 17.355713 2823.4417 107.91355 3360.1382 
nomask 9.4890594e-05 1046.0544 3601.389 1217.4001 3924.829 
nomask 9.289384e-05 1969.369 792.15466 2103.7122 1056.2771 
nomask 9.1046095e-05 1084.4004 3401.3247 1209.2346 3764.188 
nomask 9.068847e-05 0.0 1963.6975 24.965343 2376.1875 
