mask 0.99976635 483.43372344970703 227.21790075302124 601.3954162597656 362.8438711166382 
nomask 0.95455444 0.0287473201751709 221.75860404968262 123.74231815338135 434.3822479248047 
mask 0.75495887 168.3899164199829 253.83755564689636 279.7435522079468 358.2805037498474 
nomask 0.33348882 288.2801294326782 284.94914174079895 334.2879056930542 328.01960706710815 
mask 0.024170607 283.01987648010254 281.49349093437195 326.46427154541016 316.5067791938782 
nomask 0.022124022 173.56703281402588 254.0131688117981 275.0588655471802 358.27378034591675 
mask 0.011345595 2.936422824859619 213.85992765426636 126.0098934173584 433.28529596328735 
nomask 0.0051935017 481.6121578216553 225.18696784973145 603.8596630096436 361.8752360343933 
nomask 0.0038622618 354.46622371673584 293.78820061683655 397.0780611038208 342.2146439552307 
nomask 0.0034021735 5.784809589385986 230.92862963676453 61.4116907119751 468.21441650390625 
nomask 0.0020860136 301.41546726226807 282.19224214553833 340.7399892807007 315.3065800666809 
nomask 0.001799047 275.84028244018555 303.763747215271 328.05614471435547 362.9080295562744 
mask 0.0012637377 9.007775783538818 1.1556141078472137 343.0316925048828 41.16775095462799 
nomask 0.0009666383 173.96926879882812 403.6934494972229 739.1386032104492 600.0 
nomask 0.00096458197 0.0 392.11127758026123 459.0735912322998 600.0 
nomask 0.0008967817 356.59992694854736 310.56264638900757 402.9116153717041 363.023579120636 
nomask 0.0007763803 5.633199214935303 172.5108504295349 109.65099334716797 338.4240388870239 
nomask 0.00067558885 16.86873733997345 216.59465432167053 95.08588314056396 297.1597373485565 
mask 0.0006725192 0.0 291.8428301811218 112.86038160324097 477.26486921310425 
nomask 0.0006675422 15.636515617370605 1.2744918465614319 340.1552438735962 83.97905230522156 
nomask 0.0006637573 302.9986619949341 304.69722747802734 360.83972454071045 369.1442012786865 
nomask 0.00065657496 108.06800127029419 46.88159376382828 172.39638566970825 97.54278659820557 
nomask 0.00062292814 62.539029121398926 475.67131519317627 619.4326400756836 600.0 
nomask 0.0006105304 685.4901313781738 297.4137246608734 799.4780540466309 487.14988231658936 
nomask 0.0005989969 33.14380645751953 6.144440174102783 591.6760921478271 360.0602388381958 
mask 0.00058844686 5.633199214935303 172.5108504295349 109.65099334716797 338.4240388870239 
nomask 0.0005837977 9.007775783538818 1.1556141078472137 343.0316925048828 41.16775095462799 
nomask 0.00056776404 672.1885681152344 0.0 800.0 542.2554731369019 
nomask 0.0005671978 3.465016931295395 211.89751625061035 26.47593319416046 322.10694551467896 
mask 0.00055262446 3.465016931295395 211.89751625061035 26.47593319416046 322.10694551467896 
nomask 0.00054737926 715.6877040863037 329.38774824142456 771.6121196746826 374.58969354629517 
nomask 0.00053700805 366.8591499328613 76.8583595752716 800.0 600.0 
mask 0.00052535534 366.8591499328613 76.8583595752716 800.0 600.0 
mask 0.00050988793 0.0 399.26741123199463 430.21907806396484 600.0 
nomask 0.0004849434 0.0 279.11217212677 113.55854272842407 572.3649501800537 
mask 0.00047442317 101.37181282043457 274.27777647972107 800.0 600.0 
nomask 0.00044974685 771.8732357025146 342.4011826515198 798.3500003814697 432.6827645301819 
nomask 0.00044962764 18.129104375839233 189.9987280368805 93.77955794334412 263.3669435977936 
nomask 0.00044846535 1.6915440559387207 309.2017650604248 22.742484509944916 447.4454641342163 
nomask 0.0004223287 29.43124771118164 393.7041163444519 462.07451820373535 600.0 
nomask 0.0004220903 398.60527515411377 289.9520516395569 450.20198822021484 350.7083773612976 
mask 0.00040850043 62.539029121398926 475.67131519317627 619.4326400756836 600.0 
mask 0.00040730834 3.816230595111847 184.24728512763977 21.549485623836517 283.1656873226166 
mask 0.00039419532 0.0 6.5986186265945435 638.5519027709961 254.35101985931396 
nomask 0.00037941337 2.713489532470703 307.6892137527466 800.0 600.0 
mask 0.00037032366 299.43103790283203 285.9412908554077 345.1843738555908 335.39278507232666 
nomask 0.0003671646 724.3076324462891 403.2658338546753 800.0 600.0 
nomask 0.00036484003 0.0 527.1949768066406 800.0 600.0 
nomask 0.00035995245 639.478588104248 514.1340494155884 800.0 600.0 
nomask 0.00035971403 250.1288652420044 187.60283589363098 800.0 600.0 
mask 0.00035971403 250.1288652420044 187.60283589363098 800.0 600.0 
mask 0.00035971403 8.811092376708984 2.7374267578125 791.6129112243652 391.9939398765564 
nomask 0.00035506487 559.1484069824219 96.5240478515625 800.0 585.1524353027344 
mask 0.00034987926 724.3076324462891 403.2658338546753 800.0 600.0 
mask 0.0003439784 301.41546726226807 282.19224214553833 340.7399892807007 315.3065800666809 
nomask 0.00034374 0.0 310.4417324066162 53.28277349472046 512.6035451889038 
nomask 0.00033792853 0.0 263.36907148361206 31.370985507965088 382.0046067237854 
mask 0.00033155084 672.1885681152344 0.0 800.0 542.2554731369019 
mask 0.00033017993 518.9791202545166 540.6836271286011 800.0 600.0 
mask 0.00032904744 16.86873733997345 216.59465432167053 95.08588314056396 297.1597373485565 
mask 0.00032779574 484.3024730682373 3.2541409134864807 773.3906269073486 94.66915726661682 
nomask 0.0003273785 551.6090869903564 384.3147039413452 800.0 600.0 
nomask 0.00032061338 85.23315191268921 217.67733693122864 382.30719566345215 600.0 
mask 0.00031843781 1.1895373463630676 413.3894205093384 26.470738649368286 512.1720314025879 
mask 0.00031647086 0.0 0.0 333.37059020996094 456.89635276794434 
mask 0.00031003356 715.6877040863037 329.38774824142456 771.6121196746826 374.58969354629517 
nomask 0.00030568242 0.0 0.7038295269012451 336.77053451538086 360.86254119873047 
nomask 0.00030386448 3.816230595111847 184.24728512763977 21.549485623836517 283.1656873226166 
mask 0.0003027618 18.129104375839233 189.9987280368805 93.77955794334412 263.3669435977936 
nomask 0.00029999018 1.1943697929382324 99.49017763137817 327.18677520751953 553.0718207359314 
mask 0.0002989173 196.63126468658447 411.5023612976074 723.512077331543 600.0 
mask 0.00029715896 0.0 527.1949768066406 800.0 600.0 
nomask 0.00028452277 174.382221698761 220.92416882514954 395.4911231994629 396.6794729232788 
nomask 0.00028267503 3.5184457898139954 380.5358290672302 36.11375689506531 492.177951335907 
nomask 0.00027760863 539.734697341919 54.139816761016846 800.0 388.8952374458313 
nomask 0.0002771318 6.545934081077576 354.1723966598511 104.30046319961548 450.89192390441895 
mask 0.0002758205 539.734697341919 54.139816761016846 800.0 388.8952374458313 
nomask 0.000274539 718.5523509979248 338.36013078689575 781.9060802459717 405.6413769721985 
nomask 0.0002683103 6.571729481220245 1.5995442867279053 46.419757604599 277.34933495521545 
nomask 0.0002655983 0.0 0.0 394.53790187835693 152.43821740150452 
mask 0.0002605319 13.338625431060791 3.6251306533813477 306.10952377319336 87.3060017824173 
nomask 0.00025975704 777.5776386260986 396.3572144508362 800.0 476.16788148880005 
nomask 0.00024968386 676.120662689209 323.68966341018677 730.2642822265625 367.80656576156616 
mask 0.000238657 3.5184457898139954 380.5358290672302 36.11375689506531 492.177951335907 
nomask 0.00023174286 13.980156183242798 210.10040044784546 165.3712034225464 312.882936000824 
mask 0.00022602081 551.6090869903564 384.3147039413452 800.0 600.0 
nomask 0.00022417307 15.968114137649536 0.0 128.3926010131836 231.70799016952515 
mask 0.00022166967 354.46622371673584 293.78820061683655 397.0780611038208 342.2146439552307 
nomask 0.00021609664 0.0 0.0 192.08877086639404 271.599805355072 
mask 0.0001988709 0.0 150.69007873535156 379.1881322860718 541.3846492767334 
nomask 0.00019809604 0.0 10.601913928985596 188.10197114944458 434.5739006996155 
nomask 0.0001911223 91.38209819793701 269.7449326515198 291.6819095611572 473.59410524368286 
mask 0.00018322468 0.0 148.3248621225357 52.11974382400513 354.9962639808655 
mask 0.00017979741 353.6515474319458 271.5722858905792 397.8153944015503 311.30450963974 
mask 0.00017803907 492.5497531890869 326.58759355545044 800.0 600.0 
mask 0.0001758933 235.35146713256836 143.9509391784668 680.8034896850586 542.0836687088013 
nomask 0.00017181039 353.6515474319458 271.5722858905792 397.8153944015503 311.30450963974 
nomask 0.00017091632 0.0 452.1605372428894 381.15806579589844 600.0 
nomask 0.0001707375 16.599994897842407 322.627329826355 96.03914618492126 425.5209445953369 
nomask 0.0001654923 0.0 399.0457534790039 286.06488704681396 600.0 
