nomask 0.7119351 186.89682 319.43997 208.77689 358.69495 
nomask 0.67649025 266.31494 307.4026 288.44925 348.4901 
mask 0.52282757 76.651955 290.39612 107.98766 334.9383 
nomask 0.24092546 349.5567 285.4308 371.5969 329.92245 
mask 0.10021365 186.89682 319.43997 208.77689 358.69495 
nomask 0.077414244 76.406906 282.9588 105.89941 329.05063 
nomask 0.055652082 254.18745 305.33112 279.9842 347.88397 
mask 0.01107654 350.23456 293.98837 370.84323 331.19922 
nomask 0.008753389 239.07732 290.0495 273.46307 341.40186 
mask 0.006131083 0.3698945 11.855471 457.34198 310.08582 
mask 0.0038207471 266.31494 307.4026 288.44925 348.4901 
nomask 0.0030177832 266.8908 293.25308 296.2307 343.2413 
nomask 0.0021280944 182.15466 304.01434 209.73575 346.47885 
nomask 0.0020920038 206.804 308.64914 232.74834 356.45215 
nomask 0.0018068552 158.0373 308.26083 184.00787 351.29672 
nomask 0.0016758442 148.35458 295.10724 176.67732 337.35074 
nomask 0.0014060736 214.2831 283.0708 242.74641 331.63077 
mask 0.0012223125 0.586817 265.13788 11.840557 348.0242 
nomask 0.0009914339 355.43304 295.14487 378.38373 343.28253 
nomask 0.0009125471 303.89536 278.89597 336.2302 336.20822 
mask 0.00086170435 0.0 0.0 235.89282 278.4941 
nomask 0.0007266402 292.5003 301.5871 324.91367 361.92145 
mask 0.00072586536 5.0096602 0.0 248.95477 564.1366 
mask 0.0007020831 191.22725 0.0 589.24475 235.92395 
mask 0.0005092919 0.17543155 225.0119 12.734335 311.95694 
mask 0.0004875064 254.18745 305.33112 279.9842 347.88397 
nomask 0.00047895312 268.78723 258.06308 297.15933 305.19437 
mask 0.0004698038 148.35458 295.10724 176.67732 337.35074 
nomask 0.00046676397 0.17543155 225.0119 12.734335 311.95694 
mask 0.00040709972 120.40369 291.15375 153.8789 335.42477 
mask 0.00038692355 0.0 0.0 152.09035 205.2157 
mask 0.00038534403 56.018345 0.0 276.35825 357.71872 
nomask 0.0003399253 344.7446 291.98804 367.71777 349.68896 
nomask 0.00030949712 239.11588 250.86618 270.33755 301.66992 
nomask 0.00029951334 4.2675276 191.40584 14.52978 284.44946 
nomask 0.0002976656 129.62856 557.39386 559.8152 800.0 
nomask 0.00028964877 0.586817 265.13788 11.840557 348.0242 
mask 0.0002824068 5.106318 414.53436 600.0 800.0 
mask 0.00025284904 187.59517 250.13249 600.0 800.0 
nomask 0.0002528469 187.59517 250.13249 600.0 800.0 
nomask 0.0002527535 5.106318 414.53436 600.0 800.0 
mask 0.00025228772 310.17688 7.628584 600.0 800.0 
mask 0.00023591518 193.81216 0.0 394.20596 358.94266 
mask 0.0002246201 1.0769668 303.549 10.891092 388.59552 
nomask 0.00021979927 310.17688 7.628584 600.0 800.0 
mask 0.0001988709 4.2675276 191.40584 14.52978 284.44946 
mask 0.00016209483 158.0373 308.26083 184.00787 351.29672 
nomask 0.00015288591 120.40369 291.15375 153.8789 335.42477 
nomask 0.00011521578 574.65717 770.50903 600.0 799.2078 
mask 0.00010767579 0.0 10.071182 90.55638 427.3759 
mask 0.00010100007 18.762695 0.0 591.41534 497.8303 
mask 9.8735094e-05 323.42496 0.0 535.91296 367.01654 
mask 9.295344e-05 182.15466 304.01434 209.73575 346.47885 
nomask 9.191036e-05 211.67932 251.42467 242.60535 298.1172 
mask 9.134412e-05 0.0 639.6335 266.23917 800.0 
mask 9.0420246e-05 331.5289 0.0 600.0 234.15671 
mask 8.714199e-05 156.23474 59.87091 366.29318 313.70877 
nomask 8.678436e-05 381.37784 725.6039 600.0 800.0 
nomask 8.568168e-05 546.0013 532.6637 600.0 800.0 
mask 8.505583e-05 381.37784 725.6039 600.0 800.0 
mask 8.478761e-05 247.27289 0.0 533.0444 185.03494 
mask 8.460879e-05 132.72691 564.06836 548.4988 800.0 
mask 8.225441e-05 546.0013 532.6637 600.0 800.0 
mask 8.171797e-05 68.79061 573.9291 517.3266 800.0 
mask 7.915497e-05 360.636 732.22797 600.0 781.64355 
nomask 7.259846e-05 48.12228 651.8898 464.22974 800.0 
mask 7.221103e-05 496.1147 4.4234037 600.0 725.0127 
nomask 7.1942806e-05 0.0 537.9245 366.27768 800.0 
mask 6.854534e-05 12.849659 511.71408 362.74838 800.0 
nomask 6.684661e-05 180.83528 249.82727 210.31898 297.75583 
mask 6.5386295e-05 388.27502 81.16796 600.0 514.31396 
mask 6.455183e-05 243.17938 519.61115 576.69165 800.0 
mask 6.3568354e-05 4.5930014 775.5091 42.37575 800.0 
nomask 6.210804e-05 297.8672 250.41376 329.15564 302.35358 
nomask 6.0617924e-05 496.1147 4.4234037 600.0 725.0127 
mask 5.9604645e-05 126.01889 316.10455 156.42932 357.55325 
nomask 5.9574842e-05 509.04327 730.92334 600.0 800.0 
nomask 5.9217215e-05 126.01889 316.10455 156.42932 357.55325 
mask 5.7071447e-05 8.88483 781.50775 118.34688 796.24084 
mask 5.6266785e-05 28.927166 353.61188 51.992584 392.58255 
mask 5.6266785e-05 61.14336 160.56393 222.54428 400.2665 
nomask 5.5491924e-05 4.5930014 775.5091 42.37575 800.0 
mask 5.480647e-05 421.6594 0.0 600.0 336.20605 
nomask 5.3316355e-05 388.27502 81.16796 600.0 514.31396 
mask 5.1528215e-05 3.6239638 17.064117 151.11847 376.30383 
mask 5.1259995e-05 582.011 5.136055 596.75745 152.91936 
mask 5.1170588e-05 30.372807 324.40128 61.482517 378.3455 
mask 4.9948692e-05 48.12228 651.8898 464.22974 800.0 
mask 4.8458576e-05 239.07732 290.0495 273.46307 341.40186 
nomask 4.6372414e-05 0.0 0.0 305.05936 216.11328 
mask 4.541874e-05 0.0 670.0079 102.44285 798.4289 
nomask 4.503131e-05 0.0 708.71014 600.0 800.0 
mask 4.4345856e-05 54.457336 272.11798 554.6305 718.47766 
nomask 4.3541193e-05 1.0769668 303.549 10.891092 388.59552 
mask 4.2438507e-05 581.432 0.0 599.9973 67.79094 
nomask 4.23491e-05 7.225129 149.34572 16.023468 248.77426 
mask 4.222989e-05 0.0 212.19868 30.243427 467.8366 
nomask 4.2140484e-05 188.83913 328.61084 208.83821 375.7861 
mask 4.1365623e-05 505.38788 0.0 600.0 257.88916 
nomask 4.1246414e-05 1.2556024 433.2344 9.057299 526.8244 
