nomask 0.36547434 627.11316 566.04254 759.82916 759.1515 
nomask 0.28782386 2.1997225 511.87177 53.489574 768.355 
mask 0.045364916 627.11316 566.04254 759.82916 759.1515 
nomask 0.01731956 804.59064 0.0 953.976 750.62164 
mask 0.012586266 2.1997225 511.87177 53.489574 768.355 
nomask 0.010568738 45.502876 586.5311 179.8066 941.7663 
mask 0.007678658 0.0 461.48816 139.99626 1223.0695 
nomask 0.0052294433 743.5611 669.7339 816.67474 803.8562 
mask 0.004363984 836.0201 108.26927 959.88947 982.2543 
mask 0.0042395294 744.5645 77.26803 958.88684 1084.1869 
nomask 0.0041896105 744.5645 77.26803 958.88684 1084.1869 
nomask 0.0040327013 634.5759 651.9201 762.4674 916.9959 
nomask 0.003771603 666.96265 16.542091 943.5262 646.1215 
nomask 0.0030065775 694.74976 655.83435 782.35016 808.6677 
nomask 0.0029165447 22.869795 542.17126 99.60747 699.2876 
nomask 0.0026848912 768.86456 257.788 914.6322 688.3515 
nomask 0.0024148524 0.0 626.0141 49.219967 799.92676 
mask 0.0022731125 799.5145 0.0 960.0 551.2725 
nomask 0.002235502 641.4354 96.04626 860.24866 764.47095 
nomask 0.002121061 735.0077 349.99255 857.4978 710.3071 
nomask 0.0020076334 747.39716 622.1215 821.392 743.5156 
nomask 0.0017544031 643.2312 1220.9795 751.1164 1273.2671 
nomask 0.0017505586 848.2747 233.29044 960.0 1094.7919 
mask 0.0017180145 9.698946 556.45026 225.49742 1280.0 
nomask 0.0016632974 29.731651 487.26843 98.78259 625.2365 
nomask 0.0014826059 477.26932 28.796387 939.40405 802.7343 
nomask 0.0014778972 25.62306 592.70874 100.38473 751.28204 
nomask 0.001473397 15.138327 518.08417 98.00656 816.292 
nomask 0.0013833046 9.167158 426.3009 26.579922 606.39417 
nomask 0.0013228953 647.16187 722.15094 746.34186 861.2064 
mask 0.0013017058 0.0 247.62866 201.07698 1156.2722 
nomask 0.0012211502 823.93646 435.74677 955.2074 903.28076 
mask 0.001209259 639.9688 260.6444 831.6875 929.6758 
nomask 0.0011141598 11.116748 493.5393 206.38805 1202.3341 
nomask 0.0010820031 746.96094 18.874931 960.0 442.55234 
nomask 0.0010562241 788.5675 409.05685 907.01935 806.88464 
mask 0.0009858608 823.93646 435.74677 955.2074 903.28076 
nomask 0.00094270706 673.6102 633.223 799.8252 937.6493 
nomask 0.00093865395 69.827255 594.4451 146.09062 749.7501 
nomask 0.00088477135 633.4236 0.0 960.0 500.008 
mask 0.00084012747 501.63272 225.74394 877.2745 1023.8834 
nomask 0.0008251071 486.6588 77.37215 960.0 478.51874 
nomask 0.0008018315 637.6033 379.526 825.33386 1013.9068 
nomask 0.0007918775 42.589752 445.84302 182.1708 795.1886 
nomask 0.00077056885 546.6095 113.47988 960.0 583.8825 
nomask 0.00075763464 697.1881 711.738 785.0588 853.19714 
nomask 0.0007375777 596.2405 361.34995 868.2623 803.827 
mask 0.00068736076 0.0 626.0141 49.219967 799.92676 
nomask 0.0006854534 13.122747 88.72471 240.21619 778.42786 
nomask 0.00067961216 735.55237 144.97403 960.0 1280.0 
mask 0.00066533685 23.577347 856.9142 540.71246 1280.0 
nomask 0.00066393614 696.7358 362.40997 960.0 1280.0 
nomask 0.0006593168 886.1297 25.79029 959.7917 569.04285 
nomask 0.0006570816 494.95166 246.79243 960.0 603.8356 
nomask 0.0006515682 687.3152 534.91064 769.20825 718.5003 
nomask 0.0006407201 524.9415 0.0 960.0 339.1996 
nomask 0.00059601665 684.1053 130.94652 960.0 464.10507 
nomask 0.0005956292 653.53546 1142.5156 729.45605 1262.9272 
nomask 0.00058987737 222.5633 901.04095 876.3148 1280.0 
nomask 0.00055766106 728.1321 605.6129 844.20514 903.3767 
nomask 0.0005443692 71.84349 535.87537 142.55974 694.25604 
nomask 0.0005441606 68.991646 663.2315 151.56595 819.31244 
nomask 0.000536412 689.71814 241.69441 939.57605 823.9709 
nomask 0.0005348325 0.0 543.96454 74.928246 866.2448 
nomask 0.00052651763 501.63272 225.74394 877.2745 1023.8834 
nomask 0.00051119924 799.7029 666.8246 873.7552 805.987 
nomask 0.00048601627 787.6423 566.0123 909.24084 922.10425 
nomask 0.00048354268 593.92224 1226.2139 724.66064 1280.0 
nomask 0.000479877 773.19385 626.66376 902.3031 1084.1884 
nomask 0.00047069788 750.1484 543.7992 823.5368 684.0742 
nomask 0.00045612454 611.45276 803.5237 960.0 1280.0 
nomask 0.0004556179 0.0 844.47845 520.4042 1280.0 
mask 0.0004505515 0.0 653.7197 875.05896 1265.3304 
nomask 0.00043192506 0.0 366.89087 125.90438 1182.527 
mask 0.0004246533 205.36603 452.57996 903.4819 1164.9891 
nomask 0.0004209578 838.62067 1007.1571 960.0 1280.0 
nomask 0.0004171133 688.6389 272.33615 960.0 596.51483 
nomask 0.00041013956 759.4031 408.5056 827.1692 568.73254 
nomask 0.00039499998 527.34973 0.0 888.9061 585.863 
mask 0.0003887117 725.46454 0.0 960.0 687.287 
nomask 0.00038734078 205.36603 452.57996 903.4819 1164.9891 
nomask 0.00038021803 0.16090393 503.3664 152.29814 718.18774 
nomask 0.0003760457 714.3168 337.06784 783.3513 489.67288 
mask 0.00037023425 477.26932 28.796387 939.40405 802.7343 
mask 0.00036793947 544.0699 429.68884 960.0 850.7146 
nomask 0.0003657341 721.0308 0.0 960.0 894.03394 
mask 0.00035780668 838.62067 1007.1571 960.0 1280.0 
nomask 0.00035709143 738.6162 755.5071 960.0 1280.0 
nomask 0.00035625696 615.2185 1156.5522 960.0 1280.0 
nomask 0.00035372376 684.8728 180.73398 804.91895 561.1262 
mask 0.00035330653 4.3546696 779.1867 18.193436 988.69556 
nomask 0.00035095215 252.77998 0.0 952.57544 339.98724 
nomask 0.00035062432 483.35397 414.29443 960.0 720.00543 
nomask 0.0003505051 0.0 653.7197 875.05896 1265.3304 
nomask 0.00033590198 634.1405 983.4155 960.0 1280.0 
nomask 0.00033545494 78.56457 478.71783 138.05693 619.2558 
nomask 0.00033444166 902.51575 220.68265 948.1103 783.2252 
mask 0.00033408403 615.2185 1156.5522 960.0 1280.0 
nomask 0.00033161044 544.0699 429.68884 960.0 850.7146 
nomask 0.00033009052 95.49019 20.2499 915.3812 532.36914 
