mask 0.99980676 1729.737 731.8159 2774.0078 1568.6367 
mask 0.9878994 887.9365 1147.1624 1584.5707 1588.7676 
nomask 0.016638339 887.9365 1147.1624 1584.5707 1588.7676 
mask 0.0086043775 16.902636 1039.4185 469.47815 2021.5425 
nomask 0.0068021715 1371.4744 389.0359 1469.0474 470.91815 
mask 0.0010361373 1015.7347 604.40515 2893.583 2155.4597 
nomask 0.001013875 1729.737 731.8159 2774.0078 1568.6367 
mask 0.0007016063 1108.8951 772.0853 2539.9795 1660.8895 
mask 0.0005386174 1779.2456 832.8124 3264.0 1569.261 
mask 0.0005016029 1371.4744 389.0359 1469.0474 470.91815 
nomask 0.0005006492 3104.7275 629.2414 3264.0 1601.1008 
mask 0.0004619658 30.754662 1114.9017 249.98108 2108.972 
mask 0.00045356154 3073.139 2117.426 3264.0 2447.0496 
nomask 0.00040838122 3202.328 863.41724 3264.0 1387.4075 
mask 0.00040313601 198.92036 2062.7556 1279.8413 2439.3425 
mask 0.00037062168 2996.116 1952.3799 3264.0 2448.0 
mask 0.00036999583 3104.7275 629.2414 3264.0 1601.1008 
mask 0.00036531687 2751.5725 1859.8278 3213.964 2448.0 
mask 0.0003325343 27.00309 1260.2345 3264.0 2448.0 
mask 0.0003022291 1673.5986 22.795858 3264.0 2448.0 
mask 0.00029668212 18.422916 14.867721 111.591125 409.8022 
mask 0.00029227138 78.02911 61.651276 1401.7169 304.4245 
mask 0.00028708577 3202.328 863.41724 3264.0 1387.4075 
nomask 0.0002809763 27.00309 1260.2345 3264.0 2448.0 
nomask 0.00027021766 1503.851 321.07718 3264.0 2448.0 
mask 0.00026914477 1072.6893 806.3702 3264.0 2448.0 
mask 0.00026535988 2131.9834 54.71502 3264.0 1474.1251 
mask 0.00026461482 1686.9402 982.03925 2911.1372 2170.4688 
nomask 0.00025981982 1020.52606 765.4145 3264.0 2448.0 
nomask 0.0002580583 2911.4016 717.2636 3127.9072 918.27704 
mask 0.00025770068 1709.4642 614.2545 3186.0283 1221.3749 
mask 0.00025320053 663.9768 994.5175 2648.1804 2448.0 
mask 0.00024414062 8.5144615 0.0 1322.7771 1839.3365 
nomask 0.00023949146 2776.2136 695.7711 3008.0513 912.939 
nomask 0.00023838878 2719.4548 11.521517 3264.0 2184.832 
nomask 0.00022989511 2305.85 2049.2874 3264.0 2448.0 
mask 0.00022551417 0.0 797.7864 1940.7261 2149.634 
mask 0.0002233386 2533.9478 2016.904 3264.0 2448.0 
nomask 0.00021785498 18.422916 14.867721 111.591125 409.8022 
nomask 0.00021272898 2867.6086 607.0307 3248.4539 1534.372 
nomask 0.00019931793 3229.4346 447.6598 3258.7644 757.3342 
mask 0.00019726157 2934.4026 8.774232 3175.7441 111.811325 
mask 0.00019201636 29.618639 20.977602 613.4697 107.84384 
mask 0.00018966198 0.0 8.309251 194.10652 126.84383 
mask 0.00018697977 2339.2708 1037.2883 3264.0 2448.0 
mask 0.00018113852 3062.9656 2310.261 3264.0 2448.0 
mask 0.0001809001 0.0 404.66864 432.20352 1889.5098 
nomask 0.00017505884 145.67987 2018.4451 2711.952 2448.0 
mask 0.00017118454 0.0 25.112432 2470.574 991.9066 
mask 0.00016903877 2064.5127 512.48126 3264.0 1903.3641 
nomask 0.00016847253 2111.3125 1548.7013 3264.0 2448.0 
mask 0.00016248226 226.00298 0.0 3118.1226 608.8411 
nomask 0.00015991926 2101.8088 2209.6577 3264.0 2448.0 
nomask 0.00015494227 597.61707 1696.9662 3186.686 2448.0 
mask 0.00015345216 2719.4548 11.521517 3264.0 2184.832 
mask 0.00015166402 84.91728 15.38797 3238.8257 1607.0074 
nomask 0.00015118718 2540.5193 1860.7401 3152.7148 2448.0 
mask 0.0001500547 1554.9346 0.0 3264.0 653.5425 
mask 0.00014811754 963.9411 150.6622 2310.9124 1470.3817 
mask 0.00014778972 2101.8088 2209.6577 3264.0 2448.0 
nomask 0.0001462698 2872.9822 1930.568 3264.0 2448.0 
mask 0.00014489889 3087.2727 5.557439 3264.0 119.17092 
nomask 0.00014275312 2542.5251 0.0 3264.0 1781.9736 
nomask 0.00014081597 0.0 1538.3088 1913.9463 2448.0 
mask 0.00013688207 2958.396 1648.2439 3264.0 2448.0 
nomask 0.00013637543 3204.33 795.4659 3257.7234 1201.7443 
nomask 0.00013357401 3206.7942 678.8597 3242.2144 1009.59045 
nomask 0.00013157725 3073.139 2117.426 3264.0 2447.0496 
mask 0.00012874603 0.0 1908.787 2412.3135 2448.0 
mask 0.00012493134 411.91833 1051.23 1724.3632 2349.0269 
mask 0.00012481213 2184.959 222.32317 3264.0 1583.16 
mask 0.00012040138 1817.8625 223.38669 3264.0 1177.5211 
mask 0.00011625886 317.5646 1700.9131 2134.6074 2448.0 
mask 0.00011512637 1873.3312 1934.2772 3264.0 2448.0 
nomask 0.000115036964 2184.959 222.32317 3264.0 1583.16 
mask 0.000114530325 255.01201 1730.7821 540.9063 2048.5479 
mask 0.00011321902 510.8094 2365.741 1037.1073 2448.0 
mask 0.00011315942 879.18134 1115.5397 1350.0265 1486.9547 
nomask 0.00011149049 1176.9817 701.45734 1322.0575 852.4741 
mask 0.00011005998 0.0 2153.6887 3264.0 2448.0 
nomask 0.00010329485 3229.9812 547.06354 3259.0317 878.81586 
nomask 0.000102669 2093.8003 0.0 3264.0 1248.1691 
nomask 9.915233e-05 0.0 8.309251 194.10652 126.84383 
mask 9.7095966e-05 286.0664 2226.2354 1320.353 2411.4495 
nomask 9.6559525e-05 3062.9656 2310.261 3264.0 2448.0 
mask 9.590387e-05 2000.8156 748.13873 3264.0 2239.7244 
mask 9.286404e-05 1696.0846 1314.3933 3264.0 2241.1748 
mask 9.161234e-05 219.56842 43.879463 760.0168 116.02083 
nomask 9.122491e-05 1554.9346 0.0 3264.0 653.5425 
mask 8.958578e-05 1269.7014 0.0 2724.0967 1794.35 
mask 8.922815e-05 597.61707 1696.9662 3186.686 2448.0 
nomask 8.8602304e-05 2996.116 1952.3799 3264.0 2448.0 
mask 8.85725e-05 2843.53 2353.821 3246.129 2448.0 
nomask 8.824468e-05 3219.8657 358.13922 3254.2512 618.09125 
nomask 8.666515e-05 1194.0194 629.94403 1287.903 762.97626 
nomask 8.4757805e-05 2345.4087 2231.3909 3264.0 2424.4468 
mask 8.2969666e-05 2825.7336 2228.422 3264.0 2448.0 
mask 8.252263e-05 0.0 0.0 616.44666 214.41322 
mask 8.2194805e-05 0.0 2109.296 1077.0574 2448.0 
mask 8.1926584e-05 1505.9247 1175.6312 2723.7249 1566.2764 
