nomask 0.6620197 0.6709426 0.32086632 0.8029427 0.49575773 
nomask 0.25173697 0.23250762 0.2573772 0.3561857 0.42181605 
nomask 0.0022204518 0.33878857 0.31683025 0.40461636 0.4386762 
nomask 0.0011247396 0.26344076 0.23530905 0.35970375 0.36130303 
mask 0.00086179376 0.0012044674 0.2873423 0.014895634 0.39141953 
nomask 0.0006093979 0.35079587 0.36565074 0.40336907 0.4721909 
nomask 0.0005631447 0.8346306 0.3730888 0.8988477 0.48456213 
mask 0.0005334914 0.2824507 0.2260271 0.87205017 0.91658354 
mask 0.00052803755 0.005057585 0.24700579 0.020493338 0.36812028 
mask 0.00052794814 0.9878411 0.54042625 1.0 0.7491945 
mask 0.00052571297 0.9675705 0.21814659 1.0 0.33231106 
nomask 0.00050726533 0.84724045 0.218365 1.0 0.63499016 
nomask 0.0004917383 0.27551377 0.35824013 0.3557616 0.4849862 
mask 0.0004684627 0.9705537 0.42293698 0.9918105 0.5903805 
mask 0.00042837858 0.0 0.0 0.05428619 0.05408444 
mask 0.00041684508 0.0 0.31578103 0.011448434 0.41510847 
nomask 0.00038829446 0.88181496 0.7417856 0.95582676 0.8401465 
nomask 0.00037938356 0.20905998 0.25894326 0.26428726 0.39778554 
nomask 0.00037032366 0.73475033 0.3376319 0.88459045 0.49420008 
mask 0.00036647916 0.98087215 0.2545727 0.9992968 0.40092182 
mask 0.0003593862 0.84724045 0.218365 1.0 0.63499016 
nomask 0.00035086274 0.0 0.31578103 0.011448434 0.41510847 
mask 0.00034713745 0.96364796 0.17354926 1.0 0.29882574 
nomask 0.00034052134 0.0012044674 0.2873423 0.014895634 0.39141953 
nomask 0.00032937527 0.7205495 0.39515767 0.8130769 0.52989686 
nomask 0.0002991557 0.38735774 0.3270797 0.44996926 0.43198353 
nomask 0.00029286742 0.7862261 0.32007557 0.85127014 0.44899666 
nomask 0.00029277802 0.293267 0.28461123 0.44366038 0.43587047 
nomask 0.00028979778 0.83719873 0.32747003 0.89739645 0.44100806 
mask 0.0002889037 0.98975843 0.59456956 1.0 0.8041352 
mask 0.0002886951 0.0 0.013761729 0.7452206 0.40427667 
nomask 0.00028544664 0.2797354 0.41983593 0.34955752 0.51392215 
nomask 0.00028508902 0.9878411 0.54042625 1.0 0.7491945 
nomask 0.0002847016 0.98087215 0.2545727 0.9992968 0.40092182 
nomask 0.0002734065 0.21651915 0.66937876 0.9397994 1.0 
mask 0.00027272105 0.9793396 0.48008406 0.99605477 0.6982311 
nomask 0.00025844574 0.38466272 0.27901864 0.45409283 0.3941331 
nomask 0.0002577901 0.78879887 0.35980725 0.84779006 0.4853558 
nomask 0.00024104118 0.98975843 0.59456956 1.0 0.8041352 
mask 0.00023329258 0.12231001 0.45563924 0.9899527 0.9970248 
mask 0.00023266673 0.008468328 0.1921286 0.023939935 0.32646793 
nomask 0.00023245811 0.32967842 0.26768154 0.40195197 0.40662116 
mask 0.00023010373 0.0 0.006880708 0.0341375 0.116121285 
nomask 0.00022798777 0.20613536 0.23686509 0.25636855 0.34128612 
nomask 0.0002219379 0.15999314 0.23888564 0.21095657 0.31319678 
mask 0.00020554662 0.6213791 0.47464594 0.9253883 0.865296 
nomask 0.00019651651 0.6822374 0.29069856 0.78286076 0.3949692 
nomask 0.0001938343 0.9855578 0.31385875 0.9975445 0.47960794 
mask 0.00019046907 0.50941235 0.0044861436 1.0 1.0 
nomask 0.00018921494 0.7937566 0.40983358 0.8530227 0.5263647 
nomask 0.00018775463 0.98060435 0.3723285 0.99409586 0.5505245 
nomask 0.00018647313 0.32656676 0.32763046 1.0 1.0 
mask 0.00018581748 0.9181963 0.08925168 1.0 0.4026078 
mask 0.00018405914 0.8953352 0.27346015 1.0 0.85434175 
mask 0.00018131733 0.0 0.0 0.4480685 0.62766707 
mask 0.00017801549 0.31265974 0.3126705 1.0 1.0 
nomask 0.00017565489 0.0 0.5115311 0.96486735 0.99568474 
nomask 0.00017496943 0.83867574 0.41369292 0.9018651 0.51617646 
mask 0.00016748905 0.98060435 0.3723285 0.99409586 0.5505245 
nomask 0.00016641617 0.3502814 0.41607025 0.4054676 0.50787395 
nomask 0.00015994906 0.9675705 0.21814659 1.0 0.33231106 
nomask 0.00015681982 0.908207 0.66770625 1.0 1.0 
mask 0.00015503168 0.0 0.13872659 0.43935046 0.9510201 
mask 0.0001539588 0.6623615 0.43493325 1.0 0.99321073 
nomask 0.00015157461 0.6425777 0.90329933 1.0 1.0 
nomask 0.00015097857 0.69015706 0.0 1.0 0.59621215 
mask 0.00015002489 0.908207 0.66770625 1.0 1.0 
nomask 0.00014957786 0.9705537 0.42293698 0.9918105 0.5903805 
nomask 0.00014875492 0.50941235 0.0044861436 1.0 1.0 
nomask 0.00014865398 0.8355968 0.01300922 1.0 0.88196754 
nomask 0.00014707446 0.0 0.66372824 0.5936635 1.0 
nomask 0.00014591217 0.07500693 0.81044614 0.77056503 1.0 
nomask 0.00014266372 0.6904204 0.6513736 1.0 1.0 
mask 0.00014173985 0.6425777 0.90329933 1.0 1.0 
nomask 0.00014105439 0.0 0.6130372 0.14809874 0.98097634 
nomask 0.00014078617 0.05094043 0.96442926 0.21862158 0.9981663 
nomask 0.00013664365 0.68791044 0.47810143 0.7723242 0.5835747 
nomask 0.00013330579 0.23626699 0.145648 0.30556554 0.22615522 
nomask 0.00013142824 0.0063634478 0.58871216 0.059231702 1.0 
mask 0.00012907386 0.23250762 0.2573772 0.3561857 0.42181605 
nomask 0.00012880564 0.8953352 0.27346015 1.0 0.85434175 
mask 0.00012812018 0.9855578 0.31385875 0.9975445 0.47960794 
mask 0.00012725592 0.86622894 0.70036143 0.9934803 0.95032007 
nomask 0.00012376904 0.0 0.8800634 1.0 1.0 
mask 0.00012329221 0.0054508653 0.9629233 0.06465558 1.0 
nomask 0.00012257695 0.9629411 0.55265445 0.9983863 0.9628424 
mask 0.00012162328 0.95704705 0.42556518 0.99668854 0.8619415 
nomask 0.0001180768 0.005057585 0.24700579 0.020493338 0.36812028 
nomask 0.00011706352 0.84697473 0.7310258 0.9037324 0.82326174 
nomask 0.00011613965 0.19717056 0.1409111 0.26497272 0.22122002 
nomask 0.00011265278 0.39570156 0.36929438 0.44649175 0.46840307 
mask 0.00011238456 0.029934678 0.37427565 0.096374094 0.4720501 
nomask 0.000110924244 0.65928984 0.3471567 0.7313322 0.49561197 
mask 0.00010854006 0.66091317 0.09571543 1.0 0.645653 
nomask 0.00010842085 0.87248594 0.53263354 0.9794381 0.91828597 
mask 0.00010666251 0.0 0.8800634 1.0 1.0 
nomask 0.00010639429 0.66091317 0.09571543 1.0 0.645653 
mask 0.00010535121 0.0068662837 0.62510455 0.06295644 1.0 
nomask 0.000105172396 0.008468328 0.1921286 0.023939935 0.32646793 
nomask 0.000104516745 0.029934678 0.37427565 0.096374094 0.4720501 
