mask 0.9734796 0.60134035 0.27097967 0.7367831 0.44531605 
nomask 0.8527286 0.25523898 0.26344812 0.36257318 0.40025717 
mask 0.0044544935 0.25523898 0.26344812 0.36257318 0.40025717 
nomask 0.0043650866 0.60134035 0.27097967 0.7367831 0.44531605 
mask 0.0032075346 0.563792 0.68123186 0.8294227 0.8392525 
nomask 0.0022144914 0.7988624 0.6320377 0.9479545 0.9368593 
nomask 0.001704514 0.24619785 0.2334846 0.33296308 0.35166726 
nomask 0.00096929073 0.0017344896 0.3462225 0.020371493 0.43600884 
nomask 0.0009163618 0.7740431 0.67359537 0.8556963 0.7815781 
nomask 0.0009047687 0.563792 0.68123186 0.8294227 0.8392525 
mask 0.0009025037 0.79369676 0.6712489 0.94673526 0.9799731 
nomask 0.0008728802 0.7473931 0.6121924 0.903065 0.8979347 
mask 0.00071018934 0.039731506 0.030449573 0.11318351 0.10459581 
mask 0.00065100193 0.0 0.0 0.061825365 0.048081867 
nomask 0.0006471276 0.7467391 0.63620293 0.818911 0.7214767 
nomask 0.00053966045 0.73421633 0.6707936 0.82848287 0.782085 
nomask 0.00053203106 0.3369309 0.23426628 0.39715734 0.34565735 
nomask 0.000513345 0.3433017 0.32338965 0.3942743 0.42736608 
mask 0.00048547983 0.0015282165 0.023168352 0.046145357 0.12227553 
nomask 0.00042137504 0.33255735 0.27269846 0.39144012 0.38635695 
nomask 0.00041389465 0.28644663 0.2541873 0.41568536 0.39255017 
mask 0.00041243434 0.94305354 0.38675565 0.991527 0.8172776 
mask 0.0004094541 0.8640302 0.18533787 1.0 0.79045224 
mask 0.000397712 0.007904954 0.38156253 0.14988774 0.6796406 
nomask 0.00038802624 0.68962055 0.5888071 0.83981735 0.86047006 
mask 0.0003786087 0.0017344896 0.3462225 0.020371493 0.43600884 
mask 0.00037041306 0.5015414 0.62586755 0.93871164 0.9244676 
mask 0.00036382675 0.9780075 0.49980193 0.9946074 0.69210154 
mask 0.0003631413 0.1269514 0.4568906 1.0 1.0 
nomask 0.00035876036 0.7287319 0.16628826 1.0 0.9605099 
mask 0.00035133958 0.30381477 0.24067819 0.68463635 0.76512873 
nomask 0.00034835935 0.38534468 0.28401643 0.45920795 0.37609482 
nomask 0.00034725666 0.04442781 0.30637994 0.08821873 0.35381398 
nomask 0.00033944845 0.8482464 0.5371165 0.9974541 0.9002979 
nomask 0.00031542778 0.20402431 0.112338215 0.23657554 0.16471934 
mask 0.0003143251 0.5846681 0.5159756 0.88792235 0.83018124 
nomask 0.000305295 0.98641366 0.33112893 0.99907976 0.46497628 
mask 0.00030314922 0.0 0.013667151 0.7389933 0.40007317 
mask 0.00029602647 0.75164646 0.12448311 1.0 0.81004643 
nomask 0.00029593706 0.3274968 0.32846564 1.0 1.0 
mask 0.00029024883 0.5117349 0.0070472956 1.0 1.0 
mask 0.00028774593 0.31266025 0.31266904 1.0 1.0 
nomask 0.0002771318 0.0033109784 0.5128092 1.0 1.0 
nomask 0.00027391315 0.9478602 0.64359295 1.0 0.987991 
mask 0.00027364492 8.518994e-05 0.0 0.40925395 0.7315941 
nomask 0.00026792288 0.41954926 0.23960434 0.539819 0.52940905 
nomask 0.00026470423 0.2779148 0.37155852 0.35046294 0.47816744 
mask 0.00026395917 0.5180158 0.22751164 0.90324646 0.7800729 
nomask 0.0002501607 0.15522912 0.29737288 0.21446729 0.37082636 
mask 0.00023424625 0.7473931 0.6121924 0.903065 0.8979347 
mask 0.00022783875 0.6616124 0.69614875 0.9656769 0.98071027 
nomask 0.0002258122 0.9750326 0.64922875 0.9955788 0.83097845 
nomask 0.00022119284 0.97725374 0.6969629 0.99721783 0.9001362 
nomask 0.0002155006 0.014886449 0.29979113 0.028901335 0.39498183 
nomask 0.00021117926 0.64312875 0.20865299 0.7001648 0.2790659 
nomask 0.00020948052 0.3857588 0.32151258 0.45567206 0.42794698 
nomask 0.00020176172 0.7811642 0.642362 0.8420096 0.7280917 
nomask 0.00019979477 0.8318101 0.011331201 1.0 0.8860485 
mask 0.00019797683 0.7348263 0.32982618 0.8003807 0.42501092 
mask 0.00019773841 0.66747403 0.692755 0.91738975 0.8642292 
mask 0.0001977086 0.72919846 0.27924058 0.7981949 0.38367942 
nomask 0.00019735098 0.43858162 0.2942087 0.50454116 0.3813703 
nomask 0.00019404292 0.9946405 0.36763212 1.0 0.53929126 
nomask 0.00019350648 0.6888492 0.65555304 1.0 1.0 
mask 0.0001886189 0.9877309 0.46720555 0.99959296 0.653424 
mask 0.00018781424 0.43151394 0.7192886 1.0 0.987782 
mask 0.00018578768 0.25998276 0.25877267 0.8803951 0.9083794 
mask 0.00018283725 0.9506418 0.49593505 1.0 0.8785578 
nomask 0.00018155575 0.43974823 0.3251062 0.50242263 0.43398106 
nomask 0.00017952919 0.38683563 0.24966855 0.4529655 0.3285073 
nomask 0.00017946959 0.15265344 0.3378626 0.21827902 0.42405343 
nomask 0.00017872453 0.20039663 0.6642226 0.95871127 1.0 
nomask 0.000177145 0.15556264 0.25463164 0.21062124 0.31436425 
nomask 0.00017526746 0.8767851 0.3628806 0.9942526 0.79349256 
mask 0.00017508864 0.8751559 0.4376368 1.0 0.9849481 
mask 0.00017502904 0.9750326 0.64922875 0.9955788 0.83097845 
mask 0.0001706481 0.009157822 0.0057707746 0.16257104 0.041862108 
nomask 0.00016567111 0.19822438 0.14282693 0.24123894 0.1983063 
nomask 0.00016447902 0.0 0.38658214 0.02379059 0.47875696 
nomask 0.00016221404 0.0029205042 0.23951451 0.017998107 0.3384472 
mask 0.00016221404 0.0 0.12938929 0.02810145 0.22682232 
mask 0.00015890598 0.6828481 0.63068867 1.0 0.8616719 
mask 0.0001540184 0.9478602 0.64359295 1.0 0.987991 
mask 0.00014665723 0.0010673553 0.0110455975 0.29092914 0.14272177 
nomask 0.00014662743 0.66747403 0.692755 0.91738975 0.8642292 
nomask 0.00014567375 0.7740364 0.7009463 0.86513555 0.83900195 
mask 0.00014403462 0.98641366 0.33112893 0.99907976 0.46497628 
nomask 0.0001425147 0.9506418 0.49593505 1.0 0.8785578 
nomask 0.00014188886 0.64206976 0.9027177 1.0 1.0 
nomask 0.0001386404 0.4797651 0.7322989 1.0 1.0 
nomask 0.00013846159 0.19526401 0.28040186 0.25319856 0.37307057 
nomask 0.00013840199 0.19097184 0.32275328 0.25583342 0.42567077 
mask 0.00013628602 0.7391514 0.37318495 0.80224663 0.46656165 
mask 0.00013542175 0.63152784 0.42790347 0.7175992 0.53136975 
nomask 0.00013539195 0.8799008 0.7850256 1.0 1.0 
mask 0.00013437867 0.079708576 0.0 0.90557075 0.26362646 
nomask 0.00013402104 0.94305354 0.38675565 0.991527 0.8172776 
nomask 0.00013318658 0.9877309 0.46720555 0.99959296 0.653424 
mask 0.00013235211 0.64206976 0.9027177 1.0 1.0 
mask 0.00013107061 0.6888492 0.65555304 1.0 1.0 
